0201061910999992000021312004+55320+015180FM-12+001599999V0203501N005112200019N0070001N1+00961+00191102381ADDAA199000091AY111061AY211061GA1001+999999999GF100991001001999999001001MA1999999102201MD1610051+9999MW1101REMSYN066AAXX  13124 06191 31957 03510 10096 20019 30220 40238 56005 71011;EQDQ01  00002PRCP99
0189061910999992000021806004+55320+015180FM-12+001599999V0202801N001012200019N0100001N1+00211-00471101451ADDAA199000091GF101991011021012501071001MA1999999101271MD1212602+9999REMSYN076AAXX  18064 06191 32660 12802 10021 21047 30127 40145 5226/ 81270 333 8184/;EQDQ01+002602APC3  Q02  00002PRCP99
0143061910999992000022221004+55320+015180FM-12+001599999V0201901N002612200019N0020001N1+00011-00461102601ADDGA1001+999999999GF100991001001999999001001MA1999999102421MD1310061+9999REMSYN060AAXX  22214 06191 ///20 01905 10001 21046 30242 40260 53006;
0133061910999992000022309004+55320+015180FM-12+001599999V0201601N004110120019N0250001N1+00221+00071102601ADDGF107991071081008001001001MA1999999102381MD1310181+9999REMSYN066AAXX  23094 06191 42575 71608 10022 20007 30238 40260 53018 87800;
0133061910999992000022312004+55320+015180FM-12+001599999V0201801N005119999999N0180001N1+00381+00151102631ADDGF107991071001999999031001MA1999999102421MD1110041+9999REMSYN066AAXX  23124 06191 42968 71810 10038 20015 30242 40263 51004 87030;
0143061910999992000022315004+55320+015180FM-12+001599999V0201801N004112200019N0180001N1+00301+00071102641ADDGA1001+999999999GF100991001001999999001001MA1999999102431MD1310011+9999REMSYN060AAXX  23154 06191 42968 01808 10030 20007 30243 40264 53001;
0152061910999992000022409004+55320+015180FM-12+001599999V0201901N013910021019N0100001N1+00221+00221101801ADDGF108991081061002501999999MA1999999101591MD1710842+9999REMSYN066AAXX  24094 06191 42360 81927 10022 20022 30159 40180 57084 886//;EQDQ01+000842APC3  
0161061910999992000022412004+55320+015180FM-12+001599999V0201901N015910021019N0050001N1+00301+00301101271ADDAY151061AY221061GF108991081061002501999999MA1999999101061MD1710531+9999MW1601REMSYN072AAXX  24124 06191 41350 81931 10030 20030 30106 40127 57053 76052 886//;
0161061910999992000022415004+55320+015180FM-12+001599999V0202401N013410120019N0080001N1+00401+00401100941ADDAY161031AY221031GF108991081001012501021999MA1999999100731MD1710331+9999MW1601REMSYN072AAXX  24154 06191 41658 82426 10040 20040 30073 40094 57033 76062 8802/;
0133061910999992000022509004+55320+015180FM-12+001599999V0202701N010310042019N0110001N1+00341+00341101221ADDGF108991081051004501999999MA1999999101011MD1310281+9999REMSYN066AAXX  25094 06191 42461 82720 10034 20034 30101 40122 53028 885//;
0133061910999992000022512004+55320+015180FM-12+001599999V0202701N009810042019N0110001N1+00361+00361101221ADDGF108991081061004501999999MA1999999101011MD1410001+9999REMSYN066AAXX  25124 06191 42461 82719 10036 20036 30101 40122 54000 886//;
0133061910999992000022515004+55320+015180FM-12+001599999V0202701N009810075019N0150001N1+00451+00391101371ADDGF106991061021008001001001MA1999999101161MD1310151+9999REMSYN066AAXX  25154 06191 42565 62719 10045 20039 30116 40137 53015 86200;
0152061910999992000022615004+55320+015180FM-12+001599999V0202701N012319999999N0150001N1+00411+00391102501ADDGF108991081001999999011999MA1999999102291MD1211282+9999REMSYN066AAXX  26154 06191 42965 82724 10041 20039 30229 40250 52128 8801/;EQDQ01+001282APC3  
0133061910999992000022715004+55320+015180FM-12+001599999V0202101N011819999999N0150001N1+00621+00381102251ADDGF106991061001999999031001MA1999999102041MD1810251+9999REMSYN066AAXX  27154 06191 42965 62123 10062 20038 30204 40225 58025 86030;
0152061910999992000022809004+55320+015180FM-12+001599999V0202101N015410042019N0240001N1+00701+00511100661ADDGF108991081061004501999999MA1999999100451MD1711592+9999REMSYN066AAXX  28094 06191 42474 82130 10070 20051 30045 40066 57159 886//;EQDQ01+001592APC3  
0143061910999992000022812004+55320+015180FM-12+001599999V0202101N013419999999N0250001N1+00831+00571100491ADDGF106991021011999999001081MA1999999100281MD1710171+9999REMSYN076AAXX  28124 06191 42975 62126 10083 20057 30028 40049 57017 82108 333 90000;
0143061910999992000022815004+55320+015180FM-12+001599999V0202201N012310120019N0150001N1+00901+00661100381ADDGF108991081081008001999999MA1999999100171MD1710111+9999REMSYN076AAXX  28154 06191 42565 82224 10090 20066 30017 40038 57011 888// 333 90000;
0152061910999992000022909004+55320+015180FM-12+001599999V0202301N011810300019N0110001N1+00501+00441101231ADDGF106991011061004501031001MA1999999101021MD1210852+9999REMSYN066AAXX  29094 06191 42461 62323 10050 20044 30102 40123 52085 81630;EQDQ01+000852APC3  
0133061910999992000022912004+55320+015180FM-12+001599999V0202401N009319999999N0110001N1+00561+00501101101ADDGF106991001001999999001061MA1999999100891MD1810131+9999REMSYN066AAXX  29124 06191 42961 62418 10056 20050 30089 40110 58013 80006;
0143061910999992000022915004+55320+015180FM-12+001599999V0202101N009319999999N0200001N1+00561+00481100771ADDGF108991081001999999011999MA1999999100561MD1710331+9999REMSYN076AAXX  29154 06191 42970 82118 10056 20048 30056 40077 57033 8801/ 333 90000;
0152061910999992000030109004+55320+015180FM-12+001599999V0202601N018510120019N0280001N1+00421+00391098711ADDGF108991081081008001999999MA1999999098501MD1512062+9999REMSYN066AAXX  01094 06191 42578 82636 10042 20039 39850 49871 55206 888//;EQDQ01+002062APC3  
0149061910999992000030112004+55320+015180FM-12+001599999V0202501N019010300019N0280001N1+00481+00421098981ADDGF105991031011004501031001MA1999999098771MD1210271+9999REMSYN082AAXX  01124 06191 42478 52537 10048 20042 39877 49898 52027 83130 333 90000 90000;
0133061910999992000030115004+55320+015180FM-12+001599999V0202501N014412200019N0160001N1+00521+00431099131ADDGF103991031011008001001001MA1999999098921MD1210151+9999REMSYN066AAXX  01154 06191 42566 32528 10052 20043 39892 49913 52015 83100;
0133061910999992000030212004+55320+015180FM-12+001599999V0202701N012912200019N0300001N1+00401+00261100821ADDGF102991011081004501031001MA1999999100611MD1210241+9999REMSYN066AAXX  02124 06191 42480 22725 10040 20026 30061 40082 52024 81830;
0133061910999992000030215004+55320+015180FM-12+001599999V0202701N01441220001CN0260001N1+00401+00251100931ADDGF108991011011004501001041MA1999999100721MD1110111+9999REMSYN066AAXX  02154 06191 42476 82728 10040 20025 30072 40093 51011 81104;
0180061910999992000030309004+55320+015180FM-12+001599999V0202201N022610021019N0050001N1+00481+00461098391ADDAY161031AY221031GF108991081071002501999999MA1999999098191MD1712532+9999MW1621REMSYN072AAXX  03094 06191 41350 82244 10048 20046 39819 49839 57253 76262 887//;EQDQ01+002532APC3  
0133061910999992000030312004+55320+015180FM-12+001599999V0202501N015910021019N0220001N1+00461+00431098391ADDGF107991071071002501001001MA1999999098191MD1510001+9999REMSYN066AAXX  03124 06191 42372 72531 10046 20043 39819 49839 55000 87700;
0133061910999992000030315004+55320+015180FM-12+001599999V0202401N020610042019N0200001N1+00541+00391098331ADDGF108991081051004501999999MA1999999098131MD1610061+9999REMSYN066AAXX  03154 06191 42470 82440 10054 20039 39813 49833 56006 885//;
0152061910999992000030415004+55320+015180FM-12+001599999V0202901N013412200019N0240001N1+00381-00101100441ADDGF105991011031008001001041MA1999999100231MD1212042+9999REMSYN066AAXX  04154 06191 42574 52926 10038 21010 30023 40044 52204 81304;EQDQ01+002042APC3  
0161061910999992000030609004+55320+015180FM-12+001599999V0202301N018510042019N0120001N1+00341+00291101421ADDAY121031AY221031GF108991081061004501999999MA1999999101211MD1710461+9999MW1501REMSYN072AAXX  06094 06191 41462 82336 10034 20029 30121 40142 57046 75022 886//;
0161061910999992000030612004+55320+015180FM-12+001599999V0202401N021110042019N0080001N1+00401+00381101151ADDAY151061AY221061GF108991081061004501999999MA1999999100941MD1710271+9999MW1501REMSYN072AAXX  06124 06191 41458 82441 10040 20038 30094 40115 57027 75052 886//;
0177061910999992000030615004+55320+015180FM-12+001599999V0202501N020610042019N0060001N1+00441+00441100961ADDAY151031AY221031GF108991081061004501999999MA1999999100751MD1710191+9999MW1101REMSYN088AAXX  06154 06191 41456 82540 10044 20044 30075 40096 57019 71052 886// 333 90000 90000;
0180061910999992000030709004+55320+015180FM-12+001599999V0202701N015910042019N0060001N1+00501+00501100411ADDAY121031AY221031GF108991081061004501999999MA1999999100201MD1510552+9999MW1101REMSYN072AAXX  07094 06191 41456 82731 10050 20050 30020 40041 55055 71022 886//;EQDQ01+000552APC3  
0171061910999992000030712004+55320+015180FM-12+001599999V0202701N009810042019N0200001N1+00411+00391100451ADDAY161061AY221061GF108991081061004501999999MA1999999100241MD1010041+9999MW1611REMSYN082AAXX  07124 06191 41470 82719 10041 20039 30024 40045 50004 76162 886// 333 90000;
0161061910999992000030715004+55320+015180FM-12+001599999V0202701N007210042019N0280001N1+00361+00361100301ADDAY161031AY221031GF108991061061004501021999MA1999999100091MD1710151+9999MW1201REMSYN072AAXX  07154 06191 41478 82714 10036 20036 30009 40030 57015 72062 8662/;
0161061910999992000030809004+55320+015180FM-12+001599999V0202601N008710042019N0120001N1+00301+00301100571ADDAY121031AY221031GF108991081061004501999999MA1999999100361MD1010271+9999MW1601REMSYN072AAXX  08094 06191 41462 82617 10030 20030 30036 40057 50027 76022 886//;
0177061910999992000030812004+55320+015180FM-12+001599999V0201801N010810042019N0100001N1+00371+00371100051ADDAY161061AY221061GF108991081061004501999999MA1999999099841MD1710521+9999MW1601REMSYN088AAXX  08124 06191 41460 81821 10037 20037 39984 40005 57052 76062 886// 333 90000 90000;
0161061910999992000030815004+55320+015180FM-12+001599999V0202701N017510042019N0100001N1+00581+00581099661ADDAY161031AY221031GF108991081061004501999999MA1999999099451MD1710391+9999MW1601REMSYN072AAXX  08154 06191 41460 82734 10058 20058 39945 49966 57039 76062 886//;
0143061910999992000030909004+55320+015180FM-12+001599999V0200101N009310300019N0240001N1+00351+00281099901ADDGF106991031061004501031001MA1999999099691MD1010241+9999REMSYN076AAXX  09094 06191 42474 60118 10035 20028 39969 49990 50024 83630 333 900//;
0133061910999992000030912004+55320+015180FM-12+001599999V0203401N008710150019N0300001N1+00371+00271100341ADDGF108991081081012501999999MA1999999100131MD1210441+9999REMSYN066AAXX  09124 06191 42680 83417 10037 20027 30013 40034 52044 888//;
0133061910999992000030915004+55320+015180FM-12+001599999V0203401N012310042019N0300001N1+00321+00151100691ADDGF108991081071004501999999MA1999999100481MD1210351+9999REMSYN066AAXX  09154 06191 42480 83424 10032 20015 30048 40069 52035 887//;
0152061910999992000031009004+55320+015180FM-12+001599999V0203301N011812200019N0300001N1+00121-00171101831ADDGF102991021081004501001001MA1999999101621MD1211142+9999REMSYN066AAXX  10094 06191 42480 23323 10012 21017 30162 40183 52114 82800;EQDQ01+001142APC3  
0133061910999992000031012004+55320+015180FM-12+001599999V0203201N010319999999N0300001N1+00221-00121101971ADDGF106991001001999999001081MA1999999101761MD1210141+9999REMSYN066AAXX  10124 06191 42980 63220 10022 21012 30176 40197 52014 80008;
0133061910999992000031015004+55320+015180FM-12+001599999V0203201N006219999999N0300001N1+00381+00081102011ADDGF106991001001999999001081MA1999999101801MD1110041+9999REMSYN066AAXX  10154 06191 42980 63212 10038 20008 30180 40201 51004 80008;
0133061910999992000031215004+55320+015180FM-12+001599999V0202301N007210042019N0300001N1+00361+00241102441ADDGF108991081061004501999999MA1999999102231MD1110471+9999REMSYN066AAXX  12154 06191 42480 82314 10036 20024 30223 40244 51047 886//;
0133061910999992000031309004+55320+015180FM-12+001599999V0202601N007710042019N0300001N1+00421+00421102111ADDGF108991081071004501999999MA1999999101901MD1710331+9999REMSYN066AAXX  13094 06191 42480 82615 10042 20042 30190 40211 57033 887//;
0133061910999992000031312004+55320+015180FM-12+001599999V0202601N009810042019N0180001N1+00481+00461102031ADDGF108991081061004501999999MA1999999101821MD1710081+9999REMSYN066AAXX  13124 06191 42468 82619 10048 20046 30182 40203 57008 886//;
0161061910999992000031315004+55320+015180FM-12+001599999V0202601N009310042019N0030001N1+00481+00481101901ADDAY121031AY221031GF108991081061004501999999MA1999999101691MD1710131+9999MW1101REMSYN072AAXX  13154 06191 41430 82618 10048 20048 30169 40190 57013 71022 886//;
0161061910999992000031412004+55320+015180FM-12+001599999V0202701N010310042019N0005001N1+00461+00461100491ADDAY161061AY221061GF108991081061004501999999MA1999999100281MD1710231+9999MW1461REMSYN072AAXX  14124 06191 41405 82720 10046 20046 30028 40049 57023 74662 886//;
0133061910999992000031415004+55320+015180FM-12+001599999V0202801N008710042019N0250001N1+00421+00421100391ADDGF108991051071004501021999MA1999999100181MD1710101+9999REMSYN066AAXX  14154 06191 42475 82817 10042 20042 30018 40039 57010 8572/;
0149061910999992000031512004+55320+015180FM-12+001599999V0203201N016412200019N0300001N1+00351-00071101031ADDGF101991011001999999031001MA1999999100821MD1210341+9999REMSYN082AAXX  15124 06191 42980 13232 10035 21007 30082 40103 52034 81030 333 90000 90000;
0153061910999992000031515004+55320+015180FM-12+001599999V0203201N011812200019N0300001N1+00441+00051101261ADDGA1001+999999999GF100991001001999999001001MA1999999101051MD1210231+9999REMSYN070AAXX  15154 06191 42980 03223 10044 20005 30105 40126 52023 333 90000;
0152061910999992000031609004+55320+015180FM-12+001599999V0203501N009312200019N0300001N1+00251+00021101901ADDGF102991021001999999031001MA1999999101691MD1210642+9999REMSYN066AAXX  16094 06191 42980 23518 10025 20002 30169 40190 52064 82030;EQDQ01+000642APC3  
0133061910999992000031612004+55320+015180FM-12+001599999V0203101N007219999999N0300001N1+00341+00031102011ADDGF105991021001999999031081MA1999999101801MD1210111+9999REMSYN066AAXX  16124 06191 42980 53114 10034 20003 30180 40201 52011 82038;
0133061910999992000031615004+55320+015180FM-12+001599999V0203001N006212200019N0300001N1+00441+00031101991ADDGF104991031001999999031081MA1999999101781MD1810021+9999REMSYN066AAXX  16154 06191 42980 43012 10044 20003 30178 40199 58002 83038;
0133061910999992000031709004+55320+015180FM-12+001599999V0200201N008212200019N0300001N1+00201-00211102021ADDGF101991001001999999001081MA1999999101811MD1210031+9999REMSYN066AAXX  17094 06191 42980 10216 10020 21021 30181 40202 52003 80008;
0153061910999992000031712004+55320+015180FM-12+001599999V0203501N009812200019N0300001N1+00381-00081102081ADDGA1001+999999999GF100991001001999999001001MA1999999101871MD1210061+9999REMSYN070AAXX  17124 06191 42980 03519 10038 21008 30187 40208 52006 333 90000;
0143061910999992000031715004+55320+015180FM-12+001599999V0203001N007712200019N0300001N1+00421+00051102001ADDGA1001+999999999GF100991001001999999001001MA1999999101791MD1810081+9999REMSYN060AAXX  17154 06191 42980 03015 10042 20005 30179 40200 58008;
0133061910999992000031815004+55320+015180FM-12+001599999V0202801N003610210019N0250001N1+00301+00131102541ADDGF108991081001022501021999MA1999999102331MD1810461+9999REMSYN066AAXX  18154 06191 42875 82807 10030 20013 30233 40254 58046 8802/;
0152061910999992000031915004+55320+015180FM-12+001599999V0202901N002119999999N0300001N1+00421+00251102971ADDGF108991001001999999001091MA1999999102761MD1810892+9999REMSYN066AAXX  19154 06191 42980 82904 10042 20025 30276 40297 58089 80009;EQDQ01+000892APC3  
0180061910999992000032009004+55320+015180FM-12+001599999V0202801N009310042019N0020001N1+00441+00441102171ADDAY121031AY221031GF108991081071004501999999MA1999999101961MD1610802+9999MW1101REMSYN072AAXX  20094 06191 41420 82818 10044 20044 30196 40217 56080 71022 887//;EQDQ01+000802APC3  
0161061910999992000032012004+55320+015180FM-12+001599999V0202701N009319999999N0090001N1+00541+00521102031ADDAY121061AY211061GF105991001001999999001061MA1999999101821MD1710141+9999MW1101REMSYN072AAXX  20124 06191 41959 52718 10054 20052 30182 40203 57014 71021 80006;
0133061910999992000032015004+55320+015180FM-12+001599999V0203101N009312200019N0180001N1+00711+00621101841ADDGF104991001001999999001061MA1999999101631MD1710191+9999REMSYN066AAXX  20154 06191 42968 43118 10071 20062 30163 40184 57019 80006;
0133061910999992000032109004+55320+015180FM-12+001599999V0203001N008212200019N0260001N1+00471+00381101931ADDGF101991001001999999001011MA1999999101721MD1310091+9999REMSYN066AAXX  21094 06191 42976 13016 10047 20038 30172 40193 53009 80001;
0143061910999992000032112004+55320+015180FM-12+001599999V0202701N006712200019N0260001N1+00631+00471101931ADDGF104991001001999999001011MA1999999101721MD1010001+9999REMSYN076AAXX  21124 06191 42976 42713 10063 20047 30172 40193 50000 80001 333 90000;
0133061910999992000032115004+55320+015180FM-12+001599999V0202701N005719999999N0210001N1+00761+00631101851ADDGF105991001001999999001061MA1999999101641MD1610081+9999REMSYN066AAXX  21154 06191 42971 52711 10076 20063 30164 40185 56008 80006;
0171061910999992000032209004+55320+015180FM-12+001599999V0202601N008210006019N0009001N1+00451+00451101501ADDAY141031AY221031GA1091+999999999GF109991091999999999999999MA1999999101291MD1610351+9999MW1441REMSYN066AAXX  22094 06191 41/09 92616 10045 20045 30129 40150 56035 74442;
0161061910999992000032212004+55320+015180FM-12+001599999V0202701N007710042019N0010001N1+00481+00481101471ADDAY141061AY221061GF108991081061004501999999MA1999999101261MD1510031+9999MW1101REMSYN072AAXX  22124 06191 41410 82715 10048 20048 30126 40147 55003 71042 886//;
0161061910999992000032215004+55320+015180FM-12+001599999V0202601N006710075019N0020001N1+00481+00481101331ADDAY121031AY221031GF108991081051008001999999MA1999999101121MD1810141+9999MW1101REMSYN072AAXX  22154 06191 41520 82613 10048 20048 30112 40133 58014 71022 885//;
0133061910999992000032309004+55320+015180FM-12+001599999V0202901N006710300019N0140001N1+00381+00301101401ADDGF106991031051008001051001MA1999999101191MD1310071+9999REMSYN066AAXX  23094 06191 42564 62913 10038 20030 30119 40140 53007 83550;
0143061910999992000032312004+55320+015180FM-12+001599999V0202701N010312200019N0160001N1+00501+00391101361ADDGA1001+999999999GF100991001001999999001001MA1999999101151MD1810041+9999REMSYN060AAXX  23124 06191 42966 02720 10050 20039 30115 40136 58004;
0133061910999992000032315004+55320+015180FM-12+001599999V0202701N010312200019N0210001N1+00521+00381101371ADDGF101991011021004501001001MA1999999101161MD1310011+9999REMSYN066AAXX  23154 06191 42471 12720 10052 20038 30116 40137 53001 81200;
0162061910999992000032409004+55320+015180FM-12+001599999V0200401N003112200019N0300001N1+00421+00201101941ADDGA1001+999999999GF100991001001999999001001MA1999999101731MD1210572+9999REMSYN060AAXX  24094 06191 42980 00406 10042 20020 30173 40194 52057;EQDQ01+000572APC3  
0133061910999992000032412004+55320+015180FM-12+001599999V0201401N002112200019N0300001N1+00481+00201101971ADDGF101991001001999999001011MA1999999101761MD1110031+9999REMSYN066AAXX  24124 06191 42980 11404 10048 20020 30176 40197 51003 80001;
0133061910999992000032415004+55320+015180FM-12+001599999V0201301N001012200019N0300001N1+00421+00031101911ADDGF102991001001999999001011MA1999999101701MD1810061+9999REMSYN066AAXX  24154 06191 42980 21302 10042 20003 30170 40191 58006 80001;
0180061910999992000032515004+55320+015180FM-12+001599999V0201401N008719999999N0750001N1+00341+00191101331ADDAY121031AY221031GF108991081001999999021999MA1999999101121MD1710642+9999MW1801REMSYN072AAXX  25154 06191 41989 81417 10034 20019 30112 40133 57064 78022 8802/;EQDQ01+000642APC3  
0203061910999992000032606004+55320+015180FM-12+001599999V0200801N002610042019N0080001N1+00301+00301101171ADDAY121061AY221061GF108991081061004501999999KA1120M+00421KA2999N+00251MA1999999100961MD1610161+9999MW1101REMSYN088AAXX  26064 06191 41458 80805 10030 20030 30096 40117 56016 71022 886// 333 10042 20025;
0203061910999992000032706004+55320+015180FM-12+001599999V0203101N004610042019N0030001N1+00381+00381101001ADDAY121061AY221061GF107991071051004501001001KA1120M+00781KA2999N+00301MA1999999100791MD1810331+9999MW1101REMSYN088AAXX  27064 06191 41430 73109 10038 20038 30079 40100 58033 71022 87500 333 10078 20030;
0171061910999992000032709004+55320+015180FM-12+001599999V0200201N002110001519N0001001N1+00391+00391101111ADDAY141031AY241031GA1091+999999999GF109991091999999999999999MA1999999100901MD1210111+9999MW1451REMSYN066AAXX  27094 06191 41/01 90204 10039 20039 30090 40111 52011 74544;
0161061910999992000032712004+55320+015180FM-12+001599999V0200501N013910042019N0020001N1+00361+00361101131ADDAY141061AY221061GF108991081061004501999999MA1999999100921MD1010021+9999MW1281REMSYN072AAXX  27124 06191 41420 80527 10036 20036 30092 40113 50002 72842 886//;
0175061910999992000032806004+55320+015180FM-12+001599999V0200701N018510120019N0160001N1+00341+00221101691ADDGF107991071051012501001001KA1120M+00391KA2999N+00341MA1999999101481MD1210361+9999REMSYN082AAXX  28064 06191 42666 70736 10034 20022 30148 40169 52036 87500 333 10039 20034;
0133061910999992000032809004+55320+015180FM-12+001599999V0200601N017012200019N0210001N1+00341+00211101811ADDGF102991001001999999001051MA1999999101601MD1210121+9999REMSYN066AAXX  28094 06191 42971 20633 10034 20021 30160 40181 52012 80005;
0153061910999992000032812004+55320+015180FM-12+001599999V0200601N018012200019N0180001N1+00361+00221101981ADDGA1001+999999999GF100991001001999999001001MA1999999101771MD1210171+9999REMSYN070AAXX  28124 06191 42968 00635 10036 20022 30177 40198 52017 333 90000;
0175061910999992000032906004+55320+015180FM-12+001599999V0200501N011812200019N0140001N1+00301+00241102301ADDGF101991001001999999001011KA1120M+00361KA2999N+00301MA1999999102091MD1110321+9999REMSYN082AAXX  29064 06191 42964 10523 10030 20024 30209 40230 51032 80001 333 10036 20030;
0133061910999992000032909004+55320+015180FM-12+001599999V0200601N010810120019N0150001N1+00371+00301102391ADDGF107991071081008001001001MA1999999102181MD1310091+9999REMSYN066AAXX  29094 06191 42565 70621 10037 20030 30218 40239 53009 87800;
0133061910999992000032912004+55320+015180FM-12+001599999V0200601N011810075019N0120001N1+00381+00321102361ADDGF108991081051008001999999MA1999999102151MD1610031+9999REMSYN066AAXX  29124 06191 42562 80623 10038 20032 30215 40236 56003 885//;
0222061910999992000033006004+55320+015180FM-12+001599999V0200901N007710042019N0060001N1+00401+00401101741ADDAY121061AY221061GF108991081061004501999999KA1120M+00421KA2999N+00301MA1999999101531MD1710622+9999MW1101REMSYN088AAXX  30064 06191 41456 80915 10040 20040 30153 40174 57062 71022 886// 333 10042 20030;EQDQ01+000622APC3  
0161061910999992000033009004+55320+015180FM-12+001599999V0200801N010819999999N0080001N1+00481+00461101641ADDAY121031AY221031GF108991081001999999011999MA1999999101431MD1710101+9999MW1101REMSYN072AAXX  30094 06191 41958 80821 10048 20046 30143 40164 57010 71022 8801/;
0161061910999992000033012004+55320+015180FM-12+001599999V0200801N009812200019N0080001N1+00421+00401101411ADDAY111061AY211061GF104991011011004501011001MA1999999101201MD1710231+9999MW1101REMSYN072AAXX  30124 06191 41458 40819 10042 20040 30120 40141 57023 71011 81110;
0161061910999992000033109004+55320+015180FM-12+001599999V0200601N001010075019N0030001N1+00441+00441100471ADDAY121031AY221031GF108991081051008001999999MA1999999100261MD1610031+9999MW1101REMSYN072AAXX  31094 06191 41530 80602 10044 20044 30026 40047 56003 71022 885//;
0161061910999992000033112004+55320+015180FM-12+001599999V0200301N003610042019N0020001N1+00411+00411100361ADDAY121061AY221061GF108991081061004501999999MA1999999100151MD1710111+9999MW1101REMSYN072AAXX  31124 06191 41420 80307 10041 20041 30015 40036 57011 71022 886//;
