0195155260999992000021815004+43420+024600FM-12+007199999V0202701N008010027019N0040001N1+00061+00001100431ADDAY171031AY271031GA1081+002709089GF108991081999002501021999MD1210121+9999MW1711REMSYN086AAXX  18151 15526 41396 82708 10006 20000 40043 52012 77177 8802/ 333 88809 555 42001;EQDQ01+000002SCOLCG
0176155260999992000021821004+43420+024600FM-12+007199999V0202701N008010036019N0040001N1+00121+00021100911ADDAY171031AY271031GA1081+003609079GF108991081061004501999999MD1210201+9999MW1221REMSYN086AAXX  18211 15526 41496 82708 10012 20002 40091 52020 72277 886// 333 88712 555 42001;
0176155260999992000021903004+43420+024600FM-12+007199999V0202701N005010039019N0040001N1-00081-00141101131ADDAY121031AY221031GA1081+003909079GF108991081061004501999999MD1210081+9999MW1101REMSYN086AAXX  19031 15526 41496 82705 11008 21014 40113 52008 71022 886// 333 88713 555 41001;
0150155260999992000021909004+43420+024600FM-12+007199999V0202701N008012200019N0200001N1+00531-00451101211ADDAY101031AY201031GA1001+999999999GF100991001001999999001001MD1210091+9999MW1011REMSYN060AAXX  19091 15526 41998 02708 10053 21045 40121 52009 70100;
0140155260999992000021921004+43420+024600FM-12+007199999V0209999C000019999999N0200001N1+00171-00191101271ADDAY121031AY221031GF106991061001999999031001MD1710051+9999MW1021REMSYN066AAXX  19211 15526 41998 60000 10017 21019 40127 57005 70222 86030;
0140155260999992000022003004+43420+024600FM-12+007199999V0209999C000012200019N0200001N1-00041-00221101141ADDAY111031AY201031GF104991041001999999031001MD1710051+9999MW1031REMSYN066AAXX  20031 15526 41998 40000 11004 21022 40114 57005 70310 84030;
0150155260999992000022021004+43420+024600FM-12+007199999V0202701N002010075019N0040001N1+00131+00041101201ADDAY161031AY261031GF108991081051008001999999MD1310071+9999MW1601REMSYN076AAXX  20211 15526 41596 82702 10013 20004 40120 53007 76066 885// 555 88620;
0150155260999992000022103004+43420+024600FM-12+007199999V0203201N004010042019N0020001N1-00021-00071101211ADDAY161031AY261031GF108991081001004501021999MD1810011+9999MW1681REMSYN076AAXX  21031 15526 41495 83204 11002 21007 40121 58001 76866 8802/ 555 88812;
0176155260999992000022109004+43420+024600FM-12+007199999V0202701N002010042019N0040001N1+00161+00041999999ADDAY121031AY271031GA1081+004209079GF108991081061004501999999MD1110181+9999MW1221REMSYN086AAXX  21091 15526 41496 82702 10016 20004 401/5 51018 72227 886// 333 88714 555 43001;
0176155260999992000022209004+43420+024600FM-12+007199999V0202401N002010036019N0040001N1+00021-00101102521ADDAY121031AY221031GA1081+003609079GF108991081061004501999999MD1310101+9999MW1101REMSYN086AAXX  22091 15526 41496 82402 10002 21010 40252 53010 71022 886// 333 88712 555 43002;
0176155260999992000022215004+43420+024600FM-12+007199999V0202701N002010042019N0100001N1+00121-00051102411ADDAY121031AY221031GA1081+004209079GF108991081061004501999999MD1610041+9999MW1101REMSYN086AAXX  22151 15526 41497 82702 10012 21005 40241 56004 71022 886// 333 88714 555 41001;
0140155260999992000022221004+43420+024600FM-12+007199999V0209999C000019999999N0100001N1-00111-00331102441ADDAY111031AY211031GF105991051001999999051001MD1410001+9999MW1101REMSYN066AAXX  22211 15526 41997 50000 11011 21033 40244 54000 71011 85050;
0176155260999992000022303004+43420+024600FM-12+007199999V0202701N002010090019N0040001N1-00141-00331102571ADDAY121031AY221031GA1081+009009069GF108991081051008001999999MD1210031+9999MW1701REMSYN086AAXX  23031 15526 41596 82702 11014 21033 40257 52003 77022 885// 333 88630 555 10001;
0150155260999992000022309004+43420+024600FM-12+007199999V0202701N002010075019N0100001N1+00081-00361102741ADDAY121031AY221031GF108991061051008001011999MD1110041+9999MW1101REMSYN076AAXX  23091 15526 41597 82702 10008 21036 40274 51004 71022 8651/ 555 86620;
0150155260999992000022315004+43420+024600FM-12+007199999V0209999C000010075019N0100001N1+00201-00271102631ADDAY121031AY221031GF108991051051008001999999MD1710051+9999MW1021REMSYN076AAXX  23151 15526 41597 80000 10020 21027 40263 57005 70222 855// 555 85620;
0150155260999992000022321004+43420+024600FM-12+007199999V0209999C000010075019N0100001N1-00041-00271102731ADDAY121031AY221031GF108991081061008001999999MD1210041+9999MW1101REMSYN076AAXX  23211 15526 41597 80000 11004 21027 40273 52004 71022 886// 555 88720;
0156155260999992000022403004+43420+024600FM-12+007199999V0209999C000010075019N0100001N1-00081-00271102751ADDAY121031AY221031GF108991081051008001999999MD1410001+9999MW1101REMSYN082AAXX  24031 15526 41597 80000 11008 21027 40275 54000 71022 885// 555 10000 88620;
0156155260999992000022409004+43420+024600FM-12+007199999V0203401N002010042019N0040001N1+00101-00121102981ADDAY171031AY221031GF108991061061004501051999MD1210131+9999MW1701REMSYN082AAXX  24091 15526 41496 83402 10010 21012 40298 52013 77072 8665/ 555 86712 88620;
0156155260999992000022415004+43420+024600FM-12+007199999V0202701N002010042019N0040001N1+00141+00021103011ADDAY171031AY271031GF106991051061004501051001MD1210031+9999MW1221REMSYN082AAXX  24151 15526 41496 62702 10014 20002 40301 52003 72277 85650 555 43001 85713;
0179155260999992000022503004+43420+024600FM-12+007199999V0209999C000012200019N0100001N1-00481-00641103151ADDAY101031AY201031GA1001+999999999GF100991001001999999001001KA1999M+00001MD1710041+9999MW1021REMSYN076AAXX  25031 15526 41997 00000 11048 21064 40315 57004 70200 555 10000 43001;
0159155260999992000022515004+43420+024600FM-12+007199999V0202501N003012200019N0100001N1+00651-00331102511ADDAY101031AY201031GF102991001001999999001021MD1710281+9999MW1021REMSYN066AAXX  25151 15526 41997 22503 10065 21033 40251 57028 70200 82002;EQDQ01+000022SCOTLC
0140155260999992000022609004+43420+024600FM-12+007199999V0202701N012012200019N0100001N1+00841+00581102521ADDAY111031AY211031GF103991031001999999051001MD1210351+9999MW1011REMSYN066AAXX  26091 15526 41997 32712 10084 20058 40252 52035 70111 83050;
0140155260999992000022615004+43420+024600FM-12+007199999V0202701N010019999999N0100001N1+01061-00021102661ADDAY121031AY221031GF105991051001999999051001MD1710061+9999MW1021REMSYN066AAXX  26151 15526 41997 52710 10106 21002 40266 57006 70222 85050;
0140155260999992000022621004+43420+024600FM-12+007199999V0202701N003012200019N0100001N1+00261+00001103041ADDAY101031AY201031GF102991021001999999051001MD1210071+9999MW1021REMSYN066AAXX  26211 15526 41997 22703 10026 20000 40304 52007 70200 82050;
0160155260999992000022703004+43420+024600FM-12+007199999V0209999C000012200019N0100001N1+00041-00071103191ADDAY111031AY201031GA1001+999999999GF100991001001999999001001MD1210051+9999MW1021REMSYN070AAXX  27031 15526 41997 00000 10004 21007 40319 52005 70210 555 10049;
0159155260999992000022709004+43420+024600FM-12+007199999V0202701N002019999999N0200001N1+00681-00141103101ADDAY111031AY201031GF106991999001999999051001MD1010021+9999MW1031REMSYN066AAXX  27091 15526 41998 62702 10068 21014 40310 50002 70310 85050;EQDQ01+000052SCOTLC
0140155260999992000022715004+43420+024600FM-12+007199999V0209999C000019999999N0200001N1+00791-00171103071ADDAY121031AY221031GF105991051001999999061001MD1310011+9999MW1011REMSYN066AAXX  27151 15526 41998 50000 10079 21017 40307 53001 70122 85060;
0150155260999992000022721004+43420+024600FM-12+007199999V0209999C000012200019N0200001N1-00101-00381103431ADDAY101031AY201031GA1001+999999999GF100991001001999999001001MD1210181+9999MW1021REMSYN060AAXX  27211 15526 41998 00000 11010 21038 40343 52018 70200;
0150155260999992000022803004+43420+024600FM-12+007199999V0209999C000010042019N0200001N1-00031-00201103521ADDAY121031AY221031GF108991081061004501999999MD1110051+9999MW1021REMSYN076AAXX  28031 15526 41498 80000 11003 21020 40352 51005 70222 886// 555 88718;
0150155260999992000022809004+43420+024600FM-12+007199999V0209999C000012200019N0100001N1+00481-00091103991ADDAY101031AY201031GF103991031031008001001001MD1310261+9999MW1021REMSYN076AAXX  28091 15526 41597 30000 10048 21009 40399 53026 70200 83300 555 83830;
0150155260999992000022815004+43420+024600FM-12+007199999V0200901N002010075019N0100001N1+00741-00191103761ADDAY121031AY221031GF105991051051008001001001MD1710111+9999MW1021REMSYN076AAXX  28151 15526 41597 50902 10074 21019 40376 57011 70222 85500 555 85630;
0150155260999992000022903004+43420+024600FM-12+007199999V0209999C000012200019N0100001N1-00101-00441103781ADDAY101031AY201031GA1001+999999999GF100991001001999999001001MD1810041+9999MW1021REMSYN060AAXX  29031 15526 41997 00000 11010 21044 40378 58004 70200;
0150155260999992000022909004+43420+024600FM-12+007199999V0209999C000012200019N0100001N1+00161-00201103451ADDAY101031AY201031GA1001+999999999GF100991001001999999001001MD1810051+9999MW1021REMSYN060AAXX  29091 15526 41997 00000 10016 21020 40345 58005 70200;
0150155260999992000022915004+43420+024600FM-12+007199999V0209999C000012200019N0200001N1+00781-00171102971ADDAY101031AY201031GA1001+999999999GF100991001001999999001001MD1710121+9999MW1021REMSYN060AAXX  29151 15526 41998 00000 10078 21017 40297 57012 70200;
0150155260999992000030109004+43420+024600FM-12+007199999V0209999C000012200019N0200001N1+00261-00641102181ADDAY101031AY201031GA1001+999999999GF100991001001999999001001MD1710061+9999MW1011REMSYN060AAXX  01091 15526 41998 00000 10026 21064 40218 57006 70100;
0159155260999992000030121004+43420+024600FM-12+007199999V0209999C000012200019N0100001N1+00381-00421101401ADDAY101031AY201031GF102991001001999999001021MD1810031+9999MW1031REMSYN066AAXX  01211 15526 41997 20000 10038 21042 40140 58003 70300 82002;EQDQ01+000022SCOTLC
0150155260999992000030203004+43420+024600FM-12+007199999V0209999C000019999999N0100001N1+00081-00581101241ADDAY111031AY211031GF106991031001999999051031MD1710141+9999MW1021REMSYN076AAXX  02031 15526 41997 60000 10008 21058 40124 57014 70211 83053 555 10030;
0156155260999992000030403004+43420+024600FM-12+007199999V0203001N002010360019N0100001N1-00081-00271102001ADDAY121031AY221031GF106991021051012501051001MD1410001+9999MW1011REMSYN082AAXX  04031 15526 41697 63002 11008 21027 40200 54000 70122 82550 555 10032 82640;
0140155260999992000030521004+43420+024600FM-12+007199999V0202701N006012200019N0100001N1+00161-00091102421ADDAY111031AY201031GF102991021001999999051001MD1210261+9999MW1021REMSYN066AAXX  05211 15526 41997 22706 10016 21009 40242 52026 70210 82050;
0160155260999992000030603004+43420+024600FM-12+007199999V0202701N002012200019N0100001N1-00121-00301102681ADDAY101031AY201031GA1001+999999999GF100991001001999999001001MD1310201+9999MW1011REMSYN070AAXX  06031 15526 41997 02702 11012 21030 40268 53020 70100 555 10057;
0150155260999992000030609004+43420+024600FM-12+007199999V0203201N010012200019N0200001N1+00361-00571103051ADDAY101031AY201031GF102991021051012501001001MD1210151+9999MW1021REMSYN076AAXX  06091 15526 41698 23210 10036 21057 40305 52015 70200 82500 555 82640;
0159155260999992000030715004+43420+024600FM-12+007199999V0202701N005012200019N0200001N1+01081-00461102521ADDAY101031AY201031GF102991001001999999001021MD1810361+9999MW1021REMSYN066AAXX  07151 15526 41998 22705 10108 21046 40252 58036 70200 82002;EQDQ01+000022SCOTLC
0150155260999992000030721004+43420+024600FM-12+007199999V0202901N005012200019N0200001N1+00721-00331102401ADDAY101031AY201031GA1001+999999999GF100991001001999999001001MD1410001+9999MW1021REMSYN060AAXX  07211 15526 41998 02905 10072 21033 40240 54000 70200;
0159155260999992000030809004+43420+024600FM-12+007199999V0202701N010012200019N0500001N1+01461-00071102161ADDAY111031AY201031GF103991001001999999001011MD1410001+9999MW1031REMSYN066AAXX  08091 15526 41999 32710 10146 21007 40216 54000 70310 83001;EQDQ01+000032SCOTLC
0140155260999992000030909004+43420+024600FM-12+007199999V0202501N010019999999N0200001N1+01761+00011101481ADDAY111031AY211031GF105991021001999999051021MD1710081+9999MW1021REMSYN066AAXX  09091 15526 41998 52510 10176 20001 40148 57008 70211 82052;
0209155260999992000030918004+43420+024600FM-12+007199999V0202701N004019999999N0200001N1+01601+00411100851ADDAA199000091AY111061AY201061GF105991001001999999001021KA1999M+02161MD1710201+9999MW1021REMSYN076AAXX  09181 15526 31998 52704 10160 20041 40085 57020 70210 85002 333 10216;EQDQ01+000052SCOTLCQ02  00002PRCP99
0166155260999992000030921004+43420+024600FM-12+007199999V0202701N012010090019N0100001N1+01341+00531101071ADDAY121031AY221031GA1061+009009059GF108991061051008001071999MD1310301+9999MW1601REMSYN076AAXX  09211 15526 41597 82712 10134 20053 40107 53030 76022 8657/ 333 86630;
0156155260999992000031003004+43420+024600FM-12+007199999V0202701N012019999999N0200001N1+00981+00281100981ADDAY121031AY221031GF106991061001999999051001MD1810061+9999MW1011REMSYN082AAXX  10031 15526 41998 62712 10098 20028 40098 58006 70122 86050 555 10143 91118;
0150155260999992000031015004+43420+024600FM-12+007199999V0202701N010010360019N0200001N1+01431+00271101181ADDAY111031AY211031GF105991031011012501051021MD1110021+9999MW1021REMSYN076AAXX  10151 15526 41698 52710 10143 20027 40118 51002 70211 83152 555 83834;
0118155260999992000031021004+43420+024600FM-12+007199999V0209999C000012200019N0200001N1+00271+00021101861ADDGF102991021001999999031001MD1210151+9999REMSYN066AAXX  10211 15526 41998 20000 10027 20002 40186 52015 7/500 82030;
0160155260999992000031103004+43420+024600FM-12+007199999V0202701N007012200019N0200001N1+00121-00101102271ADDAY101031AY201031GA1001+999999999GF100991001001999999001001MD1210281+9999MW1021REMSYN070AAXX  11031 15526 41998 02707 10012 21010 40227 52028 70200 555 10143;
0150155260999992000031109004+43420+024600FM-12+007199999V0202501N004010075019N0200001N1+00601+00211102591ADDAY121031AY221031GF106991061051008001001001MD1210191+9999MW1021REMSYN076AAXX  11091 15526 41598 62504 10060 20021 40259 52019 70222 86500 555 86620;
0159155260999992000031115004+43420+024600FM-12+007199999V0202701N003012200019N0200001N1+01201+00461101951ADDAY101031AY201031GF103991001001999999001021MD1710311+9999MW1021REMSYN066AAXX  11151 15526 41998 32703 10120 20046 40195 57031 70200 83002;EQDQ01+000032SCOTLC
0150155260999992000031203004+43420+024600FM-12+007199999V0202701N002019999999N0100001N1+00481-00071101101ADDAY121031AY221031GF108991081001999999071999MD1710121+9999MW1021REMSYN076AAXX  12031 15526 41997 82702 10048 21007 40110 57012 70222 8807/ 555 10143;
0140155260999992000031209004+43420+024600FM-12+007199999V0202501N010012200019N0100001N1+01201+00681101551ADDAY151031AY221031GF104991041001999999051001MD1210101+9999MW1201REMSYN066AAXX  12091 15526 41997 42510 10120 20068 40155 52010 72052 84050;
0150155260999992000031215004+43420+024600FM-12+007199999V0202701N010012200019N0100001N1+01301+00561101801ADDAY121031AY221031GF102991021011012501001001MD1210101+9999MW1011REMSYN076AAXX  12151 15526 41697 22710 10130 20056 40180 52010 70122 82100 555 82834;
0160155260999992000031303004+43420+024600FM-12+007199999V0202701N003012200019N0100001N1+00381-00411102441ADDAY101031AY201031GA1001+999999999GF100991001001999999001001MD1210151+9999MW1021REMSYN070AAXX  13031 15526 41997 02703 10038 21041 40244 52015 70200 555 10143;
0150155260999992000031309004+43420+024600FM-12+007199999V0200801N004010120019N0200001N1+00401-00441102941ADDAY121031AY221031GF108991061051012501071999MD1110241+9999MW1021REMSYN076AAXX  13091 15526 41698 80804 10040 21044 40294 51024 70222 8657/ 555 86634;
0150155260999992000031321004+43420+024600FM-12+007199999V0209999C000012200019N0200001N1+00401-00351102831ADDAY101031AY201031GA1001+999999999GF100991001001999999001001MD1110021+9999MW1021REMSYN060AAXX  13211 15526 41998 00000 10040 21035 40283 51002 70200;
0160155260999992000031403004+43420+024600FM-12+007199999V0209999C000012200019N0100001N1-00101-00741102771ADDAY101031AY201031GA1001+999999999GF100991001001999999001001MD1710101+9999MW1021REMSYN070AAXX  14031 15526 41997 00000 11010 21074 40277 57010 70200 555 10062;
0150155260999992000031409004+43420+024600FM-12+007199999V0209999C000012200019N0100001N1+00891+00021102611ADDAY101031AY201031GA1001+999999999GF100991001001999999001001MD1710101+9999MW1051REMSYN060AAXX  14091 15526 41997 00000 10089 20002 40261 57010 70500;
0150155260999992000031415004+43420+024600FM-12+007199999V0209999C000012200019N0200001N1+01461-00121102121ADDAY101031AY201031GA1001+999999999GF100991001001999999001001MD1710231+9999MW1021REMSYN060AAXX  14151 15526 41998 00000 10146 21012 40212 57023 70200;
0150155260999992000031421004+43420+024600FM-12+007199999V0209999C000012200019N0100001N1+00761-00361102131ADDAY101031AY201031GA1001+999999999GF100991001001999999001001MD1710021+9999MW1021REMSYN060AAXX  14211 15526 41997 00000 10076 21036 40213 57002 70200;
0160155260999992000031503004+43420+024600FM-12+007199999V0209999C000012200019N0100001N1+00201-00301102031ADDAY101031AY201031GA1001+999999999GF100991001001999999001001MD1710081+9999MW1021REMSYN070AAXX  15031 15526 41997 00000 10020 21030 40203 57008 70200 555 10067;
0159155260999992000031509004+43420+024600FM-12+007199999V0202701N004019999999N0100001N1+01501+00431101431ADDAY121031AY221031GF105991001001999999001051MD1710191+9999MW1011REMSYN066AAXX  15091 15526 41997 52704 10150 20043 40143 57019 70122 85005;EQDQ01+000052SCOTLC
0150155260999992000031603004+43420+024600FM-12+007199999V0202701N006019999999N0100001N1+00601+00271101801ADDAY121031AY221031GF108991081001999999071999MD1410001+9999MW1021REMSYN076AAXX  16031 15526 41997 82706 10060 20027 40180 54000 70222 8807/ 555 10086;
0150155260999992000031609004+43420+024600FM-12+007199999V0202801N010010360019N0200001N1+00481-00641101651ADDAY121031AY221031GF106991021011012501011011MD1710141+9999MW1011REMSYN076AAXX  16091 15526 41698 62810 10048 21064 40165 57014 70122 82111 555 82834;
0159155260999992000031621004+43420+024600FM-12+007199999V0209999C000019999999N0200001N1+00251-00441101431ADDAY121031AY221031GF108991001001999999001051MD1610021+9999MW1021REMSYN066AAXX  16211 15526 41998 80000 10025 21044 40143 56002 70222 88005;EQDQ01+000082SCOTLC
0156155260999992000031703004+43420+024600FM-12+007199999V0203001N003010360019N0200001N1+00271+00021101421ADDAY121031AY221031GF108991041051012501021999MD1210051+9999MW1021REMSYN082AAXX  17031 15526 41698 83003 10027 20002 40142 52005 70222 8452/ 555 10086 84640;
0150155260999992000031709004+43420+024600FM-12+007199999V0202701N006010120019N0100001N1+00441-00541101361ADDAY121031AY221031GF106991051081008001051001MD1710031+9999MW1051REMSYN076AAXX  17091 15526 41597 62706 10044 21054 40136 57003 70522 85850 555 85617;
0150155260999992000031715004+43420+024600FM-12+007199999V0202701N008010090019N0100001N1+00521-00381100921ADDAY121031AY221031GF106991061081004501001001MD1710201+9999MW1021REMSYN076AAXX  17151 15526 41497 62708 10052 21038 40092 57020 70222 86800 555 86617;
0140155260999992000031721004+43420+024600FM-12+007199999V0202701N004019999999N0100001N1+00201-00251101141ADDAY121031AY221031GF107991071001999999071001MD1210101+9999MW1021REMSYN066AAXX  17211 15526 41997 72704 10020 21025 40114 52010 70222 87070;
0156155260999992000031809004+43420+024600FM-12+007199999V0202701N004010360019N0100001N1+00051-00021101371ADDAY121031AY221031GF106991021051008001051001MD1210081+9999MW1011REMSYN082AAXX  18091 15526 41597 62704 10005 21002 40137 52008 70122 82550 555 41001 82624;
0140155260999992000031821004+43420+024600FM-12+007199999V0209999C000019999999N0100001N1-00061-00171101811ADDAY121031AY221031GF108991081001999999071999MD1210161+9999MW1031REMSYN066AAXX  18211 15526 41997 80000 11006 21017 40181 52016 70322 8807/;
0176155260999992000031909004+43420+024600FM-12+007199999V0209999C000010042019N0040001N1+00201+00021102051ADDAY171031AY271031GA1061+004209079GF108991061061004501071999MD1210091+9999MW1221REMSYN086AAXX  19091 15526 41496 80000 10020 20002 40205 52009 72277 8667/ 333 86714 555 43008;
0150155260999992000031915004+43420+024600FM-12+007199999V0201801N002010120019N0100001N1+00561-00021101801ADDAY121031AY221031GF105991051021012501001001MD1810261+9999MW1021REMSYN076AAXX  19151 15526 41697 51802 10056 21002 40180 58026 70222 85200 555 85834;
0150155260999992000032003004+43420+024600FM-12+007199999V0202501N002012200019N0100001N1-00121-00381102061ADDAY101031AY201031GF102991021001999999051001MD1210031+9999MW1021REMSYN076AAXX  20031 15526 41997 22502 11012 21038 40206 52003 70200 82050 555 42001;
0156155260999992000032009004+43420+024600FM-12+007199999V0202701N007010120019N0200001N1+00281-00501102171ADDAY111031AY201031GF106991061081008001001001MD1410001+9999MW1031REMSYN082AAXX  20091 15526 41598 62707 10028 21050 40217 54000 70310 86800 555 41000 86630;
0180155260999992000032012004+43420+024600FM-12+007199999V0202701N008010120019N0200001N1+00431-00501102101ADDAA199000091AY121061AY221061GF106991061081008001001001MD1710071+9999MW1021REMSYN076AAXX  20121 15526 31598 62708 10043 21050 40210 57007 70222 86800 555 86630;EQDQ01  00002PRCP99
0150155260999992000032015004+43420+024600FM-12+007199999V0202901N007010042019N0200001N1+00421-00301101971ADDAY171031AY221031GF108991051051004501011999MD1710131+9999MW1701REMSYN076AAXX  20151 15526 41498 82907 10042 21030 40197 57013 77072 8551/ 555 85617;
0150155260999992000032021004+43420+024600FM-12+007199999V0202701N006010120019N0200001N1+00161-00381101911ADDAY121031AY221031GF108991081051012501999999MD1610031+9999MW1021REMSYN076AAXX  20211 15526 41698 82706 10016 21038 40191 56003 70222 885// 555 88634;
0150155260999992000032103004+43420+024600FM-12+007199999V0202701N004010075019N0100001N1+00051-00021101751ADDAY121031AY221031GF108991081051008001999999MD1710171+9999MW1101REMSYN076AAXX  21031 15526 41597 82704 10005 21002 40175 57017 71022 885// 555 88620;
0176155260999992000032109004+43420+024600FM-12+007199999V0202801N002010060019N0040001N1+00321+00001101921ADDAY171031AY221031GA1081+006009069GF108991081051004501999999MD1210121+9999MW1101REMSYN086AAXX  21091 15526 41496 82802 10032 20000 40192 52012 71072 885// 333 88620 555 85714;
0140155260999992000032121004+43420+024600FM-12+007199999V0202801N002012200019N0100001N1-00061-00301102281ADDAY111031AY201031GF104991041001999999051001MD1210151+9999MW1031REMSYN066AAXX  21211 15526 41997 42802 11006 21030 40228 52015 70310 84050;
0140155260999992000032203004+43420+024600FM-12+007199999V0209999C000012200019N0100001N1-00101-00271102301ADDAY121031AY221031GF103991031001999999051001MD1710041+9999MW1011REMSYN066AAXX  22031 15526 41997 30000 11010 21027 40230 57004 70122 83050;
0150155260999992000032209004+43420+024600FM-12+007199999V0202701N003012200019N0200001N1+00621+00321102321ADDAY121031AY211031GF102991021011012501001001MD1210081+9999MW1021REMSYN076AAXX  22091 15526 41698 22703 10062 20032 40232 52008 70221 82100 555 82834;
0150155260999992000032215004+43420+024600FM-12+007199999V0202901N003012200019N0200001N1+00901-00201102131ADDAY111031AY211031GF102991021011012501001001MD1710081+9999MW1021REMSYN076AAXX  22151 15526 41698 22903 10090 21020 40213 57008 70211 82100 555 82834;
0150155260999992000032309004+43420+024600FM-12+007199999V0209999C000012200019N0100001N1+01061+00111102041ADDAY101031AY201031GA1001+999999999GF100991001001999999001001MD1710051+9999MW1021REMSYN060AAXX  23091 15526 41997 00000 10106 20011 40204 57005 70200;
0128155260999992000032315004+43420+024600FM-12+007199999V0202901N002012200019N0100001N1+01521-00141101531ADDGA1001+999999999GF100991001001999999001001MD1710261+9999REMSYN060AAXX  23151 15526 41997 02902 10152 21014 40153 57026 7/200;
0150155260999992000032409004+43420+024600FM-12+007199999V0209999C000012200019N0200001N1+01451+00411101641ADDAY101031AY201031GA1001+999999999GF100991001001999999001001MD1210031+9999MW1021REMSYN060AAXX  24091 15526 41998 00000 10145 20041 40164 52003 70200;
0159155260999992000032415004+43420+024600FM-12+007199999V0202701N004019999999N0200001N1+01821+00171101381ADDAY111031AY201031GF107991001001999999001071MD1710101+9999MW1031REMSYN066AAXX  24151 15526 41998 72704 10182 20017 40138 57010 70310 87007;EQDQ01+000072SCOTLC
0140155260999992000032421004+43420+024600FM-12+007199999V0202701N001019999999N0200001N1+00911+00251101551ADDAY121031AY221031GF108991081001999999071999MD1210091+9999MW1021REMSYN066AAXX  24211 15526 41998 82701 10091 20025 40155 52009 70222 8807/;
0140155260999992000032509004+43420+024600FM-12+007199999V0209999C000019999999N0100001N1+00861+00411102071ADDAY121031AY211031GF108991081001999999071999MD1210221+9999MW1051REMSYN066AAXX  25091 15526 41997 80000 10086 20041 40207 52022 70521 8807/;
0150155260999992000032603004+43420+024600FM-12+007199999V0209999C000019999999N0100001N1+00261+00111102041ADDAY121031AY221031GF105991051001999999051001MD1710031+9999MW1021REMSYN076AAXX  26031 15526 41997 50000 10026 20011 40204 57003 70222 85050 555 10079;
0140155260999992000032615004+43420+024600FM-12+007199999V0209999C000019999999N0100001N1+01541+00481101691ADDAY121031AY221031GF108991081001999999071999MD1710181+9999MW1021REMSYN066AAXX  26151 15526 41997 80000 10154 20048 40169 57018 70222 8807/;
0140155260999992000032621004+43420+024600FM-12+007199999V0209999C000019999999N0100001N1+00821+00431101621ADDAY121031AY221031GF105991021001999999051021MD1710031+9999MW1011REMSYN066AAXX  26211 15526 41997 50000 10082 20043 40162 57003 70122 82052;
0140155260999992000032703004+43420+024600FM-12+007199999V0209999C000019999999N0100001N1+00381+00231101481ADDAY121031AY221031GF106991051001999999051021MD1710141+9999MW1031REMSYN066AAXX  27031 15526 41997 60000 10038 20023 40148 57014 70322 85052;
0159155260999992000041015004+43420+024600FM-12+007199999V0200601N004019999999N0200001N1+01801+00591101251ADDAY121031AY221031GF106991001001999999001081MD1710171+9999MW1021REMSYN066AAXX  10151 15526 41998 60604 10180 20059 40125 57017 70222 86008;EQDQ01+000062SCOTLC
0140155260999992000041021004+43420+024600FM-12+007199999V0200901N002019999999N0200001N1+00941+00401101071ADDAY121031AY221031GF105991021001999999051021MD1810011+9999MW1021REMSYN066AAXX  10211 15526 41998 50902 10094 20040 40107 58001 70222 82052;
0150155260999992000041103004+43420+024600FM-12+007199999V0209999C000019999999N0100001N1+00781+00561100801ADDAY121031AY211031GF108991081001999999071999MD1710241+9999MW1031REMSYN076AAXX  11031 15526 41997 80000 10078 20056 40080 57024 70321 8807/ 555 10098;
0140155260999992000041109004+43420+024600FM-12+007199999V0209999C000019999999N0200001N1+01361+00711100741ADDAY121031AY221031GF108991081001999999071999MD1010021+9999MW1021REMSYN066AAXX  11091 15526 41998 80000 10136 20071 40074 50002 70222 8807/;
0150155260999992000041115004+43420+024600FM-12+007199999V0203001N002010360019N0200001N1+01521+00781100611ADDAY121031AY221031GF108991031051012501071999MD1710041+9999MW1011REMSYN076AAXX  11151 15526 41698 83002 10152 20078 40061 57004 70122 8357/ 555 83640;
0150155260999992000041209004+43420+024600FM-12+007199999V0209999C000012200019N0100001N1+01641+00821100731ADDAY101031AY201031GA1001+999999999GF100991001001999999001001MD1210021+9999MW1021REMSYN060AAXX  12091 15526 41997 00000 10164 20082 40073 52002 70200;
0159155260999992000041215004+43420+024600FM-12+007199999V0200301N004012200019N0100001N1+02001+00921100381ADDAY111031AY211031GF102991001001999999001021MD1710151+9999MW1021REMSYN066AAXX  12151 15526 41997 20304 10200 20092 40038 57015 70211 82002;EQDQ01+000022SCOTLC
0160155260999992000041303004+43420+024600FM-12+007199999V0209999C000012200019N0100001N1+00901+00631100671ADDAY101031AY201031GA1001+999999999GF100991001001999999001001MD1210081+9999MW1021REMSYN070AAXX  13031 15526 41997 00000 10090 20063 40067 52008 70200 555 10136;
0150155260999992000041309004+43420+024600FM-12+007199999V0209999C000012200019N0100001N1+02061+01061100841ADDAY101031AY201031GA1001+999999999GF100991001001999999001001MD1110041+9999MW1021REMSYN060AAXX  13091 15526 41997 00000 10206 20106 40084 51004 70200;
0150155260999992000041315004+43420+024600FM-12+007199999V0209999C000012200019N0100001N1+02221+01171100611ADDAY101031AY201031GA1001+999999999GF100991001001999999001001MD1710121+9999MW1011REMSYN060AAXX  13151 15526 41997 00000 10222 20117 40061 57012 70100;
0150155260999992000041321004+43420+024600FM-12+007199999V0209999C000012200019N0100001N1+01581+00951100781ADDAY101031AY201031GA1001+999999999GF100991001001999999001001MD1110091+9999MW1021REMSYN060AAXX  13211 15526 41997 00000 10158 20095 40078 51009 70200;
0159155260999992000041409004+43420+024600FM-12+007199999V0203001N003012200019N0200001N1+02201+01261101091ADDAY101031AY201031GF102991001001999999001011MD1210061+9999MW1021REMSYN066AAXX  14091 15526 41998 23003 10220 20126 40109 52006 70200 82001;EQDQ01+000022SCOTLC
0140155260999992000041509004+43420+024600FM-12+007199999V0203201N003019999999N0100001N1+02401+01041100951ADDAY111031AY211031GF106991061001999999051001MD1210041+9999MW1031REMSYN066AAXX  15091 15526 41997 63203 10240 20104 40095 52004 70311 86050;
0140155260999992000041515004+43420+024600FM-12+007199999V0209999C000019999999N0100001N1+02621+01071100951ADDAY111031AY211031GF106991061001999999051001MD1410001+9999MW1021REMSYN066AAXX  15151 15526 41997 60000 10262 20107 40095 54000 70211 86050;
0140155260999992000041609004+43420+024600FM-12+007199999V0200901N002019999999N0100001N1+02401+01131101081ADDAY121031AY221031GF108991081001999999011999MD1710041+9999MW1021REMSYN066AAXX  16091 15526 41997 80902 10240 20113 40108 57004 70222 8801/;
0140155260999992000041615004+43420+024600FM-12+007199999V0200601N002019999999N0100001N1+02641+01491100851ADDAY121031AY221031GF108991081001999999011999MD1710081+9999MW1021REMSYN066AAXX  16151 15526 41997 80602 10264 20149 40085 57008 70222 8801/;
0150155260999992000041621004+43420+024600FM-12+007199999V0209999C000012200019N0100001N1+01721+01181100991ADDAY101031AY211031GA1001+999999999GF100991001001999999001001MD1210121+9999MW1011REMSYN060AAXX  16211 15526 41997 00000 10172 20118 40099 52012 70101;
0160155260999992000041703004+43420+024600FM-12+007199999V0209999C000012200019N0100001N1+01021+00811101101ADDAY101031AY201031GA1001+999999999GF100991001001999999001001MD1210041+9999MW1021REMSYN070AAXX  17031 15526 41997 00000 10102 20081 40110 52004 70200 555 10196;
0159155260999992000041715004+43420+024600FM-12+007199999V0200901N005012200019N0100001N1+02721+01561100611ADDAY101031AY201031GF104991001001999999001081MD1710151+9999MW1031REMSYN066AAXX  17151 15526 41997 40905 10272 20156 40061 57015 70300 84008;EQDQ01+000042SCOTLC
0159155260999992000041721004+43420+024600FM-12+007199999V0201001N006012200019N0200001N1+01671+01041100651ADDAY111031AY211031GF104991001001999999001041MD1210061+9999MW1021REMSYN066AAXX  17211 15526 41998 41006 10167 20104 40065 52006 70211 84004;EQDQ01+000042SCOTLC
0169155260999992000041803004+43420+024600FM-12+007199999V0209999C000012200019N0200001N1+00941+00731100701ADDAY101031AY201031GF102991001001999999001011MD1710121+9999MW1021REMSYN076AAXX  18031 15526 41998 20000 10094 20073 40070 57012 70200 82001 555 10196;EQDQ01+000022SCOTLC
0150155260999992000041809004+43420+024600FM-12+007199999V0200501N002012200019N0200001N1+01801+01191100761ADDAY101031AY201031GA1001+999999999GF100991001001999999001001MD1210021+9999MW1021REMSYN060AAXX  18091 15526 41998 00502 10180 20119 40076 52002 70200;
0159155260999992000041821004+43420+024600FM-12+007199999V0209999C000012200019N0100001N1+01541+01021100571ADDAY101031AY201031GF103991001001999999001021MD1410001+9999MW1021REMSYN066AAXX  18211 15526 41997 30000 10154 20102 40057 54000 70200 83002;EQDQ01+000032SCOTLC
0160155260999992000041903004+43420+024600FM-12+007199999V0209999C000012200019N0100001N1+01061+00731100591ADDAY101031AY201031GA1001+999999999GF100991001001999999001001MD1410001+9999MW1021REMSYN070AAXX  19031 15526 41997 00000 10106 20073 40059 54000 70200 555 10167;
0150155260999992000041909004+43420+024600FM-12+007199999V0209999C000010075019N0100001N1+01561+01241100461ADDAY111031AY211031GF108991061051008001051999MD1710071+9999MW1101REMSYN076AAXX  19091 15526 41597 80000 10156 20124 40046 57007 71011 8655/ 555 86620;
0166155260999992000041915004+43420+024600FM-12+007199999V0202501N002010060019N0100001N1+01621+01451100251ADDAY161031AY261031GA1061+006009059GF108991061051008001051999MD1710091+9999MW1601REMSYN076AAXX  19151 15526 41597 82502 10162 20145 40025 57009 76066 8655/ 333 86620;
0166155260999992000042009004+43420+024600FM-12+007199999V0203001N002010042019N0040001N1+01491+01361100421ADDAY161031AY261031GA1081+004209069GF108991081061004501999999MD1210031+9999MW1211REMSYN076AAXX  20091 15526 41496 83002 10149 20136 40042 52003 72166 886// 333 88714;
0166155260999992000042021004+43420+024600FM-12+007199999V0203001N001010036019N0040001N1+01361+01271100781ADDAY161031AY261031GA1081+003609029GF108991081001004501021999MD1210101+9999MW1601REMSYN076AAXX  20211 15526 41496 83001 10136 20127 40078 52010 76066 8802/ 333 88812;
0176155260999992000042103004+43420+024600FM-12+007199999V0209999C000010081019N0100001N1+01261+01091100801ADDAY121031AY251031GA1061+008109069GF108991061051008001071999MD1010041+9999MW1201REMSYN086AAXX  21031 15526 41597 80000 10126 20109 40080 50004 72025 8657/ 333 86627 555 10135;
0166155260999992000042109004+43420+024600FM-12+007199999V0209999C000010039019N0100001N1+01601+01391100991ADDAY101031AY201031GA1081+003909069GF108991081061004501999999MD1210191+9999MW1021REMSYN076AAXX  21091 15526 41497 80000 10160 20139 40099 52019 70200 886// 333 88713;
0150155260999992000042115004+43420+024600FM-12+007199999V0209999C000010900019N0200001N1+01901+01461100991ADDAY121031AY211031GF105991021011012501061031MD1810021+9999MW1011REMSYN076AAXX  21151 15526 41698 50000 10190 20146 40099 58002 70121 82163 555 82834;
0150155260999992000042121004+43420+024600FM-12+007199999V0209999C000010120019N0200001N1+01491+01241101121ADDAY191031AY291031GF107991051051012501061999MD1010081+9999MW1291REMSYN076AAXX  21211 15526 41698 70000 10149 20124 40112 50008 72999 8556/ 555 85634;
0156155260999992000042303004+43420+024600FM-12+007199999V0209999C000010120019N0100001N1+01251+00921101201ADDAY121031AY221031GF108991081051012501999999MD1410001+9999MW1021REMSYN082AAXX  23031 15526 41697 80000 10125 20092 40120 54000 70222 885// 555 10158 88634;
0150155260999992000042309004+43420+024600FM-12+007199999V0209999C000010360019N0100001N1+01841+01431101281ADDAY121031AY221031GF107991031051012501071999MD1210091+9999MW1021REMSYN076AAXX  23091 15526 41697 70000 10184 20143 40128 52009 70222 8357/ 555 83550;
0166155260999992000042315004+43420+024600FM-12+007199999V0209999C000010060019N0100001N1+01581+01371101311ADDAY121031AY221031GA1081+006009059GF108991081051008001999999MD1210031+9999MW1021REMSYN076AAXX  23151 15526 41597 80000 10158 20137 40131 52003 70222 885// 333 88620;
0140155260999992000042415004+43420+024600FM-12+007199999V0200901N005019999999N0200001N1+01861+01471100731ADDAY121031AY221031GF106991061001999999051001MD1610091+9999MW1021REMSYN066AAXX  24151 15526 41998 60905 10186 20147 40073 56009 70222 86050;
0156155260999992000042503004+43420+024600FM-12+007199999V0209999C000010075019N0100001N1+01321+01261100811ADDAY121031AY221031GF108991051051008001071999MD1610091+9999MW1101REMSYN082AAXX  25031 15526 41597 80000 10132 20126 40081 56009 71022 8557/ 555 10152 85627;
0166155260999992000042515004+43420+024600FM-12+007199999V0200901N005010021019N0100001N1+01611+01571100931ADDAY191031AY291031GA1081+002109099GF108991081091002501999999MD1710081+9999MW1911REMSYN076AAXX  25151 15526 41397 80905 10161 20157 40093 57008 79199 889// 333 88907;
0166155260999992000042521004+43420+024600FM-12+007199999V0209999C000010042019N0100001N1+01321+01231101091ADDAY121031AY261031GA1061+004209069GF108991061061004501071999MD1210081+9999MW1101REMSYN076AAXX  25211 15526 41497 80000 10132 20123 40109 52008 71026 8667/ 333 86714;
0166155260999992000042615004+43420+024600FM-12+007199999V0209999C000010027019N0100001N1+01481+01341101431ADDAY121031AY221031GA1081+002709069GF108991081061001501999999MD1410001+9999MW1101REMSYN076AAXX  26151 15526 41297 80000 10148 20134 40143 54000 71022 886// 333 88709;
0140155260999992000042621004+43420+024600FM-12+007199999V0209999C000019999999N0100001N1+01301+01111101501ADDAY121031AY221031GF108991081001999999071999MD1210021+9999MW1101REMSYN066AAXX  26211 15526 41997 80000 10130 20111 40150 52002 71022 8807/;
0140155260999992000042703004+43420+024600FM-12+007199999V0209999C000019999999N0100001N1+01151+00931101521ADDAY121031AY221031GF108991081001999999071999MD1410001+9999MW1101REMSYN066AAXX  27031 15526 41997 80000 10115 20093 40152 54000 71022 8807/;
0150155260999992000042715004+43420+024600FM-12+007199999V0200601N002010075019N0100001N1+01601+01441101661ADDAY191031AY221031GF106991051091008001061001MD1710111+9999MW1911REMSYN076AAXX  27151 15526 41597 60602 10160 20144 40166 57011 79192 85960 555 85920;
0150155260999992000042721004+43420+024600FM-12+007199999V0209999C000010360019N0100001N1+01481+01411101781ADDAY191031AY291031GF106991031091012501061041MD1110111+9999MW1131REMSYN076AAXX  27211 15526 41697 60000 10148 20141 40178 51011 71399 83964 555 83934;
0150155260999992000042809004+43420+024600FM-12+007199999V0209999C000010360019N0100001N1+01701+01241101841ADDAY121031AY221031GF106991031011008001051001MD1010031+9999MW1021REMSYN076AAXX  28091 15526 41597 60000 10170 20124 40184 50003 70222 83150 555 83820;
0166155260999992000042821004+43420+024600FM-12+007199999V0209999C000010120019N0100001N1+01501+01281101761ADDAY121031AY221031GA1061+012009059GF106991061051012501999999MD1210051+9999MW1011REMSYN076AAXX  28211 15526 41697 60000 10150 20128 40176 52005 70122 865// 333 86640;
0150155260999992000042903004+43420+024600FM-12+007199999V0209999C000012200019N0100001N1+01061+00941101871ADDAY121031AY211031GF104991041051012501001001MD1210051+9999MW1021REMSYN076AAXX  29031 15526 41697 40000 10106 20094 40187 52005 70221 84500 555 84640;
0177155260999992000042909004+43420+024600FM-12+007199999V0209999C000019999999N0100001N1+02001+01491101801ADDAY121031AY221031GF106991001001999999001021MW1021REMSYN066AAXX  29091 15526 41997 60000 10200 20149 40180 51000 70222 86002;EQDQ01+000062SCOTLCQ02+000012APCTENQ03+000002APC3  
0150155260999992000042915004+43420+024600FM-12+007199999V0209999C000010900019N0100001N1+02301+01681101681ADDAY121031AY221031GF107991011011012501001021MD1710071+9999MW1021REMSYN076AAXX  29151 15526 41697 70000 10230 20168 40168 57007 70222 81102 555 81840;
0140155260999992000042921004+43420+024600FM-12+007199999V0209999C000019999999N0100001N1+01621+01451101831ADDAY121031AY221031GF105991021001999999051021MD1210111+9999MW1011REMSYN066AAXX  29211 15526 41997 50000 10162 20145 40183 52011 70122 82052;
0169155260999992000043003004+43420+024600FM-12+007199999V0209999C000012200019N0100001N1+01101+01001102031ADDAY101031AY201031GF103991001001999999001021MD1210071+9999MW1021REMSYN076AAXX  30031 15526 41997 30000 10110 20100 40203 52007 70200 83002 555 10173;EQDQ01+000032SCOTLC
0140155260999992000050109004+43420+024600FM-12+007199999V0200901N002019999999N0100001N1+01961+01521101641ADDAY121031AY221031GF106991061001999999071001MD1210031+9999MW1031REMSYN066AAXX  01091 15526 41997 60902 10196 20152 40164 52003 70322 86070;
0140155260999992000050115004+43420+024600FM-12+007199999V0200901N002019999999N0100001N1+02221+01211101271ADDAY121031AY221031GF106991061001999999071001MD1710241+9999MW1021REMSYN066AAXX  01151 15526 41997 60902 10222 20121 40127 57024 70222 86070;
0150155260999992000050203004+43420+024600FM-12+007199999V0209999C000012200019N0100001N1+01301+00971101231ADDAY121031AY221031GF104991041001999999051001MD1410001+9999MW1021REMSYN076AAXX  02031 15526 41997 40000 10130 20097 40123 54000 70222 84050 555 10178;
0140155260999992000050209004+43420+024600FM-12+007199999V0209999C000019999999N0100001N1+01901+01421101311ADDAY111031AY211031GF106991061001999999031001MD1210131+9999MW1031REMSYN066AAXX  02091 15526 41997 60000 10190 20142 40131 52013 70311 86030;
0140155260999992000050221004+43420+024600FM-12+007199999V0200701N010019999999N0200001N1+01101+00731101691ADDAY121031AY221031GF106991061001999999051001MD1210141+9999MW1011REMSYN066AAXX  02211 15526 41998 60710 10110 20073 40169 52014 70122 86050;
0150155260999992000050303004+43420+024600FM-12+007199999V0200501N006019999999N0200001N1+00941+00551102291ADDAY121031AY221031GF108991081001999999071999MD1310421+9999MW1031REMSYN076AAXX  03031 15526 41998 80506 10094 20055 40229 53042 70322 8807/ 555 10159;
0150155260999992000050421004+43420+024600FM-12+007199999V0209999C000012200019N0200001N1+01181+00591102061ADDAY101031AY201031GA1001+999999999GF100991001001999999001001MD1710031+9999MW1021REMSYN060AAXX  04211 15526 41998 00000 10118 20059 40206 57003 70200;
0150155260999992000050509004+43420+024600FM-12+007199999V0209999C000012200019N0200001N1+01601+00841102011ADDAY101031AY201031GA1001+999999999GF100991001001999999001001MD1210011+9999MW1021REMSYN060AAXX  05091 15526 41998 00000 10160 20084 40201 52001 70200;
0150155260999992000050515004+43420+024600FM-12+007199999V0209999C000012200019N0200001N1+01851+00651101901ADDAY101031AY201031GA1001+999999999GF100991001001999999001001MD1710041+9999MW1021REMSYN060AAXX  05151 15526 41998 00000 10185 20065 40190 57004 70200;
0150155260999992000050621004+43420+024600FM-12+007199999V0209999C000012200019N0200001N1+01361+01021101841ADDAY111031AY201031GA1001+999999999GF100991001001999999001001MD1310031+9999MW1021REMSYN060AAXX  06211 15526 41998 00000 10136 20102 40184 53003 70210;
0150155260999992000050715004+43420+024600FM-12+007199999V0203001N002012200019N0200001N1+02701+01861101821ADDAY101031AY201031GF103991031011012501001001MD1710101+9999MW1021REMSYN076AAXX  07151 15526 41698 33002 10270 20186 40182 57010 70200 83100 555 83834;
0150155260999992000050721004+43420+024600FM-12+007199999V0209999C000012200019N0200001N1+01541+01051101871ADDAY101031AY201031GA1001+999999999GF100991001001999999001001MD1310021+9999MW1021REMSYN060AAXX  07211 15526 41998 00000 10154 20105 40187 53002 70200;
0150155260999992000050803004+43420+024600FM-12+007199999V0209999C000012200019N0100001N1+01081+00921102111ADDAY101031AY201031GF101991011001999999051001MD1210101+9999MW1101REMSYN076AAXX  08031 15526 41997 10000 10108 20092 40211 52010 71000 81050 555 10140;
0140155260999992000050809004+43420+024600FM-12+007199999V0200901N003012200019N0100001N1+02001+01381102441ADDAY111031AY201031GF102991021001022501051001MD1210051+9999MW1021REMSYN066AAXX  08091 15526 41897 20903 10200 20138 40244 52005 70210 82050;
0140155260999992000050909004+43420+024600FM-12+007199999V0209999C000012200019N0200001N1+02121+01591102341ADDAY111031AY211031GF104991031001999999031011MD1210071+9999MW1031REMSYN066AAXX  09091 15526 41998 40000 10212 20159 40234 52007 70311 83031;
0150155260999992000051009004+43420+024600FM-12+007199999V0209999C000012200019N0100001N1+02301+01801102051ADDAY111031AY211031GA1001+999999999GF100991001001999999001001MD1710031+9999MW1021REMSYN060AAXX  10091 15526 41997 00000 10230 20180 40205 57003 70211;
0150155260999992000051015004+43420+024600FM-12+007199999V0209999C000012200019N0200001N1+02781+01891101671ADDAY111031AY201031GF101991011011012501051011MD1710201+9999MW1021REMSYN076AAXX  10151 15526 41698 10000 10278 20189 40167 57020 70210 81151 555 81840;
0160155260999992000051103004+43420+024600FM-12+007199999V0209999C000012200019N0100001N1+01461+01161101671ADDAY101031AY201031GA1001+999999999GF100991001001999999001001MD1710061+9999MW1021REMSYN070AAXX  11031 15526 41997 00000 10146 20116 40167 57006 70200 555 10169;
0159155260999992000051109004+43420+024600FM-12+007199999V0203301N002012200019N0100001N1+02701+01981101571ADDAY101031AY201031GF103991001001999999001021MD1710051+9999MW1031REMSYN066AAXX  11091 15526 41997 33302 1027/ 20198 40157 57005 70300 83002;EQDQ01+000032SCOTLC
0140155260999992000051121004+43420+024600FM-12+007199999V0209999C000019999999N0100001N1+01981+01621101321ADDAY111031AY211031GF105991051001999999051001MD1410001+9999MW1021REMSYN066AAXX  11211 15526 41997 50000 10198 20162 40132 54000 70211 85050;
0140155260999992000051209004+43420+024600FM-12+007199999V0203001N005012200019N0100001N1+02491+01991101471ADDAY111031AY211031GF103991031001999999051001MD1210071+9999MW1021REMSYN066AAXX  12091 15526 41997 33005 10249 20199 40147 52007 70211 83050;
0156155260999992000051215004+43420+024600FM-12+007199999V0203001N005010900019N0100001N1+02921+02301101231ADDAY111031AY211031GF106991021091012501001021MD1710171+9999MW1031REMSYN082AAXX  12151 15526 41697 63005 10292 20230 40123 57017 70311 82902 555 82934 82856;
0140155260999992000051221004+43420+024600FM-12+007199999V0202701N004019999999N0100001N1+02251+01891101311ADDAY121031AY221031GF108991081001999999071999MD1410001+9999MW1291REMSYN066AAXX  12211 15526 41997 82704 10225 20189 40131 54000 72922 8807/;
0150155260999992000051303004+43420+024600FM-12+007199999V0200301N003019999999N0100001N1+01411+01191101601ADDAY121031AY201031GF106991061001999999071001MD1210201+9999MW1011REMSYN076AAXX  13031 15526 41997 60303 10141 20119 40160 52020 70120 86070 555 10227;
0140155260999992000051309004+43420+024600FM-12+007199999V0200701N005019999999N0100001N1+01521+01221102031ADDAY121031AY221031GF108991081001999999071999MD1210161+9999MW1021REMSYN066AAXX  13091 15526 41997 80705 10152 20122 40203 52016 70222 8807/;
0140155260999992000051315004+43420+024600FM-12+007199999V0200701N002019999999N0100001N1+01581+01221102041ADDAY111031AY221031GF108991081001999999071999MD1410001+9999MW1021REMSYN066AAXX  13151 15526 41997 80702 10158 20122 40204 54000 70212 8807/;
0150155260999992000051403004+43420+024600FM-12+007199999V0209999C000019999999N0100001N1+01301+01011102341ADDAY101031AY201031GF108991081001999999071999MD1210041+9999MW1021REMSYN076AAXX  14031 15526 41997 80000 10130 20101 40234 52004 70200 8807/ 555 10157;
0150155260999992000051409004+43420+024600FM-12+007199999V0200701N009010360019N0100001N1+01681+01251102331ADDAY121031AY221031GF108991031081008001071999MD1410001+9999MW1021REMSYN076AAXX  14091 15526 41597 80709 10168 20125 40233 54000 70222 8387/ 555 83630;
0150155260999992000051415004+43420+024600FM-12+007199999V0200701N003010075019N0100001N1+02221+01451102301ADDAY121031AY221031GF106991061021008001001001MD1410001+9999MW1021REMSYN076AAXX  14151 15526 41597 60703 10222 20145 40230 54000 70222 86200 555 86830;
0150155260999992000051421004+43420+024600FM-12+007199999V0209999C000012200019N0200001N1+01701+01311102011ADDAY101031AY201031GA1001+999999999GF100991001001999999001001MD1410001+9999MW1021REMSYN060AAXX  14211 15526 41998 00000 10170 20131 40201 54001 70200;
0160155260999992000051503004+43420+024600FM-12+007199999V0209999C000012200019N0200001N1+01261+00991102031ADDAY101031AY201031GA1001+999999999GF100991001001999999001001MD1410001+9999MW1021REMSYN070AAXX  15031 15526 41998 00000 10126 20099 40203 54000 70200 555 10174;
0150155260999992000051509004+43420+024600FM-12+007199999V0209999C000012200019N0200001N1+02121+01591102121ADDAY101031AY201031GF103991031011008001001001MD1210031+9999MW1031REMSYN076AAXX  15091 15526 41598 30000 10212 20159 40212 52003 70300 83100 555 83820;
0150155260999992000051521004+43420+024600FM-12+007199999V0209999C000012200019N0100001N1+01721+01371101981ADDAY111031AY201031GA1001+999999999GF100991001001999999001001MD1110041+9999MW1021REMSYN060AAXX  15211 15526 41997 00000 10172 20137 40198 51004 70210;
0150155260999992000051621004+43420+024600FM-12+007199999V0209999C000012200019N0200001N1+02011+01391101611ADDAY101031AY201031GA1001+999999999GF100991001001999999001001MD1410001+9999MW1021REMSYN060AAXX  16211 15526 41998 00000 10201 20139 40161 54000 70200;
0150155260999992000051703004+43420+024600FM-12+007199999V0202401N002012200019N0200001N1+01081+00801101661ADDAY101031AY201031GF102991021001999999051001MD1410001+9999MW1031REMSYN076AAXX  17031 15526 41998 22402 10108 20080 40166 54000 70300 82050 555 10201;
0150155260999992000051709004+43420+024600FM-12+007199999V0209999C000012200019N0200001N1+02481+01751101661ADDAY101031AY201031GA1001+999999999GF100991001001999999001001MD1710011+9999MW1021REMSYN060AAXX  17091 15526 41998 00000 10248 20175 40166 57001 70200;
0150155260999992000051715004+43420+024600FM-12+007199999V0209999C000012200019N0200001N1+02801+01801101331ADDAY101031AY201031GF103991031011012501001001MD1710201+9999MW1021REMSYN076AAXX  17151 15526 41698 30000 10280 20180 40133 57020 70200 83100 555 83840;
0140155260999992000051809004+43420+024600FM-12+007199999V0209999C000012200019N0200001N1+02481+01721101261ADDAY101031AY201031GF101991011001012501031001MD1610021+9999MW1021REMSYN066AAXX  18091 15526 41698 10000 10248 20172 40126 56002 70200 81030;
0150155260999992000051903004+43420+024600FM-12+007199999V0209999C000012200019N0200001N1+01161+01001100991ADDAY101031AY201031GF102991021001999999031001MD1710131+9999MW1031REMSYN076AAXX  19031 15526 41998 20000 10116 20100 40099 57013 70300 82030 555 10206;
0150155260999992000051915004+43420+024600FM-12+007199999V0202301N005012200019N0200001N1+02901+01991100681ADDAY111031AY211031GF103991031021012501001001MD1710111+9999MW1021REMSYN076AAXX  19151 15526 41698 32305 10290 20199 40068 57011 70211 83200 555 83840;
0150155260999992000051921004+43420+024600FM-12+007199999V0209999C000012200019N0200001N1+01721+01281100721ADDAY111031AY201031GA1001+999999999GF100991001001999999001001MD1210011+9999MW1021REMSYN060AAXX  19211 15526 41998 00000 10172 20128 40072 52001 70210;
0160155260999992000052003004+43420+024600FM-12+007199999V0209999C000012200019N0200001N1+01301+00991100801ADDAY101031AY201031GA1001+999999999GF100991001001999999001001MD1410001+9999MW1021REMSYN070AAXX  20031 15526 41998 00000 10130 20099 40080 54000 70200 555 10206;
0150155260999992000052009004+43420+024600FM-12+007199999V0202701N004012200019N0200001N1+02281+01771100841ADDAY101031AY201031GA1001+999999999GF100991001001999999001001MD1010001+9999MW1011REMSYN060AAXX  20091 15526 41998 02704 10228 20177 40084 50000 70100;
0150155260999992000052015004+43420+024600FM-12+007199999V0202701N002012200019N0200001N1+02961+01971100531ADDAY111031AY201031GF102991021011008001001001MD1710161+9999MW1021REMSYN076AAXX  20151 15526 41598 22702 10296 20197 40053 57016 70210 82100 555 82840;
0150155260999992000052109004+43420+024600FM-12+007199999V0202701N011012200019N0200001N1+01961+01521101181ADDAY111031AY201031GF102991011011008001051001MD1210081+9999MW1011REMSYN076AAXX  21091 15526 41598 22711 10196 20152 40118 52008 70110 81150 555 81834;
0150155260999992000052115004+43420+024600FM-12+007199999V0202701N007012200019N0200001N1+02101+01381101181ADDAY101031AY201031GF101991011011012501001001MD1510031+9999MW1021REMSYN076AAXX  21151 15526 41698 12707 10210 20138 40118 55003 70200 81100 555 81834;
0140155260999992000052209004+43420+024600FM-12+007199999V0200401N002012200019N0200001N1+02221+01541101381ADDAY101031AY201031GF102991021001999999031001MD1710041+9999MW1031REMSYN066AAXX  22091 15526 41998 20402 10222 20154 40138 57004 70300 82030;
0150155260999992000052215004+43420+024600FM-12+007199999V0209999C000012200019N0200001N1+02741+01881101021ADDAY111031AY211031GF102991021011012501001001MD1710161+9999MW1011REMSYN076AAXX  22151 15526 41698 20000 10274 20188 40102 57016 70111 82100 555 82834;
0150155260999992000052221004+43420+024600FM-12+007199999V0209999C000012200019N0100001N1+01801+01551101151ADDAY111031AY201031GA1001+999999999GF100991001001999999001001MD1210061+9999MW1011REMSYN060AAXX  22211 15526 41997 00000 10180 20155 40115 52006 70110;
0140155260999992000052303004+43420+024600FM-12+007199999V0202701N008019999999N0200001N1+01461+01211101151ADDAY121031AY221031GF105991051001999999051001MD1210301+9999MW1011REMSYN066AAXX  23031 15526 41998 52708 10146 20121 40115 52030 70122 85050;
0150155260999992000052315004+43420+024600FM-12+007199999V0202701N010010360019N0200001N1+01951+01401101511ADDAY111031AY201031GF105991031011012501051001MD1710081+9999MW1021REMSYN076AAXX  23151 15526 41698 52710 10195 20140 40151 57008 70210 83150 555 83834;
0140155260999992000052321004+43420+024600FM-12+007199999V0203201N005012200019N0100001N1+01701+01311101631ADDAY101031AY201031GF102991021001999999051001MD1210071+9999MW1021REMSYN066AAXX  23211 15526 41997 23205 10170 20131 40163 52007 70200 82050;
0140155260999992000052403004+43420+024600FM-12+007199999V0202701N002012200019N0100001N1+01101+00941101631ADDAY101031AY201031GF103991031001999999051001MD1710071+9999MW1021REMSYN066AAXX  24031 15526 41997 32702 10110 20094 40163 57007 70200 83050;
0150155260999992000052409004+43420+024600FM-12+007199999V0203101N005012200019N0200001N1+01911+01491101601ADDAY111031AY211031GF104991041011012501001001MD1810031+9999MW1031REMSYN076AAXX  24091 15526 41698 43105 10191 20149 40160 58003 70311 84100 555 84840;
0169155260999992000052509004+43420+024600FM-12+007199999V0203601N001012200019N0200001N1+02141+01621101911ADDAY111031AY211031GF102991999051017501001001MD1710011+9999MW1031REMSYN076AAXX  25091 15526 41798 23601 10214 20162 40191 57001 70311 81500 555 82656;EQDQ01+000012SCOTLC
0150155260999992000052609004+43420+024600FM-12+007199999V0209999C000012200019N0200001N1+02381+01741101911ADDAY101031AY201031GA1001+999999999GF100991001001999999001001MD1210021+9999MW1021REMSYN060AAXX  26091 15526 41998 00000 10238 20174 40191 52002 70200;
0150155260999992000052615004+43420+024600FM-12+007199999V0209999C000012200019N0200001N1+02741+01941101801ADDAY111031AY201031GF102991021011012501001001MD1710051+9999MW1011REMSYN076AAXX  26151 15526 41698 20000 10274 20194 40180 57005 70110 82100 555 82834;
0150155260999992000052621004+43420+024600FM-12+007199999V0209999C000012200019N0100001N1+01961+01561101851ADDAY101031AY201031GA1001+999999999GF100991001001999999001001MD1310031+9999MW1021REMSYN060AAXX  26211 15526 41997 00000 10196 20156 40185 53003 70200;
0150155260999992000052703004+43420+024600FM-12+007199999V0209999C000012200019N0100001N1+01161+00931101981ADDAY101031AY201031GA1001+999999999GF100991001001999999001001MD1210061+9999MW1021REMSYN060AAXX  27031 15526 41997 00000 10116 20093 40198 52006 70200;
0180155260999992000052800004+43420+024600FM-12+007199999V0209999C000012200019N0200001N1+01701+01551101671ADDAA199000091AY101061AY201061GA1001+999999999GF100991001001999999001001MD1410001+9999MW1021REMSYN060AAXX  28001 15526 31998 00000 10170 20155 40167 54000 70200;EQDQ01  00002PRCP99
0159155260999992000052903004+43420+024600FM-12+007199999V0209999C000012200019N0200001N1+01381+01201101221ADDAY101031AY201031GF102991001001999999001011MD1710161+9999MW1031REMSYN066AAXX  29031 15526 41998 20000 10138 20120 40122 57016 70300 82001;EQDQ01+000022SCOTLC
0150155260999992000052909004+43420+024600FM-12+007199999V0200901N002012200019N0200001N1+02601+01961101171ADDAY101031AY201031GF101991011011012501001001MD1610031+9999MW1031REMSYN076AAXX  29091 15526 41698 10902 10260 20196 40117 56003 70300 81100 555 81834;
0150155260999992000052915004+43420+024600FM-12+007199999V0209999C000012200019N0200001N1+02901+02201100781ADDAY111031AY211031GF103991021011012501001021MD1710271+9999MW1021REMSYN076AAXX  29151 15526 41698 30000 10290 20220 40078 57027 70211 82102 555 82834;
0140155260999992000052921004+43420+024600FM-12+007199999V0202701N002019999999N0200001N1+01941+01701101101ADDAY121031AY221031GF106991061001999999071001MD1210231+9999MW1021REMSYN066AAXX  29211 15526 41998 62702 10194 20170 40110 52023 70222 86070;
0140155260999992000053015004+43420+024600FM-12+007199999V0202701N010012200019N0200001N1+02161+01641101291ADDAY111031AY211031GF103991031001999999051001MD1310031+9999MW1021REMSYN066AAXX  30151 15526 41998 32710 10216 20164 40129 53003 70211 83050;
0140155260999992000053021004+43420+024600FM-12+007199999V0202701N008019999999N0100001N1+01741+01401101401ADDAY111031AY211031GF106991061001999999051001MD1210051+9999MW1021REMSYN066AAXX  30211 15526 41997 62708 10174 20140 40140 52005 70211 86050;
0150155260999992000053103004+43420+024600FM-12+007199999V0202501N004012200019N0200001N1+01261+00951101671ADDAY101031AY201031GF102991021001999999051001MD1310181+9999MW1021REMSYN076AAXX  31031 15526 41998 22504 10126 20095 40167 53018 70200 82050 555 10198;
0150155260999992000053115004+43420+024600FM-12+007199999V0200601N002012200019N0200001N1+02601+01991101271ADDAY111031AY201031GF104991011011012501001041MD1710151+9999MW1021REMSYN076AAXX  31151 15526 41698 40602 10260 20199 40127 57015 70210 81104 555 81834;
0156155260999992000060109004+43420+024600FM-12+007199999V0209999C000010075019N0040001N1+01731+01651101691ADDAY121031AY221031GF108991081051008001999999MD1210121+9999MW1501REMSYN082AAXX  01091 15526 41596 80000 10173 20165 40169 52012 75022 885// 555 85710 88627;
0175155260999992000060115004+43420+024600FM-12+007199999V0209999C000019999999N0100001N1+01601+01491101961ADDAY161031AY261031GF107991999061004501051999MD1110101+9999MW1101REMSYN082AAXX  01151 15526 41497 70000 10160 20149 40196 51010 71066 8865/ 555 81710 88627;EQDQ01+000082SCOTLC
0156155260999992000060203004+43420+024600FM-12+007199999V0209999C000010075019N0100001N1+01361+01221102231ADDAY121031AY211031GF107991071061008001001021MD1210071+9999MW1031REMSYN082AAXX  02031 15526 41597 70000 10136 20122 40223 52007 70321 87602 555 10159 87730;
0169155260999992000060209004+43420+024600FM-12+007199999V0200901N002010360019N0100001N1+01961+01231102391ADDAY121031AY221031GF106991031011008001051001MD1212082+9999MW1021REMSYN076AAXX  02091 15526 41597 60902 10196 20123 40239 52208 70222 83150 555 83820;EQDQ01+002082APC3  
0156155260999992000060215004+43420+024600FM-12+007199999V0209999C000010075019N0100001N1+02211+01521102311ADDAY121031AY221031GF106991061031008001001001MD1710091+9999MW1021REMSYN082AAXX  02151 15526 41597 60000 10221 20152 40231 57009 70222 86300 555 82927 85634;
0150155260999992000060221004+43420+024600FM-12+007199999V0209999C000012200019N0100001N1+01501+01211102351ADDAY111031AY211031GA1001+999999999GF100991001001999999001001MD1210071+9999MW1011REMSYN060AAXX  02211 15526 41997 00000 10150 20121 40235 52007 70111;
0160155260999992000060303004+43420+024600FM-12+007199999V0209999C000012200019N0100001N1+01341+01121102231ADDAY101031AY201031GA1001+999999999GF100991001001999999001001MD1710091+9999MW1021REMSYN070AAXX  03031 15526 41997 00000 10134 20112 40223 57009 70200 555 10159;
0140155260999992000060309004+43420+024600FM-12+007199999V0209999C000012200019N0100001N1+01991+01471102321ADDAY111031AY201031GF102991021001999999051001MD1210031+9999MW1021REMSYN066AAXX  03091 15526 41997 20000 10199 20147 40232 52003 70210 82050;
0150155260999992000060315004+43420+024600FM-12+007199999V0209999C000012200019N0100001N1+02641+01441102281ADDAY101031AY201031GF103991031011012501001001MD1710021+9999MW1021REMSYN076AAXX  03151 15526 41697 30000 10264 20144 40228 57002 70200 83100 555 83834;
0150155260999992000060321004+43420+024600FM-12+007199999V0209999C000012200019N0100001N1+01841+01271102041ADDAY101031AY201031GA1001+999999999GF100991001001999999001001MD1410001+9999MW1021REMSYN060AAXX  03211 15526 41997 00000 10184 20127 40204 54000 70200;
0160155260999992000060403004+43420+024600FM-12+007199999V0209999C000012200019N0100001N1+01381+01071102061ADDAY101031AY201031GA1001+999999999GF100991001001999999001001MD1410001+9999MW1021REMSYN070AAXX  04031 15526 41997 00000 10138 20107 40206 54000 70200 555 10194;
0150155260999992000060415004+43420+024600FM-12+007199999V0209999C000012200019N0100001N1+02781+02031101861ADDAY101031AY201031GF102991021011012501001001MD1710121+9999MW1011REMSYN076AAXX  04151 15526 41697 20000 10278 20203 40186 57012 70100 82100 555 82840;
0150155260999992000060421004+43420+024600FM-12+007199999V0209999C000012200019N0100001N1+01861+01541101931ADDAY101031AY201031GA1001+999999999GF100991001001999999001001MD1210031+9999MW1021REMSYN060AAXX  04211 15526 41997 00000 10186 20154 40193 52003 70200;
0160155260999992000060503004+43420+024600FM-12+007199999V0201801N001012200019N0100001N1+01341+01201101991ADDAY101031AY201031GA1001+999999999GF100991001001999999001001MD1410001+9999MW1021REMSYN070AAXX  05031 15526 41997 01801 10134 20120 40199 54001 70200 555 10194;
0180155260999992000060512004+43420+024600FM-12+007199999V0209999C000012200019N0200001N1+02921+02051101791ADDAA199000091AY101061AY201061GF101991011011012501001001MD1710141+9999MW1021REMSYN076AAXX  05121 15526 31698 10000 10292 20205 40179 57014 70200 81100 555 81840;EQDQ01  00002PRCP99
0150155260999992000060603004+43420+024600FM-12+007199999V0209999C000012200019N0200001N1+01521+01251101511ADDAY101031AY201031GA1001+999999999GF100991001001999999001001MD1710021+9999MW1021REMSYN060AAXX  06031 15526 41998 00000 10152 20125 40151 57002 70200;
0150155260999992000060609004+43420+024600FM-12+007199999V0209999C000012200019N0200001N1+02781+01941101411ADDAY101031AY201031GA1001+999999999GF100991001001999999001001MD1410001+9999MW1021REMSYN060AAXX  06091 15526 41998 00000 10278 20194 40141 54000 70200;
0160155260999992000060703004+43420+024600FM-12+007199999V0209999C000012200019N0100001N1+01321+01281101041ADDAY101031AY201031GA1001+999999999GF100991001001999999001001MD1410001+9999MW1021REMSYN070AAXX  07031 15526 41997 00000 10132 20128 40104 54000 70200 555 10238;
0150155260999992000061121004+43420+024600FM-12+007199999V0200901N002012200019N0200001N1+01921+01401102191ADDAY101031AY201031GA1001+999999999GF100991001001999999001001MD1210101+9999MW1021REMSYN060AAXX  11211 15526 41970 00902 10192 20140 40219 52010 70200;
0160155260999992000061203004+43420+024600FM-12+007199999V0209999C000012200019N0002001N1+01221+00941102331ADDAY101031AY201031GA1001+999999999GF100991001001999999001001MD1110051+9999MW1021REMSYN070AAXX  12031 15526 41992 00000 10122 20094 40233 51005 70200 555 10215;
0150155260999992000061209004+43420+024600FM-12+007199999V0209999C000012200019N0200001N1+02481+01861102431ADDAY101031AY201031GA1001+999999999GF100991001001999999001001MD1210031+9999MW1021REMSYN060AAXX  12091 15526 41970 00000 10248 20186 40243 52003 70200;
0150155260999992000061215004+43420+024600FM-12+007199999V0209999C000012200019N0200001N1+03141+02151102411ADDAY101031AY201031GA1001+999999999GF100991001001999999001001MD1410001+9999MW1021REMSYN060AAXX  12151 15526 41970 00000 10314 20215 40241 54000 70200;
0150155260999992000061221004+43420+024600FM-12+007199999V0209999C000012200019N0200001N1+01961+01441102361ADDAY101031AY201031GA1001+999999999GF100991001001999999001001MD1310021+9999MW1021REMSYN060AAXX  12211 15526 41970 00000 10196 20144 40236 53002 70200;
0160155260999992000061303004+43420+024600FM-12+007199999V0209999C000012200019N0200001N1+01441+01301102421ADDAY101031AY201031GA1001+999999999GF100991001001999999001001MD1410001+9999MW1021REMSYN070AAXX  13031 15526 41970 00000 10144 20130 40242 54000 70200 555 10226;
0128155260999992000061315004+43420+024600FM-12+007199999V0201201N002012200019N0200001N1+03141+99999102221ADDAY101031AY201031GF102991999999999999999999MD1710131+9999MW1021REMSYN054AAXX  13151 15526 41970 21202 10314 40222 57013 70200;
0160155260999992000061403004+43420+024590FM-12+007199999V0209999C000012200019N0100001N1+01541+01401101201ADDAY101031AY201031GA1001+999999999GF100991001001999999001001MD1710071+9999MW1021REMSYN070AAXX  14031 15526 41960 00000 10154 20140 40120 57007 70200 555 10260;
0169155260999992000061409004+43420+024590FM-12+007199999V0209999C000012200019N0002001N1+03121+02381102182ADDAY101031AY201031GA1001+999999999GF100991001001999999001001MD1410001+9999MW1011REMSYN060AAXX  14091 15526 41992 00000 10312 20238 40218 54000 70100;EQDQ01+102183APOSLP
0159155260999992000061415004+43420+024590FM-12+007199999V0209999C000012200019N0002001N1+03531+02741101761ADDAY101031AY201031GF102991001001999999001011MD1710211+9999MW1031REMSYN066AAXX  14151 15526 41992 20000 10353 20274 40176 57021 70300 82001;EQDQ01+000022SCOTLC
0150155260999992000061421004+43420+024590FM-12+007199999V0209999C000012200019N0150001N1+02531+02091101751ADDAY101031AY201031GA1001+999999999GF100991001001999999001001MD1710021+9999MW1021REMSYN060AAXX  14211 15526 41965 00000 10253 20209 40175 57002 70200;
0134155260999992000061603004+43420+024590FM-12+007199999V0202701N003012200019N0150001N1+02201+01891101181ADDAY101031AY201031GF103991999999999999999999MD1810121+9999MW1021REMSYN060AAXX  16031 15526 41965 32703 10220 20189 40118 58012 70200;
