0128221230999992000010112004+69070+035730FM-12+001599999V0202901N002012200019N0500001N1-02171-02351102541ADDGF102991001001999999001061MD1110021+9999REMSYN076AAXX  01121 22123 42999 22902 11217 21235 40254 51002 80006 333 91003 93504;
0167221230999992000010212004+69070+035730FM-12+001599999V0202001N007010300019N0500001N1-01071-01351101351ADDAY131061AY221061GF107991021051008001041011MD1810221+9999MW1361OA140101101REMSYN082AAXX  02121 22123 41599 72007 11107 21135 40135 58022 73632 82541 333 91011 91112;
0189221230999992000010412004+69070+035730FM-12+001599999V0201801N00901004201CN0200001N1-00961-01261099741ADDAY131061AY231061GA1041+003609079GF107991061061004501071001MD1710111+9999MW1371OA140101401REMSYN088AAXX  04121 22123 41498 71809 11096 21126 49974 57011 73733 86670 333 84712 91014 91114;
0146221230999992000010612004+69070+035730FM-12+001599999V0209999C000012200019N0500001N1-01781-02041100861ADDGF102991001001999999001091HL10009MD1810081+9999OA140100101REMSYN076AAXX  06121 22123 42999 20000 11178 21204 40086 58008 80009 333 91001 93903;
0189221230999992000010712004+69070+035730FM-12+001599999V0202201N007010060019N0040001N1-00741-00911099001ADDAY181061AY231061GA1061+006009099GF108991071091004501071999MD1810081+9999MW1851OA140101101REMSYN088AAXX  07121 22123 41496 82207 11074 21091 49900 58008 78583 8797/ 333 86920 91011 91118;
0189221230999992000010812004+69070+035730FM-12+001599999V0201701N007010030019N0040001N1-00221-00341098341ADDAY181061AY231061GA1051+003009079GF108991081091004501999999MD1710301+9999MW1851OA140101001REMSYN088AAXX  08121 22123 41496 81707 11022 21034 49834 57030 78583 889// 333 85710 91010 91113;
0187221230999992000011006004+69070+035730FM-12+001599999V0202301N004019999999N0500001N1+00241-00571099141ADDAA112000391AJ100539199999999GF105991051001999999041001IA1249KA1120N-00251MD1110261+9999REMSYN088AAXX  10061 22123 12999 52304 10024 21057 49914 51026 69932 85040 333 21025 48053 91005;
0167221230999992000011012004+69070+035730FM-12+001599999V0202701N008010300019N0500001N1-00051-00321099531ADDAY181061AY231061GF108991041091008001051999MD1210221+9999MW1361OA140101101REMSYN082AAXX  10121 22123 41599 82708 11005 21032 49953 52022 73683 8495/ 333 91011 91112;
0126221230999992000011412004+69070+035730FM-12+001599999V0202201N003010075019N0500001N1-00791-01011101001ADDGF107991051051008001041001MD1110011+9999REMSYN074    AAXX  14121 22123 42599 72203 11079 21101 40100 51001 85540 333 91005;
0171221230999992000011712004+69070+035730FM-12+001599999V0201001N004010075019N0200001N1-00461-00701098701ADDAY181061AY231061GF107991051091008001071001MD1210201+9999MW1851OA140100701REMSYN086    AAXX  17121 22123 41598 71004 11046 21070 49870 52020 78583 85970 333 91007 91111;
0176221230999992000011912004+69070+035730FM-12+001599999V0202201N002010063019N0010001N1-01031-01091100041ADDAY181061AY221061GA1061+006309099GF108991061091004501071999MD1710101+9999MW1861REMSYN086    AAXX  19121 22123 41494 82202 11103 21109 40004 57010 78682 8697/ 333 86921 91003;
0189221230999992000012112004+69070+035730FM-12+001599999V0200101N006010057019N0100001N1-00601-00791099921ADDAY181061AY231061GA1071+005709099GF107991071091017501001001MD1010011+9999MW1851OA140100901REMSYN088AAXX  21121 22123 41797 70106 11060 21079 49992 50001 78583 87900 333 87919 91009 91110;
0124221230999992000012212004+69070+035730FM-12+001599999V0202501N002012200019N0500001N1-00831-00931999999ADDAY181061AY231061GF102991021091004501001011MW1261REMSYN064AAXX  22121 22123 41499 22502 11083 21093 72683 82901 333 91003;
0189221230999992000012612004+69070+035730FM-12+001599999V0201901N00801007501CN0200001N1-00971-01141098101ADDAY181061AY231061GA1041+007809069GF108991061091008001071999MD1710191+9999MW1361OA140101101REMSYN088AAXX  26121 22123 41598 81908 11097 21114 49810 57019 73683 8697/ 333 84626 91011 91116;
0167221230999992000012812004+69070+035730FM-12+001599999V0202201N007010300019N0500001N1-01151-01681097751ADDAY131061AY211061GF107991021051008001071001MD1210031+9999MW1361OA140101001REMSYN082AAXX  28121 22123 41599 72207 11115 21168 49775 52003 73631 82570 333 91010 91110;
0167221230999992000013112004+69070+035730FM-12+001599999V0201601N005010042019N0020001N1-00171-00311096721ADDAY181061AY221061GF108991061091004501071999MD1610041+9999MW1861OA140100801REMSYN082AAXX  31121 22123 41495 81605 11017 21031 49672 56004 78682 8697/ 333 91008 91113;
0256221230999992000020106004+69070+035730FM-12+001599999V0202401N005010021019N0010001N1-00961-01171096681ADDAA112003091AJ100649199999999AY181061AY231061GA1061+002109079GF108991999091002501999091IA1249KA1120N-00961MD1010021+9999MW1861REMSYN100AAXX  01061 22123 11394 82405 11096 21117 49668 50002 60032 78683 889/9 333 21096 48064 86707 91007;EQDQ01+000082SCOTLC
0198221230999992000020206004+69070+035730FM-12+001599999V0209999C000012200019N0500001N1-01761+99999097711ADDAA112000891AY181061AY211061GF102991021091008001001011KA1120N-02181MD1110031+9999MW1021REMSYN100AAXX  02061 22123 11599 20000 11176 27188 49771 51003 69972 70281 82901 333 21218 8070/ 910/1 93502;
0150221230999992000020212004+69070+035730FM-12+001599999V0202401N005010042019N0500001N1-00541-00751097531ADDAY181061AY211061GF107991051091004501071001MD1610071+9999MW1261REMSYN076AAXX  02121 22123 41499 72405 11054 21075 49753 56007 72681 85970 333 91009;
0254221230999992000020306004+69070+035730FM-12+001599999V0202401N005010300019N0500001N1-00511-00761097881ADDAA112000391AJ100699199999999AY181061AY231061GA1041+005409099GF107991041091004501071001IA1249KA1120N-00971MD1310211+9999MW1361OA140100701REMSYN106AAXX  03061 22123 11499 72405 11051 21076 49788 53021 69932 73683 84970 333 21097 48069 84918 91007 91111;
0141221230999992000020412004+69070+035730FM-12+001599999V0209999C000019999999N0500001N1-01601-01791099121ADDGF108991001001999999001071MD1710151+9999REMSYN070AAXX  04121 22123 42999 80000 11160 21179 49912 57015 88007 333 93503;EQDQ01+000082SCOTLC
0200221230999992000021306004+69070+035730FM-12+001599999V0202301N003019999999N0500001N1-00761-01021099911ADDAA199000091AJ100659199999999GF107991071001999999041001IA1289KA1120N-01071MD1610051+9999REMSYN082AAXX  13061 22123 32999 72303 11076 21102 49991 56005 87040 333 21107 44065 91005;EQDQ01  00002PRCP99
0140221230999992000021512004+69070+035730FM-12+001599999V0201701N001019999999N0500001N1-00311-00481100021ADDAY171061AY221061GF107991051091999999071001MD1310021+9999MW1261REMSYN066AAXX  15121 22123 41999 71701 11031 21048 40002 53002 72672 85970;
0136221230999992000021712004+69070+035730FM-12+001599999V0200201N002019999999N0200001N1+99999+99999100661ADDAY121061AY221061GF107991071001999999071001MW1221REMSYN076AAXX  17121 22123 41998 70202 11//9 21070 40066 72222 87070 333 91003 9$905;
0166221230999992000022212004+69070+035730FM-12+001599999V02099999999992200019N0500001N1-01141-01271100211ADDAY181061AY211061GA1001+999999999GF100991001001999999001001MD1210071+9999MW1021REMSYN076AAXX  22121 22123 41599 000// 11114 21127 40021 52007 70281 82930 333 91001;
0167221230999992000022312004+69070+035730FM-12+001599999V0202701N007019999999N0500001N1-01131-01481102311ADDAY131061AY211061GF107991001001999999001091MD1210011+9999MW1361OA140101001REMSYN082AAXX  23121 22123 41999 72707 11113 21148 40231 52001 73631 80009 333 91010 91112;
0140221230999992000022512004+69070+035730FM-12+001599999V0209999C000012200019N0500001N1+01851-02111101721ADDAY181061AY201061GF101991999999999999999999MD1310011+9999MW1121REMSYN066AAXX  25121 22123 41999 10000 10185 21211 40172 53001 71280 93507;
0172221230999992000022712004+69070+035730FM-12+001599999V0202401N001010057019N0040001N1-01491-01761100821ADDAY181061AY221061GA1061+005709099GF108991081091004501999999MD1810101+9999MW1851REMSYN082AAXX  27121 22123 41496 82401 11149 21176 40082 58010 78582 889// 333 86919 91001;
0150221230999992000030112004+69070+035730FM-12+001599999V0201701N002010300019N0020001N1-01401-01671099541ADDAY171061AY221061GF108991031071004501021999MD1710101+9999MW1731REMSYN076AAXX  01121 22123 41495 81702 11140 21167 49954 57010 77372 8372/ 333 91004;
0189221230999992000030212004+69070+035730FM-12+001599999V0200901N006010030019N0040001N1-00481-00681098021ADDAY181061AY231061GA1061+003009079GF108991081091004501999999MD1810271+9999MW1851OA140101001REMSYN088AAXX  02121 22123 41496 80906 11048 21068 49802 58027 78583 889// 333 86710 91010 91110;
0237221230999992000030306004+69070+035730FM-12+001599999V0201901N003010021019N0200001N1-00451-00611097791ADDAA112002091AJ100839199999999AY181061AY221061GA1061+002109079GF108991081091002501999999IA1249KA1120N-00511MD1210131+9999MW1851REMSYN100AAXX  03061 22123 11398 81903 11045 21061 49779 52013 60022 78582 889// 333 21051 48083 86707 91005;
0150221230999992000030312004+69070+035730FM-12+001599999V0202301N003010042019N0100001N1-00371-00551098101ADDAY181061AY231061GF107991061091004501071001MD1210171+9999MW1851REMSYN076AAXX  03121 22123 41497 72303 11037 21055 49810 52017 78583 86970 333 91004;
0122221230999992000030612004+69070+035730FM-12+001599999V0201001N001012200019N0500001N1-01321-01751100291ADDGF101991001001999999001011MD1810141+9999REMSYN070AAXX  06121 22123 42999 11001 11132 21175 40029 58014 80001 333 91002;
0187221230999992000030706004+69070+035730FM-12+001599999V0201301N008010300019N0500001N1-00931-01181098911ADDAA112000791AJ100859199999999GF106991041091008001041001IA1249KA1120N-01741MD1710131+9999REMSYN088AAXX  07061 22123 11599 61308 11093 21118 49891 57013 69902 84940 333 21174 48085 91011;
0167221230999992000030712004+69070+035730FM-12+001599999V0201201N005010300019N0500001N1-00701-00991098781ADDAY181061AY221061GF108991021091008001031071MD1810071+9999MW1021OA140100801REMSYN082AAXX  07121 22123 41599 81205 11070 21099 49878 58007 70282 82937 333 91008 91111;
0232221230999992000030806004+69070+035730FM-12+001599999V0200901N004010300019N0200001N1-00381-00531098271ADDAA112002091AJ100889199999999AY181061AY231061GF107991041091004501071001IA1249KA1120N-00751MD1610021+9999MW1851OA140100701REMSYN100AAXX  08061 22123 11498 70904 11038 21053 49827 56002 60022 78583 84970 333 21075 48088 91007 91110;
0215221230999992000030906004+69070+035730FM-12+001599999V0201701N002010042019N0020001N1-00591-00701098021ADDAA112003091AJ100939199999999AY181061AY221061GF108991061091004501071999IA1249KA1120N-00651MD1310021+9999MW1861REMSYN094AAXX  09061 22123 11495 81702 11059 21070 49802 53002 60032 78682 8697/ 333 21065 48093 91003;
0231221230999992000031006004+69070+035730FM-12+001599999V0209999C00001004201CN0100001N1-01821-01941999999ADDAA112000591AJ100959199999999AY181061AY211061GA1041+003009079GF107991061091004501071001IA1249KA1120N-02371MD1210111+9999MW1851REMSYN094AAXX  10061 22123 11497 70000 11182 21194 52011 69952 78581 86970 333 21237 48095 84710 93504;
0232221230999992000031306004+69070+035730FM-12+001599999V0202001N007010300019N0500001N1-00831-01061099401ADDAA112005191AJ100999199999999AY181061AY231061GF107991011051008001051001IA1249KA1120N-01171MD1810161+9999MW1361OA140101201REMSYN100AAXX  13061 22123 11599 72007 11083 21106 49940 58016 60052 73683 81550 333 21117 48099 91012 91113;
0167221230999992000031312004+69070+035730FM-12+001599999V0201701N009019999999N0500001N1-00571-01041099151ADDAY131061AY231061GF108991001001999999001071MD1610151+9999MW1361OA140101201REMSYN082AAXX  13121 22123 41999 81709 11057 21104 49915 56015 73633 80007 333 91012 91114;
0167221230999992000031412004+69070+035730FM-12+001599999V0201801N007010300019N0500001N1-00111-00581098771ADDAY131061AY221061GF108991021051008001071999MD1210141+9999MW1021OA140100901REMSYN082AAXX  14121 22123 41599 81807 11011 21058 49877 52014 70232 8257/ 333 91009 91112;
0202221230999992000031706004+69070+035730FM-12+001599999V0209999C000010030019N0020001N1-00381-00501102311ADDAA112000591AY181061AY221061GA1051+003009069GF108991081091004501999999KA1120N-00521MD1210111+9999MW1861REMSYN088AAXX  17061 22123 11495 80000 11038 21050 40231 52011 69952 78682 889// 333 21052 85710;
0150221230999992000031712004+69070+035730FM-12+001599999V0201401N001010300019N0200001N1+00161-00361102391ADDAY181061AY221061GF107991041091008001071001MD1110031+9999MW1851REMSYN076AAXX  17121 22123 41598 71401 10016 21036 40239 51003 78582 84970 333 91001;
0122221230999992000031812004+69070+035730FM-12+001599999V0202001N005010300019N0500001N1-00081-00431102151ADDGF108991011051008001071999MD1210051+9999REMSYN070AAXX  18121 22123 42599 82005 11008 21043 40215 52005 8157/ 333 91007;
0152221230999992000031906004+69070+035730FM-12+001599999V0201901N008019999999N0500001N1-00401-00661101291ADDAA112000191GF108991999999008001999999MD1810311+9999MW1971REMSYN083AAXX  19061 22123 11599 81908 11040 21066 40129 58031 69922 797// 333 210// 910 09;
0167221230999992000031912004+69070+035730FM-12+001599999V0202001N008019999999N0500001N1-00171-00581999999ADDAY131061AY221061GF108991081001999999071999MD1810361+9999MW1361OA140101201REMSYN082AAXX  19121 22123 41999 82008 11017 21058 4//60 58036 73632 8807/ 333 91012 91112;
0236221230999992000032006004+69070+035730FM-12+001599999V0202001N010010066019N0500001N1+00161+99999097431ADDAA112000191AJ100779199999999AY131061GA1051+006609099GF107991999999004501999999IA1289KA1120N-00151MD1710542+9999MW1261REMSYN088AAXX  20061 22123 11499 72010 10016 49743 57054 69912 7263/ 333 21015 44077 85922 9111-;EQDQ01+000542APC3  
0153221230999992000032012004+69070+035730FM-12+001599999V0202801N009012200019N0500001N1+00101-00471097801ADDAY181061AY211061GF102991021091008001061001MW1011OA140101301REMSYN082AAXX  20121 22123 41599 22809 1001/ 21047 49780 5/0/2 70181 82960 333 91013 91120;
0139221230999992000032112004+69070+035730FM-12+001599999V0202201N005012200019N0500001N1-00191-00941098741ADDGF102991021001999999041001MD1310221+9999OA140100801REMSYN076AAXX  21121 22123 42999 22205 11019 21094 49874 53022 82040 333 91008 91114;
0158221230999992000032212004+69070+035730FM-12+001599999V02099999999999999999N0500001N1-00301-00971098741ADDGF106991001001999999001061MD1310081+9999OA140199999REMSYN076AAXX  22121 22123 42999 622/5 11030 21097 49874 53008 80006 333 91009 91112;EQDQ01  00902WGOSPD
0122221230999992000032512004+69070+035730FM-12+001599999V0202301N002012200019N0500001N1-00371-00901100421ADDGF103991031001999999041001MD1210081+9999REMSYN070AAXX  25121 22123 42999 32302 11037 21090 40042 52008 83040 333 91002;
0232221230999992000032706004+69070+035730FM-12+001599999V0202901N005010300019N0500001N1-01011-01211101571ADDAA112007191AJ100909199999999AY181061AY231061GF106991041091008001071001IA1249KA1120N-01021MD1210051+9999MW1261OA140100701REMSYN100AAXX  27061 22123 11599 62905 11101 21121 40157 52005 60072 72683 84970 333 21102 48090 91007 91110;
0232221230999992000033106004+69070+035730FM-12+001599999V0203001N003010042019N0200001N1-00441-00641099761ADDAA112002091AJ100869199999999AY181061AY231061GF105991051091004501001001IA1249KA1120N-00591MD1310221+9999MW1851OA140100401REMSYN100AAXX  31061 22123 11498 53003 11044 21064 49976 53022 60022 78583 85900 333 21059 48086 91004 91111;
0167221230999992000033112004+69070+035730FM-12+001599999V0202601N005010075019N0500001N1-00591-01071100361ADDAY181061AY231061GF107991061091008001041001MD1310331+9999MW1271OA140100801REMSYN082AAXX  31121 22123 41599 72605 11059 21107 40036 53033 72783 86940 333 91008 91110;
0200221230999992000040106004+69070+035730FM-12+001599999V0202001N002012200019N0500001N1-01411-01841100371ADDAA199000091AJ100879199999999GF102991021001999999041011IA1249KA1120N-01781MD1410001+9999REMSYN082AAXX  01061 22123 32999 22002 11141 21184 40037 54000 82041 333 21178 48087 91003;EQDQ01  00002PRCP99
0193221230999992000040506004+69070+035730FM-12+001599999V0201601N011019999999N9999999N1-00341-00741100411ADDAJ100939199999999GF108991081001999999021999IA1249KA1120N-00601MD1710121+9999OA140101501REMSYN094AAXX  05061 22123 ///// 81611 11034 21074 40041 57012 73633 8802/ 333 21060 48093 91015 91116;
