0122225590999992000010209004+64220+041670FM-12+001499999V0200901N001012200019N0500001N1-02601-02841103281ADDGA1001+999999999GF100991001001999999001001MD1410001+9999REMSYN054AAXX  02091 22559 42984 00901 11260 21284 40328 54000;
0122225590999992000010212004+64220+041670FM-12+001499999V0201101N002012200019N0400001N1-02581-02821103191ADDGA1001+999999999GF100991001001999999001001MD1810091+9999REMSYN054AAXX  02121 22559 42982 01102 11258 21282 40319 58009;
0112225590999992000010309004+64220+041670FM-12+001499999V0201301N002019999999N0400001N1-02291-02541102631ADDGF106991031001999999031021MD1710011+9999REMSYN060AAXX  03091 22559 42982 61302 11229 21254 40263 57001 83032;
0140225590999992000010409004+64220+041670FM-12+001499999V0201301N003012200019N0250001N1-01761-01951101231ADDAY171031AY211031GF103991021001999999051021MD1710201+9999MW1021REMSYN066AAXX  04091 22559 41975 31303 11176 21195 40123 57020 70271 82052;
0166225590999992000010412004+64220+041670FM-12+001499999V0201201N003010036019N0400001N1-01831-02091101031ADDAY171061AY211061GA1061+003609059GF108991061051004501051999MD1710191+9999MW1021REMSYN076AAXX  04121 22559 41482 81203 11183 21209 40103 57019 70271 8655/ 333 86612;
0112225590999992000010612004+64220+041670FM-12+001499999V0209999C000012200019N0400001N1-02481-02661101391ADDGF102991001001999999001011MD1210191+9999REMSYN060AAXX  06121 22559 42982 20000 11248 21266 40139 52019 80001;
0166225590999992000010812004+64220+041670FM-12+001499999V0201601N004010063019N0110001N1-00081-00211099801ADDAY171061AY221061GA1061+006309059GF108991061091008001011999MD1810051+9999MW1221REMSYN076AAXX  08121 22559 41561 81604 11008 21021 49980 58005 72272 8691/ 333 86621;
0112225590999992000010912004+64220+041670FM-12+001499999V0202501N005010750019N0400001N1+00241-00061099251ADDGF107991031051008001001021MD1210131+9999REMSYN060AAXX  09121 22559 42582 72505 10024 21006 49925 52013 83502;
0187225590999992000011006004+64220+041670FM-12+001499999V0202501N005010090019N0500001N1+00181-00361100141ADDAA106000091GA1081+009009059GF108991081051008001999999KA1120N+00101MD1210181+9999REMSYN076AAXX  10061 22559 32584 82505 10018 21036 40014 52018 885// 333 20010 88630;EQDQ01  00002PRCP06
0138225590999992000011012004+64220+041670FM-12+001499999V0202501N005010069019N0400001N1+00091-00371100421ADDGA1081+006909059GF108991081051008001999999MD1210141+9999REMSYN070AAXX  10121 22559 42582 82505 10009 21037 40042 52014 885// 333 88623;
0246225590999992000011503004+64220+041670FM-12+001499999V0202501N003010042019N0500001N1-00651-00771101331ADDAA112000291AJ100329199999999AY181031AY221031GA1081+004209079GF108991081091004501999999GJ100009IA1239MD1710061+9999MW1851REMSYN114    AAXX  15031 22559 /1484 82503 11065 21077 40133 57006 78582 889// 333 47032 55000 88714 555 21103 69922 7994/;
0144225590999992000011712004+64220+041670FM-12+001499999V0201401N004010300019N0090001N1-00451-00681097851ADDAY171061AY221061GF108991031071004501021999MD1410001+9999MW1711REMSYN070    AAXX  17121 22559 41459 81404 11045 21068 49785 54000 77172 8372/;
0144225590999992000011812004+64220+041670FM-12+001499999V0200501N002019999999N0200001N1-01091-01291099231ADDAY181061AY271061GF108991081001999999021999MD1210161+9999MW1781REMSYN070    AAXX  18121 22559 41970 80502 11109 21129 49923 52016 77887 8802/;
0144225590999992000011912004+64220+041670FM-12+001499999V0200301N001019999999N0400001N1-01341-01471099771ADDAY171061AY221061GF108991031001999999071061MD1810051+9999MW1021REMSYN070    AAXX  19121 22559 41982 80301 11134 21147 49977 58005 70272 83076;
0140225590999992000012212004+64220+041670FM-12+001499999V0200601N001019999999N0180001N1-01951-02141099341ADDAY171061AY221061GF108991051001999999011061MD1210111+9999MW1711REMSYN066AAXX  22121 22559 41968 80601 11195 21214 49934 52011 77172 85016;
0140225590999992000012709004+64220+041670FM-12+001499999V0201501N005019999999N0034001N1-02131-02311098691ADDAY171031AY221031GF108991081001999999021999MD1710141+9999MW1731REMSYN066AAXX  27091 22559 41934 81505 11213 21231 49869 57014 77372 8802/;
0140225590999992000012812004+64220+041670FM-12+001499999V0201801N002010300019N0400001N1-01291-01421099101ADDAY171061AY221061GF108991031051008001071021MD1210111+9999MW1781REMSYN066AAXX  28121 22559 41582 81802 11129 21142 49910 52011 77872 83572;
0153225590999992000020106004+64220+041670FM-12+001499999V0201601N003019999999N0400001N1+99999+99999999999ADDAA199000091GF106991051001999999031021KA1999N-01291MD1810111+9999REMSYN058AAXX  01061 22559 32982 61603 21146 58011 85032 333 21129;EQDQ01  00002PRCP99
0140225590999992000020112004+64220+041670FM-12+001499999V0201701N003010075019N0024001N1-00781-01001097941ADDAY171061AY221061GF108991061051008001021999MD1710161+9999MW1731REMSYN066AAXX  01121 22559 41524 81703 11078 21100 49794 57016 77372 8652/;
0221225590999992000020306004+64220+041670FM-12+001499999V0202501N001010021019N0070001N1-01381-01511098291ADDAA100001091AY171061AY221061GA1081+002109069GF108991081051002501999999KA1120N+99999MD1310031+9999MW1101REMSYN088AAXX  03061 22559 11357 82501 11138 21151 49829 53003 69990 71072 885// 333 21113 88707;EQDQ01 -01132ATMN  
0166225590999992000020412004+64220+041670FM-12+001499999V0202901N006010051019N0400001N1-00461-00591099381ADDAY181061AY271061GA1081+005109059GF108991081051004501999999MD1210061+9999MW1021REMSYN076AAXX  04121 22559 41482 82906 11046 21059 49938 52006 70287 885// 333 88617;
0233225590999992000020803004+64220+041670FM-12+001499999V0201801N003010012019N0500001N1+99999+99999099321ADDAA112999999AJ100459199999999GA1081+999999079GF108991081061001501999999GJ100009IA1239MD1810131+9999REMSYN104AAXX  08031 22559 /2284 81803 110/4 21030 49932 58013 886// 333 47045 55000 8870/ 555 21061 69902 7004/;EQDQ01  99992PRCP12
0112225590999992000021112004+64220+041670FM-12+001499999V0201601N004010300019N0400001N1-00201+99999999999ADDGF108991031051008001071999MD1710191+9999REMSYN060AAXX  11121 22559 42582 81604 1102/ 2/65/ 49/85 57019 8357/;
0233225590999992000021603004+64220+041670FM-12+001499999V0201501N001010042019N9999999N1-00341-00421100211ADDAA112000391AJ100429199999999AW1781AZ171031GA1081+004209069GF108991081051022501999999GJ100069IA1239MD1410001+9999REMSYN109AAXX  16031 22559 /484/ 81501 11034 21042 40021 54000 77872 885// 333 47042 55001 88614 555 2104 69932 7993/;
0140225590999992000022112004+64220+041670FM-12+001499999V0201301N001019999999N0400001N1-00721-00971101541ADDAY171061AY221061GF108991081001999999071999MD1310021+9999MW1021REMSYN066AAXX  21121 22559 41982 81301 11072 21097 40154 53002 70272 8807/;
0140225590999992000022312004+64220+041670FM-12+001499999V0202801N002019999999N0130001N1-00991-01111102261ADDAY181061AY271061GF108991081001999999021999MD1810051+9999MW1711REMSYN066AAXX  23121 22559 41963 82802 11099 21111 40226 58005 77187 8802/;
0140225590999992000022712004+64220+041670FM-12+001499999V0201401N003019999999N0400001N1-01611-01871101751ADDAY171061AY211061GF108991081001999999071999MD1810201+9999MW1781REMSYN066AAXX  27121 22559 41982 81403 11161 21187 40175 58020 77871 8807/;
0192225590999992000030103004+64220+041670FM-12+001499999V0201001N002019999999N0500001N1-02091-02341100351ADDAA112000391AJ100529199999999GF107991071001999999051001GJ100009IA1239MD1110021+9999REMSYN098AAXX  01031 22559 /2984 71002 11209 21234 40035 51002 87050 333 47052 55000 555 21227 69932 7006/;
0140225590999992000030112004+64220+041670FM-12+001499999V0201701N001010042019N0110001N1-00511-00721099801ADDAY181061AY271061GF108991051091004501071999MD1710121+9999MW1851REMSYN066AAXX  01121 22559 41461 81701 11051 21072 49980 57012 78587 8597/;
0161225590999992000030209004+64220+041670FM-12+001499999V0201901N004010300019N0180001N1+01401+00031098961ADDAY171031AY221031GF108991021091008001021999MW1021REMSYN066AAXX  02091 22559 41568 81904 1014/ 20003 49896 56000 70272 8292/;EQDQ01+000062APCTENQ02+000002APC3  
0159225590999992000030212004+64220+041670FM-12+001499999V0201801N006010075019N0400001N1+00242+00031098961ADDAY181061AY271061GF108991051051008001031999MD1410001+9999MW1251REMSYN066AAXX  02121 22559 41582 81806 10024 20003 49896 54000 72587 8553/;EQDQ01+000243ATOT  
0152225590999992000030306004+64220+041670FM-12+001499999V0201801N004010120019N0400001N1+00161-00121099241ADDAA100000791GF108991061051012501051999KA1999N+00171MD1410001+9999REMSYN076AAXX  03061 22559 12682 81804 10016 21012 49924 54000 69900 8655/ 333 20017;
0140225590999992000030309004+64220+041670FM-12+001499999V0201901N005010042019N0005001N1+00041+00011099081ADDAY181031AY221031GF108991061091004501021999MD1810161+9999MW1861REMSYN066AAXX  03091 22559 41405 81905 10004 20001 49908 58016 78682 8692/;
0161225590999992000030612004+64220+041670FM-12+001499999V0202101N001010042019N0150001N1-00261-00671100161ADDAY181061AY271061GF108991061091004501031021MW1851REMSYN066AAXX  06121 22559 41465 82101 11026 21067 40016 58805 78587 86932;EQDQ01+000087APCTENQ02+008057APC3  
0166225590999992000030709004+64220+041670FM-12+001499999V0201301N007010090019N0024001N1-00501-00781098821ADDAY171031AY231031GA1061+009009059GF108991061051008001021999MD1710281+9999MW1731REMSYN076AAXX  07091 22559 41524 81307 11050 21078 49882 57028 77373 8652/ 333 86630;
0140225590999992000030712004+64220+041670FM-12+001499999V0201401N006019999999N0043001N1-00391-00721098541ADDAY171061AY231061GF108991081001999999021999MD1710281+9999MW1711REMSYN066AAXX  07121 22559 41943 81406 11039 21072 49854 57028 77173 8802/;
0180225590999992000030806004+64220+041670FM-12+001499999V0201401N003010042019N0048001N1-00281-00411097961ADDAA100003091AY171061AY231061GF108991051071004501021999KA1999N-00421MD1610011+9999MW1711REMSYN082AAXX  08061 22559 11448 81403 11028 21041 49796 56001 60030 77173 8572/ 333 21042;
0181225590999992000030906004+64220+041670FM-12+001499999V0200901N001019999999N0400001N1-01461-01591098301ADDAA199000091GF108991021001999999031091KA1999N+99999MD1310051+9999REMSYN070AAXX  09061 22559 32982 80901 11146 21159 49830 53005 82039 333 21140;EQDQ01  00002PRCP99Q02 -01402ATMN  
0180225590999992000031006004+64220+041670FM-12+001499999V0200401N002010075019N0400001N1-01141-01271098861ADDAA100000591AY181061AY221061GF108991061091008001051999KA1999N-01291MD1210091+9999MW1851REMSYN082AAXX  10061 22559 11582 80402 11114 21127 49886 52009 69960 78582 8695/ 333 21129;
0140225590999992000031009004+64220+041670FM-12+001499999V0200401N001010300019N0400001N1-00771-00991098881ADDAY181031AY221031GF106991031091008001031001MD1110021+9999MW1021REMSYN066AAXX  10091 22559 41582 60401 11077 21099 49888 51002 70282 83930;
0146225590999992000031306004+64220+041670FM-12+001499999V0202201N003010750019N0400001N1-01021-01221999999ADDAA100000591GF108991021091004501001061KA1999N-01161MD1210281+9999REMSYN070AAXX  13061 22559 12482 82203 11102 21122 52028 69940 82906 333 21116;
0112225590999992000031312004+64220+041670FM-12+001499999V0202001N002012200019N0400001N1+99999+99999101231ADDGF102991001001999999001011MD1210121+9999REMSYN060AAXX  13121 22559 42982 22002 17031 21108 40123 52012 80001;
0140225590999992000031409004+64220+041670FM-12+001499999V0201701N005019999999N0400001N1-00251-01191100781ADDAY131031AY221031GF108991001001999999001061MD1710041+9999MW1361REMSYN066AAXX  14091 22559 41982 81705 11025 21119 40078 57004 73632 80006;
0140225590999992000031412004+64220+041670FM-12+001499999V0201501N006019999999N0400001N1-00261-01101100681ADDAY131061AY221061GF108991081001999999091999MD1810101+9999MW1361REMSYN066AAXX  14121 22559 41982 81506 11026 21110 40068 58010 73632 8809/;
0214225590999992000031603004+64220+041670FM-12+001499999V0201301N004010030019N0220001N1-00181-00261100961ADDAA112001091AJ100569199999999GA1081+003009079GF108991081051004501999999GJ100009IA1239MD1210041+9999REMSYN104AAXX  16031 22559 /2472 81304 11018 21026 40096 52004 885// 333 47056 55000 88710 555 21020 60012 7001/;
0152225590999992000031606004+64220+041670FM-12+001499999V0201301N003010300019N0400001N1-00181-00391101121ADDAA101001091GF108991041051004501071999KA1999N-00201MD1310161+9999REMSYN076AAXX  16061 22559 12482 81303 11018 21039 40112 53016 60015 8457/ 333 21020;
0112225590999992000031609004+64220+041670FM-12+001499999V0201201N002012200019N0400001N1+00081-00331101241ADDGF103991001001999999001021MD1210121+9999REMSYN060AAXX  16091 22559 42982 31202 10008 21033 40124 52012 80002;
0112225590999992000031612004+64220+041670FM-12+001499999V0201301N002019999999N0400001N1+00291-00331101361ADDGF106991001001999999001021MD1210121+9999REMSYN060AAXX  16121 22559 42982 61302 10029 21033 40136 52012 80002;
0193225590999992000031706004+64220+041670FM-12+001499999V0201001N002010300019N0400001N1+00001-00231102301ADDAA199000091AY181061AY221061GF108991041051012501051999KA1999N-00081MD1210171+9999MW1021REMSYN076AAXX  17061 22559 31682 81002 10000 21023 40230 52017 70282 8455/ 333 21008;EQDQ01  00002PRCP99
0112225590999992000031709004+64220+041670FM-12+001499999V0200901N002019999999N0400001N1+00131-00291102411ADDGF108991081001999999051999MD1210111+9999REMSYN060AAXX  17091 22559 42982 80902 10013 21029 40241 52011 8805/;
0112225590999992000031712004+64220+041670FM-12+001499999V0201001N001019999999N0400001N1+00201-00481102461ADDGF108991081001999999031999MD1210051+9999REMSYN060AAXX  17121 22559 42982 81001 10020 21048 40246 52005 8803/;
0122225590999992000031809004+64220+041670FM-12+001499999V0201001N002012200019N0400001N1+00001-00651102651ADDGA1001+999999999GF100991001001999999001001MD1810041+9999REMSYN054AAXX  18091 22559 42982 01002 10000 21065 40265 58004;
0112225590999992000031812004+64220+041670FM-12+001499999V0201301N002012200019N0400001N1+00371-00731102611ADDGF101991001001999999001021MD1710041+9999REMSYN060AAXX  18121 22559 42982 11302 10037 21073 40261 57004 80002;
0134225590999992000031912004+64220+041670FM-12+001499999V0202101N002019999999N0400001N1+00091-00271102151ADDAY181061AY271061GF105991999999008001999999MD1710071+9999MW1261REMSYN060AAXX  19121 22559 41582 52102 10009 21027 40215 57007 72687;
0112225590999992000032112004+64220+041670FM-12+001499999V0202701N007010075019N0400001N1+00241-00891099931ADDGF105991051021008001001001MD1210071+9999REMSYN060AAXX  21121 22559 42582 52707 10024 21089 49993 52007 85200;
0205225590999992000032203004+64220+041670FM-12+001499999V0202101N002019999999N0400001N1-00781-01191099891ADDAA199000091AJ100529199999999GF106991001001999999001021GJ107029IA1249MD1710021+9999REMSYN092AAXX  22031 22559 32982 62102 11078 21119 49989 57002 80002 333 48052 55117 555 21080 7000/;EQDQ01  00002PRCP99
0106225590999992000032212004+64220+041670FM-12+001499999V0202401N004012200019N0400001N1+00241-00901999999ADDGF103991031021008001001001MD1610011+9999REMSYN054AAXX  22121 22559 42582 32404 10024 21090 56001 83200;
0122225590999992000032309004+64220+041670FM-12+001499999V0200301N002012200019N0400001N1-00361-01021099401ADDGA1001+999999999GF100991001001999999001001MD1710041+9999REMSYN054AAXX  23091 22559 42982 00302 11036 21102 49940 57004;
0086225590999992000032512004+64220+041670FM-12+001499999V0202801N001019999999N0400001N1+00291-00771100141ADDGF106991999999008001999999REMSYN048AAXX  25121 22559 42582 62801 10029 21077 40014;
0243225590999992000032603004+64220+041670FM-12+001499999V0209999C000010003019N0003001N1-01101-01161100741ADDAA199000091AJ100509199999999AY141031AY201031GA1091+999999999GF109991091999999999999999GJ105169IA1249MD1110041+9999MW1491REMSYN092AAXX  26031 22559 31/03 90000 11110 21116 40074 51004 74940 333 48050 55086 555 21112 7000/;EQDQ01  00002PRCP99
0128225590999992000032609004+64220+041670FM-12+001499999V0202601N001019999999N0130001N1+99999+99999100891ADDAY171031AY221031GF108991081001999999091999MD1210051+9999MW1711REMSYN054AAXX  26091 22559 41963 82601 40089 52005 77172 8809/;
0112225590999992000033109004+64220+041670FM-12+001499999V0202801N009012200019N0400001N1+00021-00611099811ADDGF103991031091004501001001MD1310481+9999REMSYN060AAXX  31091 22559 42482 32809 10002 21061 49981 53048 83900;
0140225590999992000040109004+64220+041670FM-12+001499999V0201401N002019999999N0005001N1-00141-00221100131ADDAY171031AY221031GF108991081001999999021999MD1610171+9999MW1751REMSYN066AAXX  01091 22559 41905 81402 11014 21022 40013 56017 77572 8802/;
