0147226380999992000010112004+63330+036730FM-12+018199999V0201301N001012200019N0280001N1-01601-01871102561ADDAY181061AY221061GF105991041051008001001011MA1999999100111MW1021REMSYN072AAXX  01121 22638 41578 51301 11160 21187 30011 40256 5100/ 70282 84501;
0112226380999992000010209004+63330+036730FM-12+018199999V0201501N001012200019N0300001N1-02481-02801103001ADDGF101991011001999999031001MD1210021+9999REMSYN060AAXX  02091 22638 42980 11501 11248 21280 40300 52002 81030;
0140226380999992000010309004+63330+036730FM-12+018199999V0201801N004010042019N0090001N1-01401-01601102131ADDAY181031AY271031GF108991061041004501021999MD1310081+9999MW1711REMSYN066AAXX  03091 22638 41459 81804 11140 21160 40213 53008 77187 8642/;
0162226380999992000010312004+63330+036730FM-12+018199999V0201601N003012200019N0650001N1-01681-01871999999ADDGF102991999999999999999999MA1999999095501MD1410001+9999REMSYN060AAXX  03121 22638 41987 21603 11168 21187 39550 43203 5807/;EQDQ01+000082APCTENQ02+000702APC3  
0140226380999992000010405004+63330+036730FM-12+018199999V0201601N005010042019N0100001N1-01521-01791100601ADDAY181999AY221999GF107991071031004501001001MD1710261+9999MW1851REMSYN066AAXX  04051 22638 41460 71605 11152 21179 40060 57026 78582 87300;
0180226380999992000010412004+63330+036730FM-12+018199999V0201501N006010075019N0140001N1-01441-01641100291ADDAY181061AY231061GF108991999061008001071999MA1999999097911MD1710301+9999MW1361REMSYN072AAXX  04121 22638 41564 81506 11144 21164 39791 40029 57030 73683 8867/;EQDQ01+000082SCOTLC
0098226380999992000010509004+63330+036730FM-12+018199999V0201501N002019999999N9999999N1-01161-01441099571ADDGF108991999999017501999999REMSYN060AAXX  05091 22638 /478/ 81502 11116 21144 49957 92012 885//;
0141226380999992000010612004+63330+036730FM-12+018199999V0202201N002012200019N0280001N1-01421-01621101461ADDAY171061AY211061GF103991031001999999031001MA1999999099061MW1021REMSYN066AAXX  06121 22638 41978 32202 11142 21162 39906 40146 70271 83030;
0180226380999992000010712004+63330+036730FM-12+018199999V0202001N005010042019N0047001N1-00261-00361099781ADDAY171061AY271061GF108991999071004501021999MA1999999097521MD1710141+9999MW1731REMSYN072AAXX  07121 22638 41447 82005 11026 21036 39752 49978 57014 77377 8872/;EQDQ01+000082SCOTLC
0133226380999992000010811004+63330+036730FM-12+018199999V02099999999990075019N0230001N1+00001-00081099591ADDGF108991081061008001999999MA1999999097351MD1810251+9999REMSYN066AAXX  08111 22638 42573 8190/ 10000 21008 39735 49959 58025 886//;
0107226380999992000010912004+63330+036730FM-12+018199999V0202301N006019999999N0270001N1+99999+99999099701ADDGF107991999999008001999999MA1999999097951REMSYN054AAXX  09121 22638 42577 72306 1/012 21002 39795 4997/;
0165226380999992000011006004+63330+036730FM-12+018199999V0202201N006010075019N0200001N1+00031-00391100651ADDAA106000091GF107991071041008001001001KA1999N+00021MD1210141+9999REMSYN070AAXX  10061 22638 32598 72206 10003 21039 40065 52014 87400 333 20002;EQDQ01  00002PRCP06
0121226380999992000011012004+63330+036730FM-12+018199999V0202701N005019999999N0260001N1-00041-00451999999ADDGF107991999999008001999999MA1999999098651MD1210161+9999REMSYN054AAXX  10121 22638 42576 72705 11004 21045 39865 52016;
0196226380999992000011503004+63330+036730FM-12+018199999V0202301N002010042019N0040001N1-00881-01031101721ADDAA112000291AY171031AY221031GF108991999071004501021999MD1810241+9999MW1711REMSYN092    AAXX  15031 22638 /1496 82302 11088 21103 40172 58024 77172 8872/ 555 21088 69922 7992/;EQDQ01+000082SCOTLC
0184226380999992000011712004+63330+036730FM-12+018199999V0201501N003010042019N0120001N1-00241-00301097431ADDAY171061AY221061GF108991999051004501021999MA1999999095231MD1310071+9999MW1021REMSYN076    AAXX  17121 22638 41462 81503 11024 21030 39523 49743 53007 70272 8852/;EQDQ01+000082SCOTLC
0165226380999992000011812004+63330+036730FM-12+018199999V02099999999990090019N0210001N1-00921-01081099071ADDAY181061AY221061GF108991081081004501999999MA1999999096761MD1110171+9999MW1261REMSYN076    AAXX  18121 22638 41471 80/04 11092 21108 39676 49907 51017 72682 888//;
0145226380999992000011912004+63330+036730FM-12+018199999V0200101N002010042019N0100001N1-01261-01531099771ADDAY171061AY221061GF108991051071004501071999MA1999999097421MW1711REMSYN070    AAXX  19121 22638 41460 80102 11126 21153 39742 49977 77172 8577/;
0180226380999992000012112004+63330+036730FM-12+018199999V0203501N006010042019N0029001N1-00961-01171098331ADDAY171061AY271061GF108991999071004501021999MA1999999096051MD1310051+9999MW1731REMSYN072AAXX  21121 22638 41429 83506 11096 21117 39605 49833 53005 77377 8872/;EQDQ01+000082SCOTLC
0161226380999992000012212004+63330+036730FM-12+018199999V0203101N002010300019N0090001N1-01641-01901099391ADDAY171061AY221061GF107991031061004501021001MA1999999098021MD1210141+9999MW1711REMSYN072AAXX  22121 22638 41459 73102 11164 21190 39802 49939 52014 77172 83620;
0133226380999992000012612004+63330+036730FM-12+018199999V0201801N004019999999N0200001N1-02181-02501100371ADDGF107991001001999999021061MA1999999097921MD1810451+9999REMSYN066AAXX  26121 22638 41970 71804 11218 21250 39792 40037 58045 80026;
0161226380999992000012812004+63330+036730FM-12+018199999V0201901N002010042019N0090001N1-00971-01141099001ADDAY171061AY221061GF108991081001004501021999MA1999999096701MD1310021+9999MW1711REMSYN072AAXX  28121 22638 41459 81902 11097 21114 39670 49900 53002 77172 8802/;
0161226380999992000013112004+63330+036730FM-12+018199999V0202401N007010300019N0070001N1-00631-00631097761ADDAY171061AY231061GF107991031071004501071001MA1999999095511MD1310271+9999MW1701REMSYN072AAXX  31121 22638 41457 72407 11063 21063 39551 49776 53027 77073 83770;
0180226380999992000020106004+63330+036730FM-12+018199999V0202101N006010042019N0070001N1-00781-00961097871ADDAA100000191AY171061AY231061GF108991081001004501021999KA1999N-01511MD1610181+9999MW1711REMSYN082AAXX  01061 22638 11457 82106 11078 21096 49787 56018 69920 77173 8802/ 333 21151;
0161226380999992000020112004+63330+036730FM-12+018199999V0202501N008010042019N0004001N1-00491-00521097761ADDAY171061AY271061GF108991081001004501021999MA1999999095521MD1610041+9999MW1741REMSYN072AAXX  01121 22638 41404 82508 11049 21052 39552 49776 56004 77477 8802/;
0127226380999992000020206004+63330+036730FM-12+018199999V0202401N001012200019N0250001N1+99999+99999098671ADDAA100000391GF103991021011008001041001MD1810011+9999REMSYN064AAXX  02061 22638 12575 32401 21129 49867 58001 69930 82140 333;
0133226380999992000020212004+63330+036730FM-12+018199999V0202401N006010075019N0280001N1-00821-01011098561ADDGF108991081041008001999999MA1999999096271MD1810091+9999REMSYN066AAXX  02121 22638 42578 82406 11082 21101 39627 49856 58009 884//;
0133226380999992000020412004+63330+036730FM-12+018199999V0201801N002019999999N0300001N1-01091-01291099821ADDGF106991001001999999001061MA1999999097481MD1810181+9999REMSYN066AAXX  04121 22638 42980 61802 11109 21129 39748 49982 58018 80006;
0153226380999992000020512004+63330+036730FM-12+018199999V0209999C000019999999N0240001N1-00721-00931099591ADDAY171061GF107991061999004501999001MA1999999097201MD1119999+9999MW1001REMSYN072AAXX  05121 22638 41474 70000 11072 21093 3972/ 49959 51//2 7007/ 86//0;
0152226380999992000020803004+63330+036730FM-12+018199999V0201701N006010090019N0200001N1+99999+99999098291ADDAA199000091GF108991081081004501999999MD1710331+9999REMSYN070AAXX  08031 22638 32498 81706 21017 49829 57033 888// 555 21010 7996/;EQDQ01  00002PRCP99
0140226380999992000021109004+63330+036730FM-12+018199999V0202001N005010075019N0270001N1-00311-00551099761ADDAY131031AY231031GF108991061041008001041999MD1710141+9999MW1361REMSYN066AAXX  11091 22638 41577 82005 11031 21055 49976 57014 73633 8644/;
0161226380999992000021512004+63330+036730FM-12+018199999V0201801N003010300019N0250001N1-00171-00311100001ADDAY171061AY221061GF108991041051008001071999MA1999999097831MD1810011+9999MW1021REMSYN072AAXX  15121 22638 41575 81803 11017 21031 39783 4000/ 58001 70272 8457/;
0133226380999992000022012004+63330+036730FM-12+018199999V0202001N003019999999N0180001N1-00811-01081101781ADDGF108991081001999999011999MA1999999099421MD1210071+9999REMSYN066AAXX  20121 22638 42968 82003 11081 21108 39942 40178 52007 8801/;
0149226380999992000022109004+63330+036730FM-12+018199999V0203201N001010300019N0100001N1-00711-00881999999ADDAY171031AY221031GF108991031071004501021999MD1310041+9999ME1199999MW1711REMSYN066AAXX  21091 22638 41460 83201 11071 21088 4168/ 53004 77172 8372/;
0180226380999992000022112004+63330+036730FM-12+018199999V0202601N002010042019N0060001N1-00821-00961101701ADDAY171061AY221061GF108991999071004501021999MA1999999099341MD1110011+9999MW1731REMSYN072AAXX  21121 22638 41456 82602 11082 21096 39934 40170 51001 77372 8872/;EQDQ01+000082SCOTLC
0133226380999992000022312004+63330+036730FM-12+018199999V0200201N004010300019N0260001N1-00861-01031102431ADDGF108991041021008001011999MA1999999100061MD1310031+9999REMSYN066AAXX  23121 22638 42576 80204 11086 21103 30006 40243 53003 8421/;
0133226380999992000022712004+63330+036730FM-12+018199999V0202201N004019999999N0300001N1-01181-01801101751ADDGF107991061001999999011081MA1999999099341MD1710161+9999REMSYN066AAXX  27121 22638 42980 72204 11118 21180 39934 40175 57016 86018;
0187226380999992000030103004+63330+036730FM-12+018199999V0201701N004010042019N0020001N1-00541-00611099751ADDAA112006091AA224011091AY171031AY271031GF108991081001004501021999MD1710161+9999MW1731REMSYN091AAXX  01031 22638 /1495 81704 11054 21061 49975 57016 77377 8802/ 555 21115 60062 7011/ /-;
0112226380999992000030109004+63330+036730FM-12+018199999V0202301N004010075019N0270001N1+00111-00121099781ADDGF107991071051008001001001MD1310071+9999REMSYN060AAXX  01091 22638 42577 72304 10011 21012 49978 53007 87500;
0133226380999992000030112004+63330+036730FM-12+018199999V0202101N005012200019N0350001N1+00111-00341099681ADDGF102991011011008001021021MA1999999097451MD1810101+9999REMSYN066AAXX  01121 22638 42581 22105 10011 21034 39745 49968 58010 81122;
0127226380999992000030212004+63330+036730FM-12+018199999V0201901N009019999999N0080001N1+00141-00101098561ADDGF108991999999004501999999MA1999999096361MD1810111+9999REMSYN060AAXX  02121 22638 41458 81909 10014 2101/ 39636 49856 58011;
0199226380999992000030306004+63330+036730FM-12+018199999V0203001N006010042019N0023001N1-00451-00541099311ADDAA100000791AY171061AY231061GF108991081071004501999999KA1999N+99999MD1310101+9999MW1731REMSYN082AAXX  03061 22638 11423 83006 11045 21054 49931 53010 69900 77373 887// 333 21016;EQDQ01 -00162ATMN  
0161226380999992000030312004+63330+036730FM-12+018199999V0202301N007010075019N0070001N1-00301-00841099641ADDAY181061AY221061GF107991071091008001001001MA1999999097371MD1110091+9999MW1851REMSYN072AAXX  03121 22638 41557 72307 11030 21084 39737 49964 51009 78582 87900;
0140226380999992000030412004+63330+036730FM-12+018199999V0201801N007010042019N0005001N1-00081-00081098301ADDAY171061AY231061GF108991081001004501021999MD1610031+9999MW1751REMSYN066AAXX  04121 22638 41405 81807 11008 21008 49830 56003 77573 8802/;
0161226380999992000030612004+63330+036730FM-12+018199999V0202901N002010042019N0160001N1-00361-00541100101ADDAY171061AY271061GF108991061021004501021999MA1999999097891MD1810021+9999MW1711REMSYN072AAXX  06121 22638 41466 82902 11036 21054 39789 40010 58002 77177 8622/;
0184226380999992000030703004+63330+036730FM-12+018199999V0201501N007019999999N0040001N1-00771+99999099551ADDAY171031GF108991999999004501999999MD1711232+9999MW1721REMSYN083AAXX  07031 22638 /1496 81507 11077 21599 49955 57123 7727/ 555 22088 560012 700>9;EQDQ01+001232APC3  Q02 -05993ATOD  
0140226380999992000030709004+63330+036730FM-12+018199999V0201701N008010042019N0070001N1-00571-00751099851ADDAY171031AY271031GF108991081001004501021999MD1610191+9999MW1711REMSYN066AAXX  07091 22638 41457 81708 11057 21075 49985 56019 77177 8802/;
0161226380999992000030712004+63330+036730FM-12+018199999V0201601N007010042019N0180001N1-00481-00651099671ADDAY171061AY271061GF108991081001004501021999MA1999999095441MD1710171+9999MW1711REMSYN072AAXX  07121 22638 41468 81607 11048 21065 39544 49967 57017 77177 8802/;
0180226380999992000030806004+63330+036730FM-12+018199999V0202501N005010300019N0090001N1-00711-00881097941ADDAA100000591AY171061AY221061GF108991041061004501071999KA1999N-00771MD1210041+9999MW1711REMSYN082AAXX  08061 22638 11459 82505 11071 21088 49794 52004 69940 77172 8467/ 333 21077;
0140226380999992000030809004+63330+036730FM-12+018199999V0202601N004010042019N0080001N1-00661-00821098031ADDAY171031AY271031GF108991061071004501021999MD1310091+9999MW1711REMSYN066AAXX  08091 22638 41458 82604 11066 21082 49803 53009 77177 8672/;
0161226380999992000030906004+63330+036730FM-12+018199999V0202101N003019999999N0050001N1-01121-01321098101ADDAA100000191AY171061AY211061GF108991081001999999011999MD1410001+9999MW1711REMSYN076AAXX  09061 22638 11950 82103 11112 21132 49810 54000 69920 77171 8801/ 333;
0140226380999992000031009004+63330+036730FM-12+018199999V0200101N004010075019N0100001N1-00871-01361098961ADDAY181031AY211031GF106991061031008001001001MD1210151+9999MW1851REMSYN066AAXX  10091 22638 41560 60104 11087 21136 49896 52015 78581 86300;
0187226380999992000031203004+63330+036730FM-12+018199999V0202701N004010042019N0100001N1-00831-01021099761ADDAA112000391AA224000891AY171031AY221031GF108991081051004501999999MD1310081+9999MW1021REMSYN091AAXX  12031 22638 /1497 82704 11083 21102 49976 53008 70272 885// 555 21141 69932 7998/ /-;
0143226380999992000031306004+63330+036730FM-12+018199999V0202801N999992200019N0350001N1+99999+99999999999ADDAA199000091GF101991001001999999001011KA1999N-01841REMSYN046AAXX  13061 22638 32981 17820 80001 333 21184;EQDQ01+012001WOSPD Q02  00002PRCP99
0112226380999992000031309004+63330+036730FM-12+018199999V0202201N002019999999N0350001N1-00731-01321101261ADDGF106991001001999999001061MD1210131+9999REMSYN060AAXX  13091 22638 42981 62202 11073 21132 40126 52013 80006;
0133226380999992000031312004+63330+036730FM-12+018199999V0202201N004019999999N0350001N1-00491-01321101241ADDGF106991001001999999001061MA1999999098921MD1410001+9999REMSYN066AAXX  13121 22638 42981 62204 11049 21132 39892 40124 54000 80006;
0193226380999992000031406004+63330+036730FM-12+018199999V0201801N010010042019N0060001N1-00461-00811100251ADDAA199000021AY171061AY231061GF108991999071004501021999KA1999N-00681MD1610121+9999MW1731REMSYN076AAXX  14061 22638 31456 81810 11046 21081 40025 56012 77373 8872/ 333 21068;EQDQ01+000082SCOTLC
0140226380999992000031409004+63330+036730FM-12+018199999V0202701N010010042019N0047001N1-00411-00601100141ADDAY171031AY271031GF108991081001004501021999MD1710111+9999MW1711REMSYN066AAXX  14091 22638 41447 82710 11041 21060 40014 57011 77177 8802/;
0161226380999992000031412004+63330+036730FM-12+018199999V0201701N009010300019N0070001N1-00291-00491099991ADDAY171061AY271061GF108991041061004501021999MA1999999097721MD1710131+9999MW1711REMSYN072AAXX  14121 22638 41457 81709 11029 21049 39772 49999 57013 77177 8462/;
0187226380999992000031603004+63330+036730FM-12+018199999V0201601N004010042019N0060001N1-00051-00081100431ADDAA112001091AA224001091AY171031AY271031GF108991081001004501021999MD1210101+9999MW1711REMSYN091AAXX  16031 22638 /1456 81604 11005 21008 40043 52010 77177 8802/ 555 21005 60012 7001/ /-;
0140226380999992000031609004+63330+036730FM-12+018199999V0201501N005010042019N0070001N1+00001-00061100821ADDAY171031AY221031GF108991081001004501021999MD1210221+9999MW1101REMSYN066AAXX  16091 22638 41457 81505 10000 21006 40082 52022 71072 8802/;
0161226380999992000031612004+63330+036730FM-12+018199999V0201201N003010042019N0060001N1+00001-00061100981ADDAY171061AY221061GF108991081001004501021999MA1999999098721MD1110161+9999MW1101REMSYN072AAXX  16121 22638 41456 81203 10000 21006 39872 40098 51016 71072 8802/;
0112226380999992000031709004+63330+036730FM-12+018199999V0201101N003012200019N0350001N1+00041-00311102051ADDGF102991021011008001001001MD1210141+9999REMSYN060AAXX  17091 22638 42581 21103 10004 21031 40205 52014 82100;
0133226380999992000031712004+63330+036730FM-12+018199999V0200701N005010300019N0001001N1+00801-00361102121ADDGF106991041021008001031001MA1999999099831MD1110071+9999REMSYN066AAXX  17121 22638 42591 60705 1008/ 21036 39983 40212 51007 84230;
0122226380999992000031809004+63330+036730FM-12+018199999V0201301N002012200019N0170001N1-00101-00761102351ADDGA1001+999999999GF100991001001999999001001MD1410001+9999REMSYN054AAXX  18091 22638 42967 01302 11010 21076 40235 54000;
0133226380999992000031812004+63330+036730FM-12+018199999V0201401N005010300019N0210001N1-00021-00681102381ADDGF106991041081008001031001MA1999999100081MD1310041+9999REMSYN066AAXX  18121 22638 42571 61405 11002 21068 30008 40238 53004 84830;
0142226380999992000031906004+63330+036730FM-12+018199999V0202001N001010042019N0250001N1-00331-00501102371ADDAA199000091GF107991061051004501031001MD1710051+9999REMSYN060AAXX  19061 22638 31475 72001 11033 21050 40237 57005 86530;EQDQ01  00002PRCP99
0140226380999992000031909004+63330+036730FM-12+018199999V0202301N005010075019N0100001N1-00061-00341102351ADDAY171031AY221031GF107991071051008001001001MD1310011+9999MW1711REMSYN066AAXX  19091 22638 41560 72305 11006 21034 40235 53001 77172 87500;
0140226380999992000031912004+63330+036730FM-12+018199999V0202201N006010075019N0200001N1+99999+99999102291ADDAY171061AY221061GF107991071051008001001001MD1810051+9999MW1021REMSYN066AAXX  19121 22638 41570 72206 21080 30/00 40229 58005 70272 87500;
0142226380999992000032003004+63330+036730FM-12+018199999V0202101N006010075019N0280001N1-00271-00681100831ADDAA124000021GF108991081051008001999999MD1710471+9999REMSYN079AAXX  20031 22638 32578 82106 11027 21068 40083 57047 885// 555 21030 7990/ /-;
0167226380999992000032006004+63330+036730FM-12+018199999V0202101N008010300019N0260001N1-00271-00601999999ADDAA199000091AY131061AY221061GF108991041051008001031999KA1999N-00301MW1361REMSYN064AAXX  20061 22638 31576 82108 11027 2106/ 73632 8453/ 333 21030;EQDQ01  00002PRCP99
0161226380999992000032112004+63330+036730FM-12+018199999V0202801N006010120019N0230001N1+00081-01131100261ADDAY181061AY221061GF106991061031012501001001MA1999999098011MD1210031+9999MW1271REMSYN072AAXX  21121 22638 41673 62806 10008 21113 39801 40026 52003 72782 86300;
0132226380999992000032203004+63330+036730FM-12+018199999V0202301N002019999999N0250001N1-00711-00881100131ADDAA199000091MD1710091+9999REMSYN076AAXX  22031 22638 32575 /2302 11071 21088 40013 57009 82500 555 21010 7990/;EQDQ01  00002PRCP99
0181226380999992000032206004+63330+036730FM-12+018199999V0202301N001012200019N0350001N1-00501-00781100071ADDAA199000091GF101991001001999999001011KA1999N+99999MD1710051+9999REMSYN070AAXX  22061 22638 32981 12301 11050 21078 40007 57005 80001 333 21010;EQDQ01  00002PRCP99Q02 -00102ATMN  
0112226380999992000032209004+63330+036730FM-12+018199999V0202301N004012200019N0350001N1-00041-00751099961ADDGF101991001001999999001051MD1710051+9999REMSYN060AAXX  22091 22638 42981 12304 11004 21075 49996 57005 80005;
0152226380999992000032212004+63330+036730FM-12+018199999V0202701N007012200019N0350001N1-00041-01121099921ADDGF101991999021008001011061MA1999999097681MD1710041+9999REMSYN066AAXX  22121 22638 42581 12707 11004 21112 39768 49992 57004 82216;EQDQ01+000022SCOTLC
0161226380999992000032512004+63330+036730FM-12+018199999V0203301N005010075019N0280001N1-00271+99999100411ADDAY181061AY221061GF107991071031008001001001MA1999999098141MD1210171+9999MW1261REMSYN072AAXX  25121 22638 41578 73305 11027 21/61 39814 40041 52017 72682 87300;
0158226380999992000032603004+63330+036730FM-12+018199999V0209999C000010075019N0230001N1-00511-00761100881ADDAA199000091GF108991051051008001031999MD1110011+9999REMSYN076AAXX  26031 22638 32573 80000 11051 21076 40088 51001 8553/ 555 21033 7992/;EQDQ01  00002PRCP99
0086226380999992000032609004+63330+036730FM-12+018199999V0202901N002012200019N0350001N1-00211+99999999999ADDGF105991041021012501001011REMSYN048AAXX  26091 22638 42681 52902 11021 21004 84201;
0165226380999992000032706004+63330+036730FM-12+018199999V0202901N002012200019N0350001N1-01071-01201101951ADDAA199000091GF101991011001999999041001KA1999N-01291MD1210181+9999REMSYN070AAXX  27061 22638 32981 12902 11107 21120 40195 52018 81040 333 21129;EQDQ01  00002PRCP99
0165226380999992000033106004+63330+036730FM-12+018199999V0202901N007010120019N0280001N1+00301-00081099911ADDAA199000091GF107991071021012501001001KA1999N+00231MD1310171+9999REMSYN070AAXX  31061 22638 32678 72907 10030 21008 49991 53017 87200 333 20023;EQDQ01  00002PRCP99
0112226380999992000033109004+63330+036730FM-12+018199999V0203101N005010120019N0300001N1+00321-00251100171ADDGF106991061011012501001011MD1310251+9999REMSYN060AAXX  31091 22638 42680 63105 10032 21025 40017 53025 86101;
0125226380999992000033112004+63330+036730FM-12+018199999V0200201N002012200019N0300001N1+00191+99999100521ADDGF103991999041012501999999MD1310201+9999REMSYN054AAXX  31121 22638 42680 30202 10019 40052 5302/ 874//;EQDQ01+000072SCOTLC
0173226380999992000040103004+63330+036730FM-12+018199999V0201801N003010042019N0070001N1+00001-00051100111ADDAA112000391AY171031AY271031GF108991081001004501021999MD1710151+9999MW1711REMSYN088AAXX  01031 22638 /1457 81803 10000 21005 40011 57015 77177 8802/ 555 21002 69932 7993/;
0180226380999992000040106004+63330+036730FM-12+018199999V0202101N004010300019N0180001N1+00211+00051100011ADDAA100000391AY171061AY221061GF108991031051008001021999KA1999N-00021MD1610081+9999MW1221REMSYN082AAXX  01061 22638 11568 82104 10021 20005 40001 56008 69930 72272 8352/ 333 21002;
0114226380999992000040109004+63330+036730FM-12+018199999V0201901N003019999999N0090001N1+00211+00111099901ADDAY161031AY221031MD1710101+9999MW1611REMSYN066AAXX  01091 22638 41459 /1903 10021 20011 49990 57010 76162 8562/;
0157226380999992000040206004+63330+036730FM-12+018199999V0203001N006010075019N0350001N1-00391-00841099931ADDAA100002091AY171061AY221061GF106991061051008001001999MD1310301+9999MW1021REMSYN072AAXX  02061 22638 11581 63006 11039 21084 49993 53030 60020 70272 8650/;
0165226380999992000040506004+63330+036730FM-12+018199999V0201401N006010300019N0290001N1-00191-00681101021ADDAA199000091GF107991021051008001031081KA1999N-00221MD1810271+9999REMSYN070AAXX  05061 22638 32579 71406 11019 21068 40102 58027 82538 333 21022;EQDQ01  00002PRCP99
