0133232150999992000010112004+67430+058030FM-12+007199999V0202801N001012200019N0500001N1-03261-03481103521ADDGF101991001001999999001011MA1999999102471MD1210091+9999REMSYN066AAXX  01121 23215 42984 12801 11326 21348 30247 40352 52009 80001;
0133232150999992000010412004+67430+058030FM-12+007199999V0209999C000012200019N0500001N1-03151-03381102581ADDGF101991011001999999041001MA1999999101561MD1710151+9999REMSYN066AAXX  04121 23215 42984 10000 11315 21338 30156 40258 57015 81040;
0171232150999992000010612004+67430+058030FM-12+007199999V0201101N007012200019N0060001N1-02731-02981102321ADDAY131061AY201061GA1001+999999999GF100991001001999999001001MA1999999101321MD1210061+9999MW1361REMSYN066AAXX  06121 23215 41956 01107 11273 21298 30132 40232 52006 73630;
0127232150999992000010712004+67430+058030FM-12+007199999V0200901N003012200019N0500001N1-03031-03341999999ADDGF102991001001999999001011MA1999999101201MD1610011+9999REMSYN060AAXX  07121 23215 42984 20903 11303 21334 3012/ 56001 80001;
0161232150999992000010912004+67430+058030FM-12+007199999V0201201N008019999999N0012001N1-02181-02431099001ADDAY171061AY231061GF108991081001999999021999MA1999999098051MD1710291+9999MW1711REMSYN072AAXX  09121 23215 41/12 81208 11218 21243 39805 49900 57029 77173 8802/;
0161232150999992000011012004+67430+058030FM-12+007199999V0200301N003019999999N0400001N1-02171-02421099561ADDAY171061AY221061GF107991071001999999071001MA1999999098611MD1210231+9999MW1221REMSYN072AAXX  10121 23215 41982 70303 11217 21242 39861 49956 52023 72272 87070;
0137232150999992000011412004+67430+058030FM-12+007199999V0200501N001012200019N0500001N1-03191-03501101951ADDGF102991001001999999001011MA1999999100921MD1210201+9999REMSYN070    AAXX  14121 23215 42984 20501 11319 21350 30092 40195 52020 80001;
0224232150999992000011503004+67430+058030FM-12+007199999V0202001N003012200019N0500001N1-03291-03571101851ADDAA124000091AJ100179199999999GA1001+999999999GF100991001001999999001001IA1249MD1710171+9999REMSYN087    AAXX  15031 23215 32984 02003 11329 21357 40185 57017 333 48017 555 21375 7000/ /-;EQDQ01  00002PRCP99Q02  00003PRCP99
0178232150999992000011712004+67430+058030FM-12+007199999V0202101N006010075019N9999999N1-01231-01361099571ADDAY171061AY231061GF107991071001008001021001MA1999999098651MD1210141+9999REMSYN076    AAXX  17121 23215 41552 72106 11123 21136 39865 49957 52014 78173 87020;EQDQ01+000812PRSWM1
0194232150999992000011812004+67430+058030FM-12+007199999V0201801N002012200019N0120001N1-01751-01871100061ADDAY171061AY221061GA1001+999999999GF100991001001999999001001MA1999999099111MD1210161+9999REMSYN076    AAXX  18121 23215 41962 01802 11175 21187 39911 40006 52016 77172 8802/;EQDQ01+000712PRSWM1
0165232150999992000011912004+67430+058030FM-12+007199999V0201401N003019999999N0080001N1-01501-01631100441ADDAY171061AY221061GF108991081001999999011999MA1999999099501MD1410001+9999MW1711REMSYN076    AAXX  19121 23215 41958 81403 11150 21163 39950 40044 54000 77172 8801/;
0161232150999992000012112004+67430+058030FM-12+007199999V0201701N004019999999N0020001N1-00941-01061099441ADDAY171061AY221061GF108991081001999999021999MA1999999098521MD1210031+9999MW1731REMSYN072AAXX  21121 23215 41920 81704 11094 21106 39852 49944 52003 77372 8802/;
0161232150999992000012612004+67430+058030FM-12+007199999V0201701N005012200019N0200001N1-02211-02401101931ADDAY131061AY201061GF102991021001999999011001MA1999999100561MD1710081+9999MW1021REMSYN072AAXX  26121 23215 41970 21705 11221 21240 30056 40193 57008 70230 82010;
0161232150999992000012812004+67430+058030FM-12+007199999V0202101N009019999999N0032001N1-01961-02221099651ADDAY171061AY221061GF108991061001999999011011MA1999999098771MD1310281+9999MW1711REMSYN072AAXX  28121 23215 41932 82109 11196 21222 39877 49965 53028 77172 86011;
0133232150999992000013012004+67430+058030FM-12+007199999V02099999999992200019N0500001N1+02071-02261100721ADDGF101991001001999999001011MA1999999099761MD1210201+9999REMSYN066AAXX  30121 23215 42984 119/5 10207 21226 39976 40072 52020 80001;
0187232150999992000013112004+67430+058030FM-12+007199999V0201801N010010045019N0042001N1-00631-01751099921ADDAY131061AY221061GA1081+004509029GF108991081051004501999999MA1999999099011MD1710091+9999MW1381REMSYN082AAXX  31121 23215 41442 81810 11063 21175 39901 49992 57009 73832 885// 333 88515;
0187232150999992000020112004+67430+058030FM-12+007199999V0201701N00801004201CN0450001N1-00341-00451098641ADDAY181061AY231061GA1041+005409099GF108991071091004501071999MA1999999097751MD1610041+9999MW1361REMSYN082AAXX  01121 23215 41483 81708 11034 21045 39775 49864 56004 73683 8797/ 333 84918;
0133232150999992000020412004+67430+058030FM-12+007199999V0200501N002019999999N0400001N1-02141-02231099861ADDGF107991001001999999001021MA1999999097921MD1110011+9999REMSYN066AAXX  04121 23215 42982 70502 11214 21223 39792 49986 51001 80002;
0161232150999992000020512004+67430+058030FM-12+007199999V0202501N002019999999N0240001N1-02431-02611099581ADDAY171061AY211061GF107991061001999999071021MA1999999098611MD1210151+9999MW1221REMSYN072AAXX  05121 23215 41/74 72502 11243 21261 39861 49958 52015 72271 86072;
0165232150999992000021512004+67430+058030FM-12+007199999V0201801N002010021019N9999999N1-00831+99999100821ADDAY171061AY221061GF108991081051002501999999MA1999999099801MD1410001+9999MW1711REMSYN076AAXX  15121 23215 /137/ 81802 11083 21/85 3998/ 40082 54000 77172 885// 333;
0182232150999992000021603004+67430+058030FM-12+007199999V0201801N004019999999N0500001N1+99999+99999100841ADDAJ100129199999999AY171031AY221031GF106991061001999999031001IA1249MW1021REMSYN099AAXX  16031 23215 /1984 61804 111/1 21117 40084 5/010 70272 86030 333 48012 555 21112 699427 997//;
0086232150999992000021812004+67430+058030FM-12+007199999V0202801N005019999999N0500001N1-01061-01121999999ADDGF106991999999999999999999REMSYN048AAXX  18121 23215 41984 62805 11106 21112 302//;
0133232150999992000022112004+67430+058030FM-12+007199999V0202301N006019999999N0450001N1-00871-00981101451ADDGF107991071001999999071001MA1999999100521MD1410001+9999REMSYN066AAXX  21121 23215 41983 72306 11087 21098 30052 40145 54000 87070;
0133232150999992000022712004+67430+058030FM-12+007199999V0200601N001012200019N0400001N1-02971-03151100521ADDGF103991021001999999031011MA1999999100521MD1110051+9999REMSYN066AAXX  27121 23215 41982 30601 11297 21315 30052 40052 51005 82031;
0255232150999992000030103004+67430+058030FM-12+007199999V0202401N003019999999N0400001N1-03611-03901099961ADDAA112999999AA224999999AJ100199199999999AY171031AY211031GF105991001001999999001011IA1249MD1210201+9999MW1021REMSYN101AAXX  01031 23215 /1982 52403 11361 21390 49996 52020 70271 80001 333 48019 555 21380 69902 7990/ /-;EQDQ01  99992PRCP12Q02  99992PRCP24
0161232150999992000030112004+67430+058030FM-12+007199999V0209999C000019999999N0500001N1-02911-03151100411ADDAY171061AY211061GF105991031001999999061011MA1999999099411MD1210191+9999MW1021REMSYN072AAXX  01121 23215 41984 50000 11291 21315 39941 40041 52019 70271 83061;
0133232150999992000030212004+67430+058030FM-12+007199999V02099999999999999999N0400001N1-02401-02651100661ADDGF107991071001999999031001MA1999999099681MD1810131+9999REMSYN066AAXX  02121 23215 42982 7106/ 11240 21265 39968 40066 58013 87030;
0161232150999992000030312004+67430+058030FM-12+007199999V0202001N008010300019N0090001N1-00051-00111099751ADDAY181061AY231061GF108991041091008001071999MA1999999098871MD1110041+9999MW1851REMSYN072AAXX  03121 23215 41559 82008 11005 21011 39887 49975 51004 78583 8497/;
0161232150999992000030412004+67430+058030FM-12+007199999V0201901N006019999999N0500001N1-00671-00711100561ADDAY131061AY261061GF106991001001999999001011MA1999999099651MD1210181+9999MW1321REMSYN072AAXX  04121 23215 41984 61906 11067 21071 39965 40056 52018 73236 80001;
0206232150999992000030612004+67430+058030FM-12+007199999V0201901N007010021019N0070001N1-00111-00181100331ADDAY171061AY231061GA1061+002109029GF108991999071002501021999MA1999999099441MD1210021+9999MW1711REMSYN082AAXX  06121 23215 41357 81907 11011 21018 39944 40033 52002 77173 8872/ 333 86507;EQDQ01+000082SCOTLC
0172232150999992000030712004+67430+058030FM-12+007199999V0202201N006010072019N0500001N1-00651-00911100411ADDAY131061AY261061GA1051+007209059GF106991061051008001071001MD1210211+9999MW1321REMSYN082AAXX  07121 23215 41584 62206 11065 21091 399/0 40041 52021 73236 86570 333 85624;
0228232150999992000031103004+67430+058030FM-12+007199999V0201301N008010084019N0200001N1-00281-00551099371ADDAA112000891AJ100179199999999AY171031AY231031GA1081+008409069GF108991081051008001999999IA1249MD1710131+9999MW1361REMSYN104AAXX  11031 23215 /1570 81308 11028 21055 49937 57013 73673 885// 333 48017 88628 555 21134 69982 7998/;
0133232150999992000031412004+67430+058030FM-12+007199999V0201101N003012200019N0500001N1-01071-01431102191ADDGF102991001001999999001011MA1999999101251MD1410001+9999REMSYN066AAXX  14121 23215 42984 21103 11107 21143 30125 40219 54000 80001;
0219232150999992000031603004+67430+058030FM-12+007199999V0201001N002012200019N0025001N1-01851-01971102351ADDAA199000091AJ100179199999999AY101031AY201031GF102991001001999999001011IA1249MD1210081+9999MW1101REMSYN092AAXX  16031 23215 31925 21002 11185 21197 40235 52008 71000 80001 333 48017 555 21188 7000/;EQDQ01  00002PRCP99
0143232150999992000031612004+67430+058030FM-12+007199999V0200601N002012200019N0500001N1-01171-01371102571ADDGA1001+999999999GF100991001001999999001001MA1999999101631MD1210101+9999REMSYN060AAXX  16121 23215 42984 00602 11117 21137 30163 40257 52010;
0133232150999992000031812004+67430+058030FM-12+007199999V0209999C000019999999N0500001N1-01731-02071103191ADDGF106991001001999999001011MA1999999102221MD1310061+9999REMSYN066AAXX  18121 23215 42984 60000 11173 21207 30222 40319 53006 80001;
0133232150999992000031912004+67430+058030FM-12+007199999V0201801N004012200019N0500001N1-00561-01071102521ADDGF103991001001999999001021MA1999999101591MD1810231+9999REMSYN066AAXX  19121 23215 42984 31804 11056 21107 30159 40252 58023 80002;
0193232150999992000032112004+67430+058030FM-12+007199999V0202601N015010300019N0032001N1-00271-00371099971ADDAY181061AY231061GA1031+002109099GF105991031031002501051001MA1999999098031MD1210391+9999MW1381REMSYN088AAXX  21121 23215 41332 52615 11027 21037 39803 49997 52039 73883 83350 333 83907 91121;
0220232150999992000032203004+67430+058030FM-12+007199999V0202301N011019999999N0200001N1-00651-00811099191ADDAA112000391AA224006091AJ100229199999999AY171031AY231031GF106991061001999999061011IA1249MD1610061+9999MW1371REMSYN101AAXX  22031 23215 /1970 62311 11065 21081 49919 56006 73773 86061 333 48022 555 21086 69932 7006/ /-;
0161232150999992000032212004+67430+058030FM-12+007199999V0202301N006012200019N0500001N1-00421-00841099491ADDAY131061AY201061GF102991021081008001001011MA1999999098591MD1210101+9999MW1021REMSYN072AAXX  22121 23215 41584 22306 11042 21084 39859 49949 52010 70230 82801;
0161232150999992000033112004+67430+058030FM-12+007199999V0200501N007019999999N0500001N1-01421-01691098981ADDAY131061AY221061GF108991001001999999001061MA1999999098051MD1710111+9999MW1361REMSYN072AAXX  31121 23215 41984 80507 11142 21169 39805 49898 57011 73632 80006;
0220232150999992000040103004+67430+058030FM-12+007199999V0202401N004012200019N0500001N1-02131-02311100811ADDAA124000091AJ100249199999999GA1001+999999999GF100991001001999999001001IA1249MD1210271+9999REMSYN083AAXX  01031 23215 32984 02404 11213 21231 40081 52027 333 48024 555 21204 7000/ /-;EQDQ01  00002PRCP99Q02  00003PRCP99
0161232150999992000040112004+67430+058030FM-12+007199999V0202101N008019999999N0400001N1-00901-03401101801ADDAY131061AY221061GF106991001001999999001011MA1999999100151MD1110021+9999MW1361REMSYN072AAXX  01121 23215 41982 62108 11090 2134/ 30015 4018/ 51002 73632 80001;
0117232150999992000122322004+67430+058030FM-15+007199999V0209999999999220001CN0099001N1+99999+99999100781ADDMW1001REMMET080232159Z FJDG 23255Z 21005KT 9999 FEW012 SCT250 28/24 A2977 RMK SLP078 T02780239;EQDQ01+000000PRSWM2
