0122234160999992000010112004+65630+059150FM-12+008999999V0209999C000012200019N0450001N1-03301-03601103641ADDGA1001+999999999GF100991001001999999001001MD1310151+9999REMSYN054AAXX  01121 23416 42983 00000 11330 21360 40364 53015;
0112234160999992000010212004+65630+059150FM-12+008999999V0202401N004019999999N0450001N1-02281-02681103811ADDGF107991001001999999001041MD1210081+9999REMSYN060AAXX  02121 23416 42983 72404 11228 21268 40381 52008 80004;
0122234160999992000010412004+65630+059150FM-12+008999999V0209999C000012200019N0450001N1-03631-03971102661ADDGA1001+999999999GF100991001001999999001001MD1710211+9999REMSYN054AAXX  04121 23416 42983 00000 11363 21397 40266 57021;
0112234160999992000010612004+65630+059150FM-12+008999999V0201801N002019999999N0450001N1-03101-03401102111ADDGF105991021001999999031011MD1110021+9999REMSYN060AAXX  06121 23416 42983 51802 11310 21340 40211 51002 82031;
0116234160999992000010712004+65630+059150FM-12+008999999V0201701N002012200019N0450001N1-03981+99999102271ADDGA1001+999999999GF100991001001999999001001MD1010011+9999REMSYN048AAXX  07121 23416 42983 01702 11398 40227 50001;
0135234160999992000011412004+65630+059150FM-12+008999999V0200301N001012200019N0300001N1-03951-04291999999ADDGA1001+999999999GF100991001001999999001001MD1210261+9999ME1101669REMSYN058    AAXX  14121 23416 42980 00301 11395 21429 41166 52026;
0165234160999992000011503004+65630+059150FM-12+008999999V0203601N001012200019N9999999N1-03791-04091102011ADDAA124000091GF103991001001999999001011MD1810041+9999REMSYN083    AAXX  15031 23416 329/3 33601 11379 21409 40201 58004 80001 555 21438 7990/ /-;EQDQ01  00002PRCP24
0162234160999992000011712004+65630+059150FM-12+008999999V0202401N004010033019N0120001N1-00921-01221099701ADDAY181061GA1061+003309029GF108991061071004501071999MD1210091+9999MW1701REMSYN080    AAXX  17121 23416 41462 82404 11092 21122 49970 52009 7708/ 8677/ 333 86811;
0144234160999992000011812004+65630+059150FM-12+008999999V0201801N007019999999N0070001N1-01041-01241100151ADDAY171061AY221061GF108991081001999999071999MD1210141+9999MW1711REMSYN070    AAXX  18121 23416 41957 81807 11104 21124 40015 52014 77172 8807/;
0140234160999992000012112004+65630+059150FM-12+008999999V0201201N001019999999N0060001N1-00951-01071099461ADDAY171061AY221061GF108991081001999999021999MD1310171+9999MW1711REMSYN066AAXX  21121 23416 41956 81201 11095 21107 49946 53017 77172 8802/;
0112234160999992000012212004+65630+059150FM-12+008999999V0201401N002019999999N0400001N1-02091-02341100661ADDGF106991011001999999041051MD1210171+9999REMSYN060AAXX  22121 23416 42982 61402 11209 21234 40066 52017 81045;
0150234160999992000012812004+65630+059150FM-12+008999999V0202301N007019999999N0300001N1-01611-02211099841ADDAY131061AY221061GF107991051001999999071011MD1310131+9999MW1361REMSYN076AAXX  28121 23416 41980 72307 11161 21221 49984 53013 73632 85071 333 91120;
0140234160999992000013112004+65630+059150FM-12+008999999V0202001N003010300019N0450001N1-00141-00741100321ADDAY131061AY211061GF108991021091012501031051MD1710171+9999MW1021REMSYN066AAXX  31121 23416 41683 82003 11014 21074 40032 57017 70231 82935;
0138234160999992000020112004+65630+059150FM-12+008999999V0202201N005010099019N0400001N1-00161-00851099111ADDGA1051+009909059GF107991051041012501031021MD1610011+9999REMSYN070AAXX  01121 23416 42682 72205 11016 21085 49911 56001 85432 333 85633;
0140234160999992000020212004+65630+059150FM-12+008999999V0202101N006019999999N0350001N1-00581-01611098911ADDAY131061AY211061GF106991011001999999041011MD1610091+9999MW1361REMSYN066AAXX  02121 23416 41981 62106 11058 21161 49891 56009 73631 81041;
0166234160999992000020412004+65630+059150FM-12+008999999V0209999C000010300019N0048001N1-01311-01441098851ADDAY171061AY221061GA1041+003009069GF108991041071004501071999MD1410001+9999MW1711REMSYN076AAXX  04121 23416 41448 80000 11131 21144 49885 54000 77172 8477/ 333 84710;
0187234160999992000020803004+65630+059150FM-12+008999999V0201301N002012200019N0500001N1-01951-02141100581ADDAA124000091GA1001+999999999GF100991001001999999001001MD1710081+9999REMSYN073AAXX  08031 23416 32984 01302 11195 21214 40058 57008 555 21273 7000/ /-;EQDQ01  00002PRCP99Q02  00003PRCP99
0166234160999992000021512004+65630+059150FM-12+008999999V0202301N00101004201CN0060001N1-00721-00811100921ADDAY181061AY271061GA1041+003009069GF107991071091004501999999MD1410001+9999MW1001REMSYN076AAXX  15121 23416 41456 72301 11072 21081 40092 54/00 70087 879// 333 84710;
0160234160999992000021812004+65630+059150FM-12+008999999V0202501N003010051019N0350001N1-00601+99999999999ADDAY171061AY221061GA1051+005109099GF107991061091004501071001MD1210101+9999MW1021REMSYN070AAXX  18121 23416 41481 72503 11060 21/87 52010 70272 86970 333 85917;
0174234160999992000022012004+65630+059150FM-12+008999999V0202101N004019999999N0100001N1-00491-00731999999ADDAY181061AY231061GF107991999999004501999011MD1210061+9999ME1101539MW1851REMSYN072AAXX  20121 23416 41460 72104 11049 21073 41153 52006 78583 89//1 98491;EQDQ01+000092SCOTLC
0166234160999992000022112004+65630+059150FM-12+008999999V0209999C000010084019N0400001N1-00731-00981101711ADDAY181061AY221061GA1051+008409059GF108991051051008001071999MD1710011+9999MW1021REMSYN076AAXX  21121 23416 41582 80000 11073 21098 40171 57001 70282 8557/ 333 85628;
0144234160999992000022512004+65630+059150FM-12+008999999V0200601N005019999999N9999999N1-00991-01251100381ADDGA1041+003309069GF108991041071999999021999MD1710161+9999REMSYN076AAXX  25121 23416 4//// 80605 11099 21125 40038 57016 77272 8472/ 333 84711;
0122234160999992000022712004+65630+059150FM-12+008999999V0202401N001012200019N0500001N1-02561-03121101541ADDGA1001+999999999GF100991001001999999001001MD1210201+9999REMSYN054AAXX  27121 23416 42984 02401 11256 21312 40154 52020;
0137234160999992000030103004+65630+059150FM-12+008999999V0202401N001019999999N0400001N1-03901-04171100261ADDGF107991001001999999001011MD1210421+9999REMSYN085AAXX  01031 23416 /1982 72401 11390 21417 40026 52042 80001 555 21393 69942 7994/ /-;
0140234160999992000030112004+65630+059150FM-12+008999999V0202301N008019999999N0090001N1-02111-02511100781ADDAY171061AY231061GF108991081001999999021999MD1210171+9999MW1711REMSYN066AAXX  01121 23416 41959 82308 11211 21251 40078 52017 77173 8802/;
0152234160999992000030212004+65630+059150FM-12+008999999V0200601N002010045019N9999999N1+99999+99999100461ADDAW1851AZ181061GA1061+004509099GF108991081091008001999999MD1810101+9999REMSYN070AAXX  02121 23416 /456/ 80602 21114 40046 58010 78587 889// 333 86915;
0166234160999992000030312004+65630+059150FM-12+008999999V0202301N005010069019N0300001N1+00141-00181100231ADDAY181061AY221061GA1061+006909059GF108991081041008001999999MD1810011+9999MW1021REMSYN076AAXX  03121 23416 41580 82305 10014 21018 40023 58001 70282 884// 333 86623;
0140234160999992000030612004+65630+059150FM-12+008999999V0202301N005019999999N0450001N1+00061-00601100661ADDAY171061AY231061GF108991081001999999021999MD1810071+9999MW1021REMSYN066AAXX  06121 23416 41983 82305 10006 21060 40066 58007 70273 8802/;
0166234160999992000030712004+65630+059150FM-12+008999999V0202101N006010075019N0260001N1-00301-00891100951ADDAY181061AY261061GA1061+007509059GF107991061051008001001011MD1210201+9999MW1361REMSYN076AAXX  07121 23416 41576 72106 11030 21089 40095 52020 73686 86501 333 86625;
0158234160999992000031203004+65630+059150FM-12+008999999V0201901N001010300019N0350001N1-00061-00481099451ADDAA199000091GF107991021051008001041021MD1310021+9999REMSYN076AAXX  12031 23416 32581 71901 11006 21048 49945 53002 82542 555 21009 7990/;EQDQ01  00002PRCP99
0112234160999992000031412004+65630+059150FM-12+008999999V0200301N003019999999N0450001N1-00501-01401102111ADDGF107991061001999999031011MD1710081+9999REMSYN060AAXX  14121 23416 42983 70303 11050 21140 40211 57008 86031;
0142234160999992000031503004+65630+059150FM-12+008999999V0201501N001019999999N0400001N1-01191-01251101621ADDAA199000091GF106991041001999999041011MD1310041+9999REMSYN060AAXX  15031 23416 32982 61501 11119 21125 40162 53004 84041;EQDQ01  00002PRCP99
0142234160999992000031603004+65630+059150FM-12+008999999V0201401N001012200019N0400001N1-01751-01871102321ADDAA199000091GF101991999001999999001011MD1210101+9999REMSYN060AAXX  16031 23416 32982 11401 11175 21187 40232 52010 8/001;EQDQ01  00002PRCP99
0122234160999992000031612004+65630+059150FM-12+008999999V0200401N001012200019N0350001N1-00081-00831102451ADDGA1001+999999999GF100991001001999999001001MD1210061+9999REMSYN054AAXX  16121 23416 42981 00401 11008 21083 40245 52006;
0164234160999992000031703004+65630+059150FM-12+008999999V0201701N001019999999N0300001N1+99999+99999102881ADDAA199000091AY171031AY211031GF108991999999001501999999MD1210101+9999MW1021REMSYN060AAXX  17031 23416 31280 81701 11/17 21229 40288 5201/ 70271;EQDQ01  00002PRCP99
0122234160999992000031712004+65630+059150FM-12+008999999V0200101N002012200019N0350001N1-00571-01351102841ADDGA1001+999999999GF100991001001999999001001MD1810011+9999REMSYN054AAXX  17121 23416 42981 00102 11057 21135 40284 58001;
0112234160999992000031812004+65630+059150FM-12+008999999V0202801N002012200019N0500001N1-00211-01221103141ADDGF101991001001999999001011MD1310041+9999REMSYN060AAXX  18121 23416 42984 12802 11021 21122 40314 53004 80001;
0112234160999992000031912004+65630+059150FM-12+008999999V0202101N004019999999N0450001N1+00181-00951102791ADDGF105991011001999999031011MD1710171+9999REMSYN060AAXX  19121 23416 42983 52104 10018 21095 40279 57017 81031;
0140234160999992000032112004+65630+059150FM-12+008999999V0202401N006010300019N0300001N1+00071-00291099331ADDAY181061AY221061GF106991021091004501071001MD1210161+9999MW1271REMSYN066AAXX  21121 23416 41480 62406 10007 21029 49933 52016 72782 82970;
0137234160999992000032203004+65630+059150FM-12+008999999V0202301N005012200019N0450001N1-00491-00661099791ADDGF101991011001999999031001MD1210051+9999REMSYN085AAXX  22031 23416 /2983 12305 11049 21066 49979 52005 81030 555 21051 60012 7004/ /-;
0140234160999992000032212004+65630+059150FM-12+008999999V0202201N005010750019N0300001N1+00001-00681099871ADDAY181061AY231061GF107991021091004501001021MD1110011+9999MW1851REMSYN066AAXX  22121 23416 41480 72205 10000 21068 49987 51001 78583 82902;
0158234160999992000032603004+65630+059150FM-12+008999999V0202201N002010300019N0400001N1-00481-00541099891ADDAA199000091GF107991031051008001031001MD1310021+9999REMSYN076AAXX  26031 23416 32582 72202 11048 21054 49989 53002 83530 555 21101 7994/;EQDQ01  00002PRCP99
0160234160999992000033112004+65630+059150FM-12+008999999V0200701N003010030019N0033001N1+99999+99999098441ADDAY171061AY221061GA1061+003009069GF108991061071004501021999MD1610061+9999MW1731REMSYN070AAXX  31121 23416 41433 80703 21031 49844 56006 77372 8672/ 333 86710;
0137234160999992000040103004+65630+059150FM-12+008999999V0202201N002012200019N0450001N1-01851-02041101021ADDGF101991001001999999001011MD1210361+9999REMSYN085AAXX  01031 23416 /2983 12202 11185 21204 40102 52036 80001 555 21199 60022 7006/ /-;
