0152263460999992000010103004+57430+027030FM-12+019399999V0202901N001010066019N0500001N1-00861-00971102091ADDGA1061+006609059GF106991061051008001001001GJ100069MD1110061+9999REMSYN076AAXX  01031 26346 /2599 62901 11086 21097 40209 51006 86500 333 55001 86622;
0140263460999992000010109004+57430+027030FM-12+019399999V0203001N001019999999N0200001N1-00831-00931102251ADDAY171031AY211031GF106991061001999999031001MD1210071+9999MW1031REMSYN066AAXX  01091 26346 41998 63001 11083 21093 40225 52007 70371 86030;
0138263460999992000010115004+57430+027030FM-12+019399999V0203001N001010111019N0500001N1-00781-00881102321ADDGA1071+011109059GF107991071051012501001001MD1210061+9999REMSYN070AAXX  01151 26346 42699 73001 11078 21088 40232 52006 87500 333 87637;
0138263460999992000010121004+57430+027030FM-12+019399999V0202201N001010120019N0500001N1-00871-00981102431ADDGA1061+012009059GF106991061051012501001001MD1210051+9999REMSYN070AAXX  01211 26346 42699 62201 11087 21098 40243 52005 86500 333 86640;
0166263460999992000010203004+57430+027030FM-12+019399999V0201201N002019999999N0500001N1-00971-01051102461ADDAA106000091GF108991081001999999021999GJ100549MD1410001+9999REMSYN076AAXX  02031 26346 32999 81202 11097 21105 40246 54000 8802/ 333 55009 93501;EQDQ01  00002PRCP06
0144263460999992000010209004+57430+027030FM-12+019399999V0201501N001010021019N0120001N1-00771-00831102501ADDGA1081+002109079GF108991081061002501999999MD1410001+9999REMSYN076AAXX  02091 26346 42362 81501 11077 21083 40250 54000 886// 333 88707 93503;
0150263460999992000010215004+57430+027030FM-12+019399999V0203001N002019999999N0500001N1-00651-00701102251ADDAY171031AY221031GF107991071001999999071001MD1710151+9999MW1011REMSYN076AAXX  02151 26346 41999 73002 11065 21070 40225 57015 70172 87070 333 93500;
0138263460999992000010221004+57430+027030FM-12+019399999V0203001N003010009019N0120001N1-00441-00461101711ADDGA1081+000909069GF108991081061001501999999MD1710291+9999REMSYN070AAXX  02211 26346 42262 83003 11044 21046 40171 57029 886// 333 88703;
0205263460999992000010303004+57430+027030FM-12+019399999V0200201N003010012019N0038001N1-00401-00451100991ADDAY171031AY221031GA1071+001209079GF108991999071001501021999GJ100009MD1710291+9999MW1731REMSYN088AAXX  03031 26346 /1238 80203 11040 21045 40099 57029 77372 8872/ 333 55000 87704 93501;EQDQ01+000082SCOTLC
0166263460999992000010309004+57430+027030FM-12+019399999V0202401N002010009019N0110001N1-00351-00401100971ADDAY171031AY221031GA1081+000909069GF108991081061001501999999MD1310071+9999MW1021REMSYN076AAXX  03091 26346 41261 82402 11035 21040 40097 53007 70272 886// 333 88703;
0166263460999992000010315004+57430+027030FM-12+019399999V0203001N001010001519N0001001N1-00101-00101101121ADDAY151031AY241031GA1091+999999999GF109991091999999999999999MD1210091+9999MW1561REMSYN076AAXX  03151 26346 41/01 93001 11010 21010 40112 52009 75654 333 93601 96045;
0144263460999992000010321004+57430+027030FM-12+019399999V0202201N002010042019N0500001N1-00091-00131101091ADDGA1081+004209079GF108991081061004501999999MD1810051+9999REMSYN076AAXX  03211 26346 42499 82202 11009 21013 40109 58005 886// 333 88714 93601;
0205263460999992000010403004+57430+027030FM-12+019399999V0202001N004010027019N0070001N1-00041-00071100581ADDAY171031AY221031GA1061+002709079GF108991999071002501021999GJ100009MD1710171+9999MW1711REMSYN088AAXX  04031 26346 /1357 82004 11004 21007 40058 57017 77172 8872/ 333 55000 86709 93600;EQDQ01+000082SCOTLC
0166263460999992000010409004+57430+027030FM-12+019399999V0202201N002010012019N0120001N1+00111+00081100381ADDAY151031AY221031GA1081+001209069GF108991081061001501999999MD1710081+9999MW1021REMSYN076AAXX  04091 26346 41262 82202 10011 20008 40038 57008 70252 886// 333 88704;
0166263460999992000010415004+57430+027030FM-12+019399999V0202601N003010033019N0500001N1+00181+00131100101ADDAY161031AY251031GA1071+003309069GF107991071071004501001001MD1610041+9999MW1021REMSYN076AAXX  04151 26346 41499 72603 10018 20013 40010 56004 70265 87700 333 87711;
0185263460999992000010421004+57430+027030FM-12+019399999V0202601N004010033019N0140001N1+00121-00041100091ADDAY161031AY221031GA1071+003309069GF108991999071004501021999MD1310061+9999MW1611REMSYN076AAXX  04211 26346 41464 82604 10012 21004 40009 53006 76162 8872/ 333 87711;EQDQ01+000082SCOTLC
0175263460999992000010503004+57430+027030FM-12+019399999V0202901N006010057019N0500001N1+00141-00241100201ADDGA1081+005709079GF108991081061004501999999GJ100009MD1410001+9999OA140101101REMSYN088AAXX  05031 26346 /2499 82906 10014 21024 40020 54000 886// 333 55000 88719 91011 91111;
0161263460999992000010509004+57430+027030FM-12+019399999V0202901N005010069019N0200001N1+00131-00391100491ADDGA1081+006909069GF108991081051008001999999MD1210161+9999OA140101001REMSYN082AAXX  05091 26346 42598 82905 10013 21039 40049 52016 885// 333 88623 91010 91111;
0144263460999992000010515004+57430+027030FM-12+019399999V0202901N004010066019N0500001N1+00041-00361100941ADDGA1081+006609069GF108991081051008001999999MD1210221+9999REMSYN076AAXX  05151 26346 42599 82904 10004 21036 40094 52022 885// 333 88622 91110;
0138263460999992000010521004+57430+027030FM-12+019399999V0203201N003010051019N0500001N1+00041-00231101421ADDGA1081+005109069GF108991081061004501999999MD1310291+9999REMSYN070AAXX  05211 26346 42499 83203 10004 21023 40142 53029 886// 333 88717;
0182263460999992000010603004+57430+027030FM-12+019399999V0202801N002010027019N0500001N1-00101-00201101841ADDAA106000091GA1081+002709069GF108991081061002501999999GJ100309MD1210191+9999REMSYN076AAXX  06031 26346 32399 82802 11010 21020 40184 52019 886// 333 55005 88709;EQDQ01  00002PRCP06
0138263460999992000010609004+57430+027030FM-12+019399999V0202501N002010033019N0200001N1-00171-00411102091ADDGA1071+003309069GF107991071071004501001001MD1110061+9999REMSYN070AAXX  06091 26346 42498 72502 11017 21041 40209 51006 87700 333 87711;
0138263460999992000010615004+57430+027030FM-12+019399999V0203001N004010027019N0500001N1-00161-00361102071ADDGA1081+002709069GF108991081061002501999999MD1810031+9999REMSYN070AAXX  06151 26346 42399 83004 11016 21036 40207 58003 886// 333 88709;
0161263460999992000010621004+57430+027030FM-12+019399999V0202301N007010045019N0500001N1-00221-00441101841ADDGA1081+004509079GF108991081071004501999999MD1710121+9999OA140101101REMSYN082AAXX  06211 26346 42499 82307 11022 21044 40184 57012 887// 333 88715 91011 91111;
0205263460999992000010703004+57430+027030FM-12+019399999V0202101N006012200019N0500001N1-00291-00521101501ADDAA106000091GA1041+003009079GF104991041071004501001001GJ100069MD1710191+9999OA140101101REMSYN088AAXX  07031 26346 32499 42106 11029 21052 40150 57019 84700 333 55001 84710 91011 91111;EQDQ01  00002PRCP06
0225263460999992000010709004+57430+027030FM-12+019399999V0202301N006010012019N0041001N1-00191-00271101291ADDAY171031AY231031GA1071+001209079GF108991999071001501021999MD1310021+9999MW1731OA140101201OA249901201REMSYN094AAXX  07091 26346 41241 82306 11019 21027 40129 53002 77373 8872/ 333 87704 91012 91112 92982;EQDQ01+000082SCOTLC
0138263460999992000010715004+57430+027030FM-12+019399999V0202801N004010024019N0500001N1+00031-00111101471ADDGA1071+002409069GF107991071071002501001001MD1210101+9999REMSYN070AAXX  07151 26346 42399 72804 10003 21011 40147 52010 87700 333 87708;
0138263460999992000010721004+57430+027030FM-12+019399999V0202401N003010024019N0500001N1-00111-00181101621ADDGA1071+002409069GF107991071071002501001001MD1210031+9999REMSYN070AAXX  07211 26346 42399 72403 11011 21018 40162 52003 87700 333 87708;
0182263460999992000010803004+57430+027030FM-12+019399999V0202401N004012200019N0500001N1-00031-00241101561ADDAA106000091GA1041+003309069GF104991041071004501001001GJ100009MD1810081+9999REMSYN076AAXX  08031 26346 32499 42404 11003 21024 40156 58008 84700 333 55000 84711;EQDQ01  00002PRCP06
0163263460999992000010809004+57430+027030FM-12+019399999V0202501N005010024019N0200001N1+00071-00101101441ADDGA1081+002409079GF199999081061002501999999MD1710041+9999REMSYN076AAXX  08091 26346 42398 72505 10007 21010 40144 57004 886// 333 88708 91110;EQDQ01+000072SCOTCV
0138263460999992000010815004+57430+027030FM-12+019399999V0202601N003010030019N0140001N1+00161+00081101291ADDGA1081+003009069GF108991081061004501999999MD1710011+9999REMSYN070AAXX  08151 26346 42464 82603 10016 20008 40129 57001 886// 333 88710;
0138263460999992000010821004+57430+027030FM-12+019399999V0202701N003010024019N0500001N1+00161+00131101241ADDGA1081+002409069GF108991081061002501999999MD1610011+9999REMSYN070AAXX  08211 26346 42399 82703 10016 20013 40124 56001 886// 333 88708;
0182263460999992000010903004+57430+027030FM-12+019399999V0202801N002010033019N0500001N1+00181+00151101441ADDAA106000091GA1071+003309069GF107991071071004501001001GJ100009MD1210121+9999REMSYN076AAXX  09031 26346 32499 72802 10018 20015 40144 52012 87700 333 55000 87711;EQDQ01  00002PRCP06
0138263460999992000010909004+57430+027030FM-12+019399999V0202701N002010042019N0200001N1+00191+00031101731ADDGA1081+004209069GF108991081061004501999999MD1210171+9999REMSYN070AAXX  09091 26346 42498 82702 10019 20003 40173 52017 886// 333 88714;
0138263460999992000010915004+57430+027030FM-12+019399999V0202501N002010039019N0500001N1+00171-00021101901ADDGA1081+003909069GF108991081071004501999999MD1210111+9999REMSYN070AAXX  09151 26346 42499 82502 10017 21002 40190 52011 887// 333 88713;
0138263460999992000010921004+57430+027030FM-12+019399999V0202701N003010069019N0500001N1+00141-00031102001ADDGA1081+006909059GF108991081051008001999999MD1210061+9999REMSYN070AAXX  09211 26346 42599 82703 10014 21003 40200 52006 885// 333 88623;
0182263460999992000011003004+57430+027030FM-12+019399999V0202901N001010027019N0500001N1+00131+00021102051ADDAA106000091GA1081+002709069GF108991081061002501999999GJ100009MD1410001+9999REMSYN076AAXX  10031 26346 32399 82901 10013 20002 40205 54000 886// 333 55000 88709;EQDQ01  00002PRCP06
0166263460999992000011009004+57430+027030FM-12+019399999V0203001N002010027019N0200001N1+00121+00011102291ADDAY171031AY221031GA1081+002709069GF108991081071002501999999MD1210121+9999MW1021REMSYN076AAXX  10091 26346 41398 83002 10012 20001 40229 52012 70272 887// 333 88709;
0138263460999992000011015004+57430+027030FM-12+019399999V0202801N003010024019N0500001N1+00091+00041102491ADDGA1081+002409069GF108991081071002501999999MD1210141+9999REMSYN070AAXX  10151 26346 42399 82803 10009 20004 40249 52014 887// 333 88708;
0185263460999992000011021004+57430+027030FM-12+019399999V0202601N004010021019N0090001N1+00041-00051102681ADDAY171031AY221031GA1061+002109069GF108991999071002501021999MD1210081+9999MW1711REMSYN076AAXX  10211 26346 41359 82604 10004 21005 40268 52008 77172 8872/ 333 86707;EQDQ01+000082SCOTLC
0152263460999992000011103004+57430+027030FM-12+019399999V0202801N003010036019N0500001N1+00031-00241102811ADDGA1081+003609069GF108991081061004501999999GJ100009MD1210031+9999REMSYN076AAXX  11031 26346 /2499 82803 10003 21024 40281 52003 886// 333 55000 88712;
0112263460999992000011109004+57430+027030FM-12+019399999V0202401N002012200019N0200001N1-00101-00201102881ADDGF102991021071008001001001MD1210031+9999REMSYN060AAXX  11091 26346 42598 22402 11010 21020 40288 52003 82700;
0138263460999992000011115004+57430+027030FM-12+019399999V0202301N002010042019N0500001N1+00101-00251102791ADDGA1071+004209069GF107991071071004501001001MD1710051+9999REMSYN070AAXX  11151 26346 42499 72302 10010 21025 40279 57005 87700 333 87714;
0166263460999992000011121004+57430+027030FM-12+019399999V0202601N003010021019N0070001N1+00111+00081102781ADDAY151031AY221031GA1081+002109069GF108991081071002501999999MD1310011+9999MW1511REMSYN076AAXX  11211 26346 41357 82603 10011 20008 40278 53001 75152 887// 333 88707;
0180263460999992000011203004+57430+027030FM-12+019399999V0202301N002010015019N0060001N1+00041+00041102761ADDAY151031AY221031GA1081+001509069GF108991081061001501999999GJ100369MD1810081+9999MW1101REMSYN082AAXX  12031 26346 /1256 82302 10004 20004 40276 58008 71052 886// 333 55006 88705;
0138263460999992000011209004+57430+027030FM-12+019399999V0202201N003010018019N0110001N1+00021-00011102711ADDGA1081+001809069GF108991081071001501999999MD1810061+9999REMSYN070AAXX  12091 26346 42261 82203 10002 21001 40271 58006 887// 333 88706;
0138263460999992000011215004+57430+027030FM-12+019399999V0202801N004010015019N0120001N1+00171+00141102341ADDGA1081+001509069GF108991081061001501999999MD1710141+9999REMSYN070AAXX  12151 26346 42262 82804 10017 20014 40234 57014 886// 333 88705;
0144263460999992000011221004+57430+027030FM-12+019399999V0202401N003010084019N0500001N1+00081-00351102191ADDGA1081+008409069GF108991081051008001999999MD1710051+9999REMSYN076AAXX  12211 26346 42599 82403 10008 21035 40219 57005 885// 333 88628 91111;
0158263460999992000011303004+57430+027030FM-12+019399999V0202801N004010045019N0500001N1+00081-00531102091ADDGA1081+004509079GF108991081071004501999999GJ100009MD1710071+9999REMSYN082AAXX  13031 26346 /2499 82804 10008 21053 40209 57007 887// 333 55000 88715 91110;
0157263460999992000011309004+57430+027030FM-12+019399999V0202301N004010060019N0200001N1-00131-00721999999ADDGA1081+006009059GF108991081051008001999999MD1310051+9999REMSYN070AAXX  13091 26346 42598 82304 11013 21072 40015 53005 885// 333 88620;EQDQ01 100153APOSLP
0131263460999992000011315004+57430+027030FM-12+019399999V0202201N003019999999N0500001N1-00061-00741102102ADDGF106991061001999999071001MD1410001+9999REMSYN060AAXX  13151 26346 42999 62203 11006 21074 40210 54000 86070;EQDQ01+102103APOSLP
0126263460999992000011321004+57430+027030FM-12+019399999V0202401N002012200019N0500001N1-00251-00811102141ADDGA1001+999999999GF100991001001999999001001MD1410001+9999REMSYN058    AAXX  13211 26346 42999 02402 11025 21081 40214 54000;
0156263460999992000011403004+57430+027030FM-12+019399999V0202701N003019999999N0500001N1-00291-00601102311ADDAA199000091GF108991081001999999021999MD1110041+9999REMSYN074    AAXX  14031 26346 32999 82703 11029 21060 40231 51004 8802/ 333 55000;EQDQ01  00002PRCP99
0189263460999992000011409004+57430+027030FM-12+019399999V0202601N002010021019N0060001N1-00271-00341102551ADDAY171031AY221031GA1061+002109069GF108991999071002501021999MD1210151+9999MW1711REMSYN080    AAXX  14091 26346 41356 82602 11027 21034 40255 52015 77172 8872/ 333 86707;EQDQ01+000082SCOTLC
0170263460999992000011415004+57430+027030FM-12+019399999V0202201N002010021019N0500001N1-00291-00391102651ADDAY171031AY221031GA1081+002109069GF108991081061002501999999MD1210051+9999MW1221REMSYN080    AAXX  14151 26346 41399 82202 11029 21039 40265 52005 72272 886// 333 88707;
0142263460999992000011421004+57430+027030FM-12+019399999V0202501N004010012019N0110001N1-00361-00411102601ADDGA1081+001209069GF108991081061001501999999MD1810121+9999REMSYN074    AAXX  14211 26346 42261 82504 11036 21041 40260 58012 886// 333 88704;
0167263460999992000011503004+57430+027030FM-12+019399999V0202801N003010015019N0130001N1-00451-00511102551ADDAA199000021GA1081+001509069GF108991081061001501999999GJ100009MD1810081+9999REMSYN080    AAXX  15031 26346 32263 82803 11045 21051 40255 58008 886// 333 55000 88705;
0189263460999992000011509004+57430+027030FM-12+019399999V0203001N002010015019N0060001N1-00501-00531102421ADDAY171031AY221031GA1071+001509069GF108991999071001501021999MD1710081+9999MW1711REMSYN080    AAXX  15091 26346 41256 83002 11050 21053 40242 57008 77172 8872/ 333 87705;EQDQ01+000082SCOTLC
0170263460999992000011515004+57430+027030FM-12+019399999V0202601N002010042019N0150001N1-00431-00491102241ADDAY171031AY221031GA1081+004209069GF108991081061004501999999MD1710091+9999MW1021REMSYN080    AAXX  15151 26346 41465 82602 11043 21049 40224 57009 70272 886// 333 88714;
0116263460999992000011521004+57430+027030FM-12+019399999V0202101N001012200019N0500001N1-00551-00591102161ADDGF102991021071004501001001MD1710071+9999REMSYN064    AAXX  15211 26346 42499 22101 11055 21059 40216 57007 82700;
0190263460999992000011603004+57430+027030FM-12+019399999V0202301N001010024019N0090001N1-00571-00641102121ADDAY121031AY221031GA1081+002409079GF108991081061002501999999GJ100009MD1810041+9999MW1101REMSYN092    AAXX  16031 26346 /2359 82301 11057 21064 40212 58004 71022 886// 333 55000 88708 93504;
0148263460999992000011609004+57430+027030FM-12+019399999V0202201N003010021019N0110001N1-00321-00361101871ADDGA1081+002109079GF108991081061002501999999MD1710161+9999REMSYN080    AAXX  16091 26346 42361 82203 11032 21036 40187 57016 886// 333 88707 93504;
0176263460999992000011615004+57430+027030FM-12+019399999V0202401N003010015019N0140001N1-00101-00121101121ADDAY171031AY221031GA1081+001509079GF108991081061001501999999MD1810421+9999MW1021REMSYN086    AAXX  16151 26346 41264 82403 11010 21012 40112 58042 70272 886// 333 88705 93500;
0244263460999992000011621004+57430+027030FM-12+019399999V0202701N004010018019N0035001N1+00011-00021099692ADDAY171031AY231031GA1071+001809079GF108991999071001501021999MD1710672+9999MW1731OA140101001REMSYN092    AAXX  16211 26346 41235 82704 10001 21002 49969 57067 77373 8872/ 333 87706 91010 91110;EQDQ01+000082SCOTLCQ02+099693APOSLPQ03+000672APC3  
0203263460999992000011703004+57430+027030FM-12+019399999V0202901N004010018019N0120001N1+00041+00011098882ADDAY171031AY221031GA1081+001809069GF108991081071001501999999GJ100009MD1710311+9999MW1021REMSYN086    AAXX  17031 26346 /1262 82904 10004 20001 49888 57031 70272 887// 333 55000 88706;EQDQ01+098883APOSLP
0170263460999992000011709004+57430+027030FM-12+019399999V0203101N003010033019N0120001N1+00021-00011098521ADDAY171031AY221031GA1081+003309069GF108991081071004501999999MD1610091+9999MW1021REMSYN080    AAXX  17091 26346 41462 83103 10002 21001 49852 56009 70272 887// 333 88711;
0189263460999992000011715004+57430+027030FM-12+019399999V0203201N003010033019N0037001N1-00191-00251098271ADDAY181031AY271031GA1071+003309069GF108991999071004501021999MD1710141+9999MW1731REMSYN080    AAXX  17151 26346 41437 83203 11019 21025 49827 57014 77387 8872/ 333 87711;EQDQ01+000082SCOTLC
0189263460999992000011721004+57430+027030FM-12+019399999V0203301N004010030019N0070001N1-00241-00361098221ADDAY171031AY221031GA1061+003009069GF108991999071004501021999MD1310011+9999MW1711REMSYN080    AAXX  17211 26346 41457 83304 11024 21036 49822 53001 77172 8872/ 333 86710;EQDQ01+000082SCOTLC
0203263460999992000011803004+57430+027030FM-12+019399999V0203301N002010021019N0070001N1-00221-00251098111ADDAY171031AY221031GA1071+002109069GF108991999071002501021999GJ100069MD1710081+9999MW1711REMSYN086    AAXX  18031 26346 /1357 83302 11022 21025 49811 57008 77172 8872/ 333 55001 87707;EQDQ01+000082SCOTLC
0189263460999992000011809004+57430+027030FM-12+019399999V0203401N003010024019N0060001N1-00201-00231098141ADDAY171031AY221031GA1051+002409069GF108991999071002501021999MD1310061+9999MW1711REMSYN080    AAXX  18091 26346 41356 83403 11020 21023 49814 53006 77172 8872/ 333 85708;EQDQ01+000082SCOTLC
0189263460999992000011815004+57430+027030FM-12+019399999V0203401N003010036019N0090001N1-00421-00581098771ADDAY171031AY231031GA1061+003609069GF108991999071004501021999MD1210351+9999MW1711REMSYN080    AAXX  18151 26346 41459 83403 11042 21058 49877 52035 77173 8872/ 333 86712;EQDQ01+000082SCOTLC
0170263460999992000011821004+57430+027030FM-12+019399999V0203501N003010042019N0500001N1-00411-00501099231ADDAY171031AY221031GA1081+004209069GF108991081071004501999999MD1310401+9999MW1021REMSYN080    AAXX  18211 26346 41499 83503 11041 21050 49923 53040 70272 887// 333 88714;
0203263460999992000011903004+57430+027030FM-12+019399999V0203401N003010030019N0070001N1-00601-00751099631ADDAY171031AY221031GA1071+003009069GF108991999071004501021999GJ100009MD1210181+9999MW1711REMSYN086    AAXX  19031 26346 /1457 83403 11060 21075 49963 52018 77172 8872/ 333 55000 87710;EQDQ01+000082SCOTLC
0154263460999992000011909004+57430+027030FM-12+019399999V0203401N004019999999N0060001N1-00891-01131100011ADDAY171031AY231031GF107991071001999999011001MD1210171+9999MW1711REMSYN080    AAXX  19091 26346 41956 73404 11089 21113 40001 52017 77173 87010 333 92980;
0154263460999992000011915004+57430+027030FM-12+019399999V0203401N003010750019N0500001N1-00911-01211100311ADDAY171031AY221031GF105991021071004501001071MD1210191+9999MW1221REMSYN080    AAXX  19151 26346 41499 53403 11091 21121 40031 52019 72272 82707 333 91110;
0122263460999992000011921004+57430+027030FM-12+019399999V0203201N003012200019N0500001N1-01171-01301100501ADDGA1001+999999999GF100991001001999999001001MD1210051+9999REMSYN054AAXX  19211 26346 42999 03203 11117 21130 40050 52005;
0180263460999992000012003004+57430+027030FM-12+019399999V0203001N003010033019N0500001N1-00701-00791100371ADDAY171031AY221031GA1061+003309069GF106991061071004501001001GJ100009MD1810071+9999MW1021REMSYN082AAXX  20031 26346 /1499 63003 11070 21079 40037 58007 70272 86700 333 55000 86711;
0112263460999992000012009004+57430+027030FM-12+019399999V0202901N001019999999N0200001N1-00901-01011099891ADDGF107991001001999999001051MD1710291+9999REMSYN060AAXX  20091 26346 42998 72901 11090 21101 49989 57029 80005;
0217263460999992000012015004+57430+027030FM-12+019399999V0201301N003010021019N0012001N1-00721-00811098842ADDAY171031AY221031GA1071+002109069GF108991999071002501021999MD1710502+9999MW1751REMSYN076AAXX  20151 26346 41312 81303 11072 21081 49884 57050 77572 8872/ 333 87707;EQDQ01+000082SCOTLCQ02+098843APOSLPQ03+000502APC3  
0166263460999992000012021004+57430+027030FM-12+019399999V0200801N003010024019N0500001N1-00901-01011099021ADDAY171031AY221031GA1081+002409069GF108991081061002501999999MD1310211+9999MW1021REMSYN076AAXX  20211 26346 41399 80803 11090 21101 49902 53021 70272 886// 333 88708;
0152263460999992000012103004+57430+027030FM-12+019399999V0203101N002010027019N0500001N1-01171-01231099221ADDGA1071+002709069GF107991071071002501001001GJ100069MD1210041+9999REMSYN076AAXX  21031 26346 /2399 73102 11117 21123 49922 52004 87700 333 55001 87709;
0112263460999992000012109004+57430+027030FM-12+019399999V0203201N002012200019N0200001N1-01221-01421099411ADDGF102991021011008001001001MD1210101+9999REMSYN060AAXX  21091 26346 42598 23202 11122 21142 49941 52010 82100;
0166263460999992000012115004+57430+027030FM-12+019399999V0203401N003010036019N0500001N1-01151-01431099721ADDAY171031AY221031GA1051+003609069GF105991051071004501001001MD1310211+9999MW1221REMSYN076AAXX  21151 26346 41499 53403 11115 21143 49972 53021 72272 85700 333 85712;
0140263460999992000012121004+57430+027030FM-12+019399999V0203101N004019999999N0080001N1-01211-01411099931ADDAY171031AY221031GF107991071001999999011001MD1210051+9999MW1711REMSYN066AAXX  21211 26346 41958 73104 11121 21141 49993 52005 77172 87010;
0199263460999992000012203004+57430+027030FM-12+019399999V0203101N005010021019N0070001N1-01071-01271100091ADDAY171031AY221031GA1071+002109069GF108991999071001501021999GJ101089MD1210051+9999MW1711REMSYN082AAXX  22031 26346 /1257 83105 11107 21127 40009 52005 77172 8872/ 333 55018 87707;EQDQ01+000082SCOTLC
0185263460999992000012209004+57430+027030FM-12+019399999V0203201N004010033019N0070001N1-01031-01231100221ADDAY171031AY221031GA1061+003309069GF108991999071004501021999MD1210101+9999MW1711REMSYN076AAXX  22091 26346 41457 83204 11103 21123 40022 52010 77172 8872/ 333 86711;EQDQ01+000082SCOTLC
0166263460999992000012215004+57430+027030FM-12+019399999V0203001N003010036019N0080001N1-01011-01211100481ADDAY171031AY221031GA1051+003609069GF106991061071004501021001MD1210111+9999MW1711REMSYN076AAXX  22151 26346 41458 63003 11101 21121 40048 52011 77172 86720 333 85712;
0166263460999992000012221004+57430+027030FM-12+019399999V0203301N002010048019N0500001N1-00951-01161100751ADDAY171031AY221031GA1061+004809069GF106991061071004501001001MD1210131+9999MW1021REMSYN076AAXX  22211 26346 41499 63302 11095 21116 40075 52013 70272 86700 333 86716;
0128263460999992000012303004+57430+027030FM-12+019399999V0203001N002012200019N0500001N1-01481-01611101101ADDGF102991001001999999001021MD1110071+9999REMSYN076AAXX  23031 26346 /2999 23002 11148 21161 40110 51007 80002 333 55000 93501;
0144263460999992000012309004+57430+027030FM-12+019399999V0203101N003010027019N0200001N1-01471-01601101301ADDGA1061+002709079GF106991061071002501001001MD1210081+9999REMSYN076AAXX  23091 26346 42398 63103 11147 21160 40130 52008 86700 333 86709 93515;
0122263460999992000012315004+57430+027030FM-12+019399999V0202801N002012200019N0180001N1-01371-01501101391ADDGF101991001001999999001051MD1210021+9999REMSYN070AAXX  23151 26346 42968 12802 11137 21150 40139 52002 80005 333 93500;
0166263460999992000012321004+57430+027030FM-12+019399999V0203101N003010126019N0500001N1-01171-01301101341ADDAY171031AY221031GA1061+012609059GF106991061051012501001001MD1410001+9999MW1031REMSYN076AAXX  23211 26346 41699 63103 11117 21130 40134 54000 70372 86500 333 86642;
0128263460999992000012403004+57430+027030FM-12+019399999V0203201N001019999999N0500001N1-01211-01341101381ADDGF105991051001999999011001MD1310041+9999REMSYN076AAXX  24031 26346 /2999 53201 11121 21134 40138 53004 85010 333 55029 93501;
0150263460999992000012409004+57430+027030FM-12+019399999V0203001N003019999999N0080001N1-01151-01281101541ADDAY171031AY221031GF106991061001999999011001MD1210071+9999MW1711REMSYN076AAXX  24091 26346 41958 63003 11115 21128 40154 52007 77172 86010 333 93500;
0112263460999992000012415004+57430+027030FM-12+019399999V0203201N003012200019N0150001N1-01151-01281101651ADDGF102991021011008001001001MD1210071+9999REMSYN060AAXX  24151 26346 42565 23203 11115 21128 40165 52007 82100;
0122263460999992000012421004+57430+027030FM-12+019399999V0203101N003012200019N0500001N1-01371-01501101781ADDGA1001+999999999GF100991001001999999001001MD1210041+9999REMSYN054AAXX  24211 26346 42999 03103 11137 21150 40178 52004;
0160263460999992000012503004+57430+027030FM-12+019399999V0203301N001012200019N0500001N1-01541-01671101811ADDAY171031AY211031GA1001+999999999GF100991001001999999001001MD1810011+9999MW1021REMSYN070AAXX  25031 26346 /1999 03301 11154 21167 40181 58001 70271 333 55024;
0122263460999992000012509004+57430+027030FM-12+019399999V0209999C000012200019N0200001N1-01561-01751101741ADDGF102991001001999999001011MD1710061+9999REMSYN070AAXX  25091 26346 42998 20000 11156 21175 40174 57006 80001 333 93505;
0112263460999992000012515004+57430+027030FM-12+019399999V0209999C000019999999N0200001N1-01691-01881101591ADDGF106991001001999999001081MD1710091+9999REMSYN060AAXX  25151 26346 42970 60000 11169 21188 40159 57009 80008;
0112263460999992000012521004+57430+027030FM-12+019399999V0201601N001012200019N0500001N1-01731-01921101461ADDGF102991001001999999001061MD1710041+9999REMSYN060AAXX  25211 26346 42999 21601 11173 21192 40146 57004 80006;
0152263460999992000012603004+57430+027030FM-12+019399999V0201701N001012200019N0500001N1-01811-02001101421ADDAA199000091GF101991001001999999001011MD1810061+9999REMSYN070AAXX  26031 26346 32999 11701 11181 21200 40142 58006 80001 333 55033;EQDQ01  00002PRCP99
0122263460999992000012609004+57430+027030FM-12+019399999V0202001N001019999999N0200001N1-01661-01851101331ADDGF107991071001999999021001MD1710061+9999REMSYN070AAXX  26091 26346 42998 72001 11166 21185 40133 57006 87020 333 93502;
0191263460999992000012615004+57430+027030FM-12+019399999V0202101N003010024019N0100001N1-01051-01181100671ADDAY171031AY221031GA1071+002409079GF108991999071002501021999MD1710281+9999MW1711REMSYN082AAXX  26151 26346 41360 82103 11105 21118 40067 57028 77172 8872/ 333 87708 93500;EQDQ01+000082SCOTLC
0166263460999992000012621004+57430+027030FM-12+019399999V0202501N002010012019N0033001N1-00511-00551100131ADDAY121031AY221031GA1081+001209069GF108991081061001501999999MD1710201+9999MW1101REMSYN076AAXX  26211 26346 41233 82502 11051 21055 40013 57020 71022 886// 333 88704;
0203263460999992000012703004+57430+027030FM-12+019399999V0203101N005010012019N0150001N1+00001-00031099921ADDAY141031AY221031GA1081+001209079GF108991081071001501999999GJ100309MD1710021+9999MW1031OA149901001REMSYN094AAXX  27031 26346 /1265 83105 10000 21003 49992 57002 70342 887// 333 55005 88704 91110 93501;
0144263460999992000012709004+57430+027030FM-12+019399999V0202701N004010018019N0120001N1-00081-00181100251ADDGA1071+001809079GF108991071071001501001001MD1210221+9999REMSYN076AAXX  27091 26346 42262 82704 11008 21018 40025 52022 87700 333 87706 91110;
0112263460999992000012715004+57430+027030FM-12+019399999V0202501N004019999999N0150001N1-00161-00301100381ADDGF108991081001999999041999MD1210051+9999REMSYN060AAXX  27151 26346 42965 82504 11016 21030 40038 52005 8804/;
0138263460999992000012721004+57430+027030FM-12+019399999V0202101N003010021019N0500001N1-00281-00321099981ADDGA1081+002109069GF108991081071002501999999MD1710291+9999REMSYN070AAXX  27211 26346 42399 82103 11028 21032 49998 57029 887// 333 88707;
0221263460999992000012803004+57430+027030FM-12+019399999V0202701N004010015019N0033001N1-00041-00071099142ADDAY171031AY221031GA1061+001509079GF108991999071001501021999GJ102109MD1710391+9999MW1731REMSYN088AAXX  28031 26346 /1233 82704 11004 21007 49914 57039 77372 8872/ 333 55035 86705 93500;EQDQ01+000082SCOTLCQ02+099143APOSLP
0172263460999992000012809004+57430+027030FM-12+019399999V0202601N004010030019N0130001N1+00021-00011099141ADDAY171031AY221031GA1071+003009079GF107991071071004501001001MD1210051+9999MW1221REMSYN082AAXX  28091 26346 41463 72604 10002 21001 49914 52005 72272 87700 333 87710 91111;
0172263460999992000012815004+57430+027030FM-12+019399999V0202901N003010072019N0160001N1-00081-00401099521ADDAY131031AY221031GA1071+007209089GF108991071071008001001001MD1210231+9999MW1361REMSYN082AAXX  28151 26346 41566 82903 11008 21040 49952 52023 73632 87700 333 87824 91111;
0138263460999992000012821004+57430+027030FM-12+019399999V0202701N002010027019N0500001N1-00141-00191099911ADDGA1071+002709069GF107991071071002501001001MD1210131+9999REMSYN070AAXX  28211 26346 42399 72702 11014 21019 49991 52013 87700 333 87709;
0162263460999992000012903004+57430+027030FM-12+019399999V0201801N001012200019N0140001N1-00441-00461100001ADDAA199000091GA1001+999999999GF100991001001999999001001MD1810021+9999REMSYN064AAXX  29031 26346 32964 01801 11044 21046 40000 58002 333 55005;EQDQ01  00002PRCP99
0191263460999992000012909004+57430+027030FM-12+019399999V0201701N003010012019N0035001N1-00071-00111099711ADDAY171031AY221031GA1071+001209079GF108991999071001501021999MD1710141+9999MW1731REMSYN082AAXX  29091 26346 41235 81703 11007 21011 49971 57014 77372 8872/ 333 87704 93502;EQDQ01+000082SCOTLC
0189263460999992000012915004+57430+027030FM-12+019399999V0201701N006010015019N0160001N1-00051-00081099231ADDAY131031AY221031GA1081+001509079GF108991081061001501999999MD1810301+9999MW1361OA140101101REMSYN088AAXX  29151 26346 41266 81706 11005 21008 49923 58030 73632 886// 333 88705 91011 91111;
0189263460999992000012921004+57430+027030FM-12+019399999V0201701N007010024019N0150001N1-00011-00161098501ADDAY131031AY221031GA1081+002409079GF108991081061002501999999MD1710391+9999MW1361OA140101301REMSYN088AAXX  29211 26346 41365 81707 11001 21016 49850 57039 73632 886// 333 88708 91013 91114;
0220263460999992000013003004+57430+027030FM-12+019399999V0201701N007010024019N0110001N1+00011-00081097751ADDAY171031AY231031GA1081+002409079GF108991081061002501999999GJ100009MD1610221+9999MW1361OA140101201OA249901501REMSYN100AAXX  30031 26346 /1361 81707 10001 21008 49775 56022 73673 886// 333 55000 88708 91012 91115 92980;
0161263460999992000013009004+57430+027030FM-12+019399999V0202001N006010024019N0120001N1+00141+00091097601ADDGA1081+002409079GF108991081061002501999999MD1710071+9999OA140101101REMSYN082AAXX  30091 26346 41362 82006 10014 20009 49760 57007 886// 333 88708 91011 91112;
0208263460999992000013015004+57430+027030FM-12+019399999V0202101N006010021019N0070001N1+00111+00001097521ADDAY171031AY261031GA1071+002109079GF108991999071002501021999MD1310071+9999MW1711OA140101101REMSYN088AAXX  30151 26346 41357 82106 10011 20000 49752 53007 77176 8872/ 333 87707 91011 91111;EQDQ01+000082SCOTLC
0208263460999992000013021004+57430+027030FM-12+019399999V0202901N007010042019N0500001N1-00061-00271098501ADDAY171031AY231031GA1081+004209079GF108991081071004501999999MD1210532+9999MW1361OA140101201REMSYN088AAXX  30211 26346 41499 82907 11006 21027 49850 52053 73673 887// 333 88714 91012 91115;EQDQ01+000532APC3  
0200263460999992000013103004+57430+027030FM-12+019399999V0202801N006019999999N0500001N1-00291-01151099322ADDAY131031AY221031GF106991061001999999071001GJ100009MD1210271+9999MW1011OA140101201REMSYN088AAXX  31031 26346 /1999 62806 11029 21115 49932 52027 70132 86070 333 55000 91012 91113;EQDQ01+099323APOSLP
0112263460999992000013109004+57430+027030FM-12+019399999V0202901N002019999999N0200001N1-00541-01191099581ADDGF106991001001999999001081MD1210061+9999REMSYN060AAXX  31091 26346 42998 62902 11054 21119 49958 52006 80008;
0112263460999992000013115004+57430+027030FM-12+019399999V0209999C000019999999N0110001N1-00491-01161099801ADDGF108991001001999999001071MD1310221+9999REMSYN060AAXX  31151 26346 42961 80000 11049 21116 49980 53022 80007;
0122263460999992000013121004+57430+027030FM-12+019399999V0202801N002012200019N0500001N1-00841-01031100491ADDGA1001+999999999GF100991001001999999001001MD1210261+9999REMSYN054AAXX  31211 26346 42999 02802 11084 21103 40049 52026;
0199263460999992000020103004+57430+027030FM-12+019399999V0202701N003010030019N0080001N1-00601-00751100411ADDAY171031AY211031GA1061+003009069GF108991999071004501021999GJ100069MD1810131+9999MW1711REMSYN082AAXX  01031 26346 /1458 82703 11060 21075 40041 58013 77171 8872/ 333 55001 86710;EQDQ01+000082SCOTLC
0112263460999992000020109004+57430+027030FM-12+019399999V0202801N004012200019N0200001N1-00271-00401100651ADDGF103991031071008001001001MD1210201+9999REMSYN060AAXX  01091 26346 42598 32804 11027 21040 40065 52020 83700;
0140263460999992000020115004+57430+027030FM-12+019399999V0202501N001012200019N0180001N1-00181-00751100711ADDAY131031AY201031GF101991011001999999041001MD1210031+9999MW1021REMSYN066AAXX  01151 26346 41968 12501 11018 21075 40071 52003 70230 81040;
0112263460999992000020121004+57430+027030FM-12+019399999V0201701N002019999999N0500001N1-00421-00441100471ADDGF108991001001999999001071MD1710201+9999REMSYN060AAXX  01211 26346 42999 81702 11042 21044 40047 57020 80007;
0231263460999992000020203004+57430+027030FM-12+019399999V0201701N003010024019N0038001N1-00121-00141099502ADDAY171031AY221031GA1061+002409069GF108991999071002501021999GJ103729MD1810522+9999MW1731REMSYN082AAXX  02031 26346 /1338 81703 11012 21014 49950 58052 77372 8872/ 333 55062 86708;EQDQ01+000082SCOTLCQ02+099503APOSLPQ03+000522APC3  
0185263460999992000020209004+57430+027030FM-12+019399999V0202401N003010009019N0060001N1+00211+00181098881ADDAY171031AY261031GA1071+000909069GF108991999071001501021999MD1610151+9999MW1631REMSYN076AAXX  02091 26346 41256 82403 10021 20018 49888 56015 76376 8872/ 333 87703;EQDQ01+000082SCOTLC
0208263460999992000020215004+57430+027030FM-12+019399999V0202801N006010021019N0070001N1+00021-00071099071ADDAY171031AY221031GA1071+002109079GF108991999071002501021999MD1210101+9999MW1711OA140101001REMSYN088AAXX  02151 26346 41357 82806 10002 21007 49907 52010 77172 8872/ 333 87707 91010 91116;EQDQ01+000082SCOTLC
0185263460999992000020221004+57430+027030FM-12+019399999V0202401N002010033019N0070001N1+00071+00011099021ADDAY171031AY211031GA1061+003309069GF108991999071004501021999MD1710031+9999MW1711REMSYN076AAXX  02211 26346 41457 82402 10007 20001 49902 57003 77171 8872/ 333 86711;EQDQ01+000082SCOTLC
0122263460999992000020303004+57430+027030FM-12+019399999V0203201N001012200019N0500001N1-00111-00341099011ADDGF102991021071004501001001MD1310011+9999REMSYN070AAXX  03031 26346 /2499 23201 11011 21034 49901 53001 82700 333 55005;
0112263460999992000020309004+57430+027030FM-12+019399999V0200101N003012200019N0200001N1-00521-00931099711ADDGF102991021081008001001001MD1210441+9999REMSYN060AAXX  03091 26346 42598 20103 11052 21093 49971 52044 82800;
0166263460999992000020315004+57430+027030FM-12+019399999V0203101N004010033019N0120001N1-00571-00751100511ADDAY171031AY221031GA1081+003309069GF108991081061004501999999MD1210431+9999MW1021REMSYN076AAXX  03151 26346 41462 83104 11057 21075 40051 52043 70272 886// 333 88711;
0166263460999992000020321004+57430+027030FM-12+019399999V0202901N005010027019N0500001N1-00531-00631101081ADDAY131031AY221031GA1061+002709069GF106991061071002501001001MD1210291+9999MW1361REMSYN076AAXX  03211 26346 41399 62905 11053 21063 40108 52029 73632 86700 333 86709;
0210263460999992000020403004+57430+027030FM-12+019399999V0203001N005010021019N0500001N1-00591-00631101631ADDAA199000091AY131031AY221031GA1081+002109069GF108991081071002501999999GJ100489MD1210221+9999MW1031REMSYN082AAXX  04031 26346 31399 83005 11059 21063 40163 52022 70332 887// 333 55008 88707;EQDQ01  00002PRCP99
0112263460999992000020409004+57430+027030FM-12+019399999V0202401N003019999999N0200001N1-00341-00451101531ADDGF106991061001999999011001MD1810111+9999REMSYN060AAXX  04091 26346 42998 62403 11034 21045 40153 58011 86010;
0241263460999992000020415004+57430+027030FM-12+019399999V0202101N006010021019N0060001N1-00091-00131100401ADDAY171031AY231031GA1071+002109079GF108991999071002501021999MD1710622+9999MW1711OA140101301OA249901401REMSYN094AAXX  04151 26346 41356 82106 11009 21013 40040 57062 77173 8872/ 333 87707 91013 91114 92982;EQDQ01+000082SCOTLCQ02+000622APC3  
0208263460999992000020421004+57430+027030FM-12+019399999V0202601N004010024019N0080001N1+00031+00001099881ADDAY171031AY231031GA1071+002409079GF108991999071002501021999MD1710191+9999MW1711OA149901201REMSYN088AAXX  04211 26346 41358 82604 10003 20000 49988 57019 77173 8872/ 333 87708 91112 92980;EQDQ01+000082SCOTLC
0175263460999992000020503004+57430+027030FM-12+019399999V0203201N005010015019N0120001N1+00061+00011099721ADDGA1081+001509079GF108991081071001501999999GJ100009MD1310011+9999OA140101001REMSYN088AAXX  05031 26346 /2262 83205 10006 20001 49972 53001 887// 333 55000 88705 91010 91110;
0161263460999992000020509004+57430+027030FM-12+019399999V0203201N006010033019N0200001N1-00101-00391100311ADDGA1071+003309079GF107991071071004501001001MD1210321+9999OA140101201REMSYN082AAXX  05091 26346 42498 73206 11010 21039 40031 52032 87700 333 87711 91012 91115;
0122263460999992000020515004+57430+027030FM-12+019399999V0203201N003012200019N0200001N1-00101-00671101011ADDGF102991001001999999001011MD1210331+9999REMSYN070AAXX  05151 26346 42998 23203 11010 21067 40101 52033 80001 333 91112;
0122263460999992000020521004+57430+027030FM-12+019399999V0203001N002012200019N0500001N1-00561-00671101501ADDGA1001+999999999GF100991001001999999001001MD1210221+9999REMSYN054AAXX  05211 26346 42999 03002 11056 21067 40150 52022;
0166263460999992000020603004+57430+027030FM-12+019399999V0202801N001012200019N0500001N1-00501-00571101471ADDAA199000091GF102991021001999999011001GJ102949MD1710011+9999REMSYN076AAXX  06031 26346 32999 22801 11050 21057 40147 57001 82010 333 55049 93501;EQDQ01  00002PRCP99
0191263460999992000020609004+57430+027030FM-12+019399999V0201901N005010021019N0100001N1-00151-00201101021ADDAY161031AY221031GA1071+002109079GF108991999071002501021999MD1710191+9999MW1661REMSYN082AAXX  06091 26346 41360 81905 11015 21020 40102 57019 76662 8872/ 333 87707 93603;EQDQ01+000082SCOTLC
0166263460999992000020615004+57430+027030FM-12+019399999V0202401N003010009019N0070001N1+00141+00141100631ADDAY151031AY241031GA1081+000909069GF108991081061001501999999MD1710131+9999MW1511REMSYN076AAXX  06151 26346 41257 82403 10014 20014 40063 57013 75154 886// 333 88703;
0172263460999992000020621004+57430+027030FM-12+019399999V0202801N005010015019N0120001N1+00291+00241100701ADDAY151031AY221031GA1081+001509079GF108991081061001501999999MD1310121+9999MW1021REMSYN082AAXX  06211 26346 41262 82805 10029 20024 40070 53012 70252 886// 333 88705 91111;
0152263460999992000020703004+57430+027030FM-12+019399999V0202701N003010015019N0150001N1+00251+00201100941ADDGA1081+001509069GF108991081061001501999999GJ100009MD1210061+9999REMSYN076AAXX  07031 26346 /2265 82703 10025 20020 40094 52006 886// 333 55000 88705;
0138263460999992000020709004+57430+027030FM-12+019399999V0202801N004010018019N0120001N1+00261+00181100911ADDGA1081+001809069GF108991081071001501999999MD1810061+9999REMSYN070AAXX  07091 26346 42262 82804 10026 20018 40091 58006 887// 333 88706;
0166263460999992000020715004+57430+027030FM-12+019399999V0202101N003010012019N0041001N1+00201+00201100451ADDAY161031AY221031GA1081+001209069GF108991081061001501999999MD1710271+9999MW1101REMSYN076AAXX  07151 26346 41241 82103 10020 20020 40045 57027 71062 886// 333 88704;
0185263460999992000020721004+57430+027030FM-12+019399999V0202201N005010018019N0090001N1+00281+00231099901ADDAY161031AY221031GA1071+001809069GF108991999071001501021999MD1710251+9999MW1631REMSYN076AAXX  07211 26346 41259 82205 10028 20023 49990 57025 76362 8872/ 333 87706;EQDQ01+000082SCOTLC
0199263460999992000020803004+57430+027030FM-12+019399999V0202101N004010033019N0110001N1+00181+00101099831ADDAY161031AY221031GA1061+003309069GF108991999071004501021999GJ100129MD1710031+9999MW1611REMSYN082AAXX  08031 26346 /1461 82104 10018 20010 49983 57003 76162 8872/ 333 55002 86711;EQDQ01+000082SCOTLC
0138263460999992000020809004+57430+027030FM-12+019399999V0202201N004010051019N0200001N1+00211-00101099731ADDGA1081+005109069GF108991081061004501999999MD1710071+9999REMSYN070AAXX  08091 26346 42498 82204 10021 21010 49973 57007 886// 333 88717;
0185263460999992000020815004+57430+027030FM-12+019399999V0201901N005010024019N0120001N1+00201+00071099241ADDAY161031AY221031GA1071+002409069GF108991999071002501021999MD1710241+9999MW1601REMSYN076AAXX  08151 26346 41362 81905 10020 20007 49924 57024 76062 8872/ 333 87708;EQDQ01+000082SCOTLC
0185263460999992000020821004+57430+027030FM-12+019399999V0202001N003010012019N0110001N1+00191+00081098931ADDAY161031AY221031GA1071+001209069GF108991999071001501021999MD1710151+9999MW1601REMSYN076AAXX  08211 26346 41261 82003 10019 20008 49893 57015 76062 8872/ 333 87704;EQDQ01+000082SCOTLC
0199263460999992000020903004+57430+027030FM-12+019399999V0202201N002010009019N0120001N1+00201+00121098851ADDAY161031AY221031GA1071+000909069GF108991999071001501021999GJ100009MD1710031+9999MW1601REMSYN082AAXX  09031 26346 /1262 82202 10020 20012 49885 57003 76062 8872/ 333 55000 87703;EQDQ01+000082SCOTLC
0185263460999992000020909004+57430+027030FM-12+019399999V0202101N002010009019N0120001N1+00211+00161099011ADDAY161031AY221031GA1071+000909069GF108991999071001501021999MD1210121+9999MW1611REMSYN076AAXX  09091 26346 41262 82102 10021 20016 49901 52012 76162 8872/ 333 87703;EQDQ01+000082SCOTLC
0166263460999992000020915004+57430+027030FM-12+019399999V0201901N003010024019N0120001N1+00211+00161099421ADDAY161031AY221031GA1081+002409069GF108991081061002501999999MD1210211+9999MW1021REMSYN076AAXX  09151 26346 41362 81903 10021 20016 49942 52021 70262 886// 333 88708;
0185263460999992000020921004+57430+027030FM-12+019399999V0202701N003010009019N0120001N1+00231+00211099911ADDAY161031AY221031GA1071+000909069GF108991999071001501021999MD1210241+9999MW1611REMSYN076AAXX  09211 26346 41262 82703 10023 20021 49991 52024 76162 8872/ 333 87703;EQDQ01+000082SCOTLC
0180263460999992000021003004+57430+027030FM-12+019399999V0203101N003010015019N0040001N1+00091+00091100501ADDAY161031AY251031GA1081+001509069GF108991081061001501999999GJ100009MD1210321+9999MW1101REMSYN082AAXX  10031 26346 /1240 83103 10009 20009 40050 52032 71065 886// 333 55000 88705;
0112263460999992000021015004+57430+027030FM-12+019399999V0209999C000012200019N0200001N1-00071-00451101451ADDGF102991001001999999001011MD1110071+9999REMSYN060AAXX  10151 26346 42998 20000 11007 21045 40145 51007 80001;
0122263460999992000021021004+57430+027030FM-12+019399999V0202001N003012200019N0500001N1-00261-00451101381ADDGA1001+999999999GF100991001001999999001001MD1810131+9999REMSYN054AAXX  10211 26346 42999 02003 11026 21045 40138 58013;
0182263460999992000021103004+57430+027030FM-12+019399999V0202001N004010036019N0500001N1-00031-00241100961ADDAA199000091GA1081+003609069GF108991081071004501999999GJ101449MD1710281+9999REMSYN076AAXX  11031 26346 32499 82004 11003 21024 40096 57028 887// 333 55024 88712;EQDQ01  00002PRCP99
0185263460999992000021109004+57430+027030FM-12+019399999V0202101N004010021019N0037001N1+00061+00031100811ADDAY171031AY221031GA1071+002109069GF108991999071002501021999MD1310021+9999MW1731REMSYN076AAXX  11091 26346 41337 82104 10006 20003 40081 53002 77372 8872/ 333 87707;EQDQ01+000082SCOTLC
0166263460999992000021115004+57430+027030FM-12+019399999V0202601N003010066019N0200001N1+00191+00111101061ADDAY171031AY221031GA1071+006609069GF107991071071008001001001MD1210171+9999MW1011REMSYN076AAXX  11151 26346 41598 72603 10019 20011 40106 52017 70172 87700 333 87722;
0112263460999992000021121004+57430+027030FM-12+019399999V0202501N003019999999N0500001N1+00091+00011101341ADDGF105991001001999999001081MD1110081+9999REMSYN060AAXX  11211 26346 42999 52503 10009 20001 40134 51008 80008;
0182263460999992000021203004+57430+027030FM-12+019399999V0202401N003010036019N0500001N1+00241+00111101511ADDAA199000091GA1081+003609069GF108991081061004501999999GJ100009MD1210101+9999REMSYN076AAXX  12031 26346 32499 82403 10024 20011 40151 52010 886// 333 55000 88712;EQDQ01  00002PRCP99
0138263460999992000021209004+57430+027030FM-12+019399999V0202601N003010048019N0200001N1+00281+00011101791ADDGA1081+004809069GF108991081071004501999999MD1210151+9999REMSYN070AAXX  12091 26346 42498 82603 10028 20001 40179 52015 887// 333 88716;
0144263460999992000021215004+57430+027030FM-12+019399999V0202601N004010063019N0200001N1+00321-00091101841ADDGA1081+006309069GF108991081051008001999999MD1210031+9999REMSYN076AAXX  12151 26346 42598 82604 10032 21009 40184 52003 885// 333 88621 91110;
0138263460999992000021221004+57430+027030FM-12+019399999V0202001N003010087019N0500001N1+00241-00251101731ADDGA1081+008709059GF108991081081008001999999MD1710091+9999REMSYN070AAXX  12211 26346 42599 82003 10024 21025 40173 57009 888// 333 88629;
0182263460999992000021303004+57430+027030FM-12+019399999V0201901N003010096019N0500001N1+00131-00161101381ADDAA199000091GA1081+009609059GF108991081081008001999999GJ100009MD1710201+9999REMSYN076AAXX  13031 26346 32599 81903 10013 21016 40138 57020 888// 333 55000 88632;EQDQ01  00002PRCP99
0122263460999992000021309004+57430+027030FM-12+019399999V0201701N005019999999N0200001N1+00111-00411100831ADDGF108991081001999999071999MD1710271+9999REMSYN070AAXX  13091 26346 42998 81705 10011 21041 40083 57027 8807/ 333 91111;
0185263460999992000021315004+57430+027030FM-12+019399999V0202201N004010033019N0060001N1+00011-00051100501ADDAY171031AY221031GA1071+003309069GF108991999071004501021999MD1710111+9999MW1711REMSYN076AAXX  13151 26346 41456 82204 10001 21005 40050 57011 77172 8872/ 333 87711;EQDQ01+000082SCOTLC
0166263460999992000021321004+57430+027030FM-12+019399999V0202201N003010030019N0500001N1-00041-00221100501ADDAY171031AY221031GA1061+003009069GF106991061071004501001001MD1810021+9999MW1011REMSYN076AAXX  13211 26346 41499 62203 11004 21022 40050 58002 70172 86700 333 86710;
0152263460999992000021403004+57430+027030FM-12+019399999V0201901N003010021019N0500001N1-00071-00201100481ADDGA1081+002109069GF108991081061002501999999GJ100009MD1810021+9999REMSYN076AAXX  14031 26346 /2399 81903 11007 21020 40048 58002 886// 333 55000 88707;
0112263460999992000021415004+57430+027030FM-12+019399999V0201901N003010300019N0110001N1-00021-00261100421ADDGF108991021071004501071999MD1210021+9999REMSYN060AAXX  14151 26346 42461 81903 11002 21026 40042 52002 8277/;
0138263460999992000021421004+57430+027030FM-12+019399999V0202901N003010045019N0500001N1-00061-00181100651ADDGA1081+004509069GF108991081071004501999999MD1210111+9999REMSYN070AAXX  14211 26346 42499 82903 11006 21018 40065 52011 887// 333 88715;
0152263460999992000021503004+57430+027030FM-12+019399999V0203001N002010060019N0500001N1-00131-00531100761ADDGA1081+006009029GF108991081071008001999999GJ100189MD1210021+9999REMSYN076AAXX  15031 26346 /2599 83002 11013 21053 40076 52002 887// 333 55003 88820;
0112263460999992000021509004+57430+027030FM-12+019399999V0202601N001012200019N0200001N1+00001-00371100861ADDGF102991021011008001001001MD1210071+9999REMSYN060AAXX  15091 26346 42598 22601 10000 21037 40086 52007 82100;
0112263460999992000021515004+57430+027030FM-12+019399999V0202201N001019999999N0200001N1+00031-00631100781ADDGF107991071001999999071001MD1710041+9999REMSYN060AAXX  15151 26346 42998 72201 10003 21063 40078 57004 87070;
0199263460999992000021603004+57430+027030FM-12+019399999V0201801N003010021019N0036001N1-00201-00261100241ADDAY171031AY221031GA1071+002109069GF108991999071002501021999GJ101809MD1710171+9999MW1731REMSYN082AAXX  16031 26346 /1336 81803 11020 21026 40024 57017 77372 8872/ 333 55030 87707;EQDQ01+000082SCOTLC
0185263460999992000021609004+57430+027030FM-12+019399999V0201701N003010015019N0070001N1-00111-00121100081ADDAY171031AY221031GA1071+001509069GF108991999071001501021999MD1710011+9999MW1711REMSYN076AAXX  16091 26346 41257 81703 11011 21012 40008 57001 77172 8872/ 333 87705;EQDQ01+000082SCOTLC
0166263460999992000021615004+57430+027030FM-12+019399999V0201701N003010021019N0120001N1+00041+00011100111ADDAY171031AY221031GA1081+002109069GF108991081071002501999999MD1210021+9999MW1221REMSYN076AAXX  16151 26346 41362 81703 10004 20001 40011 52002 72272 887// 333 88707;
0138263460999992000021621004+57430+027030FM-12+019399999V0201601N003010033019N0500001N1+00041+00011100101ADDGA1081+003309069GF108991081061004501999999MD1810021+9999REMSYN070AAXX  16211 26346 42499 81603 10004 20001 40010 58002 886// 333 88711;
0199263460999992000021703004+57430+027030FM-12+019399999V0201301N002010021019N0060001N1-00011-00041099931ADDAY171031AY221031GA1071+002109069GF108991999071002501021999GJ100009MD1710111+9999MW1711REMSYN082AAXX  17031 26346 /1356 81302 11001 21004 49993 57011 77172 8872/ 333 55000 87707;EQDQ01+000082SCOTLC
0166263460999992000021709004+57430+027030FM-12+019399999V0201901N004010036019N0200001N1+00141+00061099971ADDAY151031AY241031GA1081+003609069GF108991081071004501999999MD1310121+9999MW1011REMSYN076AAXX  17091 26346 11498 81904 10014 20006 49997 53012 70154 887// 333 88712;
0112263460999992000021715004+57430+027030FM-12+019399999V0201601N003010300019N0200001N1+00131-00251100201ADDGF108991021071008001071999MD1210101+9999REMSYN060AAXX  17151 26346 42598 81603 10013 21025 40020 52010 8277/;
0138263460999992000021721004+57430+027030FM-12+019399999V0202001N003010024019N0500001N1+00061-00021100461ADDGA1081+002409069GF108991081061002501999999MD1210091+9999REMSYN070AAXX  17211 26346 42399 82003 10006 21002 40046 52009 886// 333 88708;
0185263460999992000021803004+57430+027030FM-12+019399999V0201801N002010024019N0090001N1-00041-00101100491ADDAY171031AY221031GA1061+002409069GF108991999071002501021999MD1810021+9999MW1711REMSYN076AAXX  18031 26346 /1359 81802 11004 21010 40049 58002 77172 8872/ 333 86708;EQDQ01+000082SCOTLC
0166263460999992000021809004+57430+027030FM-12+019399999V0203001N002010027019N0200001N1-00021-00111100541ADDAY171031AY221031GA1081+002709069GF108991081071002501999999MD1310051+9999MW1031REMSYN076AAXX  18091 26346 41398 83002 11002 21011 40054 53005 70372 887// 333 88709;
0112263460999992000021815004+57430+027030FM-12+019399999V0203401N001010750019N0200001N1+00001-00721100701ADDGF106991021071008001001051MD1310121+9999REMSYN060AAXX  18151 26346 42598 63401 10000 21072 40070 53012 82705;
0122263460999992000021821004+57430+027030FM-12+019399999V0203201N001012200019N0500001N1-00641-00681100931ADDGA1001+999999999GF100991001001999999001001MD1210101+9999REMSYN054AAXX  18211 26346 42999 03201 11064 21068 40093 52010;
0188263460999992000021903004+57430+027030FM-12+019399999V0209999C000010075019N0500001N1-00541-00611101071ADDAA199000091GA1061+007509069GF106991061051008001001001GJ101209MD1210051+9999REMSYN082AAXX  19031 26346 32599 60000 11054 21061 40107 52005 86500 333 55020 86625 93502;EQDQ01  00002PRCP99
0122263460999992000021909004+57430+027030FM-12+019399999V0200701N001019999999N0200001N1-00281-00851101251ADDGF108991081001999999021999MD1210061+9999REMSYN070AAXX  19091 26346 42998 80701 11028 21085 40125 52006 8802/ 333 93500;
0112263460999992000021915004+57430+027030FM-12+019399999V0209999C000012200019N0200001N1-00281-00991101371ADDGF102991001001999999001081MD1810011+9999REMSYN060AAXX  19151 26346 42998 20000 11028 21099 40137 58001 80008;
0112263460999992000021921004+57430+027030FM-12+019399999V0200501N001012200019N0500001N1-00601-00871101511ADDGF102991001001999999001081MD1210031+9999REMSYN060AAXX  19211 26346 42999 20501 11060 21087 40151 52003 80008;
0162263460999992000022003004+57430+027030FM-12+019399999V0200201N002012200019N0500001N1-00691-00851101621ADDAA199000091GA1001+999999999GF100991001001999999001001MD1210011+9999REMSYN064AAXX  20031 26346 32999 00202 11069 21085 40162 52001 333 55015;EQDQ01  00002PRCP99
0138263460999992000022009004+57430+027030FM-12+019399999V0200401N003010045019N0200001N1-00551-00851101781ADDGA1061+004509029GF106991061071004501001001MD1210081+9999REMSYN070AAXX  20091 26346 42498 60403 11055 21085 40178 52008 86700 333 86815;
0112263460999992000022015004+57430+027030FM-12+019399999V0200101N003019999999N0200001N1-00211-01061101691ADDGF105991001001999999001011MD1810061+9999REMSYN060AAXX  20151 26346 42998 50103 11021 21106 40169 58006 80001;
0112263460999992000022021004+57430+027030FM-12+019399999V0203401N001019999999N0500001N1-00351-00671101841ADDGF106991061001999999031001MD1410001+9999REMSYN060AAXX  20211 26346 42999 63401 11035 21067 40184 54000 86030;
0182263460999992000022103004+57430+027030FM-12+019399999V0203501N002010039019N0500001N1-00441-00751101901ADDAA199000091GA1081+003909069GF108991081061004501999999GJ103189MD1210021+9999REMSYN076AAXX  21031 26346 32499 83502 11044 21075 40190 52002 886// 333 55053 88713;EQDQ01  00002PRCP99
0166263460999992000022109004+57430+027030FM-12+019399999V0203401N003010030019N0090001N1-00391-00681101971ADDAY171031AY221031GA1051+003009069GF107991071071004501021081MD1110011+9999MW1711REMSYN076AAXX  21091 26346 41459 73403 11039 21068 40197 51001 77172 87728 333 85710;
0138263460999992000022115004+57430+027030FM-12+019399999V0203401N002010099019N0200001N1-00261-01151102001ADDGA1081+009909059GF108991081051012501999999MD1210031+9999REMSYN070AAXX  21151 26346 42698 83402 11026 21115 40200 52003 885// 333 88633;
0138263460999992000022121004+57430+027030FM-12+019399999V0203001N003010093019N0500001N1-00521-00971102081ADDGA1061+009309059GF106991061051008001001001MD1810021+9999REMSYN070AAXX  21211 26346 42599 63003 11052 21097 40208 58002 86500 333 86631;
0150263460999992000022203004+57430+027030FM-12+019399999V0203001N003010300019N0500001N1-00611-00691102041ADDAY181031AY221031GF108991021071004501071999MD1810071+9999MW1021REMSYN076AAXX  22031 26346 /1499 83003 11061 21069 40204 58007 70282 8277/ 333 55004;
0166263460999992000022209004+57430+027030FM-12+019399999V0203001N003010072019N0200001N1-00421-00721102061ADDAY181031AY221031GA1081+007209059GF108991081051008001999999MD1310071+9999MW1021REMSYN076AAXX  22091 26346 41598 83003 11042 21072 40206 53007 70282 885// 333 88624;
0166263460999992000022215004+57430+027030FM-12+019399999V0203301N003010108019N0200001N1-00421-01011102131ADDAY181031AY221031GA1061+010809029GF106991061071012501001001MD1210051+9999MW1011REMSYN076AAXX  22151 26346 41698 63303 11042 21101 40213 52005 70182 86700 333 86836;
0138263460999992000022221004+57430+027030FM-12+019399999V0200101N001010036019N0500001N1-00701-00871102251ADDGA1081+003609069GF108991081061004501999999MD1210061+9999REMSYN070AAXX  22211 26346 42499 80101 11070 21087 40225 52006 886// 333 88712;
0182263460999992000022303004+57430+027030FM-12+019399999V0200101N001010033019N0500001N1-00751-00971102301ADDAA199000091GA1081+003309069GF108991081061004501999999GJ100129MD1210011+9999REMSYN076AAXX  23031 26346 32499 80101 11075 21097 40230 52001 886// 333 55002 88711;EQDQ01  00002PRCP99
0185263460999992000022309004+57430+027030FM-12+019399999V0200301N002010030019N0090001N1-00721-01061102471ADDAY171031AY221031GA1061+003009069GF108991999071004501021999MD1210091+9999MW1711REMSYN076AAXX  23091 26346 41459 80302 11072 21106 40247 52009 77172 8872/ 333 86710;EQDQ01+000082SCOTLC
0138263460999992000022315004+57430+027030FM-12+019399999V0203301N003010060019N0200001N1-00671-01231102491ADDGA1071+006009029GF107991071071008001001001MD1310031+9999REMSYN070AAXX  23151 26346 42598 73303 11067 21123 40249 53003 87700 333 87820;
0138263460999992000022321004+57430+027030FM-12+019399999V0203501N002010057019N0500001N1-00841-01161102611ADDGA1081+005709029GF108991081071004501999999MD1210051+9999REMSYN070AAXX  23211 26346 42499 83502 11084 21116 40261 52005 887// 333 88819;
0176263460999992000022403004+57430+027030FM-12+019399999V0203301N001012200019N0500001N1-01361-01421102631ADDAA199000091GA1001+999999999GF100991001001999999001001GJ101269MD1810061+9999REMSYN070AAXX  24031 26346 32999 03301 11136 21142 40263 58006 333 55021 93500;EQDQ01  00002PRCP99
0122263460999992000022409004+57430+027030FM-12+019399999V0203401N002012200019N0200001N1-00941-01151102571ADDGF102991021071012501001001MD1810051+9999REMSYN070AAXX  24091 26346 42698 23402 11094 21115 40257 58005 82700 333 93502;
0112263460999992000022415004+57430+027030FM-12+019399999V0209999C000012200019N0200001N1-00691-01371102241ADDGF102991001001999999001071MD1710171+9999REMSYN060AAXX  24151 26346 42998 20000 11069 21137 40224 57017 80007;
0122263460999992000022421004+57430+027030FM-12+019399999V0201601N003012200019N0500001N1-01051-01251101771ADDGA1001+999999999GF100991001001999999001001MD1710271+9999REMSYN054AAXX  24211 26346 42999 01603 11105 21125 40177 57027;
0152263460999992000022503004+57430+027030FM-12+019399999V0201301N003019999999N0500001N1-00991-01351101221ADDAA199000091GF108991081001999999011999MD1710251+9999REMSYN070AAXX  25031 26346 32999 81303 11099 21135 40122 57025 8801/ 333 55078;EQDQ01  00002PRCP99
0185263460999992000022509004+57430+027030FM-12+019399999V0201201N004010027019N0060001N1-00791-01011100911ADDAY171031AY221031GA1071+002709069GF108991999071002501021999MD1710081+9999MW1711REMSYN076AAXX  25091 26346 41356 81204 11079 21101 40091 57008 77172 8872/ 333 87709;EQDQ01+000082SCOTLC
0185263460999992000022515004+57430+027030FM-12+019399999V0201201N002010045019N0060001N1-00581-00731100861ADDAY171031AY221031GA1071+004509069GF108991999071004501021999MD1310021+9999MW1711REMSYN076AAXX  25151 26346 41456 81202 11058 21073 40086 53002 77172 8872/ 333 87715;EQDQ01+000082SCOTLC
0166263460999992000022521004+57430+027030FM-12+019399999V0201601N001010027019N0500001N1-00561-00631100861ADDAY171031AY221031GA1081+002709069GF108991081071002501999999MD1810011+9999MW1021REMSYN076AAXX  25211 26346 41399 81601 11056 21063 40086 58001 70272 887// 333 88709;
0152263460999992000022603004+57430+027030FM-12+019399999V0209999C000010021019N0500001N1-00421-00471101031ADDGA1081+002109069GF108991081061002501999999GJ100009MD1210121+9999REMSYN076AAXX  26031 26346 /2399 80000 11042 21047 40103 52012 886// 333 55000 88707;
0191263460999992000022609004+57430+027030FM-12+019399999V0202901N003010021019N0080001N1-00271-00341101411ADDAY171031AY221031GA1071+002109079GF108991999071002501021999MD1210221+9999MW1711REMSYN082AAXX  26091 26346 41358 82903 11027 21034 40141 52022 77172 8872/ 333 87707 93501;EQDQ01+000082SCOTLC
0185263460999992000022615004+57430+027030FM-12+019399999V0203501N001010021019N0035001N1-00231-00291101741ADDAY171031AY221031GA1071+002109069GF108991999071002501021999MD1210161+9999MW1731REMSYN076AAXX  26151 26346 41335 83501 11023 21029 40174 52016 77372 8872/ 333 87707;EQDQ01+000082SCOTLC
0166263460999992000022621004+57430+027030FM-12+019399999V0200201N001010027019N0120001N1-00561-00631102181ADDAY171031AY221031GA1081+002709069GF108991081061002501999999MD1210221+9999MW1021REMSYN076AAXX  26211 26346 41362 80201 11056 21063 40218 52022 70272 886// 333 88709;
0152263460999992000022703004+57430+027030FM-12+019399999V0201501N001010045019N0150001N1-00751-00841102551ADDGA1081+004509069GF108991081061004501999999GJ100009MD1210211+9999REMSYN076AAXX  27031 26346 /2465 81501 11075 21084 40255 52021 886// 333 55000 88715;
0138263460999992000022709004+57430+027030FM-12+019399999V0201901N002010048019N0200001N1-00481-00651102541ADDGA1081+004809069GF108991081061004501999999MD1310061+9999REMSYN070AAXX  27091 26346 42498 81902 11048 21065 40254 53006 886// 333 88716;
0166263460999992000022715004+57430+027030FM-12+019399999V0202001N003010036019N0120001N1+00021-00281102361ADDAY171031AY221031GA1081+003609069GF108991081061004501999999MD1710101+9999MW1021REMSYN076AAXX  27151 26346 41462 82003 10002 21028 40236 57010 70272 886// 333 88712;
0112263460999992000022721004+57430+027030FM-12+019399999V0202001N002012200019N0500001N1+00111+00031102121ADDGF102991021071004501001001MD1710151+9999REMSYN060AAXX  27211 26346 42499 22002 10011 20003 40212 57015 82700;
0166263460999992000022803004+57430+027030FM-12+019399999V0202101N005019999999N0500001N1+00181-00071101531ADDAA199000091GF105991001001999999001061GJ100489MD1710311+9999REMSYN076AAXX  28031 26346 32999 52105 10018 21007 40153 57031 80006 333 55008 91110;EQDQ01  00002PRCP99
0122263460999992000022809004+57430+027030FM-12+019399999V0202201N004010750019N0200001N1+00381-00311101131ADDGF106991011071004501001071MD1610161+9999REMSYN070AAXX  28091 26346 42498 62204 10038 21031 40113 56016 81707 333 91110;
0139263460999992000022815004+57430+027030FM-12+019399999V0202201N006019999999N0200001N1+00561-00391100651ADDGF106991061001999999071001MD1810301+9999OA140101201REMSYN076AAXX  28151 26346 42998 62206 10056 21039 40065 58030 86070 333 91012 91112;
0149263460999992000022821004+57430+027030FM-12+019399999V0202301N006012200019N0500001N1+00571-00271100431ADDGA1001+999999999GF100991001001999999001001MD1710121+9999OA140101201REMSYN070AAXX  28211 26346 42999 02306 10057 21027 40043 57012 333 91012 91113;
0186263460999992000022903004+57430+027030FM-12+019399999V0202401N005010033019N0070001N1+00511-00021100281ADDAY151031AY221031GA1081+003309079GF108991081071004501999999GJ102589MD1710051+9999MW1511REMSYN088AAXX  29031 26346 /1457 82405 10051 21002 40028 57005 75152 887// 333 55043 88711 91112;
0189263460999992000022909004+57430+027030FM-12+019399999V0202801N006010096019N0200001N1+00411-00141100671ADDAY181031AY221031GA1081+009609089GF108991081071008001999999MD1210271+9999MW1031OA140101201REMSYN088AAXX  29091 26346 41598 82806 10041 21014 40067 52027 70382 887// 333 88832 91012 91113;
0122263460999992000022915004+57430+027030FM-12+019399999V0202601N003012200019N0200001N1+00501-00481101011ADDGF106991021011012501001011MD1210091+9999REMSYN070AAXX  29151 26346 42698 62603 10050 21048 40101 52009 82101 333 91113;
0122263460999992000022921004+57430+027030FM-12+019399999V0202101N002012200019N0500001N1+00151-00261101121ADDGA1001+999999999GF100991001001999999001001MD1110021+9999REMSYN054AAXX  29211 26346 42999 02102 10015 21026 40112 51002;
0162263460999992000030103004+57430+027030FM-12+019399999V0202001N003012200019N0500001N1+00081-00061100601ADDAA199000091GA1001+999999999GF100991001001999999001001MD1710381+9999REMSYN064AAXX  01031 26346 32999 02003 10008 21006 40060 57038 333 55039;EQDQ01  00002PRCP99
0185263460999992000030109004+57430+027030FM-12+019399999V0201601N002010012019N0110001N1+00171+00031099841ADDAY161031AY251031GA1071+001209069GF108991999071001501021999MD1710381+9999MW1611REMSYN076AAXX  01091 26346 41261 81602 10017 20003 49984 57038 76165 8872/ 333 87704;EQDQ01+000082SCOTLC
