0186284280999992000121306004+56500+056130FM-12+014299999V0201401N001010042019N0010001N1-00631-00751102371ADDAA100000591AY121061AY221061GF108991081061004501999999KA1120N-00671MD1410001+9999MW1101REMSYN088AAXX  13061 28428 11494 81401 11063 21075 40237 54000 69950 71022 886// 333 21067 93620;
0140284280999992000121309004+56500+056130FM-12+014299999V0201401N001010042019N0060001N1-00571-00681102301ADDAY121031AY221031GF108991081051004501999999MD1710061+9999MW1101REMSYN066AAXX  13091 28428 41456 81401 11057 21068 40230 57006 71022 885//;
0133284280999992000121312004+56500+056130FM-12+014299999V0209999C000010042019N0160001N1-00581-00691102211ADDGF108991081051004501999999MA1999999100301MD1710091+9999REMSYN066AAXX  13121 28428 42466 80000 11058 21069 30030 40221 57009 885//;
0165284280999992000121315004+56500+056130FM-12+014299999V0209999C000010042019N0150001N1-00591-00631102121ADDAA199000091GF108991081051004501999999KA1999M-00551MD1710101+9999REMSYN070AAXX  13151 28428 32465 80000 11059 21063 40212 57010 885// 333 11055;EQDQ01  00002PRCP99
0165284280999992000121318004+56500+056130FM-12+014299999V0200901N001010021019N0130001N1-00581-00651101971ADDAA199000091GF108991081051002501999999KA1999M-00551MD1710141+9999REMSYN070AAXX  13181 28428 32363 80901 11058 21065 40197 57014 885// 333 11055;EQDQ01  00002PRCP99
0112284280999992000121321004+56500+056130FM-12+014299999V0200501N001010021019N0140001N1-00571-00641101781ADDGF108991081051002501999999MD1710181+9999REMSYN060AAXX  13211 28428 42364 80501 11057 21064 40178 57018 885//;
0133284280999992000121400004+56500+056130FM-12+014299999V0200701N001010042019N0190001N1-00561-00631101631ADDGF108991081051004501999999MA1999999099731MD1710151+9999REMSYN066AAXX  14001 28428 42469 80701 11056 21063 39973 40163 57015 885//;
0173284280999992000121403004+56500+056130FM-12+014299999V0209999C000010042019N0070001N1-00601-00641101441ADDAJ100199199999999AY171031AY221031GF108991081001004501021999IA1239MD1710191+9999MW1711REMSYN076AAXX  14031 28428 /1457 80000 11060 21064 40144 57019 77172 8802/ 333 47019;
0180284280999992000121406004+56500+056130FM-12+014299999V0209999C000010042019N0020001N1-00581-00581101351ADDAA100000791AY171061AY221061GF108991081001004501021999KA1999N-00611MD1710081+9999MW1711REMSYN082AAXX  14061 28428 11495 80000 11058 21058 40135 57008 69900 77172 8802/ 333 21061;
0140284280999992000121409004+56500+056130FM-12+014299999V0201801N003010042019N0039001N1-00601-00601101381ADDAY171031AY221031GF108991081001004501021999MD1310021+9999MW1711REMSYN066AAXX  14091 28428 41439 81803 11060 21060 40138 53002 77172 8802/;
0161284280999992000121412004+56500+056130FM-12+014299999V0201801N002010042019N0041001N1-00721-00721101191ADDAY171061AY221061GF108991081001004501021999MA1999999099291MD1810191+9999MW1711REMSYN072AAXX  14121 28428 41441 81802 11072 21072 39929 40119 58019 77172 8802/;
0163284280999992000121415004+56500+056130FM-12+014299999V0201801N002010042019N0240001N1-00711+99999101161ADDAY171031AY221031GF108991081051004501999999KA1999M-00481MD1710031+9999MW1021REMSYN076AAXX  14151 28428 /1474 81802 11071 21024 40116 57003 70272 885// 333 11048;
0180284280999992000121418004+56500+056130FM-12+014299999V0201801N002010042019N0038001N1-00691-00811101121ADDAA100002091AY171061AY221061GF108991081001004501021999KA1999M-00481MD1710041+9999MW1731REMSYN082AAXX  14181 28428 11438 81802 11069 21081 40112 57004 60020 77372 8802/ 333 11048;
0140284280999992000121421004+56500+056130FM-12+014299999V0201801N002010042019N0048001N1-00681-00761101091ADDAY171031AY221031GF108991081001004501021999MD1710031+9999MW1711REMSYN066AAXX  14211 28428 41448 81802 11068 21076 40109 57003 77172 8802/;
0161284280999992000121500004+56500+056130FM-12+014299999V0201801N002010042019N0100001N1-00671-00751101051ADDAY171061AY221061GF108991081001004501021999MA1999999099141MD1710051+9999MW1711REMSYN072AAXX  15001 28428 41460 81802 11067 21075 39914 40105 57005 77172 8802/;
0173284280999992000121503004+56500+056130FM-12+014299999V0201401N001019999999N0110001N1-00851-00961101011ADDAJ100209199999999AY171031AY221031GF108991081001999999071999IA1239MD1710041+9999MW1711REMSYN076AAXX  15031 28428 /1961 81401 11085 21096 40101 57004 77172 8807/ 333 47020;
0180284280999992000121506004+56500+056130FM-12+014299999V0209999C000019999999N0070001N1-00781-00841100991ADDAA100000591AY171061AY221061GF108991081001999999071999KA1999N-00861MD1710021+9999MW1711REMSYN082AAXX  15061 28428 11957 80000 11078 21084 40099 57002 69940 77172 8807/ 333 21086;
0140284280999992000121509004+56500+056130FM-12+014299999V0209999C000019999999N0080001N1-00671-00751100961ADDAY171031AY221031GF108991081001999999071999MD1710021+9999MW1711REMSYN066AAXX  15091 28428 41958 80000 11067 21075 40096 57002 77172 8807/;
0161284280999992000121512004+56500+056130FM-12+014299999V0201101N001019999999N0080001N1-00661-00781100911ADDAY171061AY221061GF108991081001999999071999MA1999999099011MD1710051+9999MW1711REMSYN072AAXX  15121 28428 41958 81101 11066 21078 39901 40091 57005 77172 8807/;
0163284280999992000121515004+56500+056130FM-12+014299999V0200901N001019999999N0240001N1-00641-00761100901ADDAY171031AY221031GF108991081001999999071999KA1999M-00581MD1710011+9999MW1021REMSYN076AAXX  15151 28428 /1974 80901 11064 21076 40090 57001 70272 8807/ 333 11058;
0152284280999992000121518004+56500+056130FM-12+014299999V0200901N001019999999N0280001N1-00601-00711100911ADDAA112000191GF108991081001999999071999KA1999M-00581MD1310011+9999REMSYN076AAXX  15181 28428 12978 80901 11060 21071 40091 53001 69922 8807/ 333 11058;
0112284280999992000121521004+56500+056130FM-12+014299999V0200701N002019999999N0290001N1-00561-00701100891ADDGF108991081001999999071999MD1810011+9999REMSYN060AAXX  15211 28428 42979 80702 11056 21070 40089 58001 8807/;
0133284280999992000121600004+56500+056130FM-12+014299999V0200701N002019999999N0280001N1-00521-00621100841ADDGF108991081001999999071999MA1999999098961MD1710041+9999REMSYN066AAXX  16001 28428 42978 80702 11052 21062 39896 40084 57004 8807/;
0175284280999992000121603004+56500+056130FM-12+014299999V0200701N002019999999N0280001N1-00501-00571100741ADDAA199000091AJ100229199999999GF108991081001999999071999IA1239MD1710101+9999REMSYN070AAXX  16031 28428 32978 80702 11050 21057 40074 57010 8807/ 333 47022;EQDQ01  00002PRCP99
0174284280999992000121606004+56500+056130FM-12+014299999V0200701N002019999999N0043001N1-00411-00461100761ADDAA199000021AY171061AY221061GF108991081001999999071999KA1999N-00651MD1310011+9999MW1711REMSYN076AAXX  16061 28428 31943 80702 11041 21046 40076 53001 77172 8807/ 333 21065;
0140284280999992000121609004+56500+056130FM-12+014299999V0200701N002019999999N0030001N1-00261-00291100651ADDAY171031AY221031GF108991081001999999071999MD1810081+9999MW1731REMSYN066AAXX  16091 28428 41930 80702 11026 21029 40065 58008 77372 8807/;
0161284280999992000121612004+56500+056130FM-12+014299999V0200901N002019999999N0034001N1-00171-00171100621ADDAY171061AY221061GF108991081001999999071999MA1999999098761MD1710021+9999MW1731REMSYN072AAXX  16121 28428 41934 80902 11017 21017 39876 40062 57002 77372 8807/;
0163284280999992000121615004+56500+056130FM-12+014299999V0201801N002010042019N0030001N1-00151-00151100621ADDAY171031AY221031GF108991081001004501021999KA1999M-00121MD1410001+9999MW1731REMSYN076AAXX  16151 28428 /1430 81802 11015 21015 40062 54000 77372 8802/ 333 11012;
0180284280999992000121618004+56500+056130FM-12+014299999V0201801N002010042019N0030001N1-00091-00091100611ADDAA100004191AY171061AY221061GF108991081001004501021999KA1999M-00121MD1410001+9999MW1731REMSYN082AAXX  16181 28428 11430 81802 11009 21009 40061 54000 60040 77372 8802/ 333 11012;
0140284280999992000121621004+56500+056130FM-12+014299999V0201801N001010042019N0030001N1-00111-00111100651ADDAY171031AY221031GF108991081001004501021999MD1210031+9999MW1731REMSYN066AAXX  16211 28428 41430 81801 11011 21011 40065 52003 77372 8802/;
0161284280999992000121700004+56500+056130FM-12+014299999V0202001N001010042019N0043001N1-00111-00111100761ADDAY171061AY221061GF108991081001004501021999MA1999999098911MD1210111+9999MW1731REMSYN072AAXX  17001 28428 41443 82001 11011 21011 39891 40076 52011 77372 8802/;
0173284280999992000121703004+56500+056130FM-12+014299999V0202501N002010042019N0070001N1-00301-00301100891ADDAJ100289199999999AY171031AY221031GF108991081001004501021999IA1239MD1210111+9999MW1711REMSYN076AAXX  17031 28428 /1457 82502 11030 21030 40089 52011 77172 8802/ 333 47028;
0199284280999992000121706004+56500+056130FM-12+014299999V0202301N002010021019N0050001N1-00381-00431101031ADDAA100003091AY171061AY221061GF108991081061002501999999KA1999N+99999MD1210141+9999MW1101REMSYN082AAXX  17061 28428 11350 82302 11038 21043 40103 52014 60030 71072 886// 333 21031;EQDQ01 -00312ATMN  
0140284280999992000121709004+56500+056130FM-12+014299999V0201801N002010021019N0042001N1-00381-00431101031ADDAY121031AY221031GF108991081061002501999999MD1410001+9999MW1101REMSYN066AAXX  17091 28428 41342 81802 11038 21043 40103 54000 71022 886//;
0133284280999992000121712004+56500+056130FM-12+014299999V0200501N001010042019N0110001N1-00361-00501101011ADDGF108991081051004501999999MA1999999099141MD1710021+9999REMSYN066AAXX  17121 28428 42461 80501 11036 21050 39914 40101 57002 885//;
0135284280999992000121715004+56500+056130FM-12+014299999V0200501N002010042019N0130001N1-00251-00341100921ADDGF108991081051004501999999KA1999M-00241MD1710081+9999REMSYN070AAXX  17151 28428 /2463 80502 11025 21034 40092 57008 885// 333 11024;
0112284280999992000121721004+56500+056130FM-12+014299999V0200901N003010042019N0300001N1-00131-00271100701ADDGF108991081051004501999999MD1710091+9999REMSYN060AAXX  17211 28428 42480 80903 11013 21027 40070 57009 885//;
0141284280999992000121800004+56500+056130FM-12+014299999V0200901N004010042019N0044001N1-00071-00171100571ADDAY171061AY221061GF108991081001004501021999MA1999999098731MW1731REMSYN066AAXX  18001 28428 41444 80904 11007 21017 39873 40057 77372 8802/;
0173284280999992000121803004+56500+056130FM-12+014299999V0200901N004010042019N0032001N1-00161-00211100501ADDAJ100309199999999AY171031AY221031GF108991081001004501021999IA1239MD1710081+9999MW1731REMSYN076AAXX  18031 28428 /1432 80904 11016 21021 40050 57008 77372 8802/ 333 47030;
0180284280999992000121806004+56500+056130FM-12+014299999V0200901N003010042019N0037001N1-00161-00241100441ADDAA100004191AY171061AY221061GF108991081001004501021999KA1999N-00261MD1710061+9999MW1711REMSYN082AAXX  18061 28428 11437 80903 11016 21024 40044 57006 60040 77172 8802/ 333 21026;
0140284280999992000121809004+56500+056130FM-12+014299999V0200901N003010042019N0020001N1-00121-00191100371ADDAY171031AY221031GF108991081001004501021999MD1710071+9999MW1731REMSYN066AAXX  18091 28428 41495 80903 11012 21019 40037 57007 77372 8802/;
0161284280999992000121812004+56500+056130FM-12+014299999V0200901N002010042019N0035001N1-00151-00201100371ADDAY171061AY221061GF108991081001004501021999MA1999999098521MD1410001+9999MW1731REMSYN072AAXX  18121 28428 41435 80902 11015 21020 39852 40037 54000 77372 8802/;
0163284280999992000121815004+56500+056130FM-12+014299999V0200701N002010042019N0025001N1-00221-00281100511ADDAY171031AY221031GF108991081001004501021999KA1999M-00041MD1210131+9999MW1731REMSYN076AAXX  18151 28428 /1425 80702 11022 21028 40051 52013 77372 8802/ 333 11004;
0180284280999992000121818004+56500+056130FM-12+014299999V0200901N002010021019N0023001N1-00311-00381100621ADDAA100007991AY171061AY221061GF108991081001002501021999KA1999M-00041MD1210101+9999MW1731REMSYN082AAXX  18181 28428 11323 80902 11031 21038 40062 52010 60080 77372 8802/ 333 11004;
0140284280999992000121821004+56500+056130FM-12+014299999V0200501N002010021019N0034001N1-00381-00461100751ADDAY171031AY221031GF108991081001002501021999MD1210131+9999MW1731REMSYN066AAXX  18211 28428 41334 80502 11038 21046 40075 52013 77372 8802/;
0161284280999992000121900004+56500+056130FM-12+014299999V0200501N002010042019N0230001N1+99999+99999100931ADDAY171061AY221061GF108991081051004501999999MA1999999099051MD1210171+9999MW1021REMSYN072AAXX  19001 28428 41473 80502 11948 21061 39905 40093 52017 70272 885//;
0145284280999992000121903004+56500+056130FM-12+014299999V0200201N002010042019N0250001N1-00551-00691101021ADDAJ100409199999999GF108991081051004501999999IA1239MD1210081+9999REMSYN070AAXX  19031 28428 /2475 80202 11055 21069 40102 52008 885// 333 47040;
0171284280999992000121906004+56500+056130FM-12+014299999V0200201N002010042019N0270001N1-00621-00741101111ADDAA100004191GF108991081051004501999999KA1999N+99999MD1210081+9999REMSYN076AAXX  19061 28428 12477 80202 11062 21074 40111 52008 60040 885// 333 21056;EQDQ01 -00562ATMN  
0112284280999992000121909004+56500+056130FM-12+014299999V0200501N002010042019N0260001N1-00501-00631101231ADDGF108991081051004501999999MD1210131+9999REMSYN060AAXX  19091 28428 42476 80502 11050 21063 40123 52013 885//;
0161284280999992000121912004+56500+056130FM-12+014299999V0200501N001010042019N0037001N1-00341-00451101221ADDAY171061AY221061GF108991081001004501021999MA1999999099351MD1210011+9999MW1711REMSYN072AAXX  19121 28428 41437 80501 11034 21045 39935 40122 52001 77172 8802/;
0163284280999992000121915004+56500+056130FM-12+014299999V0202301N003010042019N0047001N1-00411-00501101401ADDAY171031AY221031GF108991081001004501021999KA1999M-00291MD1210161+9999MW1711REMSYN076AAXX  19151 28428 /1447 82303 11041 21050 40140 52016 77172 8802/ 333 11029;
0180284280999992000121918004+56500+056130FM-12+014299999V0202301N005010042019N0049001N1-00611-00761101511ADDAA100000591AY181061AY271061GF106991061091004501001001KA1999M-00291MD1210101+9999MW1851REMSYN082AAXX  19181 28428 11449 62305 11061 21076 40151 52010 69950 78587 86900 333 11029;
0140284280999992000121921004+56500+056130FM-12+014299999V0201801N003010042019N0160001N1-00721-00891101601ADDAY181031AY221031GF108991081051004501999999MD1210081+9999MW1021REMSYN066AAXX  19211 28428 41466 81803 11072 21089 40160 52008 70282 885//;
0161284280999992000122000004+56500+056130FM-12+014299999V0200901N001010042019N0042001N1-00671-00791101581ADDAY181061AY271061GF108991081001004501021999MA1999999099681MD1810011+9999MW1711REMSYN072AAXX  20001 28428 41442 80901 11067 21079 39968 40158 58001 77187 8802/;
0173284280999992000122003004+56500+056130FM-12+014299999V0201801N004010042019N0044001N1-00361-00471101461ADDAJ100389199999999AY171031AY221031GF108991081001004501021999IA1239MD1710101+9999MW1711REMSYN076AAXX  20031 28428 /1444 81804 11036 21047 40146 57010 77172 8802/ 333 47038;
0180284280999992000122006004+56500+056130FM-12+014299999V0201801N006010042019N0130001N1-00131-00271101451ADDAA100000591AY171061AY221061GF108991081001004501021999KA1999N-00741MD1410001+9999MW1711REMSYN082AAXX  20061 28428 11463 81806 11013 21027 40145 54000 69940 77172 8802/ 333 21074;
0140284280999992000122009004+56500+056130FM-12+014299999V0201801N006010042019N0030001N1-00211-00331101431ADDAY171031AY221031GF108991081001004501021999MD1710031+9999MW1731REMSYN066AAXX  20091 28428 41430 81806 11021 21033 40143 57003 77372 8802/;
0161284280999992000122012004+56500+056130FM-12+014299999V0201801N006010042019N0030001N1-00211-00331101291ADDAY171061AY221061GF108991081001004501021999MA1999999099431MD1710121+9999MW1731REMSYN072AAXX  20121 28428 41430 81806 11021 21033 39943 40129 57012 77372 8802/;
0163284280999992000122015004+56500+056130FM-12+014299999V0201801N006010042019N0049001N1-00261-00421101301ADDAY171031AY221031GF108991081001004501021999KA1999M-00051MD1310011+9999MW1731REMSYN076AAXX  20151 28428 /1449 81806 11026 21042 40130 53001 77372 8802/ 333 11005;
0180284280999992000122018004+56500+056130FM-12+014299999V0202301N005010042019N0048001N1-00521-00731101371ADDAA100000591AY171061AY221061GF108991081001004501021999KA1999M-00051MD1210041+9999MW1731REMSYN082AAXX  20181 28428 11448 82305 11052 21073 40137 52004 69940 77372 8802/ 333 11005;
0140284280999992000122021004+56500+056130FM-12+014299999V0202701N003010042019N0160001N1-00801-01121101541ADDAY171031AY221031GF108991081051004501999999MD1210141+9999MW1021REMSYN066AAXX  20211 28428 41466 82703 11080 21112 40154 52014 70272 885//;
0161284280999992000122100004+56500+056130FM-12+014299999V0202301N003010042019N0049001N1-00861-01141101591ADDAY171061AY221061GF108991081001004501021999MA1999999099671MD1210051+9999MW1711REMSYN072AAXX  21001 28428 41449 82303 11086 21114 39967 40159 52005 77172 8802/;
0127284280999992000122103004+56500+056130FM-12+014299999V0202301N002019999999N0048001N1-00941-01241101621ADDGF108991999999004501999999MD1210021+9999REMSYN075AAXX  21031 28428 /1448 82302 11094 21124 40162 52002 7717 8802/ 333 47040;
0180284280999992000122106004+56500+056130FM-12+014299999V0201801N003010042019N0110001N1-00981-01241101671ADDAA100000391AY171061AY221061GF108991081001004501021999KA1999N-00951MD1210041+9999MW1711REMSYN082AAXX  21061 28428 11461 81803 11098 21124 40167 52004 69930 77172 8802/ 333 21095;
0140284280999992000122109004+56500+056130FM-12+014299999V0202301N003019999999N0140001N1-00951-01251101741ADDAY171031AY221031GF108991081001999999071999MD1210081+9999MW1711REMSYN066AAXX  21091 28428 41964 82303 11095 21125 40174 52008 77172 8807/;
0161284280999992000122112004+56500+056130FM-12+014299999V0201801N002019999999N0150001N1-01211-01411101791ADDAY171061AY221061GF108991081001999999071999MA1999999099841MD1210031+9999MW1021REMSYN072AAXX  21121 28428 41965 81802 11121 21141 39984 40179 52003 70272 8807/;
0163284280999992000122115004+56500+056130FM-12+014299999V0201601N001019999999N0030001N1-01361-01491101871ADDAY171031AY221031GF108991081001999999071999KA1999M-00881MD1210071+9999MW1711REMSYN076AAXX  21151 28428 /1930 81601 11136 21149 40187 52007 77172 8807/ 333 11088;
0180284280999992000122118004+56500+056130FM-12+014299999V0201101N001019999999N0033001N1-01231-01361101901ADDAA100000391AY171061AY221061GF108991081001999999071999KA1999M-00881MD1210041+9999MW1711REMSYN082AAXX  21181 28428 11933 81101 11123 21136 40190 52004 69930 77172 8807/ 333 11088;
0140284280999992000122121004+56500+056130FM-12+014299999V0209999C000019999999N0035001N1-01111-01241101911ADDAY171031AY221031GF108991081001999999071999MD1210021+9999MW1711REMSYN066AAXX  21211 28428 41935 80000 11111 21124 40191 52002 77172 8807/;
0161284280999992000122200004+56500+056130FM-12+014299999V0201801N001010042019N0037001N1-01091-01211101951ADDAY171061AY221061GF108991081001004501021999MA1999999100001MD1210031+9999MW1711REMSYN072AAXX  22001 28428 41437 81801 11109 21121 30000 40195 52003 77172 8802/;
0173284280999992000122203004+56500+056130FM-12+014299999V0202901N001010042019N0037001N1-01031-01161101971ADDAJ100419199999999AY171031AY221031GF108991081001004501021999IA1239MD1210031+9999MW1711REMSYN076AAXX  22031 28428 /1437 82901 11103 21116 40197 52003 77172 8802/ 333 47041;
0180284280999992000122206004+56500+056130FM-12+014299999V0209999C000010042019N0060001N1-01061-01191101981ADDAA100000191AY171061AY221061GF108991081001004501021999KA1999N-01391MD1210011+9999MW1711REMSYN082AAXX  22061 28428 11456 80000 11106 21119 40198 52001 69920 77172 8802/ 333 21139;
0140284280999992000122209004+56500+056130FM-12+014299999V0200501N001010042019N0140001N1-01021-01151101871ADDAY171031AY221031GF108991081051004501999999MD1810011+9999MW1021REMSYN066AAXX  22091 28428 41464 80501 11102 21115 40187 58001 70272 885//;
0161284280999992000122212004+56500+056130FM-12+014299999V0200501N002010042019N0130001N1-01041-01171101651ADDAY171061AY221061GF108991081051004501999999MA1999999099711MD1710221+9999MW1021REMSYN072AAXX  22121 28428 41463 80502 11104 21117 39971 40165 57022 70272 885//;
0135284280999992000122215004+56500+056130FM-12+014299999V0200501N002010042019N0130001N1-00951-01111101371ADDGF108991081051004501999999KA1999M-00951MD1710261+9999REMSYN070AAXX  22151 28428 /2463 80502 11095 21111 40137 57026 885// 333 11095;
0199284280999992000122218004+56500+056130FM-12+014299999V0200501N003010042019N0034001N1-00891-01041101071ADDAA100000391AY171061AY221061GF108991081001004501021999KA1999M+99999MD1710301+9999MW1731REMSYN082AAXX  22181 28428 11434 80503 11089 21104 40107 57030 69930 77372 8802/ 333 11095;EQDQ01 -00952ATMX  
0140284280999992000122221004+56500+056130FM-12+014299999V0200501N004010042019N0032001N1-00821-00921100761ADDAY171031AY221031GF108991081001004501021999MD1710291+9999MW1731REMSYN066AAXX  22211 28428 41432 80504 11082 21092 40076 57029 77372 8802/;
0161284280999992000122300004+56500+056130FM-12+014299999V0200501N003010042019N0060001N1-00951-01251100541ADDAY171061AY221061GF108991081001004501021999MA1999999098631MD1710231+9999MW1711REMSYN072AAXX  23001 28428 41456 80503 11095 21125 39863 40054 57023 77172 8802/;
0173284280999992000122303004+56500+056130FM-12+014299999V0200501N004010042019N0040001N1-01291-01561100451ADDAJ100439199999999AY171031AY221031GF108991081001004501021999IA1239MD1710121+9999MW1711REMSYN076AAXX  23031 28428 /1440 80504 11129 21156 40045 57012 77172 8802/ 333 47043;
0199284280999992000122306004+56500+056130FM-12+014299999V0203601N003019999999N0060001N1-01481-01751100501ADDAA100004191AY171061AY221061GF108991081001999999071999KA1999N+99999MD1310041+9999MW1711REMSYN082AAXX  23061 28428 11956 83603 11148 21175 40050 53004 60040 77172 8807/ 333 21129;EQDQ01 -01292ATMN  
0140284280999992000122309004+56500+056130FM-12+014299999V0202701N001019999999N0110001N1-01461-01731100521ADDAY171031AY221031GF108991081001999999071999MD1210031+9999MW1711REMSYN066AAXX  23091 28428 41961 82701 11146 21173 40052 52003 77172 8807/;
0161284280999992000122312004+56500+056130FM-12+014299999V0202301N004019999999N0100001N1-01581-01851100681ADDAY171061AY221061GF108991081001999999071999MA1999999098721MD1210141+9999MW1711REMSYN072AAXX  23121 28428 41960 82304 11158 21185 39872 40068 52014 77172 8807/;
0163284280999992000122315004+56500+056130FM-12+014299999V0202001N004019999999N0060001N1-01861-02121100921ADDAY171031AY221031GF108991081001999999071999KA1999M-01291MD1210221+9999MW1711REMSYN076AAXX  23151 28428 /1956 82004 11186 21212 40092 52022 77172 8807/ 333 11129;
0180284280999992000122318004+56500+056130FM-12+014299999V0202001N003019999999N0050001N1-01841-02101100991ADDAA100002091AY171061AY221061GF108991081001999999071999KA1999M-01291MD1210071+9999MW1711REMSYN082AAXX  23181 28428 11950 82003 11184 21210 40099 52007 60020 77172 8807/ 333 11129;
0159284280999992000122321004+56500+056130FM-12+014299999V0202001N004019999999N0050001N1-01601-01871100971ADDAY171031AY221031GF108991081001999999071999MD1810021+9999MW1711REMSYN066AAXX  23211 28428 41950 82004 11160 21187 40097 58801 77172 8807/;EQDQ01+008017APC3  
0161284280999992000122400004+56500+056130FM-12+014299999V0201801N005019999999N0070001N1-01621-01881100931ADDAY171061AY221061GF108991081001999999071999MA1999999098971MD1710031+9999MW1711REMSYN072AAXX  24001 28428 41957 81805 11162 21188 39897 40093 57003 77172 8807/;
0173284280999992000122403004+56500+056130FM-12+014299999V0201801N004019999999N0060001N1-01741-01931100791ADDAJ100419199999999AY171031AY221031GF108991081001999999071999IA1239MD1710151+9999MW1711REMSYN076AAXX  24031 28428 /1956 81804 11174 21193 40079 57015 77172 8807/ 333 47041;
0180284280999992000122406004+56500+056130FM-12+014299999V0201801N001010021019N0020001N1-01601-01871100691ADDAA100000591AY171061AY221061GF108991081001002501021999KA1999N-01911MD1710091+9999MW1711REMSYN082AAXX  24061 28428 11395 81801 11160 21187 40069 57009 69940 77172 8802/ 333 21191;
0140284280999992000122409004+56500+056130FM-12+014299999V0203601N001010021019N0020001N1-01381-01581100571ADDAY171031AY221031GF108991081001002501021999MD1710101+9999MW1711REMSYN066AAXX  24091 28428 41395 83601 11138 21158 40057 57010 77172 8802/;
0161284280999992000122412004+56500+056130FM-12+014299999V0203201N002019999999N0049001N1-01601-01791100641ADDAY171061AY221061GF107991071001999999071001MA1999999098681MD1310051+9999MW1711REMSYN072AAXX  24121 28428 41949 73202 11160 21179 39868 40064 53005 77172 87070;
0173284280999992000122415004+56500+056130FM-12+014299999V0202301N001012200019N0170001N1-02181-02361100921ADDAY171031AY211031GA1001+999999999GF100991001001999999001001KA1999M-01321MD1210231+9999MW1011REMSYN070AAXX  24151 28428 41967 02301 11218 21236 40092 52023 70171 333 11132;
0190284280999992000122418004+56500+056130FM-12+014299999V0209999C000012200019N0035001N1-02441-02691101051ADDAA100001091AY171061AY211061GA1001+999999999GF100991001001999999001001KA1999M-01321MD1210101+9999MW1101REMSYN076AAXX  24181 28428 11935 00000 11244 21269 40105 52010 60010 71071 333 11132;
0149284280999992000122421004+56500+056130FM-12+014299999V0209999C000019999999N0080001N1-02401-02651999999ADDAY171031AY241031GF108991081001999999071999MD1410001+9999ME1311059MW1711REMSYN066AAXX  24211 28428 41958 80000 11240 21265 48105 54000 77174 8807/;
0161284280999992000122500004+56500+056130FM-12+014299999V0209999C000019999999N0060001N1-01961-02151100881ADDAY171061AY241061GF108991081001999999071999MA1999999098891MD1810091+9999MW1711REMSYN072AAXX  25001 28428 41956 80000 11196 21215 39889 40088 58009 77174 8807/;
0173284280999992000122503004+56500+056130FM-12+014299999V0209999C000019999999N0050001N1-01681-01871100771ADDAJ100459199999999AY171031AY221031GF108991081001999999071999IA1239MD1710091+9999MW1711REMSYN076AAXX  25031 28428 /1950 80000 11168 21187 40077 57009 77172 8807/ 333 47045;
0180284280999992000122506004+56500+056130FM-12+014299999V0209999C000019999999N0050001N1-01771-01961100721ADDAA100001091AY171061AY221061GF108991081001999999071999KA1999N-02461MD1710061+9999MW1711REMSYN082AAXX  25061 28428 11950 80000 11177 21196 40072 57006 60010 77172 8807/ 333 21246;
0140284280999992000122509004+56500+056130FM-12+014299999V0209999C000019999999N0050001N1-01511-01701100661ADDAY171031AY221031GF108991081001999999071999MD1710031+9999MW1711REMSYN066AAXX  25091 28428 41950 80000 11151 21170 40066 57003 77172 8807/;
0161284280999992000122512004+56500+056130FM-12+014299999V0209999C000010042019N0130001N1-01311-01511100631ADDAY171061AY221061GF107991071051004501001001MA1999999098891MD1710021+9999MW1021REMSYN072AAXX  25121 28428 41463 70000 11131 21151 39889 40063 57002 70272 87500;
0163284280999992000122515004+56500+056130FM-12+014299999V0209999C000010042019N0130001N1-01361-01561100631ADDAY171031AY221031GF107991071051004501001001KA1999M-01271MD1410001+9999MW1711REMSYN076AAXX  25151 28428 /1463 70000 11136 21156 40063 54000 77172 87500 333 11127;
0180284280999992000122518004+56500+056130FM-12+014299999V0203601N001010042019N0150001N1-01341-01541100631ADDAA100001091AY171061AY221061GF108991081001004501021999KA1999M-01271MD1410001+9999MW1711REMSYN082AAXX  25181 28428 11465 83601 11134 21154 40063 54000 69990 77172 8802/ 333 11127;
0140284280999992000122521004+56500+056130FM-12+014299999V0203601N001010042019N0150001N1-01301-01431100731ADDAY171031AY221031GF108991081001004501021999MD1210101+9999MW1711REMSYN066AAXX  25211 28428 41465 83601 11130 21143 40073 52010 77172 8802/;
0161284280999992000122600004+56500+056130FM-12+014299999V0201801N002010042019N0130001N1-01081-01211100841ADDAY171061AY221061GF108991081001004501021999MA1999999098921MD1210131+9999MW1711REMSYN072AAXX  26001 28428 41463 81802 11108 21121 39892 40084 52013 77172 8802/;
0173284280999992000122603004+56500+056130FM-12+014299999V0201801N001010042019N0170001N1-01021-01151100961ADDAJ100469199999999AY171031AY221031GF108991081001004501021999IA1239MD1210121+9999MW1711REMSYN076AAXX  26031 28428 /1467 81801 11102 21115 40096 52012 77172 8802/ 333 47046;
0199284280999992000122606004+56500+056130FM-12+014299999V0202301N002012200019N0040001N1-00811-00871101121ADDAA100000891AY171061AY221061GF103991999001004501021999KA1999N-01371MD1210171+9999MW1711REMSYN082AAXX  26061 28428 11440 32302 11081 21087 40112 52017 69980 77172 8802/ 333 21137;EQDQ01+000082SCOTLC
0140284280999992000122609004+56500+056130FM-12+014299999V0202701N004010042019N0060001N1-00621-00741101181ADDAY171031AY221031GF108991081001004501021999MD1210071+9999MW1711REMSYN066AAXX  26091 28428 41456 82704 11062 21074 40118 52007 77172 8802/;
0161284280999992000122612004+56500+056130FM-12+014299999V0202501N004010042019N0070001N1-00571-00751101251ADDAY171061AY221061GF108991081001004501021999MA1999999099361MD1210081+9999MW1711REMSYN072AAXX  26121 28428 41457 82504 11057 21075 39936 40125 52008 77172 8802/;
0163284280999992000122615004+56500+056130FM-12+014299999V0202001N005010042019N0070001N1-00631-00781101431ADDAY171031AY221031GF108991081001004501021999KA1999M-00531MD1210171+9999MW1711REMSYN076AAXX  26151 28428 /1457 82005 11063 21078 40143 52017 77172 8802/ 333 11053;
0180284280999992000122618004+56500+056130FM-12+014299999V0201801N004010042019N0070001N1-00791-00931101471ADDAA100000891AY171061AY221061GF108991081001004501021999KA1999M-00531MD1210021+9999MW1711REMSYN082AAXX  26181 28428 11457 81804 11079 21093 40147 52002 69980 77172 8802/ 333 11053;
0140284280999992000122621004+56500+056130FM-12+014299999V0201801N003010042019N0080001N1-00891-01001101451ADDAY171031AY221031GF108991081001004501021999MD1810031+9999MW1711REMSYN066AAXX  26211 28428 41458 81803 11089 21100 40145 58003 77172 8802/;
0161284280999992000122700004+56500+056130FM-12+014299999V0201801N003010042019N0080001N1-00961-01041101331ADDAY171061AY221061GF108991081001004501021999MA1999999099411MD1710111+9999MW1711REMSYN072AAXX  27001 28428 41458 81803 11096 21104 39941 40133 57011 77172 8802/;
0173284280999992000122703004+56500+056130FM-12+014299999V0200501N002010042019N0080001N1-01031-01161101241ADDAJ100479199999999AY171031AY221031GF108991081001004501021999IA1239MD1710091+9999MW1711REMSYN076AAXX  27031 28428 /1458 80502 11103 21116 40124 57009 77172 8802/ 333 47047;
0180284280999992000122706004+56500+056130FM-12+014299999V0200501N002019999999N0070001N1-01061-01191101231ADDAA100001091AY171061AY221061GF108991081001999999071999KA1999N-01061MD1710011+9999MW1711REMSYN082AAXX  27061 28428 11957 80502 11106 21119 40123 57001 60010 77172 8807/ 333 21106;
0140284280999992000122709004+56500+056130FM-12+014299999V0200201N001019999999N0050001N1-00921-01121101281ADDAY171031AY221031GF108991081001999999071999MD1310051+9999MW1711REMSYN066AAXX  27091 28428 41950 80201 11092 21112 40128 53005 77172 8807/;
0161284280999992000122712004+56500+056130FM-12+014299999V0203201N001012200019N0050001N1-01281-01411101461ADDAY171061AY211061GF101991001001999999001011MA1999999099501MD1210141+9999MW1101REMSYN072AAXX  27121 28428 41950 13201 11128 21141 39950 40146 52014 71071 80001;
0163284280999992000122715004+56500+056130FM-12+014299999V0203601N003010042019N0060001N1-01021-01151101621ADDAY121031AY221031GF108991081051004501999999KA1999M-00901MD1210181+9999MW1101REMSYN076AAXX  27151 28428 /1456 83603 11102 21115 40162 52018 71022 885// 333 11090;
0180284280999992000122718004+56500+056130FM-12+014299999V0203601N002010042019N0070001N1-01051-01181101781ADDAA100000391AY121061AY221061GF108991081051004501999999KA1999M-00901MD1210161+9999MW1101REMSYN082AAXX  27181 28428 11457 83602 11105 21118 40178 52016 69930 71022 885// 333 11090;
0140284280999992000122721004+56500+056130FM-12+014299999V0203601N002010042019N0070001N1-01081-01211101971ADDAY121031AY221031GF108991081051004501999999MD1210181+9999MW1101REMSYN066AAXX  27211 28428 41457 83602 11108 21121 40197 52018 71022 885//;
0133284280999992000122800004+56500+056130FM-12+014299999V0203601N002010042019N0130001N1-01121-01321102071ADDGF108991081051004501999999MA1999999100121MD1210101+9999REMSYN066AAXX  28001 28428 42463 83602 11112 21132 30012 40207 52010 885//;
0175284280999992000122803004+56500+056130FM-12+014299999V0200501N003010042019N0190001N1-01131-01331102151ADDAA199000091AJ100489199999999GF108991081051004501999999IA1239MD1210081+9999REMSYN070AAXX  28031 28428 32469 80503 11113 21133 40215 52008 885// 333 47048;EQDQ01  00002PRCP99
0165284280999992000122806004+56500+056130FM-12+014299999V0200501N003010042019N0180001N1-01171-01371102201ADDAA199000091GF108991081051004501999999KA1999N-01141MD1210041+9999REMSYN070AAXX  28061 28428 32468 80503 11117 21137 40220 52004 885// 333 21114;EQDQ01  00002PRCP99
0112284280999992000122809004+56500+056130FM-12+014299999V0200501N004010042019N0160001N1-01211-01411102101ADDGF108991081051004501999999MD1810101+9999REMSYN060AAXX  28091 28428 42466 80504 11121 21141 40210 58010 885//;
0133284280999992000122812004+56500+056130FM-12+014299999V0200501N005010042019N0160001N1-01381-01651102021ADDGF108991081051004501999999MA1999999100041MD1710101+9999REMSYN066AAXX  28121 28428 42466 80505 11138 21165 30004 40202 57010 885//;
0165284280999992000122815004+56500+056130FM-12+014299999V0200501N005010042019N0200001N1-01401-01671101941ADDAA199000091GF108991081051004501999999KA1999M-01131MD1710061+9999REMSYN070AAXX  28151 28428 32470 80505 11140 21167 40194 57006 885// 333 11113;EQDQ01  00002PRCP99
0174284280999992000122818004+56500+056130FM-12+014299999V0200201N004010042019N0130001N1-01361-01711101801ADDAA199000021AY171061AY221061GF108991081001004501021999KA1999M-01131MD1710141+9999MW1711REMSYN076AAXX  28181 28428 31463 80204 11136 21171 40180 57014 77172 8802/ 333 11113;
0150284280999992000122821004+56500+056130FM-12+014299999V0200501N005012200019N0200001N1-01371-01641101791ADDAY171031AY211031GA1001+999999999GF100991001001999999001001MD1710011+9999MW1011REMSYN060AAXX  28211 28428 41970 00505 11137 21164 40179 57001 70171;
0171284280999992000122900004+56500+056130FM-12+014299999V0200501N005012200019N0250001N1-01421-01771101851ADDAY171061AY211061GA1001+999999999GF100991001001999999001001MA1999999099891MD1310061+9999MW1021REMSYN066AAXX  29001 28428 41975 00505 11142 21177 39989 40185 53006 70271;
0155284280999992000122903004+56500+056130FM-12+014299999V0200501N003012200019N0250001N1-01451-01721101931ADDAJ100449199999999GA1001+999999999GF100991001001999999001001IA1239MD1210081+9999REMSYN064AAXX  29031 28428 /2975 00503 11145 21172 40193 52008 333 47044;
0181284280999992000122906004+56500+056130FM-12+014299999V0200501N004012200019N0260001N1-01641-01901102171ADDAA100000791GA1001+999999999GF100991001001999999001001KA1999N+99999MD1210211+9999REMSYN070AAXX  29061 28428 12976 00504 11164 21190 40217 52021 69900 333 21146;EQDQ01 -01462ATMN  
0122284280999992000122909004+56500+056130FM-12+014299999V0200501N005012200019N0290001N1-01501-01841102261ADDGA1001+999999999GF100991001001999999001001MD1210101+9999REMSYN054AAXX  29091 28428 42979 00505 11150 21184 40226 52010;
0143284280999992000122912004+56500+056130FM-12+014299999V0200501N002012200019N0290001N1-01461-01811102351ADDGA1001+999999999GF100991001001999999001001MA1999999100371MD1210091+9999REMSYN060AAXX  29121 28428 42979 00502 11146 21181 30037 40235 52009;
0175284280999992000122915004+56500+056130FM-12+014299999V0200501N003012200019N0250001N1-01621-01881102441ADDAA199000091GA1001+999999999GF100991001001999999001001KA1999M-01371MD1210081+9999REMSYN064AAXX  29151 28428 32975 00503 11162 21188 40244 52008 333 11137;EQDQ01  00002PRCP99
0165284280999992000122918004+56500+056130FM-12+014299999V0200501N003010075019N0180001N1-01491-01761102461ADDAA199000091GF108991081051008001999999KA1999M-01371MD1210031+9999REMSYN070AAXX  29181 28428 32568 80503 11149 21176 40246 52003 885// 333 11137;EQDQ01  00002PRCP99
0112284280999992000122921004+56500+056130FM-12+014299999V0200501N002010075019N0250001N1-01271-01541102411ADDGF108991081051008001999999MD1810041+9999REMSYN060AAXX  29211 28428 42575 80502 11127 21154 40241 58004 885//;
0133284280999992000123000004+56500+056130FM-12+014299999V0200901N002010075019N0200001N1-00961-01081102181ADDGF108991081051008001999999MA1999999100241MD1710201+9999REMSYN066AAXX  30001 28428 42570 80902 11096 21108 30024 40218 57020 885//;
0173284280999992000123003004+56500+056130FM-12+014299999V0200901N003010042019N0100001N1-00621-00741101861ADDAJ100429199999999AY171031AY221031GF108991081001004501021999IA1239MD1710281+9999MW1711REMSYN076AAXX  30031 28428 /1460 80903 11062 21074 40186 57028 77172 8802/ 333 47042;
0180284280999992000123006004+56500+056130FM-12+014299999V0201101N001010042019N0020001N1-00291-00331101691ADDAA100000591AY171061AY221061GF108991081001004501021999KA1999N-01761MD1710151+9999MW1731REMSYN082AAXX  30061 28428 11495 81101 11029 21033 40169 57015 69940 77372 8802/ 333 21176;
0140284280999992000123009004+56500+056130FM-12+014299999V0201801N002010042019N0035001N1-00141-00141101591ADDAY171031AY221031GF108991081001004501021999MD1710091+9999MW1731REMSYN066AAXX  30091 28428 41435 81802 11014 21014 40159 57009 77372 8802/;
0167284280999992000123012004+56500+056130FM-12+014299999V0201801N002010012019N0020001N1+00011+00011101571ADDAY171061AY251061GF108991081061001501999999MA1999999099711MD1710011+9999MW1571REMSYN078AAXX  30121 28428 41295 81802 10001 20001 39971 40157 57001 75775 886// 93400;
0163284280999992000123015004+56500+056130FM-12+014299999V0201801N004010012019N0020001N1+00061+00061101731ADDAY171031AY251031GF108991081061001501999999KA1999M+00041MD1310161+9999MW1571REMSYN076AAXX  30151 28428 /1295 81804 10006 20006 40173 53016 75775 886// 333 10004;
0180284280999992000123018004+56500+056130FM-12+014299999V0201801N004010012019N0020001N1+00081+00081101921ADDAA100005191AY171061AY251061GF108991081061001501999999KA1999M+00041MD1210181+9999MW1571REMSYN082AAXX  30181 28428 11295 81804 10008 20008 40192 52018 60050 75775 886// 333 10004;
0140284280999992000123021004+56500+056130FM-12+014299999V0201801N003010042019N0050001N1+00041+00041101921ADDAY171031AY251031GF108991081051004501999999MD1410001+9999MW1021REMSYN066AAXX  30211 28428 41450 81803 10004 20004 40192 54000 70275 885//;
0161284280999992000123100004+56500+056130FM-12+014299999V0201801N004010042019N0050001N1+00041+00041101961ADDAY171061AY251061GF108991081051004501999999MA1999999100091MD1210041+9999MW1531REMSYN072AAXX  31001 28428 41450 81804 10004 20004 30009 40196 52004 75375 885//;
0140284280999992000123103004+56500+056130FM-12+014299999V0201801N002010042019N0060001N1+00021+00021101961ADDAY171031AY251031GF108991081051004501999999MD1410001+9999MW1021REMSYN066AAXX  31031 28428 /1456 81802 10002 20002 40196 54000 70275 885//;
0180284280999992000123106004+56500+056130FM-12+014299999V0201801N003010012019N0010001N1+00051+00051101941ADDAA100000391AY121061AY221061GF108991081061001501999999KA1999N+00021MD1710021+9999MW1101REMSYN082AAXX  31061 28428 11294 81803 10005 20005 40194 57002 69930 71022 886// 333 20002;
0112284280999992000123109004+56500+056130FM-12+014299999V0201801N003010042019N0110001N1+00081-00031101841ADDGF108991081051004501999999MD1710091+9999REMSYN060AAXX  31091 28428 42461 81803 10008 21003 40184 57009 885//;
0133284280999992000123112004+56500+056130FM-12+014299999V0201801N002010042019N0130001N1+00091-00021101801ADDGF108991081051004501999999MA1999999099951MD1710031+9999REMSYN066AAXX  31121 28428 42463 81802 10009 21002 39995 40180 57003 885//;
0163284280999992000123115004+56500+056130FM-12+014299999V0201601N001010042019N0170001N1+00091-00021101771ADDAY161031AY221031GF108991081051004501999999KA1999M+00191MD1710031+9999MW1021REMSYN076AAXX  31151 28428 /1467 81601 10009 21002 40177 57003 70262 885// 333 10019;
0180284280999992000123118004+56500+056130FM-12+014299999V0200701N001010042019N0240001N1-00011-00131101671ADDAA100000391AY161061AY221061GF108991081051004501999999KA1999M+00191MD1710111+9999MW1021REMSYN082AAXX  31181 28428 11474 80701 11001 21013 40167 57011 69930 70262 885// 333 10019;
