0096300280999992000010606004+59280+106170FM-12+035299999V0209999C000012200019N0500001N1-04861-05301999999ADDGA1001+999999999GF100991001001999999001001REMSYN042AAXX  06061 30028 42999 00000 11486 21530;
0086300280999992000011006004+59280+106170FM-12+035299999V0209999C000019999999N0500001N1-03881-04311999999ADDGF106991001001999999001011REMSYN048AAXX  10061 30028 42999 60000 11388 21431 80001;
0086300280999992000011206004+59280+106170FM-12+035299999V0209999C000019999999N0200001N1-02341-02661999999ADDGF108991081001999999011999REMSYN048AAXX  12061 30028 41998 80000 11234 21266 8801/;
0090300280999992000011406004+59280+106170FM-12+035299999V0201601N001019999999N0500001N1+01501-01841999999ADDGF105991021001999999041011REMSYN052    AAXX  14061 30028 42999 51601 10150 21184 82041;
0090300280999992000011706004+59280+106170FM-12+035299999V0200201N001019999999N0500001N1-02491-02811999999ADDGF105991021001999999041011REMSYN052    AAXX  17061 30028 42999 50201 11249 21281 82041;
0100300280999992000011806004+59280+106170FM-12+035299999V0201801N001012200019N0500001N1-03101-03551999999ADDGA1001+999999999GF100991001001999999001001REMSYN046    AAXX  18061 30028 42999 01801 11310 21355;
0086300280999992000012006004+59280+106170FM-12+035299999V0209999C000012200019N0500001N1-02241-02631999999ADDGF103991001001999999001011REMSYN048AAXX  20061 30028 41999 30000 11224 21263 80001;
0086300280999992000012406004+59280+106170FM-12+035299999V0209999C000012200019N0500001N1-02081-02481999999ADDGF103991031001999999041021REMSYN048AAXX  24061 30028 42999 30000 11208 21248 83042;
0086300280999992000012606004+59280+106170FM-12+035299999V0201801N002012200019N0500001N1-02111-02511999999ADDGF102991001001999999001021REMSYN048AAXX  26061 30028 42999 21802 11211 21251 80002;
0086300280999992000012706004+59280+106170FM-12+035299999V0201801N001019999999N0200001N1-01631-01971999999ADDGF106991001001999999001021REMSYN048AAXX  27061 30028 41998 61801 11163 21197 80002;
0086300280999992000013106004+59280+106170FM-12+035299999V0209999C000012200019N0500001N1-01731-02241999999ADDGF102991001001999999001021REMSYN048AAXX  31061 30028 42999 20000 11173 21224 80002;
0086300280999992000020106004+59280+106170FM-12+035299999V0202001N001010300019N0500001N1-01191-01541999999ADDGF107991021021008001041021REMSYN048AAXX  01061 30028 42599 72001 11119 21154 82242;
0086300280999992000020706004+59280+106170FM-12+035299999V0201601N001019999999N0020001N1-01761-02021999999ADDGF108991081001999999021999REMSYN048AAXX  07061 30028 41995 81601 11176 21202 8802/;
0086300280999992000020806004+59280+106170FM-12+035299999V0202701N004010075019N0500001N1-01151-01681999999ADDGF105991051031008001001001REMSYN048AAXX  08061 30028 42599 52704 11115 21168 85300;
0086300280999992000021006004+59280+106170FM-12+035299999V0200401N002012200019N0500001N1-02271-02671999999ADDGF101991001001999999001021REMSYN048AAXX  10061 30028 42999 10402 11227 21267 80002;
0086300280999992000021106004+59280+106170FM-12+035299999V0201901N001012200019N0500001N1-01801-02301999999ADDGF102991001001999999001011REMSYN048AAXX  11061 30028 42999 21901 11180 21230 80001;
0105300280999992000021406004+59280+106170FM-12+035299999V0209999C000012200019N0500001N1-02031-02611999999ADDGF102991999041008001001001REMSYN048AAXX  14061 30028 42599 20000 11203 21261 81400;EQDQ01+000012SCOTLC
0086300280999992000021706004+59280+106170FM-12+035299999V0203601N001019999999N0200001N1-01691-02031999999ADDGF108991081001999999011999REMSYN048AAXX  17061 30028 41998 83601 11169 21203 8801/;
0086300280999992000021806004+59280+106170FM-12+035299999V0209999C000012200019N0200001N1-01561-01901999999ADDGF106991021021008001001011REMSYN048AAXX  18061 30028 41598 60000 11156 21190 82201;
0086300280999992000022106004+59280+106170FM-12+035299999V0209999C000012200019N0500001N1-01741-02241999999ADDGF102991001001999999001011REMSYN048AAXX  21061 30028 42999 20000 11174 21224 80001;
0086300280999992000022206004+59280+106170FM-12+035299999V0209999C000012200019N0500001N1-01741-02241999999ADDGF101991011011008001001001REMSYN048AAXX  22061 30028 42599 10000 11174 21224 81100;
0086300280999992000022506004+59280+106170FM-12+035299999V0202201N004010075019N0100001N1-02161-02481999999ADDGF106991061031008001001001REMSYN048AAXX  25061 30028 41597 62204 11216 21248 86300;
0086300280999992000022806004+59280+106170FM-12+035299999V0202501N005012200019N0200001N1-00661-01161999999ADDGF104991041031008001001001REMSYN048AAXX  28061 30028 41598 42505 11066 21116 84300;
0086300280999992000022906004+59280+106170FM-12+035299999V02099999999992200019N0200001N1-00831-01351999999ADDGF104991041031008001001001REMSYN048AAXX  29061 30028 41598 45007 11083 21135 84300;
0086300280999992000030306004+59280+106170FM-12+035299999V0202501N006012200019N0500001N1-01601-01621999999ADDGF102991021011008001001001REMSYN048AAXX  03061 30028 41599 22506 11160 21162 82100;
0086300280999992000030800004+59280+106170FM-12+035299999V0203201N001010075019N0500001N1-00631-01271999999ADDGF105991051021008001001001REMSYN048AAXX  08001 30028 41599 53201 11063 21127 85200;
0105300280999992000030906004+59280+106170FM-12+035299999V0202701N001012200019N0500001N1-00041-01071999999ADDGF102991001001999999001011REMSYN048AAXX  09061 30028 42599 22701 11004 21107 80001;EQDQ01+008002SCOLCB
0086300280999992000031006004+59280+106170FM-12+035299999V0209999C000012200019N0500001N1-00041-01121999999ADDGF102991001001999999001011REMSYN048AAXX  10061 30028 42999 20000 11004 21112 80001;
0086300280999992000031306004+59280+106170FM-12+035299999V0202701N001012200019N0500001N1-00361-01061999999ADDGF104991041031008001001001REMSYN048AAXX  13061 30028 42599 42701 11036 21106 84300;
0086300280999992000031406004+59280+106170FM-12+035299999V0209999C000019999999N0500001N1-00561-01221999999ADDGF108991001001999999001071REMSYN048AAXX  14061 30028 41999 80000 11056 21122 80007;
0086300280999992000031506004+59280+106170FM-12+035299999V0203601N001012200019N0500001N1-00751-01351999999ADDGF101991001001999999001011REMSYN048AAXX  15061 30028 42999 13601 11075 21135 80001;
0096300280999992000031606004+59280+106170FM-12+035299999V0209999C000012200019N0500001N1-00601-01861999999ADDGA1001+999999999GF100991001001999999001001REMSYN042AAXX  16061 30028 42999 00000 11060 21186;
0086300280999992000031706004+59280+106170FM-12+035299999V0209999C000019999999N0500001N1-01051-01891999999ADDGF105991001001999999001011REMSYN048AAXX  17061 30028 42999 50000 11105 21189 80001;
0086300280999992000032006004+59280+106170FM-12+035299999V0209999C000012200019N0500001N1-00721-01411999999ADDGF106991021011008001001011REMSYN048AAXX  20061 30028 42599 60000 11072 21141 82101;
0086300280999992000032106004+59280+106170FM-12+035299999V0202701N001010075019N0200001N1-00731-01131999999ADDGF106991061031008001001001REMSYN048AAXX  21061 30028 41598 62701 11073 21113 86300;
0086300280999992000032206004+59280+106170FM-12+035299999V0202701N001010075019N0200001N1-00741-01251999999ADDGF106991061031008001001001REMSYN048AAXX  22061 30028 41598 62701 11074 21125 86300;
0086300280999992000032406004+59280+106170FM-12+035299999V0209999C000010075019N0200001N1-00131-00681999999ADDGF107991071031008001001001REMSYN048AAXX  24061 30028 41598 70000 11013 21068 87300;
0086300280999992000032906004+59280+106170FM-12+035299999V0202901N004010075019N0500001N1-00111-00991999999ADDGF107991071031008001001001REMSYN048AAXX  29061 30028 41599 72904 11011 21099 87300;
0086300280999992000033006004+59280+106170FM-12+035299999V0209999C000012200019N0500001N1-00321-01771999999ADDGF103991011011008001041021REMSYN048AAXX  30061 30028 42599 30000 11032 21177 81142;
0105300280999992000033106004+59280+106170FM-12+035299999V0202001N004019999999N0500001N1-00341-01181999999ADDGF106991999031008001001001REMSYN048AAXX  31061 30028 41599 62004 11034 21118 87300;EQDQ01+000072SCOTLC
0086300280999992000040306004+59280+106170FM-12+035299999V0203201N001010075019N0500001N1-00161-00891999999ADDGF105991051031008001001001REMSYN048AAXX  03061 30028 41599 53201 11016 21089 85300;
0086300280999992000040406004+59280+106170FM-12+035299999V0202301N007019999999N0500001N1-00131-01411999999ADDGF108991081001999999011999REMSYN048AAXX  04061 30028 41999 82307 11013 21141 8801/;
0086300280999992000040506004+59280+106170FM-12+035299999V0202701N007012200019N0500001N1-00761-01971999999ADDGF102991021011008001001001REMSYN048AAXX  05061 30028 41599 22707 11076 21197 82100;
