0288300370999992000010600004+59250+108230FM-12+032399999V0209999C000012200019N0500001N1-05211-05511106191ADDAA106000091AA224000091AJ100439199999999GA1001+999999999GF100991001001999999001001GJ100789IA1239KA1120M-04621KA2120N-05211MA1999999100991MD1810041+9999REMSYN107AAXX  06001 30037 32999 00000 11521 21551 30099 40619 58004 333 11462 21521 47043 55013 555 1/153 7000/ /-;EQDQ01  00002PRCP06
0278300370999992000011100004+59250+108230FM-12+032399999V0201801N002019999999N0500001N1-03961-04221104301ADDAA106000091AA224000091AJ100439199999999GF108991001001999999001071GJ102649IA1239KA1120M-03581KA2120N-03971MA1999999099451MD1810041+9999REMSYN113AAXX  11001 30037 32999 81802 11396 21422 39945 40430 58004 80007 333 11358 21397 47043 55044 555 1/141 7000/ /-;EQDQ01  00002PRCP06
0298300370999992000011200004+59250+108230FM-12+032399999V0201401N001019999999N0200001N1-02101-02351102591ADDAA112000892AA224000792AJ100439199999999AY171061AY271061GF108991081001999999021999GJ100549IA1239KA1120M+99999MA1999999098171MD1810071+9999MW1711REMSYN124AAXX  12001 30037 11998 81401 11210 21235 39817 40259 58007 69972 77177 8802/ 333 11270 2273 47043 55009 555 1/123 7997/ /-;EQDQ01 -02702ATMX  
0316300370999992000011700004+59250+108230FM-12+032399999V0201401N002019999999N0200001N1-02301-02551102251ADDAA112000892AA224000792AJ100439199999999AY171061AY221061GF108991051001999999041021GJ100009IA1239KA1120M+99999KA2120N-02491MA1999999097811MD1710031+9999MW1711REMSYN129    AAXX  17001 30037 11998 81402 11230 21255 39781 40225 57003 69972 77172 85042 333 11240 21249 47043 55000 555 1/123 7997/ /-;EQDQ01 -02402ATMX  
0287300370999992000011900004+59250+108230FM-12+032399999V0201401N001012200019N0500001N1-03871-04131103401ADDAA124000091AJ100459199999999GF103991001001999999001011GJ103009IA1239KA1120M-01851KA2120N-03941MA1999999098611MD1710161+9999REMSYN117    AAXX  19001 30037 32999 31401 11387 21413 39861 40340 57016 80001 333 11185 21394 47045 55050 555 1/139 7000/ /-;EQDQ01  00002PRCP99Q02  00003PRCP99
0293300370999992000012000004+59250+108230FM-12+032399999V0209999C000019999999N0200001N1-02921-03151102811ADDAA112000791AA224999929AJ100459199999999AY171061AY221061GF108991001001999999001071GJ100609IA1239KA1120M-02711KA2120N-02951MA1999999098241MD1410001+9999MW1711REMSYN125AAXX  20001 30037 11998 80000 11292 21315 39824 40281 54000 69902 77172 80007 333 11271 21295 47045 55010 555 1/127 7990/ /-;
0265300370999992000012100004+59250+108230FM-12+032399999V0209999C000019999999N0500001N1-03951-04221104421ADDAA112000591AA224000691AJ100459199999999GF108991021001999999031011GJ102289IA1239KA1120M-02501KA2120N-03951MA1999999099561MD1110191+9999REMSYN119AAXX  21001 30037 12999 80000 11395 21422 39956 40442 51019 69962 82031 333 11250 21395 47045 55038 555 1/142 7996/ /-;
0284300370999992000012400004+59250+108230FM-12+032399999V0209999C000019999999N0500001N1-03131-03421106671ADDAA112000791AA224999999AJ100469199999999GF108991001001999999001011GJ102349IA1239KA1120M-02291KA2120N-03181MA1999999100931MD1210041+9999REMSYN119AAXX  24001 30037 12999 80000 11313 21342 30093 40667 52004 69902 80001 333 11229 21318 47046 55039 555 1/135 7990/ /-;EQDQ01  99992PRCP24
0283300370999992000012500004+59250+108230FM-12+032399999V0209999C000019999999N0500001N1-03571-03861105571ADDAA124000091AJ100459199999999GF105991001001999999001011GJ103369IA1239KA1120M-01781KA2120N-03561MA1999999100741MD1410001+9999REMSYN113AAXX  25001 30037 32999 50000 11357 21386 30074 40557 54000 80001 333 11178 21356 47045 55056 555 1/141 7000/ /-;EQDQ01  00002PRCP99Q02  00003PRCP99
0293300370999992000012600004+59250+108230FM-12+032399999V0201401N002012200019N0500001N1-02711-03011103981ADDAA124000091AJ100469199999999GA1001+999999999GF100991001001999999001001GJ103609IA1239KA1120M-02321KA2120N-02731MA1999999099391MD1710171+9999REMSYN107AAXX  26001 30037 32999 01402 11271 21301 39939 40398 57017 333 11232 21273 47046 55060 555 1/131 7000/ /-;EQDQ01  00002PRCP99Q02  00003PRCP99
0265300370999992000012700004+59250+108230FM-12+032399999V0209999C000019999999N0500001N1-01861-02051103361ADDAA112000391AA224000391AJ100459199999999GF108991001001999999001011GJ102049IA1239KA1120M-01891KA2120N-02031MA1999999098941MD1310021+9999REMSYN119AAXX  27001 30037 11999 80000 11186 21205 39894 40336 53002 69932 80001 333 11189 21203 47045 55034 555 1/128 7993/ /-;
0114300370999992000012800004+59250+108230FM-12+032399999V0202701N001019999999N0500001N1-01601+99999103511ADDAY171061AY271061GF108991081001999999011999MW1711REMSYN054AAXX  28001 30037 41999 82701 11160 40351 77177 8801/;
0299300370999992000013100004+59250+108230FM-12+032399999V0201401N002019999999N0500001N1-02151-02411103341ADDAA124000091AJ100469199999999GF106991001001999999001011GJ103609IA1239KA1120M-01611KA2120N+99999MA1999999098871MD1710151+9999REMSYN113AAXX  31001 30037 32999 61402 11215 21241 39887 40334 57015 80001 333 11161 21207 47046 55060 555 1/127 7000/ /-;EQDQ01  00002PRCP99Q02  00003PRCP99Q03 -02072ATMN  
0283300370999992000020100004+59250+108230FM-12+032399999V0201401N002019999999N0500001N1-02381-02631102481ADDAA124000091AJ100469199999999GF108991081999999999021999GJ103849IA1239KA1120M-00941KA2120N-02401MA1999999098011MD1710011+9999REMSYN113AAXX  01001 30037 32999 81402 11238 21263 39801 40248 57001 88/2/ 333 11094 21240 47046 55064 555 1/123 7000/ /-;EQDQ01  00002PRCP99Q02  00003PRCP99
0283300370999992000020200004+59250+108230FM-12+032399999V0201801N002019999999N0500001N1-02001-02191102711ADDAA124000091AJ100469199999999GF108991021001999999041071GJ100009IA1239KA1120M-00951KA2120N-02431MA1999999098301MD1210031+9999REMSYN113AAXX  02001 30037 32999 81802 11200 21219 39830 40271 52003 82047 333 11095 21243 47046 55000 555 1/126 7000/ /-;EQDQ01  00002PRCP99Q02  00003PRCP99
0133300370999992000020303004+59250+108230FM-12+032399999V0209999C000019999999N0200001N1-01521-01721102481ADDGF108991001001999999001071REMSYN060AAXX  03031 30037 41998 80000 11152 21172 40248 5600/ 80007;EQDQ01+000062APCTENQ02+000002APC3  
0283300370999992000020400004+59250+108230FM-12+032399999V0203201N002019999999N0500001N1-03431-03711102701ADDAA124000091AJ100469199999999GF108991081001999999021999GJ103069IA1239KA1120M-02411KA2120N-03501MA1999999099021MD1410001+9999REMSYN113AAXX  04001 30037 32999 83202 11343 21371 39902 40270 54000 8802/ 333 11241 21350 47046 55051 555 1/136 7000/ /-;EQDQ01  00002PRCP99Q02  00003PRCP99
0284300370999992000020800004+59250+108230FM-12+032399999V0209999C000019999999N0500001N1-01421-01651102171ADDAA112000591AA224000891AJ100469199999999GF108991011001999999041011GJ100009IA1239KA1120M+99999KA2120N-01701MA1999999098891MD1310151+9999REMSYN119AAXX  08001 30037 12999 80000 11142 21165 39889 40217 53015 69952 81041 333 11169 21170 47046 55000 555 1/125 7998/ /-;EQDQ01 -01692ATMX  
0284300370999992000020900004+59250+108230FM-12+032399999V0209999C000019999999N0500001N1-02901-03131102581ADDAA112000791AA224999999AJ100469199999999GF108991031001999999041081GJ101869IA1239KA1120M-00961KA2120N-02951MA1999999098021MD1710041+9999REMSYN119AAXX  09001 30037 12999 80000 11290 21313 39802 40258 57004 69902 83048 333 11096 21295 47046 55031 555 1/133 7990/ /-;EQDQ01  99992PRCP24
0283300370999992000021000004+59250+108230FM-12+032399999V0209999C000012200019N0500001N1-03531-03831102831ADDAA124000091AJ100469199999999GF103991001001999999001011GJ103849IA1239KA1120M-01651KA2120N-03531MA1999999098141MD1410001+9999REMSYN113AAXX  10001 30037 32999 30000 11353 21383 39814 40283 54000 80001 333 11165 21353 47046 55064 555 1/141 7000/ /-;EQDQ01  00002PRCP99Q02  00003PRCP99
0283300370999992000021100004+59250+108230FM-12+032399999V0209999C000019999999N0500001N1-03611-03901103591ADDAA124000091AJ100469199999999GF108991021001999999041011GJ104209IA1239KA1120M-02051KA2120N-03711MA1999999098551MD1310111+9999REMSYN113AAXX  11001 30037 32999 80000 11361 21390 39855 40359 53011 82041 333 11205 21371 47046 55070 555 1/141 7000/ /-;EQDQ01  00002PRCP99Q02  00003PRCP99
0293300370999992000021600004+59250+108230FM-12+032399999V0201401N002012200019N0500001N1-03561-03831103211ADDAA124000091AJ100479199999999GA1001+999999999GF100991001001999999001001GJ104749IA1239KA1120M-01611KA2120N-03601MA1999999098491MD1810051+9999REMSYN107AAXX  16001 30037 32999 01402 11356 21383 39849 40321 58005 333 11161 21360 47047 55079 555 1/138 7000/ /-;EQDQ01  00002PRCP99Q02  00003PRCP99
0283300370999992000021700004+59250+108230FM-12+032399999V0201401N001019999999N0500001N1-03001-03291102671ADDAA124000091AJ100479199999999GF108991011001999999041071GJ104929IA1239KA1120M-01341KA2120N-03071MA1999999098071MD1010001+9999REMSYN113AAXX  17001 30037 32999 81401 1130/ 21329 39807 40267 50000 81047 333 11134 21307 47047 55082 555 1/133 7000/ /-;EQDQ01  00002PRCP99Q02  00003PRCP99
0265300370999992000021800004+59250+108230FM-12+032399999V0201401N001019999999N0500001N1-02481-02661102971ADDAA112000591AA224000891AJ100479199999999GF107991071001999999031001GJ101149IA1239KA1120M-01391KA2120N-02481MA1999999098461MD1010071+9999REMSYN119AAXX  18001 30037 12999 71401 11248 21266 39846 40297 50007 69962 87030 333 11139 21248 47047 55019 555 1/126 7998/ /-;
0283300370999992000022300004+59250+108230FM-12+032399999V0209999C000019999999N0500001N1-03271-03571102961ADDAA124000091AJ100489199999999GF108991021001999999041061GJ104629IA1239KA1120M-01321KA2120N-03281MA1999999098301MD1710041+9999REMSYN113AAXX  23001 30037 32999 80000 11327 21357 39830 40296 57004 82046 333 11132 21328 47048 55077 555 1/137 7000/ /-;EQDQ01  00002PRCP99Q02  00003PRCP99
0293300370999992000022900004+59250+108230FM-12+032399999V0202701N002019999999N0040001N1-01241-01371100961ADDAA112000791AA224002091AJ100549199999999AY171061AY271061GF108991081001999999021999GJ100309IA1239KA1120M-00601KA2120N-01611MA1999999096751MD1310051+9999MW1711REMSYN125AAXX  29001 30037 11996 82702 11124 21137 39675 40096 53005 69902 77177 8802/ 333 11060 21161 47054 55005 555 1/113 7002/ /-;
0140300370999992000022903004+59250+108230FM-12+032399999V0209999C000010300019N0200001N1-00551-00891101321ADDAY121031AY281031GF107991041091008001031001MD1410001+9999MW1851REMSYN066AAXX  29031 30037 41598 70000 11055 21089 40132 54000 78528 84930;
0265300370999992000030100004+59250+108230FM-12+032399999V0200901N001019999999N0500001N1-01431-01631101691ADDAA112001091AA224001091AJ100569199999999GF108991081001999999021999GJ100669IA1239KA1120M-00701KA2120N-01911MA1999999097421MD1710241+9999REMSYN119AAXX  01001 30037 12999 80901 11143 21163 39742 40169 57024 69992 8802/ 333 11070 21191 47056 55011 555 1/117 7001/ /-;
0283300370999992000030200004+59250+108230FM-12+032399999V0209999C000019999999N0500001N1-01861-01921101151ADDAA124000091AJ100549199999999GF108991081001999999021011GJ104089IA1239KA1120M-00461KA2120N-01861MA1999999096821MD1710041+9999REMSYN113AAXX  02001 30037 32999 80000 11186 21192 39682 40115 57004 88021 333 11046 21186 47054 55068 555 1/120 7000/ /-;EQDQ01  00002PRCP99Q02  00003PRCP99
0248300370999992000030600004+59250+108230FM-12+032399999V0209999C000019999999N0500001N1-03331-03621103641ADDAA124000091AJ100539199999999GF108991031001999999041071GJ105829IA1239KA1120M-01381KA2120N-03431MA1999999098951MD1010051+9999REMSYN113AAXX  06001 30037 42999 80000 11333 21362 39895 40364 50005 83047 333 11138 21343 47053 55097 555 1/135 7000/ /-;
0293300370999992000030700004+59250+108230FM-12+032399999V0202701N001010750019N0500001N1-01401-01531102891ADDAA112001091AA224018091AJ100549199999999AY171061AY221061GF108991041051008001001081GJ100009IA1239KA1120M-01251KA2120N-01471MA1999999098571MD1210191+9999MW1021REMSYN125AAXX  07001 30037 11599 82701 11140 21153 39857 40289 52019 69992 70272 84508 333 11125 21147 47054 55000 555 1/117 7018/ /-;
0284300370999992000030900004+59250+108230FM-12+032399999V0209999C000019999999N0500001N1-02101-02281102801ADDAA112000791AA224999999AJ100559199999999GF108991081001999999071999GJ103429IA1239KA1120M-00061KA2120N-02101MA1999999098371MD1710041+9999REMSYN119AAXX  09001 30037 12999 80000 11210 21228 39837 40280 57004 69902 8807/ 333 11006 21210 47055 55057 555 1/121 7990/ /-;EQDQ01  99992PRCP24
0299300370999992000031000004+59250+108230FM-12+032399999V0209999C000019999999N0500001N1-01641-01771102991ADDAA124000091AJ100559199999999GF107991999001999999031999GJ104749IA1239KA1120M+00081KA2120N-01641MA1999999098641MD1710021+9999REMSYN113AAXX  10001 30037 32999 70000 11164 21177 39864 40299 57002 8803/ 333 10008 21164 47055 55079 555 1/118 7000/ /-;EQDQ01+000082SCOTLCQ02  00002PRCP99Q03  00003PRCP99
0283300370999992000031300004+59250+108230FM-12+032399999V0202901N001019999999N0500001N1-01421-01551102581ADDAA124000091AJ100539199999999GF108991031001999999031081GJ105829IA1239KA1120M+00141KA2120N-01531MA1999999098281MD1010081+9999REMSYN113AAXX  13001 30037 32999 82901 11142 21155 39828 40258 50008 83038 333 10014 21153 47053 55097 555 1/117 7000/ /-;EQDQ01  00002PRCP99Q02  00003PRCP99
0267300370999992000031400004+59250+108230FM-12+032399999V0209999C000019999999N0500001N1-02341-02461102151ADDAA124999999AJ100539199999999GF108991051001999999071011GJ104749IA1239KA1120M-00161KA2120N-02341MA1999999098391MD1210031+9999REMSYN113AAXX  14001 30037 12999 80000 11234 21246 39839 40215 52003 85071 333 11016 21234 47053 55079 555 1/127 7990/ /-;EQDQ01  99992PRCP24
0287300370999992000031500004+59250+108230FM-12+032399999V0209999C000012200019N0500001N1-02661-02771999999ADDAA124000091AJ100139199999999GA1001+999999999GF100991001001999999001001GJ105589IA1239KA1120M-00221KA2120N-02681MA1999999098121MD1710111+9999REMSYN101AAXX  15001 30037 32999 00000 11266 21277 39812 57011 333 11022 21268 47013 55093 555 1/130 7000/ /-;EQDQ01  00002PRCP99Q02  00003PRCP99
0283300370999992000031600004+59250+108230FM-12+032399999V0209999C000012200019N0500001N1-02781-02961102211ADDAA124000091AJ100539199999999GF101991001001999999001091GJ106609IA1239KA1120M-00471KA2120N-02781MA1999999097691MD1310041+9999REMSYN113AAXX  16001 30037 32999 10000 11278 21296 39769 40221 53004 80009 333 11047 21278 47053 55110 555 1/131 7000/ /-;EQDQ01  00002PRCP99Q02  00003PRCP99
0293300370999992000031700004+59250+108230FM-12+032399999V0203201N001012200019N0500001N1-02961-03131102301ADDAA124000091AJ100529199999999GA1001+999999999GF100991001001999999001001GJ106429IA1239KA1120M-00531KA2120N-02991MA1999999097731MD1210131+9999REMSYN107AAXX  17001 30037 32999 03201 11296 21313 39773 40230 52013 333 11053 21299 47052 55107 555 1/133 7000/ /-;EQDQ01  00002PRCP99Q02  00003PRCP99
0283300370999992000032000004+59250+108230FM-12+032399999V0203201N001012200019N0500001N1-02541-02651102901ADDAA124000091AJ100529199999999GF102991001001999999001021GJ105109IA1239KA1120M-00451KA2120N-02571MA1999999098391MD1210051+9999REMSYN113AAXX  20001 30037 32999 23201 11254 21265 39839 40290 52005 80002 333 11045 21257 47052 55085 555 1/130 7000/ /-;EQDQ01  00002PRCP99Q02  00003PRCP99
0283300370999992000032200004+59250+108230FM-12+032399999V0209999C000019999999N0500001N1-02321-02441102841ADDAA124000091AJ100529199999999GF108991001001999999001071GJ104569IA1239KA1120M-00421KA2120N-02311MA1999999098371MD1210081+9999REMSYN113AAXX  22001 30037 32999 80000 11232 21244 39837 40284 52008 80007 333 11042 21231 47052 55076 555 1/127 7000/ /-;EQDQ01  00002PRCP99Q02  00003PRCP99
0275300370999992000032300004+59250+108230FM-12+032399999V0209999C000012200019N0500001N1-02621-02741102511ADDAA112000592AA224000092AJ100529199999999GA1001+999999999GF100991001001999999001001GJ100489IA1239KA1120M-00501KA2120N-02671MA1999999098001MD1710031+9999REMSYN113AAXX  23001 30037 32999 00000 11262 21274 39800 40251 57003 69962 333 11050 21267 47052 55008 555 1/132 7000/ /-;
0293300370999992000032400004+59250+108230FM-12+032399999V0209999C000019999999N0200001N1-01741-01861101991ADDAA112000591AA224000591AJ100529199999999AY171061AY221061GF108991081001999999071999GJ104689IA1239KA1120M-00511KA2120N-01761MA1999999097661MD1710021+9999MW1711REMSYN125AAXX  24001 30037 11998 80000 11174 21186 39766 40199 57002 69952 77172 8807/ 333 11051 21176 47052 55078 555 1/117 7995/ /-;
0265300370999992000032700004+59250+108230FM-12+032399999V0209999C000019999999N0500001N1-01021-01081102161ADDAA112001091AA224002091AJ100549199999999GF108991081001999999021999GJ101689IA1239KA1120M-00021KA2120N-01081MA1999999097931MD1210191+9999REMSYN119AAXX  27001 30037 12999 80000 11102 21108 39793 40216 52019 60012 8802/ 333 11002 21108 47054 55028 555 1/111 7002/ /-;
0283300370999992000032800004+59250+108230FM-12+032399999V0201401N001010120019N0500001N1-00241-00831100701ADDAA124000091AJ100559199999999GF107991071051012501001001GJ102589IA1239KA1120M+00131KA2120N-00521MA1999999096661MD1710171+9999REMSYN113AAXX  28001 30037 32699 71401 11024 21083 39666 40070 57017 87500 333 10013 21052 47055 55043 555 1/104 7000/ /-;EQDQ01  00002PRCP99Q02  00003PRCP99
0293300370999992000032900004+59250+108230FM-12+032399999V0202501N004010042019N0500001N1-00141-00341100741ADDAA112000891AA224003091AJ100599199999999AY181061AY221061GF108991061091004501021999GJ100009IA1239KA1120M+00281KA2120N-00191MA1999999096711MD1210101+9999MW1021REMSYN125AAXX  29001 30037 11499 82504 11014 21034 39671 40074 52010 69972 70282 8692/ 333 10028 21019 47059 55000 555 1/103 7003/ /-;
0265300370999992000033000004+59250+108230FM-12+032399999V0202901N002019999999N0500001N1-01861-02051101921ADDAA112001092AA224000992AJ100599199999999GF107991071001999999031001GJ101509IA1239KA1120M+00051KA2120N-01961MA1999999097561MD1310131+9999REMSYN119AAXX  30001 30037 12999 72902 11186 21205 39756 40192 53013 69992 87030 333 10005 21196 47059 55025 555 1/120 7999/ /-;
0283300370999992000033100004+59250+108230FM-12+032399999V0203201N001010075019N0500001N1-01961-02221101931ADDAA124000091AJ100569199999999GF107991071051008001001001GJ106249IA1239KA1120M-00241KA2120N-02311MA1999999097551MD1710021+9999REMSYN113AAXX  31001 30037 32599 73201 11196 21222 39755 40193 57002 87500 333 11024 21231 47056 55104 555 1/120 7000/ /-;EQDQ01  00002PRCP99Q02  00003PRCP99
0293300370999992000040300004+59250+108230FM-12+032399999V0202901N001019999999N0500001N1-00561-00671101491ADDAA112000891AA224030091AJ100599199999999AY171061AY221061GF108991081001999999011999GJ101989IA1239KA1120M+00081KA2120N-00571MA1999999097371MD1210381+9999MW1021REMSYN125AAXX  03001 30037 11999 82901 11056 21067 39737 40149 52038 69972 70272 8801/ 333 10008 21057 47059 55033 555 19110 7030/ /-;
0280300370999992000040400004+59250+108230FM-12+032399999V0209999C000012200019N9999999N1-01041-01171102491ADDAA124000091AJ100599199999999GA1001+999999999GF100991001001999999001001GJ104449IA1239KA1120N-01271MA1999999098251MD1710091+9999REMSYN107AAXX  04001 30037 3///9 00000 11104 21117 39825 40249 57009 333 1016/ 21127 47059 55074 555 1/117 7000/ /-;EQDQ01  00002PRCP99Q02  00003PRCP99
