0210305470999992000010200004+54320+110320FM-12+050999999V0209999C000019999999N0200001N1-03091-03381103631ADDAA106000091AJ100219199999999GF108991081001999999071999IA1239KA1120N-03091MD1710061+9999REMSYN092AAXX  02001 30547 32998 80000 11309 21338 40363 57006 8807/ 333 21309 47021 555 53000 7000/;EQDQ01  00002PRCP06
0220305470999992000010300004+54320+110320FM-12+050999999V0209999C000012200019N0200001N1-04171-04431103691ADDAA106000091AJ100219199999999GA1001+999999999GF100991001001999999001001IA1239KA1120N-04211MD1310021+9999REMSYN086AAXX  03001 30547 32998 00000 11417 21443 40369 53002 333 21421 47021 555 53000 7000/;EQDQ01  00002PRCP06
0185305470999992000010312004+54320+110320FM-12+050999999V0209999C000012200019N0200001N1-04181-04431103821ADDAA106000091GA1001+999999999GF100991001001999999001001KA1120M-03541MD1210061+9999REMSYN074AAXX  03121 30547 32998 00000 11418 21443 40382 52006 333 11354 555 53000;EQDQ01  00002PRCP06
0220305470999992000010400004+54320+110320FM-12+050999999V0209999C000012200019N0200001N1-04491-04711104411ADDAA106000091AJ100219199999999GA1001+999999999GF100991001001999999001001IA1239KA1120N-04491MD1210161+9999REMSYN086AAXX  04001 30547 32998 00000 11449 21471 40441 52016 333 21449 47021 555 53000 7000/;EQDQ01  00002PRCP06
0201305470999992000010412004+54320+110320FM-12+050999999V0209999C000012200019N0200001N1-04241-04481104861ADDAA106000091GA1001+999999999GF100991001001999999001001KA1120M+99999MD1210141+9999REMSYN074AAXX  04121 30547 32998 00000 11424 21448 40486 52014 333 11449 555 53000;EQDQ01  00002PRCP06Q02 -04492ATMX  
0204305470999992000010500004+54320+110320FM-12+050999999V0209999C000019999999N0200001N1-04591-04801105081ADDAA106000091AJ100219199999999GF108991999999999999999999IA1239KA1120N-04591MD1410001+9999REMSYN086AAXX  05001 30547 32998 80000 11459 21480 40508 54000 333 21459 47021 555 53000 7000/;EQDQ01  00002PRCP06
0213305470999992000010512004+54320+110320FM-12+050999999V0209999C000012200019N0020001N1-04051-04321105051ADDAA106000091AY101061AY201061GA1001+999999999GF100991001001999999001001KA1120M-03671MD1310071+9999MW1101REMSYN080AAXX  05121 30547 31995 00000 11405 21432 40505 53007 71000 333 11367 555 53000;EQDQ01  00002PRCP06
0234305470999992000010600004+54320+110320FM-12+050999999V0209999C000012200019N0200001N1-04081-04381104841ADDAA106000091AA224000091AJ100219199999999GA1001+999999999GF100991001001999999001001IA1239KA1120N-04171MD1710071+9999REMSYN089AAXX  06001 30547 32998 00000 11408 21438 40484 57007 333 21417 47021 555 53000 7000/ /-;EQDQ01  00002PRCP06
0185305470999992000010612004+54320+110320FM-12+050999999V0209999C000012200019N0200001N1-04141-04431104561ADDAA106000091GA1001+999999999GF100991001001999999001001KA1120M-03491MD1710051+9999REMSYN074AAXX  06121 30547 32998 00000 11414 21443 40456 57005 333 11349 555 53000;EQDQ01  00002PRCP06
0220305470999992000010700004+54320+110320FM-12+050999999V0209999C000012200019N0200001N1-04411-04631104251ADDAA106000091AJ100219199999999GA1001+999999999GF100991001001999999001001IA1239KA1120N-04411MD1710101+9999REMSYN086AAXX  07001 30547 32998 00000 11441 21463 40425 57010 333 21441 47021 555 53000 7000/;EQDQ01  00002PRCP06
0201305470999992000010712004+54320+110320FM-12+050999999V0209999C000012200019N0200001N1-04131-04381999999ADDAA106000091GA1001+999999999GF100991001001999999001001KA1120M-03541MD1310051+9999REMSYN074AAXX  07121 30547 32998 00000 11413 21438 4086/ 53005 333 11354 555 53000;EQDQ01  00002PRCP06Q02 108603APOSLP
0220305470999992000010800004+54320+110320FM-12+050999999V0209999C000012200019N0200001N1-04441-04631103631ADDAA106000091AJ100219199999999GA1001+999999999GF100991001001999999001001IA1239KA1120N-04441MD1810051+9999REMSYN086AAXX  08001 30547 32998 00000 11444 21463 40363 58005 333 21444 47021 555 53000 7000/;EQDQ01  00002PRCP06
0178305470999992000010812004+54320+110320FM-12+050999999V0209999C000019999999N0200001N1-03701-03971103431ADDAA106000091GF106991001001999999001011KA1120M-03471MD1210041+9999REMSYN083AAXX  08121 30547 32998 60000 11370 21397 40343 52004 80001 333 11347 555 53000 /-;EQDQ01  00002PRCP06
0220305470999992000010900004+54320+110320FM-12+050999999V0209999C000012200019N0200001N1-04301-04491102821ADDAA106000091AJ100219199999999GA1001+999999999GF100991001001999999001001IA1239KA1120N-04301MD1810021+9999REMSYN086AAXX  09001 30547 32998 00000 11430 21449 40282 58002 333 21430 47021 555 53000 7000/;EQDQ01  00002PRCP06
0186305470999992000010912004+54320+110320FM-12+050999999V0209999C000012200019N9999999N1-03661-03871103811ADDAA106000091GA1001+999999999GF100991001001999999001001KA1120M-03101MA1999999095741REMSYN074AAXX  09121 30547 329// 00000 11366 21387 39574 40381 333 11310 555 1/138;EQDQ01  00002PRCP06
0160305470999992000011000004+54320+110320FM-12+050999999V0209999C000019999999N0200001N1-04151-04431104311ADDAA106000091GF105991001001999999001011MD1119999+9999REMSYN078AAXX  10001 30547 32998 50000 11415 21443 40431 51/17 80001 555 53800 7005/0 ;EQDQ01  00002PRCP06
0191305470999992000011012004+54320+110320FM-12+050999999V0209999C000012200019N9999999N1-03631+99999104711ADDAA106000091GF102991001001999999001011KA1120M+99999MD1110071+9999REMSYN080AAXX  10121 30547 3299/ 20000 11363 22390 40471 51007 80001 333 10318 555 53000;EQDQ01  00002PRCP06Q02 +03182ATMX  
0207305470999992000011100004+54320+110320FM-12+050999999V0209999C000012200019N0200001N1-03931-04221104901ADDAA106000091AJ100219199999999GA1001+999999999GF100991001001999999001001IA1239MD1210051+9999REMSYN086AAXX  11001 30547 32998 00000 11393 21422 40490 52005 333 1393/ 47021 555 53000 7000/;EQDQ01  00002PRCP06
0191305470999992000011212004+54320+110320FM-12+050999999V0209999C000019999999N0200001N1-03251-03551103561ADDAA106000091GF108991041001999999061071KA1120N+99999MD1710081+9999REMSYN080AAXX  12121 30547 32998 80000 11325 21355 40356 57008 84067 333 21314 555 53000;EQDQ01  00002PRCP06Q02 -03142ATMN  
0210305470999992000011300004+54320+110320FM-12+050999999V0209999C000019999999N0200001N1-03211-03501103171ADDAA106000091AJ100219199999999GF108991061001999999061021IA1239KA1120N-03301MD1710061+9999REMSYN092AAXX  13001 30547 32998 80000 11321 21350 40317 57006 86062 333 21330 47021 555 53000 7000/;EQDQ01  00002PRCP06
0214305470999992000011400004+54320+110320FM-12+050999999V0209999C000019999999N0200001N1-03511-03801103581ADDAA199000091AJ100219199999999GF108991001001999999001011IA1239KA1120N-03671MD1210091+9999REMSYN096    AAXX  14001 30547 32998 80000 11351 21380 40358 52009 80001 333 21367 47021 555 53000 7000/;EQDQ01  00002PRCP99
0179305470999992000011412004+54320+110320FM-12+050999999V0209999C000012200019N0200001N1-03471-03771103901ADDAA199000091GF102991001001999999001011KA1120M-02941MD1210121+9999REMSYN084    AAXX  14121 30547 32998 20000 11347 21377 40390 52012 80001 333 11294 555 53000;EQDQ01  00002PRCP99
0214305470999992000011500004+54320+110320FM-12+050999999V0209999C000019999999N0200001N1-03481-03771104211ADDAA199000091AJ100219199999999GF108991051001999999071041IA1239KA1120N-03511MD1210071+9999REMSYN096    AAXX  15001 30547 32998 80000 11348 21377 40421 52007 85074 333 21351 47021 555 53000 7000/;EQDQ01  00002PRCP99
0189305470999992000011512004+54320+110320FM-12+050999999V0209999C000012200019N0200001N1-03411-03711104151ADDAA199000091GA1001+999999999GF100991001001999999001001KA1120M-02771MD1410001+9999REMSYN078    AAXX  15121 30547 32998 00000 11341 21371 40415 54000 333 11277 555 53000;EQDQ01  00002PRCP99
0214305470999992000011600004+54320+110320FM-12+050999999V0209999C000012200019N0200001N1-03911-04781103931ADDAA199000091AJ100219199999999GF103991021999999999041011IA1239KA1120N-03911MD1810091+9999REMSYN096    AAXX  16001 30547 32998 30000 11391 21478 40393 58009 82/41 333 21391 47021 555 53000 7000/;EQDQ01  00002PRCP99
0182305470999992000011612004+54320+110320FM-12+050999999V0209999C000019999999N0200001N1-03051-03341103411ADDAA199000091GF108991001001999999001011KA1120M-02941MD1310081+9999REMSYN087    AAXX  16121 30547 32998 80000 11305 21334 40341 53008 80001 333 11294 555 53000 /-;EQDQ01  00002PRCP99
0179305470999992000011700004+54320+110320FM-12+050999999V0209999C000012200019N0200001N1-03691-03971103701ADDAA199000091GF102991001001999999001011KA1120N-03691MD1310071+9999REMSYN084    AAXX  17001 30547 32998 20000 11369 21397 40370 53007 80001 333 21369 555 53000;EQDQ01  00002PRCP99
0230305470999992000011800004+54320+110320FM-12+050999999V0209999C000010300019N0200001N1-03491-03711101221ADDAA199000091AJ100219199999999GF105991021061008001071001IA1239KA1120N+99999MD1310031+9999REMSYN096    AAXX  18001 30547 32598 50000 11349 21371 40122 53003 82670 333 21343 47021 555 53000 7000/;EQDQ01  00002PRCP99Q02 -03432ATMN  
0224305470999992000011900004+54320+110320FM-12+050999999V0209999C000012200019N0200001N1-04091-04381104391ADDAA199000091AJ100219199999999GA1001+999999999GF100991001001999999001001IA1239KA1120N-04091MD1310041+9999REMSYN090    AAXX  19001 30547 32998 00000 11409 21438 40439 53004 333 21409 47021 555 53000 7000/;EQDQ01  00002PRCP99
0179305470999992000011912004+54320+110320FM-12+050999999V0209999C000012200019N0200001N1-03631-03971104111ADDAA199000091GF102991001001999999001011KA1120M-02991MD1710011+9999REMSYN084    AAXX  19121 30547 32998 20000 11363 21397 40411 57001 80001 333 11299 555 53100;EQDQ01  00002PRCP99
0210305470999992000012000004+54320+110320FM-12+050999999V0209999C000019999999N0200001N1-03271-03571103901ADDAA199000091AJ100219199999999GF108991041001999999061021IA1239KA1120N-03671MD1310071+9999REMSYN092AAXX  20001 30547 32998 80000 11327 21357 4039/ 53007 84062 333 21367 47021 555 53000 7000>;EQDQ01  00002PRCP99
0175305470999992000012012004+54320+110320FM-12+050999999V0209999C000012200019N0200001N1-03231-03591104061ADDAA199000091GF103991001001999999001011KA1120M-02841MD1310081+9999REMSYN080AAXX  20121 30547 32998 30000 11323 21359 40406 53008 80001 333 11284 555 53000;EQDQ01  00002PRCP99
0210305470999992000012100004+54320+110320FM-12+050999999V0209999C00001220001CN0200001N1-03001-03301104331ADDAA199000091AJ100219199999999GF108991021061008001001041IA1239KA1120N-03531MD1110051+9999REMSYN092AAXX  21001 30547 32598 80000 11300 21330 40433 51005 82604 333 21353 47021 555 53000 7000/;EQDQ01  00002PRCP99
0192305470999992000012112004+54320+110320FM-12+050999999V0209999C000012200019N0200001N1-03251-03551104401ADDAA199000091GA1001+999999999GF100991001001999999001001KA1120M-02701MD1210021+9999REMSYN081AAXX  21121 30547 32998 00000 11325 21355 40440 52002 333 11270 555 53000/ =(:30;EQDQ01  00002PRCP99
0220305470999992000012200004+54320+110320FM-12+050999999V0209999C000012200019N0200001N1-03931-04221104871ADDAA199000091AJ100219199999999GA1001+999999999GF100991001001999999001001IA1239KA1120N-03931MD1210051+9999REMSYN086AAXX  22001 30547 32998 00000 11393 21422 40487 52005 333 21393 47021 555 53000 7000/;EQDQ01  00002PRCP99
0185305470999992000012212004+54320+110320FM-12+050999999V0209999C000012200019N0200001N1-03711-04071105361ADDAA199000091GA1001+999999999GF100991001001999999001001KA1120M-02951MD1210191+9999REMSYN074AAXX  22121 30547 32998 00000 11371 21407 40536 52019 333 11295 555 53000;EQDQ01  00002PRCP99
0220305470999992000012300004+54320+110320FM-12+050999999V0209999C000012200019N0200001N1-04001-04211106061ADDAA199000091AJ100209199999999GA1001+999999999GF100991001001999999001001IA1239KA1120N-04001MD1110081+9999REMSYN086AAXX  23001 30547 32998 00000 11400 21421 40606 51008 333 21400 47020 555 53000 7000/;EQDQ01  00002PRCP99
0220305470999992000012400004+54320+110320FM-12+050999999V0209999C000012200019N0200001N1-03781-04051106341ADDAA199000091AJ100209199999999GA1001+999999999GF100991001001999999001001IA1239KA1120N-03781MD1210061+9999REMSYN086AAXX  24001 30547 32998 00000 11378 21405 40634 52006 333 21378 47020 555 53000 7000/;EQDQ01  00002PRCP99
0175305470999992000012411004+54320+110320FM-12+050999999V0209999C000019999999N0200001N1-03111-03401106121ADDAA199000091GF106991001001999999001021KA1120M-02971MD1310081+9999REMSYN080AAXX  24111 30547 32998 60000 11311 21340 40612 53008 80002 333 11297 555 53000;EQDQ01  00002PRCP99
0175305470999992000012412004+54320+110320FM-12+050999999V0209999C000019999999N0200001N1-03111-03401106121ADDAA199000091GF106991001001999999001021KA1120M-02971MD1310081+9999REMSYN080AAXX  24121 30547 32998 60000 11311 21340 40612 53008 80002 333 11297 555 53000;EQDQ01  00002PRCP99
0210305470999992000012500004+54320+110320FM-12+050999999V0209999C000019999999N0200001N1-03531-03831106201ADDAA199000091AJ100209199999999GF106991001001999999001011IA1239KA1120N-03531MD1310021+9999REMSYN092AAXX  25001 30547 32998 60000 11353 21383 40620 53002 80001 333 21353 47020 555 53000 7000/;EQDQ01  00002PRCP99
0220305470999992000012600004+54320+110320FM-12+050999999V0209999C000012200019N0200001N1-03901-04111105731ADDAA199000091AJ100209199999999GA1001+999999999GF100991001001999999001001IA1239KA1120N-03901MD1810251+9999REMSYN086AAXX  26001 30547 32998 00000 11390 21411 40573 58025 333 21390 47020 555 53000 7000/;EQDQ01  00002PRCP99
0185305470999992000012612004+54320+110320FM-12+050999999V0209999C000012200019N0200001N1-03561-03831104801ADDAA199000091GA1001+999999999GF100991001001999999001001KA1120M-02821MD1710151+9999REMSYN074AAXX  26121 30547 32998 00000 11356 21383 40480 57015 333 11282 555 53000;EQDQ01  00002PRCP99
0175305470999992000012712004+54320+110320FM-12+050999999V0209999C000019999999N0200001N1-03151-03451104571ADDAA199000091GF106991001001999999001011KA1120M-02881MD1210051+9999REMSYN080AAXX  27121 30547 32998 60000 11315 21345 40457 52005 80001 333 11288 555 53000;EQDQ01  00002PRCP99
0204305470999992000012800004+54320+110320FM-12+050999999V0209999C000019999999N9999999N1-03571-03861105041ADDAA199000091AJ100209199999999GF108991999999999999999999IA1239KA1120N-03571MD1310131+9999REMSYN086AAXX  28001 30547 3/98/ 80000 11357 21386 40504 53013 333 21357 47020 555 53000 7000/;EQDQ01  00002PRCP99
0220305470999992000012900004+54320+110320FM-12+050999999V0209999C000012200019N0200001N1-03871-04131106081ADDAA199000091AJ100209199999999GA1001+999999999GF100991001001999999001001IA1239KA1120N-03871MD1310131+9999REMSYN086AAXX  29001 30547 32998 00000 11387 21413 40608 53013 333 21387 47020 555 53000 7000/;EQDQ01  00002PRCP99
0185305470999992000012912004+54320+110320FM-12+050999999V0209999C000012200019N0200001N1-03721-04071106261ADDAA199000091GA1001+999999999GF100991001001999999001001KA1120M-02701MD1110041+9999REMSYN074AAXX  29121 30547 32998 00000 11372 21407 40626 51004 333 11270 555 53000;EQDQ01  00002PRCP99
0210305470999992000013000004+54320+110320FM-12+050999999V0209999C000019999999N0200001N1-03781-03991106381ADDAA199000091AJ100209199999999GF105991001001999999001011IA1239KA1120N-03781MD1310041+9999REMSYN092AAXX  30001 30547 32998 50000 11378 21399 40638 53004 80001 333 21378 47020 555 53000 7000/;EQDQ01  00002PRCP99
0201305470999992000013012004+54320+110320FM-12+050999999V0209999C000012200019N0200001N1-03451-03811106111ADDAA199000091GA1001+999999999GF100991001001999999001001KA1120N+99999MD1310011+9999REMSYN074AAXX  30121 30547 32998 00000 11345 21381 40611 53001 333 21274 555 53000;EQDQ01  00002PRCP99Q02 -02742ATMN  
0204305470999992000013100004+54320+110320FM-12+050999999V0209999C000019999999N0200001N1-03801-04091105681ADDAA199000091AJ100209199999999GF105991999999999999999999IA1239KA1120N-03801MD1810151+9999REMSYN086AAXX  31001 30547 32998 50000 11380 21409 40568 58015 333 21380 47020 555 53000 7000/;EQDQ01  00002PRCP99
0201305470999992000013112004+54320+110320FM-12+050999999V0209999C000012200019N0200001N1-03161-03521104721ADDAA199000091GA1001+999999999GF100991001001999999001001KA1120M+99999MD1710131+9999REMSYN074AAXX  31121 30547 32998 00000 11316 21352 40472 57013 333 11380 555 53000;EQDQ01  00002PRCP99Q02 -03802ATMX  
0220305470999992000020100004+54320+110320FM-12+050999999V0209999C000012200019N0200001N1-03781-04051104371ADDAA199000091AJ100209199999999GA1001+999999999GF100991001001999999001001IA1239KA1120N-03781MD1610071+9999REMSYN086AAXX  01001 30547 32998 00000 11378 21405 40437 56007 333 21378 47020 555 53000 7000/;EQDQ01  00002PRCP99
0185305470999992000020112004+54320+110320FM-12+050999999V0209999C000012200019N0200001N1-03111-03471103731ADDAA199000091GA1001+999999999GF100991001001999999001001KA1120M-02491MD1410001+9999REMSYN074AAXX  01121 30547 32998 00000 11311 21347 40373 54000 333 11249 555 53000;EQDQ01  00002PRCP99
0210305470999992000020200004+54320+110320FM-12+050999999V0209999C000019999999N0200001N1-03611-03971103871ADDAA199000091AJ100209199999999GF106991001001999999001011IA1239KA1120N-03661MD1410001+9999REMSYN092AAXX  02001 30547 32998 60000 11361 21397 40387 54000 80001 333 21366 47020 555 53000 7000/;EQDQ01  00002PRCP99
0162305470999992000020212004+54320+110320FM-12+050999999V0209999C000012200019N0200001N1-02971-03281103601ADDAA199000091GF104991021001999999041021MD1710011+9999REMSYN080AAXX  02121 30547 32998 40000 11297 21328 40360 57001 82042 333 1127/ 555 53000;EQDQ01  00002PRCP99
0225305470999992000020300004+54320+110320FM-12+050999999V0209999C000010300019N0200001N1-02651-02971103331ADDAA112000891AJ100209199999999AY181061AY221061GF108991031031008001071999IA1239KA1120N-02911MD1210031+9999MW1021REMSYN104AAXX  03001 30547 11598 80000 11265 21297 40333 52003 69982 70282 8337/ 333 21291 47020 555 53000 7998/;
0175305470999992000020312004+54320+110320FM-12+050999999V0209999C000019999999N0200001N1-02461-02771103441ADDAA199000091GF108991031001999999061021KA1120M-02201MD1310021+9999REMSYN080AAXX  03121 30547 32998 80000 11246 21277 40344 53002 83062 333 11220 555 53000;EQDQ01  00002PRCP99
0128305470999992000020400004+54320+110320FM-12+050999999V0209999C000012200019N0200001N1-03111-03401999999ADDGF103991001001999999001011MD1310021+9999REMSYN076AAXX  04001 30547 //998 30000 11311 21340 403// 53002 80001 555 53000 7000/;
0175305470999992000020412004+54320+110320FM-12+050999999V0209999C000019999999N0200001N1-02891-03271103541ADDAA199000091GF108991001001999999001011KA1120M-02301MD1310021+9999REMSYN080AAXX  04121 30547 32998 80000 11289 21327 40354 53002 80001 333 11230 555 53000;EQDQ01  00002PRCP99
0210305470999992000020500004+54320+110320FM-12+050999999V0209999C000010300019N0200001N1-02941-03241103631ADDAA199000091AJ100199199999999GF106991021061008001041021IA1239KA1120N-03231MD1310051+9999REMSYN092AAXX  05001 30547 32598 60000 11294 21324 40363 53005 82642 333 21323 47019 555 53000 7000/;EQDQ01  00002PRCP99
0175305470999992000020512004+54320+110320FM-12+050999999V0209999C000012200019N0200001N1-02871-03181103681ADDAA199000091GF103991021001999999041011KA1120M-02241MD1310051+9999REMSYN080AAXX  05121 30547 32998 30000 11287 21318 40368 53005 82041 333 11224 555 53000;EQDQ01  00002PRCP99
0210305470999992000020600004+54320+110320FM-12+050999999V0209999C000012200019N0200001N1-03511-03801104021ADDAA199000091AJ100199199999999GF102991001001999999001011IA1239KA1120N-03511MD1310101+9999REMSYN092AAXX  06001 30547 32998 20000 11351 21380 40402 53010 80001 333 21351 47019 555 53000 7000/;EQDQ01  00002PRCP99
0185305470999992000020612004+54320+110320FM-12+050999999V0209999C000012200019N0200001N1-03231-03521104101ADDAA199000091GA1001+999999999GF100991001001999999001001KA1120M-02571MD1310061+9999REMSYN074AAXX  06121 30547 32998 00000 11323 21352 40410 53006 333 11257 555 53003;EQDQ01  00002PRCP99
0211305470999992000020700004+54320+110320FM-12+050999999V0209999C000012200019N0200001N1-03781+99999999999ADDAA199000091AJ100199199999999GA1001+999999999GF100991001001999999001001IA1239KA1120N-03781MD1310091+9999REMSYN077AAXX  07001 30547 32998 00000 11378 2411/ 53009 333 21378 47019 555 53000 /-;EQDQ01  00002PRCP99
0204305470999992000020800004+54320+110320FM-12+050999999V0203201N001012200019N0200001N1-03151-03521103881ADDAA199000091AJ100199199999999GF101991999001999999001011IA1239KA1120N-03161MD1310011+9999REMSYN086AAXX  08001 30547 32998 13201 11315 21352 40388 53001 8/001 333 21316 47019 555 53002;EQDQ01  00002PRCP99
0169305470999992000020812004+54320+110320FM-12+050999999V02099999999999999999N0200001N1+99999+99999103531ADDAA199000091GF105991001001999999001011KA1120M-02141MD1610021+9999REMSYN074AAXX  08121 30547 32998 500// 21313 40353 56002 80001 333 11214 555 53002;EQDQ01  00002PRCP99
0204305470999992000020900004+54320+110320FM-12+050999999V0203201N002019999999N0200001N1-03311-03601103361ADDAA199000091AJ100199199999999GF108991031001999999061011IA1239KA1120N-03431MD1610061+9999REMSYN086AAXX  09001 30547 32998 83202 11331 21360 40336 56006 83061 333 21343 47019 555 53002;EQDQ01  00002PRCP99
0185305470999992000020912004+54320+110320FM-12+050999999V0209999C000012200019N0200001N1-02901-03271103021ADDAA199000091GA1001+999999999GF100991001001999999001001KA1120M-02001MD1710071+9999REMSYN074AAXX  09121 30547 32998 00000 11290 21327 40302 57007 333 11200 555 53002;EQDQ01  00002PRCP99
0210305470999992000021000004+54320+110320FM-12+050999999V0209999C000019999999N0200001N1-02631-02801102831ADDAA199000091AJ100199199999999GF108991081001999999071999IA1239KA1120N-03051MD1410001+9999REMSYN092AAXX  10001 30547 32998 80000 11263 21280 40283 54000 8807/ 333 21305 47019 555 53000 7000/;EQDQ01  00002PRCP99
0185305470999992000021012004+54320+110320FM-12+050999999V0209999C000012200019N0200001N1-02931-03241102601ADDAA199000091GA1001+999999999GF100991001001999999001001KA1120M-01851MD1610011+9999REMSYN074AAXX  10121 30547 32998 00000 11293 21324 40260 56001 333 11185 555 53000;EQDQ01  00002PRCP99
0195305470999992000021100004+54320+110320FM-12+050999999V0203201N002012200019N0200001N1-03311-03601103141ADDAA124000091GF102991021001999999041001IA1239MD1210191+9999REMSYN091AAXX  11001 30547 32998 23202 11331 21360 40314 52019 82040 333 2131/ 4701/ 555 53004 7000;EQDQ01  00002PRCP99Q02  00003PRCP99
0172305470999992000021112004+54320+110320FM-12+050999999V0209999C000012200019N0500001N1-03131-03421103581ADDAA199000091GA1001+999999999GF100991001001999999001001MD1310141+9999REMSYN074AAXX  11121 30547 3//99 00000 11313 21342 40358 53014 333 17224 555 53000;EQDQ01  00002PRCP99
0210305470999992000021200004+54320+110320FM-12+050999999V0209999C000019999999N0200001N1-03421-03711104051ADDAA199000091AJ100189199999999GF108991041001999999061021IA1239KA1120N-03421MD1210091+9999REMSYN092AAXX  12001 30547 32998 80000 11342 21371 40405 52009 84062 333 21342 47018 555 53000 7000/;EQDQ01  00002PRCP99
0175305470999992000021212004+54320+110320FM-12+050999999V0209999C000019999999N0200001N1-02891-03201103921ADDAA199000091GF105991001001999999001011KA1120M-02341MD1210031+9999REMSYN080AAXX  12121 30547 32998 50000 11289 21320 40392 52003 80001 333 11234 555 53000;EQDQ01  00002PRCP99
0210305470999992000021300004+54320+110320FM-12+050999999V0209999C000012200019N0200001N1-03381-03611104151ADDAA199000091AJ100189199999999GF102991011001999999041011IA1239KA1120N-03381MD1210031+9999REMSYN092AAXX  13001 30547 32998 20000 11338 21361 40415 52003 81041 333 21338 47018 555 53000 7000/;EQDQ01  00002PRCP99
0175305470999992000021312004+54320+110320FM-12+050999999V0209999C000012200019N0200001N1-02901-03271103911ADDAA199000091GF102991001001999999001021KA1120M-02251MD1310011+9999REMSYN080AAXX  13121 30547 32998 20000 11290 21327 40391 53001 80002 333 11225 555 53000;EQDQ01  00002PRCP99
0185305470999992000021412004+54320+110320FM-12+050999999V0209999C000012200019N0200001N1-03251-03551104101ADDAA199000091GA1001+999999999GF100991001001999999001001KA1120M-02371MD1710011+9999REMSYN074AAXX  14121 30547 32998 00000 11325 21355 40410 57001 333 11237 555 53000;EQDQ01  00002PRCP99
0197305470999992000021500004+54320+110320FM-12+050999999V0209999C000012200019N0200001N1-03711-04011999999ADDAA199000091GA1001+999999999GF100991001001999999001001KA1120N-03781MD1310021+9999REMSYN086AAXX  15001 30547 32998 00000 11371 21401 44418 53002 333 21378 4//18 555 53000 7000/;EQDQ01  00002PRCP99
0185305470999992000021512004+54320+110320FM-12+050999999V0209999C000012200019N0200001N1-03211-03501103791ADDAA199000091GA1001+999999999GF100991001001999999001001KA1120M-02401MD1310011+9999REMSYN074AAXX  15121 30547 32998 00000 11321 21350 40379 53001 333 11240 555 53000;EQDQ01  00002PRCP99
0215305470999992000021600004+54320+110320FM-12+050999999V0209999C000012200019N0200001N1+99999+99999999999ADDAA199000091AJ100189199999999GA1001+999999999GF100991001001999999001001IA1239KA1120N-03611MD1410001+9999REMSYN081AAXX  16001 30547 32998 00000 11//1 21390 54000 333 21361 47018 555 -53000 70001;EQDQ01  00002PRCP99
0175305470999992000021612004+54320+110320FM-12+050999999V0209999C000012200019N0200001N1-03031-03341103301ADDAA199000091GF102991001001999999001021KA1120M-02361MD1710041+9999REMSYN080AAXX  16121 30547 32998 20000 11303 21334 40330 57004 80002 333 11236 555 53000;EQDQ01  00002PRCP99
0220305470999992000021700004+54320+110320FM-12+050999999V0209999C000012200019N0200001N1-03511-03741103501ADDAA199000091AJ100189199999999GA1001+999999999GF100991001001999999001001IA1239KA1120N-03511MD1310081+9999REMSYN086AAXX  17001 30547 32998 00000 11351 21374 40350 53008 333 21351 47018 555 53000 7000/;EQDQ01  00002PRCP99
0210305470999992000021800004+54320+110320FM-12+050999999V0209999C000019999999N0200001N1-02451-02771103551ADDAA199000091AJ100189199999999GF108991041001999999071071IA1239KA1120N-02631MD1110031+9999REMSYN092AAXX  18001 30547 32998 80000 11245 21277 40355 51003 84077 333 21263 47018 555 53000 7000/;EQDQ01  00002PRCP99
0185305470999992000021812004+54320+110320FM-12+050999999V0209999C000012200019N0200001N1-02411-02731103721ADDAA199000091GA1001+999999999GF100991001001999999001001KA1120M-01641MD1210021+9999REMSYN074AAXX  18121 30547 32998 00000 11241 21273 40372 52002 333 11164 555 53000;EQDQ01  00002PRCP99
0210305470999992000021900004+54320+110320FM-12+050999999V0209999C000010300019N0200001N1-03041-03341103701ADDAA199000091AJ100189199999999GF108991021051012501061999IA1239KA1120N-03041MD1710061+9999REMSYN092AAXX  19001 30547 32698 80000 11304 21334 40370 57006 8256/ 333 21304 47018 555 53000 7000/;EQDQ01  00002PRCP99
0175305470999992000021912004+54320+110320FM-12+050999999V0209999C000019999999N0200001N1-02371-02681103341ADDAA199000091GF108991001001999999001021KA1120M-01801MD1610031+9999REMSYN080AAXX  19121 30547 32998 80000 11237 21268 40334 56003 80002 333 11180 555 53000;EQDQ01  00002PRCP99
0226305470999992000022000004+54320+110320FM-12+050999999V0209999C000019999999N0200001N1-02961-03191103361ADDAA199000091AJ100189199999999GF106991001001999999001021IA1239KA1120N-02961MD1410001+9999REMSYN092AAXX  20001 30547 32598 60000 11296 21319 40336 54000 80002 333 21296 47018 555 53000 7000/;EQDQ01+008002SCOLCBQ02  00002PRCP99
0175305470999992000022012004+54320+110320FM-12+050999999V0209999C000019999999N0200001N1-02141-02471102961ADDAA199000091GF108991001001999999001041KA1120M-01801MD1610041+9999REMSYN080AAXX  20121 30547 32998 80000 11214 21247 40296 56004 80004 333 11180 555 53000;EQDQ01  00002PRCP99
0210305470999992000022100004+54320+110320FM-12+050999999V0209999C000019999999N0200001N1-02801-03041103241ADDAA199000091AJ100189199999999GF108991001001999999001041IA1239KA1120N-02801MD1310091+9999REMSYN092AAXX  21001 30547 32998 80000 11280 21304 40324 53009 80004 333 21280 47018 555 53000 7000/;EQDQ01  00002PRCP99
0185305470999992000022112004+54320+110320FM-12+050999999V0203201N002012200019N0200001N1-02561-03101103241ADDAA199000091GA1001+999999999GF100991001001999999001001KA1120M-01701MD1210051+9999REMSYN074AAXX  21121 30547 32998 03202 11256 21310 40324 52005 333 11170 555 53004;EQDQ01  00002PRCP99
0210305470999992000022200004+54320+110320FM-12+050999999V0209999C000019999999N0200001N1-03161-03451103851ADDAA199000091AJ100189199999999GF108991001001999999001011IA1239KA1120N-03191MD1210071+9999REMSYN092AAXX  22001 30547 32998 80000 11316 21345 40385 52007 80001 333 21319 47018 555 53002 7000/;EQDQ01  00002PRCP99
0166305470999992000022212004+54320+110320FM-12+050999999V0209999C000012200019N0080001N1-02551-02641999999ADDAA199000091GF103991001001999999001021MD1410001+9999REMSYN068AAXX  22121 30547 32958 30000 11255 21264 54000 81002 333 1//94 555;EQDQ01+000012SCOTLCQ02  00002PRCP99
0210305470999992000022300004+54320+110320FM-12+050999999V0209999C000019999999N0200001N1-02971-03211103741ADDAA199000091AJ100189199999999GF108991001001999999001021IA1239KA1120N-02971MD1810121+9999REMSYN092AAXX  23001 30547 32998 80000 11297 21321 40374 58012 80002 333 21297 47018 555 53000 7000/;EQDQ01  00002PRCP99
0178305470999992000022312004+54320+110320FM-12+050999999V0209999C000010300019N0200001N1-02511-02821103361ADDAA199000091GF108991021031008001071021KA1120M-02101MD1410001+9999REMSYN083AAXX  23121 30547 32598 80000 11251 21282 40336 54000 82372 333 11210 555 53000 /-;EQDQ01  00002PRCP99
0210305470999992000022400004+54320+110320FM-12+050999999V0209999C000010300019N0200001N1-02191-02441102701ADDAA199000091AJ100189199999999GF108991021031008001071999IA1239KA1120N-02471MD1710141+9999REMSYN092AAXX  24001 30547 32598 80000 11219 21244 40270 57014 8237/ 333 21247 47018 555 53000 7000/;EQDQ01  00002PRCP99
0149305470999992000022412004+54320+110320FM-12+050999999V0209999C000010300019N0200001N1-01811-02071102321ADDAA112000891GF108991031031008001061999MD1310041+9999REMSYN086AAXX  24121 30547 12598 80000 11181 21207 40232 53004 69972 8336/ 333 71164 555 53000;
0210305470999992000022500004+54320+110320FM-12+050999999V0209999C000010300019N0200001N1-02111-02361102461ADDAA199000091AJ100189199999999GF108991031031008001061999IA1239KA1120N-02181MD1210021+9999REMSYN092AAXX  25001 30547 32598 80000 11211 21236 40246 52002 8336/ 333 21218 47018 555 53000 7997/;EQDQ01  00002PRCP99
0175305470999992000022512004+54320+110320FM-12+050999999V0209999C000010750019N0200001N1-01141-01951102141ADDAA199000091GF105991021031008001061021KA1120M-01021MD1610021+9999REMSYN080AAXX  25121 30547 32598 50000 11114 21195 40214 56002 82362 333 11102 555 53004;EQDQ01  00002PRCP99
0185305470999992000022612004+54320+110320FM-12+050999999V0209999C000012200019N0200001N1-01901-02431102751ADDAA199000091GA1001+999999999GF100991001001999999001001KA1120M-00941MD1210121+9999REMSYN074AAXX  26121 30547 32998 00000 11190 21243 40275 52012 333 11094 555 53010;EQDQ01  00002PRCP99
0239305470999992000022700004+54320+110320FM-12+050999999V0209999C000012200019N0200001N1-03171-03471103891ADDAA124000091AJ100189199999999GA1001+999999999GF100991001001999999001001IA1239KA1120N-03171MD1310231+9999REMSYN089AAXX  27001 30547 32998 00000 11317 21347 40389 53023 333 21317 47018 555 53004 7000/ /-;EQDQ01  00002PRCP99Q02  00003PRCP99
0175305470999992000022712004+54320+110320FM-12+050999999V0209999C000012200019N0200001N1-02501-02961103341ADDAA199000091GF102991001001999999001011KA1120M-01701MD1710111+9999REMSYN080AAXX  27121 30547 32998 20000 11250 21296 40334 57011 80001 333 11170 555 53002;EQDQ01  00002PRCP99
0210305470999992000022800004+54320+110320FM-12+050999999V0203601N002010300019N0200001N1-02131-02611102791ADDAA199000091AJ100189199999999GF108991021031008001061021IA1239KA1120N-02731MD1710071+9999REMSYN092AAXX  28001 30547 32598 83602 11213 21261 40279 57007 82362 333 21273 47018 555 53002 7000/;EQDQ01  00002PRCP99
0175305470999992000022812004+54320+110320FM-12+050999999V0209999C000019999999N0200001N1-01831-02331102261ADDAA199000091GF105991999031008001041021KA1120M-01261MD1610081+9999REMSYN080AAXX  28121 30547 32598 50000 11183 21233 40226 56008 8/342 333 11126 555 53000;EQDQ01  00002PRCP99
0210305470999992000022900004+54320+110320FM-12+050999999V0203601N004012200019N0200001N1-02351-02601102441ADDAA199000091AJ100189199999999GF103991011001999999041011IA1239KA1120N-02351MD1210011+9999REMSYN092AAXX  29001 30547 32998 33604 11235 21260 40244 52001 81041 333 21235 47018 555 53004 7000/;EQDQ01  00002PRCP99
0213305470999992000022912004+54320+110320FM-12+050999999V0203201N006012200019N0200001N1-00441-01601102291ADDAA199000091AY131061AY231061GA1001+999999999GF100991001001999999001001KA1120M-00141MD1210181+9999MW1361REMSYN080AAXX  29121 30547 31998 03206 11044 21160 40229 52018 73633 333 11014 555 53014;EQDQ01  00002PRCP99
0210305470999992000030100004+54320+110320FM-12+050999999V0209999C000019999999N0200001N1-02091-02341102731ADDAA199000091AJ100189199999999GF106991001001999999001041IA1239KA1120N-02091MD1710041+9999REMSYN092AAXX  01001 30547 31998 60000 11209 21234 40273 57004 80004 333 21209 47018 555 53002 7000/;EQDQ01  00002PRCP99
0175305470999992000030112004+54320+110320FM-12+050999999V0209999C000012200019N0200001N1-01551-01971101981ADDAA199000091GF103991001001999999001011KA1120M-00741MD1710161+9999REMSYN080AAXX  01121 30547 32998 30000 11155 21197 40198 57016 80001 333 11074 555 53000;EQDQ01  00002PRCP99
0210305470999992000030200004+54320+110320FM-12+050999999V0209999C000019999999N0200001N1-01451-01791101281ADDAA199000091AJ100189199999999GF108991041001999999061021IA1239KA1120N-01801MD1610111+9999REMSYN092AAXX  02001 30547 32998 80000 11145 21179 40128 56011 84062 333 21180 47018 555 53000 7000/;EQDQ01  00002PRCP99
0175305470999992000030212004+54320+110320FM-12+050999999V0209999C000010750019N0200001N1-00901-01241101261ADDAA199000091GF105991011031008001041021KA1120M-00201MD1310051+9999REMSYN080AAXX  02121 30547 32598 50000 11090 21124 40126 53005 81342 333 11020 555 53006;EQDQ01  00002PRCP99
0210305470999992000030300004+54320+110320FM-12+050999999V0201801N006010300019N0200001N1-01001-01281101421ADDAA199000091AJ100189199999999GF108991021031008001061021IA1239KA1120N-01021MD1210051+9999REMSYN092AAXX  03001 30547 32598 81806 11100 21128 40142 52005 82362 333 21102 47018 555 53010 7000/;EQDQ01  00002PRCP99
0206305470999992000030312004+54320+110320FM-12+050999999V0203201N002010750019N0200001N1-01571-02491102501ADDAA199000091AY131061AY231061GF106991021031008001061031KA1120M-00841MD1110091+9999MW1021REMSYN089AAXX  03121 30547 31598 63202 11157 21249 40250 51009 70233 82363 333 11084 555 53014 /-;EQDQ01  00002PRCP99
0210305470999992000030400004+54320+110320FM-12+050999999V0203601N002010300019N0200001N1-02101-02591102051ADDAA199000091AJ100189199999999GF108991021031008001071999IA1239KA1120N-02481MD1710151+9999REMSYN092AAXX  04001 30547 32598 83602 11210 21259 40205 57015 8237/ 333 21248 47018 555 53004 7000/;EQDQ01  00002PRCP99
0190305470999992000030412004+54320+110320FM-12+050999999V0203201N002010300019N0200001N1-01511-01781100941ADDAA112003091AY181061AY281061GF108991031031008001061999KA1120M-01441MD1310071+9999MW1021REMSYN092AAXX  04121 30547 11598 83202 11151 21178 40094 53007 60032 70288 8336/ 333 11144 555 53004;
0262305470999992000030500004+54320+110320FM-12+050999999V0209999C000012200019N0200001N1-02331-03081103091ADDAA124003091AA299000091AJ100189199999999AY131061AY231061GA1001+999999999GF100991001001999999001001IA1239KA1120N-02501MD1210351+9999MW1021REMSYN095AAXX  05001 30547 31998 00000 11233 21308 40309 52035 70233 333 21250 47018 555 53014 7003/ /-;EQDQ01  00002PRCP99
0179305470999992000030512004+54320+110320FM-12+050999999V0209999C000012200019N0200001N1-02211+99999103421ADDAA199000091GA1001+999999999GF100991001001999999001001KA1120M-01261MD1310141+9999REMSYN068AAXX  05121 30547 32998 00000 11221 40342 53014 333 11126 555 53006;EQDQ01  00002PRCP99
0210305470999992000030600004+54320+110320FM-12+050999999V0203201N002019999999N0200001N1-03211-03431104211ADDAA199000091AJ100189199999999GF105991001001999999001021IA1239KA1120N-03211MD1210091+9999REMSYN092AAXX  06001 30547 32998 53202 11321 21343 40421 52009 80002 333 21321 47018 555 53002 7000/;EQDQ01  00002PRCP99
0175305470999992000030612004+54320+110320FM-12+050999999V0209999C000012200019N0200001N1-02401-02871103671ADDAA199000091GF102991021001999999041001KA1120M-01831MD1610091+9999REMSYN080AAXX  06121 30547 32998 20000 11240 21287 40367 56009 82040 333 11183 555 53004;EQDQ01  00002PRCP99
0239305470999992000030700004+54320+110320FM-12+050999999V0209999C000012200019N0200001N1-02541-02921103361ADDAA124000091AJ100189199999999GA1001+999999999GF100991001001999999001001IA1239KA1120N-02651MD1710071+9999REMSYN089AAXX  07001 30547 32998 00000 11254 21292 40336 57007 333 21265 47018 555 53004 7000/ /-;EQDQ01  00002PRCP99Q02  00003PRCP99
0220305470999992000030800004+54320+110320FM-12+050999999V0209999C000012200019N0200001N1-02391-02711103351ADDAA199000091AJ101189199999999GA1001+999999999GF100991001001999999001001IA1259KA1120N-02391MD1210031+9999REMSYN086AAXX  08001 30547 32998 00000 11239 21271 40335 52003 333 21239 41118 555 53000 7000/;EQDQ01  00002PRCP99
0155305470999992000030812004+54320+110320FM-12+050999999V0209999C000012200019N0200001N1-01041-01481102691ADDAA199000091GF102991011001999999041021MD1610081+9999REMSYN073AAXX  08121 30547 32998 20000 11104 21148 40269 56008 81042 555 53000 /-;EQDQ01  00002PRCP99
0210305470999992000030900004+54320+110320FM-12+050999999V0203201N004019999999N0200001N1-02091-02341103071ADDAA199000091AJ100189199999999GF105991021001999999041021IA1239KA1120N-02091MD1310111+9999REMSYN092AAXX  09001 30547 32998 53204 11209 21234 40307 53011 82042 333 21209 47018 555 53004 7000/;EQDQ01  00002PRCP99
0185305470999992000030912004+54320+110320FM-12+050999999V0209999C000012200019N0200001N1-01001-01531102651ADDAA199000091GA1001+999999999GF100991001001999999001001KA1120M-00691MD1710071+9999REMSYN074AAXX  09121 30547 32998 00000 11100 21153 40265 57007 333 11069 555 53002;EQDQ01  00002PRCP99
0220305470999992000031000004+54320+110320FM-12+050999999V0209999C000012200019N0200001N1-01401-01531102801ADDAA199000091AJ100179199999999GA1001+999999999GF100991001001999999001001IA1239KA1120N-01481MD1710031+9999REMSYN086AAXX  10001 30547 32998 00000 11140 21153 40280 57003 333 21148 47017 555 53000 7000/;EQDQ01  00002PRCP99
0188305470999992000031012004+54320+110320FM-12+050999999V0209999C000012200019N0200001N1-00951-01411102991ADDAA199000091GA1001+999999999GF100991001001999999001001KA1120M-00441MD1610071+9999REMSYN077AAXX  10121 30547 32998 00000 11095 21141 40299 56007 333 11044 555 53000 /-;EQDQ01  00002PRCP99
0220305470999992000031100004+54320+110320FM-12+050999999V0209999C000012200019N0200001N1-02041-02231102801ADDAA199000091AJ100179199999999GA1001+999999999GF100991001001999999001001IA1239KA1120N-02641MD1410001+9999REMSYN086AAXX  11001 30547 32998 00000 11204 21223 40280 54000 333 21264 47017 555 53000 7000/;EQDQ01  00002PRCP99
0185305470999992000031112004+54320+110320FM-12+050999999V0209999C000012200019N0200001N1-01341-01691102591ADDAA199000091GA1001+999999999GF100991001001999999001001KA1120M-00461MD1310061+9999REMSYN074AAXX  11121 30547 32598 00000 11134 21169 40259 53006 333 11046 555 53000;EQDQ01  00002PRCP99
0158305470999992000031200004+54320+110320FM-12+050999999V0201401N002012200019N0200001N1-01931-02191102801ADDAA199000091GF104991001001999999001021MD1310041+9999REMSYN076AAXX  12001 30547 32998 41402 11193 21219 40280 53004 80002 555 53002 7000/;EQDQ01  00002PRCP99
0175305470999992000031212004+54320+110320FM-12+050999999V0209999C000012200019N0200001N1-01141-01581102731ADDAA199000091GF103991001001999999001011KA1120M-00401MD1410001+9999REMSYN080AAXX  12121 30547 32998 30000 11114 21158 40273 54000 80001 333 11040 555 53002;EQDQ01  00002PRCP99
0239305470999992000031300004+54320+110320FM-12+050999999V0209999C000012200019N0200001N1-01831-01951999999ADDAA124000091AJ100169199999999GA1001+999999999GF100991001001999999001001IA1239KA1120N-01831MD1210071+9999REMSYN089AAXX  13001 30547 32998 00000 11183 21195 43313 52007 333 21183 47016 555 53000 7000/ /-;EQDQ01  00002PRCP99Q02  00003PRCP99
0210305470999992000031400004+54320+110320FM-12+050999999V0209999C000019999999N0200001N1-01961-02221102761ADDAA199000091AJ100169199999999GF108991001001999999001011IA1239KA1120N-01961MD1710021+9999REMSYN092AAXX  14001 30547 32998 80000 11196 21222 40276 57002 80001 333 21196 47016 555 53000 7000/;EQDQ01  00002PRCP99
0175305470999992000031412004+54320+110320FM-12+050999999V0209999C000012200019N0200001N1-01101-01441102101ADDAA199000091GF104991001001999999001031KA1120M-00521MD1710071+9999REMSYN080AAXX  14121 30547 32998 40000 11110 21144 40210 57007 80003 333 11052 555 53000;EQDQ01  00002PRCP99
0210305470999992000031500004+54320+110320FM-12+050999999V0209999C000019999999N0200001N1-01201-01401102031ADDAA199000091AJ100179199999999GF108991051001999999061021IA1239KA1120N-01201MD1710021+9999REMSYN092AAXX  15001 30547 32998 80000 11120 21140 40203 57002 85062 333 21120 47017 555 53000 7000/;EQDQ01  00002PRCP99
0175305470999992000031512004+54320+110320FM-12+050999999V0209999C000019999999N0200001N1-00801-01211101611ADDAA199000091GF108991081001999999071999KA1120M-00321MD1710061+9999REMSYN080AAXX  15121 30547 32998 80000 11080 21121 40161 57006 8807/ 333 11032 555 53000;EQDQ01  00002PRCP99
0225305470999992000031600004+54320+110320FM-12+050999999V0209999C000019999999N0200001N1-00911-00981101211ADDAA112001091AJ100189199999999AY171061AY271061GF108991081001999999021999IA1239KA1120N-00911MD1710051+9999MW1021REMSYN104AAXX  16001 30547 11998 80000 11091 21098 40121 57005 60012 70277 8802/ 333 21091 47018 555 53000 7001/;
0185305470999992000031612004+54320+110320FM-12+050999999V0203201N004012200019N0200001N1-00301-01161100931ADDAA199000091GA1001+999999999GF100991001001999999001001KA1120M-00081MD1710031+9999REMSYN074AAXX  16121 30547 32998 03204 11030 21116 40093 57003 333 11008 555 53006;EQDQ01  00002PRCP99
0220305470999992000031700004+54320+110320FM-12+050999999V0209999C000012200019N0200001N1-02011-02201101831ADDAA199000091AJ100179199999999GA1001+999999999GF100991001001999999001001IA1239KA1120N-02011MD1210171+9999REMSYN086AAXX  17001 30547 32998 00000 11201 21220 40183 52017 333 21201 47017 555 53004 7000/;EQDQ01  00002PRCP99
0185305470999992000031712004+54320+110320FM-12+050999999V0203201N006012200019N0200001N1-00421-01371101881ADDAA199000091GA1001+999999999GF100991001001999999001001KA1120M-00181MD1210051+9999REMSYN074AAXX  17121 30547 32998 03206 11042 21137 40188 52005 333 11018 555 53008;EQDQ01  00002PRCP99
0210305470999992000031800004+54320+110320FM-12+050999999V0209999C000019999999N0200001N1-01991-02251102941ADDAA199000091AJ100179199999999GF105991001001999999001021IA1239KA1120N-01991MD1210161+9999REMSYN092AAXX  18001 30547 32998 50000 11199 21225 40294 52016 80002 333 21199 47017 555 53000 7000/;EQDQ01  00002PRCP99
0175305470999992000031812004+54320+110320FM-12+050999999V0209999C000019999999N0200001N1-01001-01631102181ADDAA199000091GF108991001001999999001041KA1120M-00601MD1610081+9999REMSYN080AAXX  18121 30547 32998 80000 11100 21163 40218 56008 80004 333 11060 555 53000;EQDQ01  00002PRCP99
0229305470999992000031900004+54320+110320FM-12+050999999V0209999C000019999999N0200001N1-01001-01281102061ADDAA124000091AJ100169199999999GF108991081001999999071999IA1239KA1120N-01261MD1410001+9999REMSYN095AAXX  19001 30547 32998 80000 11100 21128 40206 54000 8807/ 333 21126 47016 555 53000 7000/ /-;EQDQ01  00002PRCP99Q02  00003PRCP99
0175305470999992000031912004+54320+110320FM-12+050999999V0201401N002019999999N0200001N1-00561-01071101971ADDAA199000091GF108991081001999999071999KA1120M-00321MD1210061+9999REMSYN080AAXX  19121 30547 32998 81402 11056 21107 40197 52006 8807/ 333 11032 555 53004;EQDQ01  00002PRCP99
0175305470999992000032000004+54320+110320FM-12+050999999V0203601N001012200019N0200001N1+99999+99999102831ADDAA199000091GF102991999999999999999999KA1120M-07601MD1211812+9999REMSYN064AAXX  20001 30547 32998 23601 21212 40283 52181 333 11760 555//;EQDQ01+001812APC3  Q02  00002PRCP99
0169305470999992000032012004+54320+110320FM-12+050999999V0209999C000019999999N0200001N1-00441-01241999999ADDAA199000091GF105991001001999999001011KA1120M-00051MD1310031+9999REMSYN074AAXX  20121 30547 32998 50000 11044 21124 53003 80001 333 11005 555 53008;EQDQ01  00002PRCP99
0220305470999992000032100004+54320+110320FM-12+050999999V0209999C000012200019N0200001N1-02031-02281102941ADDAA199000091AJ100169199999999GA1001+999999999GF100991001001999999001001IA1239KA1120N-02031MD1210021+9999REMSYN086AAXX  21001 30547 32998 00000 11203 21228 40294 52002 333 21203 47016 555 53002 7000/;EQDQ01  00002PRCP99
0175305470999992000032112004+54320+110320FM-12+050999999V0209999C000019999999N0200001N1-00621-01261102021ADDAA199000091GF108991041001999999061021KA1120M-00221MD1610051+9999REMSYN080AAXX  21121 30547 32998 80000 11062 21126 40202 56005 84062 333 11022 555 53000;EQDQ01  00002PRCP99
0210305470999992000032200004+54320+110320FM-12+050999999V0209999C000012200019N0200001N1-01651-01991102531ADDAA199000091AJ100159199999999GF102991011001999999041021IA1239KA1120N-01651MD1210061+9999REMSYN092AAXX  22001 30547 32998 20000 11165 21199 40253 52006 81042 333 21165 47015 555 53000 7000/;EQDQ01  00002PRCP99
0175305470999992000032212004+54320+110320FM-12+050999999V0209999C000012200019N0200001N1-00731-01551102221ADDAA199000091GF102991001001999999001011KA1120M-00441MD1210041+9999REMSYN080AAXX  22121 30547 32998 20000 11073 21155 40222 52004 80001 333 11044 555 53//8;EQDQ01  00002PRCP99
0210305470999992000032300004+54320+110320FM-12+050999999V0209999C000019999999N0200001N1-01681-01941102501ADDAA199000091AJ100159199999999GF108991001001999999001011IA1239KA1120N-01681MD1210021+9999REMSYN092AAXX  23001 30547 32998 80000 11168 21194 40250 52002 80001 333 21168 47015 555 53000 7000/;EQDQ01  00002PRCP99
0175305470999992000032312004+54320+110320FM-12+050999999V0209999C000010750019N0200001N1-00761-01601102121ADDAA199000091GF106991021031008001061031KA1120M-00301MD1410001+9999REMSYN080AAXX  23121 30547 32598 60000 11076 21160 40212 54000 82363 333 11030 555 53008;EQDQ01  00002PRCP99
0210305470999992000032400004+54320+110320FM-12+050999999V0209999C000019999999N0200001N1-01291-01561102301ADDAA199000091AJ100159199999999GF108991051001999999071041IA1239KA1120N-01291MD1310021+9999REMSYN092AAXX  24001 30547 32998 80000 11129 21156 40230 53002 85074 333 21129 47015 555 53000 7000/;EQDQ01  00002PRCP99
0175305470999992000032412004+54320+110320FM-12+050999999V0209999C000010300019N0200001N1-00381-01001101941ADDAA199000091GF108991011031008001041021KA1120M-00061MD1410001+9999REMSYN080AAXX  24121 30547 32598 80000 11038 21100 40194 54000 81342 333 11006 555 53004;EQDQ01  00002PRCP99
0210305470999992000032500004+54320+110320FM-12+050999999V0209999C000019999999N0200001N1-00641-00811101711ADDAA199000091AJ100149199999999GF108991081001999999071999IA1239KA1120N-00641MD1710051+9999REMSYN092AAXX  25001 30547 32998 80000 11064 21081 40171 57005 8807/ 333 21064 47014 555 53000 7000/;EQDQ01  00002PRCP99
0175305470999992000032512004+54320+110320FM-12+050999999V0209999C000019999999N0200001N1-00161-00801101711ADDAA199000091GF105991031001999999061021KA1120M+00061MD1610101+9999REMSYN080AAXX  25121 30547 32998 50000 11016 21080 40171 56010 83062 333 10006 555 53004;EQDQ01  00002PRCP99
0191305470999992000032612004+54320+110320FM-12+050999999V0203201N002012200019N0200001N1-00261-00591101201ADDAA199000091GF108991021031008001001011KA1120M+99999MD1210241+9999REMSYN080AAXX  26121 30547 32598 83202 11026 21059 40120 52024 82301 333 11058 555 53012;EQDQ01  00002PRCP99Q02 -00582ATMX  
0185305470999992000032712004+54320+110320FM-12+050999999V0203201N004012200019N0200001N1+00121-00811101971ADDAA199000091GA1001+999999999GF100991001001999999001001KA1120M+00301MD1310021+9999REMSYN074AAXX  27121 30547 32998 03204 10012 21081 40197 53002 333 10030 555 53008;EQDQ01  00002PRCP99
0197305470999992000032800004+54320+110320FM-12+050999999V0209999C000019999999N0200001N1-01081-01361102421ADDAA199000091AJ100059199999999GF106991011001999999041011IA1239MD1210021+9999REMSYN092AAXX  28001 30547 32998 60000 11108 21136 40242 52002 81041 333 1108/ 47005 555 53004 7000/;EQDQ01  00002PRCP99
0175305470999992000032812004+54320+110320FM-12+050999999V0209999C000010300019N0200001N1-00181-00831101301ADDAA199000091GF108991031031008001061021KA1120M-00041MD1710181+9999REMSYN080AAXX  28121 30547 32598 80000 11018 21083 40130 57018 83362 333 11004 555 53000;EQDQ01  00002PRCP99
0191305470999992000032900004+54320+110320FM-12+050999999V0209999C000012200019N0200001N1-00241-00841101731ADDAA112000791AJ100029199999999GF102991999999008001999999IA1239KA1120N-00241MD1210031+9999REMSYN092AAXX  29001 30547 13598 20000 11024 21084 40173 52003 69902 333 21024 47002 555 53008 7000/;
0175305470999992000032912004+54320+110320FM-12+050999999V0203201N002010300019N0200001N1-00161-01031101781ADDAA199000091GF108991031031008001061031KA1120M+00181MD1810041+9999REMSYN080AAXX  29121 30547 32598 83202 11016 21103 40178 58004 83363 333 10018 555 53010;EQDQ01  00002PRCP99
0190305470999992000033000004+54320+110320FM-12+050999999V0209999C000019999999N0200001N1-00461-00931101691ADDAA124000091AJ100019199999999IA1239MD1710061+9999REMSYN095AAXX  30001 30547 32598 /0000 11046 21093 40169 57006 82373 333 2/049 47001 555 53002 7000/ /-;EQDQ01  00002PRCP99Q02  00003PRCP99
0172305470999992000033012004+54320+110320FM-12+050999999V0203201N004012200019N0200001N1-00401+99999101791ADDAA199000091GF104991021031008001061021MD1210051+9999REMSYN074AAXX  30121 30547 32598 43204 11040 21608 40179 52005 82362 333 555 53006;EQDQ01  00002PRCP99Q02 -06083ATOD  
0197305470999992000033100004+54320+110320FM-12+050999999V0209999C000012200019N0200001N1-01091-01371101941ADDAA199000091GA1001+999999999GF100991001001999999001001KA1120N-01041MD1710021+9999REMSYN086AAXX  31001 30547 32998 00000 11109 21137 40194 57002 333 21104 57000 555 53000 7000/;EQDQ01  00002PRCP99
0178305470999992000033112004+54320+110320FM-12+050999999V0209999C000012200019N0200001N1-00501-01401101831ADDAA199000091GF102991001001999999001999KA1120M-00071MD1810011+9999REMSYN083AAXX  31121 30547 32998 20000 11050 21140 40183 58001 8000/ 333 11007 555 53004 /-;EQDQ01  00002PRCP99
0210305470999992000040100004+54320+110320FM-12+050999999V0209999C000012200019N0200001N1+99999+99999101991ADDAA199000091AJ100009199999999GF103991001001999999001011IA1239KA1120N-01191MD1310041+9999REMSYN092AAXX  01001 30547 32998 30000 111/4 21158 40199 53004 80001 333 21119 47000 555 53000 7000/;EQDQ01  00002PRCP99
0168305470999992000040112004+54320+110320FM-12+050999999V0201001N999992200019N0005001N1+99999+99999101201ADDGF102991021031000251071021KA1120M+00131MD1610021+9999REMSYN068AAXX  01121 30547 11005 21072 40120 56002 82372 333 10013 555 53006;EQDQ01+007203WOSPD Q020007203WOSPD 
0236305470999992000040200004+54320+110320FM-12+050999999V0209999C000012200019N0200001N1-01031-01471101401ADDAA199000091AJ199992999999999GA1001+999999999GF100991001001999999001001IA1229KA1120N-01031MD1710031+9999REMSYN086AAXX  02001 30547 32998 00000 11103 21147 40140 57003 333 21103 46998 555 53004 7000/;EQDQ01  00002PRCP99Q02  09972SNDP  
0245305470999992000040300004+54320+110320FM-12+050999999V0209999C000010750019N0200001N1-00641-00761101151ADDAA124000091AJ199992999999999GF105991021031008001061021IA1229KA1120N-00641MD1110051+9999REMSYN095AAXX  03001 30547 32598 50000 11064 21076 40115 51005 82362 333 21064 46998 555 53000 7000/ /-;EQDQ01  00002PRCP99Q02  00003PRCP99Q03  09972SNDP  
0191305470999992000040312004+54320+110320FM-12+050999999V0203201N002012200019N0200001N1-00161-00801101611ADDAA199000091GA1001+999999999GF100991001001999999001001KA1120M-00081MD1810021+9999REMSYN080AAXX  03121 30547 32598 03202 11016 21080 40161 58002 82300 333 11008 555 53010;EQDQ01  00002PRCP99
0236305470999992000040400004+54320+110320FM-12+050999999V0203201N002012200019N0200001N1-00571-01041102661ADDAA199000091AJ199992999999999GA1001+999999999GF100991001001999999001001IA1299KA1120N-00651MD1110061+9999REMSYN086AAXX  04001 30547 32998 03202 11057 21104 40266 51006 333 21065 49998 555 53012 7000/;EQDQ01  00002PRCP99Q02  09972SNDP  
0175305470999992000040412004+54320+110320FM-12+050999999V0209999C000019999999N0200001N1-00081-01091101981ADDAA199000091GF108991051001999999071021KA1120M+00341MD1710201+9999REMSYN080AAXX  04121 30547 32998 80000 11008 21109 40198 57020 85072 333 10034 555 53010;EQDQ01  00002PRCP99
