0204307720999992000010100004+52700+118800FM-12+040499999V0201301N002010750019N0500001N1-03801-03911104311ADDAA106000091AJ100149199999999GF108991031001022501031021IA1239KA1120N-04041MD1210031+9999REMSYN086AAXX  01001 30772 32899 81302 11380 21391 40431 52003 83032 333 21404 47014 555 7000/;EQDQ01  00002PRCP06
0165307720999992000010112004+52700+118800FM-12+040499999V0200801N001010210019N0500001N1-03061-03171103801ADDAA106000091GF108991061001022501031041KA1999M-02851MD1810051+9999REMSYN070AAXX  01121 30772 32884 80801 11306 21317 40380 58005 86034 333 11285;EQDQ01  00002PRCP06
0219307720999992000010200004+52700+118800FM-12+040499999V0200601N001010210019N0200001N1-02411-02531103151ADDAA112001091AJ100159199999999AY171061AY271061GF108991081001022501021999IA1239KA1120N-03091MD1710091+9999MW1711REMSYN098AAXX  02001 30772 11898 80601 11241 21253 40315 57009 60012 77177 8802/ 333 21309 47015 555 7001/;
0180307720999992000010212004+52700+118800FM-12+040499999V0200601N001010210019N0200001N1-02591-02651102901ADDAA112001091AY111061AY271061GF108991081001022501021999KA1999M+00151MD1810051+9999MW1771REMSYN082AAXX  02121 30772 11870 80601 11259 21265 40290 58005 60012 77717 8802/ 333 12015;
0201307720999992000010300004+52700+118800FM-12+040499999V0209999C000012200019N0500001N1-03661-03701103241ADDAA112000391AJ100159199999999GA1001+999999999GF100991001001999999001001IA1239KA1120N-03681MD1310081+9999REMSYN086AAXX  03001 30772 12999 00000 11366 21370 40324 53008 69932 333 21368 47015 555 7001/;
0175307720999992000010312004+52700+118800FM-12+040499999V0202701N001012200019N0500001N1-03301-03361103311ADDAA106000091GA1001+999999999GF100991001001999999001001KA1999M-02691MD1110021+9999REMSYN064AAXX  03121 30772 32984 02701 11330 21336 40331 51002 333 11269;EQDQ01  00002PRCP06
0214307720999992000010400004+52700+118800FM-12+040499999V0209999C000012200019N0500001N1-04101-04151104111ADDAA106000091AJ100159199999999GA1001+999999999GF100991001001999999001001IA1239KA1120N-04201MD1210181+9999REMSYN080AAXX  04001 30772 32999 00000 11410 21415 40411 52018 333 21420 47015 555 7000/;EQDQ01  00002PRCP06
0165307720999992000010412004+52700+118800FM-12+040499999V0209999C000012200019N0500001N1-03811-03911104301ADDAA106000091GF103991001001999999001021KA1999M-03181MD1210161+9999REMSYN070AAXX  04121 30772 32984 30000 11381 21391 40430 52016 80002 333 11318;EQDQ01  00002PRCP06
0204307720999992000010500004+52700+118800FM-12+040499999V0209999C000010750019N0500001N1-04111-04201104501ADDAA106000091AJ100159199999999GF106991031001022501041021IA1239KA1120N-04221MD1310041+9999REMSYN086AAXX  05001 30772 32899 60000 11411 21420 40450 53004 83042 333 21422 47015 555 7000/;EQDQ01  00002PRCP06
0165307720999992000010512004+52700+118800FM-12+040499999V0209999C000010750019N0500001N1-03701-03791104111ADDAA106000091GF108991021001022501031071KA1999M-03261MD1410001+9999REMSYN070AAXX  05121 30772 32884 80000 11370 21379 40411 54000 82037 333 11326;EQDQ01  00002PRCP06
0180307720999992000010612004+52700+118800FM-12+040499999V0209999C000010210019N0100001N1-02821-02881102771ADDAA112000891AY171061AY271061GF108991081001022501021999KA1999M-02751MD1810031+9999MW1711REMSYN082AAXX  06121 30772 11860 80000 11282 21288 40277 58003 69982 77177 8802/ 333 11275;
0161307720999992000010700004+52700+118800FM-12+040499999V0202701N001010210019N0200001N1-02421-02531102101ADDAA112002091AY171061AY271061GF108991081001022501021999MD1610031+9999MW1711REMSYN076AAXX  07001 30772 11898 82701 11242 21253 40210 56003 60022 77177 8802/ 333;
0180307720999992000010712004+52700+118800FM-12+040499999V0202801N002010210019N0090001N1-02141-02201101751ADDAA112000891AY171061AY271061GF108991081001022501021999KA1999M-01951MD1810031+9999MW1711REMSYN082AAXX  07121 30772 11859 82802 11214 21220 40175 58003 69972 77177 8802/ 333 11195;
0191307720999992000010800004+52700+118800FM-12+040499999V0209999C000010750019N0500001N1-02901-02951102021ADDAA112000191AJ100179199999999GF108991031001022501041021IA1239KA1120N-03181MD1210061+9999REMSYN092AAXX  08001 30772 12899 80000 11290 21295 40202 52006 69922 83042 333 21318 47017 555 7999/;
0152307720999992000010812004+52700+118800FM-12+040499999V0209999C000010210019N0500001N1-02891-02951102181ADDAA112000191GF108991081001022501021999KA1999M-02351MD1210071+9999REMSYN076AAXX  08121 30772 12884 80000 11289 21295 40218 52007 69922 8802/ 333 11235;
0204307720999992000010900004+52700+118800FM-12+040499999V0202501N002010750019N0500001N1-02141-02201101981ADDAA106000091AJ100179199999999GF106991031001022501041021IA1239KA1120N-02891MD1810011+9999REMSYN086AAXX  09001 30772 32899 62502 11214 21220 40198 58001 83042 333 21289 47017 555 7992/;EQDQ01  00002PRCP06
0184307720999992000010912004+52700+118800FM-12+040499999V0202701N001012200019N0500001N1-02821-02881999999ADDAA106000091GA1001+999999999GF100991001001999999001001KA1999M-00801MD1210171+9999ME1102519REMSYN064AAXX  09121 30772 32984 02701 11282 21288 41251 52017 333 11080;EQDQ01  00002PRCP06
0204307720999992000011000004+52700+118800FM-12+040499999V0209999C000012200019N0500001N1-03811-03861103661ADDAA106000091AJ100179199999999GF103991001001999999001041IA1239KA1120N-03851MD1210131+9999REMSYN086AAXX  10001 30772 32999 30000 11381 21386 40366 52013 80004 333 21385 47017 555 7000/;EQDQ01  00002PRCP06
0191307720999992000011012004+52700+118800FM-12+040499999V0202701N001012200019N0500001N1-03161-03261103941ADDAA106000091GA1001+999999999GF100991001001999999001001KA1999M+99999MD1210151+9999REMSYN064AAXX  10121 30772 32984 02701 11316 21326 40394 52015 333 12515;EQDQ01  00002PRCP06Q02 +05152ATMX  
0214307720999992000011100004+52700+118800FM-12+040499999V0209999C000012200019N0500001N1-03941-04051104391ADDAA106000091AJ100179199999999GA1001+999999999GF100991001001999999001001IA1239KA1120N-03961MD1210061+9999REMSYN080AAXX  11001 30772 32999 00000 11394 21405 40439 52006 333 21396 47017 555 7000/;EQDQ01  00002PRCP06
0175307720999992000011112004+52700+118800FM-12+040499999V0209999C000012200019N0500001N1-03531-03651104111ADDAA106000091GA1001+999999999GF100991001001999999001001KA1999M-02771MD1210081+9999REMSYN064AAXX  11121 30772 32984 00000 11353 21365 40411 52008 333 11277;EQDQ01  00002PRCP06
0175307720999992000011212004+52700+118800FM-12+040499999V0209999C000012200019N0500001N1-03531-03651103791ADDAA106000091GA1001+999999999GF100991001001999999001001KA1999M-02931MD1310041+9999REMSYN064AAXX  12121 30772 32984 00000 11353 21365 40379 53004 333 11293;EQDQ01  00002PRCP06
0218307720999992000011300004+52700+118800FM-12+040499999V0209999C000010750019N0500001N1-03831-03911103451ADDAA106000091AA224000091AJ100179199999999GF108991031001022501041021IA1239KA1120N-04001MD1710141+9999REMSYN089AAXX  13001 30772 32899 80000 11383 21391 40345 57014 83042 333 21400 47017 555 7000/ /-;EQDQ01  00002PRCP06
0165307720999992000011312004+52700+118800FM-12+040499999V0209999C000012200019N0500001N1-03421-03531103091ADDAA106000091GF102991001001999999001021KA1999M-02781MD1410001+9999REMSYN070AAXX  13121 30772 32984 20000 11342 21353 40309 54000 80002 333 11278;EQDQ01  00002PRCP06
0222307720999992000011400004+52700+118800FM-12+040499999V0209999C000010210019N0200001N1-03041-03091103081ADDAA112000191AJ100179199999999AY171061AY221061GF108991081001022501021999IA1239KA1120N-03531MD1310081+9999MW1711REMSYN101    AAXX  14001 30772 11898 80000 11304 21309 40308 53008 69922 77172 8802/ 333 21353 47017 555 79-/;
0203307720999992000011412004+52700+118800FM-12+040499999V0209999C000010750019N0500001N1-03081-03191103351ADDAA112000591AY171061AY221061GF108991021001022501041071KA1999M-02381MD1012132+9999MW1011REMSYN086    AAXX  14121 30772 11884 80000 11308 21319 40335 50213 69962 70172 82047 333 11238;EQDQ01+002132APC3  
0223307720999992000011500004+52700+118800FM-12+040499999V0209999C000010750019N0500001N1-03581-03681103751ADDAA112000591AJ100189199999999AY171061AY221061GF108991021001022501041071IA1239KA1120N-03611MD1210111+9999MW1011REMSYN102    AAXX  15001 30772 11899 80000 11358 21368 40375 52011 69942 70172 82047 333 21361 47018 555 7001/;
0201307720999992000011512004+52700+118800FM-12+040499999V0209999C000012200019N0500001N1-03441-03611103861ADDAA199000091GF102991001001999999001041KA1999M+99999MD1210161+9999REMSYN074    AAXX  15121 30772 32984 20000 11344 21361 40386 52016 88004 333 12415;EQDQ01+000082SCOTLCQ02  00002PRCP99Q03 +04152ATMX  
0205307720999992000011600004+52700+118800FM-12+040499999V0209999C999992200019N0500001N1-04061-04151104321ADDAA199000091AJ100189199999999GA1001+999999999GF100991001001999999001001IA1239MD1310041+9999REMSYN084    AAXX  16001 30772 32999 08000 11406 21415 40432 53004 333 27407 47018 555 7000/;EQDQ01  00002PRCP99
0154307720999992000011606004+52700+118800FM-12+040499999V0209999C000012200019N0500001N1-03311-03531103891ADDAY141061AY201061GA1001+999999999GF100991001001999999001001MD1810181+9999MW1021REMSYN064    AAXX  16061 30772 41999 00000 11331 21353 40389 58018 70240;
0179307720999992000011612004+52700+118800FM-12+040499999V0209999C000012200019N0500001N1-03561-03651103831ADDAA199000091GA1001+999999999GF100991001001999999001001KA1999M-02941MD1810031+9999REMSYN068    AAXX  16121 30772 32984 00000 11356 21365 40383 58003 333 11294;EQDQ01  00002PRCP99
0227307720999992000011700004+52700+118800FM-12+040499999V0209999C000010750019N0500001N1-03571-03681103691ADDAA124000091AJ100189199999999GF108991021001022501041021IA1239KA1120N-03851MD1610011+9999REMSYN093    AAXX  17001 30772 32899 80000 11357 21368 40369 56001 82042 333 21385 47018 555 7000/ /-;EQDQ01  00002PRCP99Q02  00003PRCP99
0208307720999992000011800004+52700+118800FM-12+040499999V0209999C000010750019N0500001N1-03791-03911103771ADDAA199000091AJ100189199999999GF105991021001022501041021IA1239KA1120N-03901MD1310111+9999REMSYN090    AAXX  18001 30772 32899 50000 11379 21391 40377 53011 82042 333 21390 47018 555 7000/;EQDQ01  00002PRCP99
0130307720999992000011812004+52700+118800FM-12+040499999V0209999C000019999999N0500001N1-03101-03241103471ADDAA112000391KA1999M-02451MD1210051+9999REMSYN080    AAXX  18121 30772 12984 /1000 1131/ 21324 40347 52005 69932 80007 333 11245;
0195307720999992000011900004+52700+118800FM-12+040499999V0209999C000012200019N0500001N1-03961-04051103891ADDAA112000191AJ100199199999999GF102991021001022501041001IA1239KA1120N-03981MD1210121+9999REMSYN096    AAXX  19001 30772 12899 20000 11396 21405 40389 52012 69922 82040 333 21398 47019 555 7995/;
0179307720999992000011912004+52700+118800FM-12+040499999V0209999C000012200019N0500001N1-03661-03761104001ADDAA199000091GA1001+999999999GF100991001001999999001001KA1999M-02671MD1210131+9999REMSYN068    AAXX  19121 30772 32984 00000 11366 21376 40400 52013 333 11267;EQDQ01  00002PRCP99
0217307720999992000012000004+52700+118800FM-12+040499999V0209999C000019999999N0500001N1-04301-04331104391ADDAA124000091AJ100199199999999GF105991999999999999999999IA1239KA1120N-04351MD1210091+9999REMSYN083AAXX  20001 30772 32999 50000 11430 21433 40439 52009 333 21435 47019 555 7000/ /-;EQDQ01  00002PRCP99Q02  00003PRCP99
0165307720999992000012012004+52700+118800FM-12+040499999V0202701N001019999999N0500001N1-02881-03051999999ADDAA199000091GF108991001001999999001071KA1999M-02781MD1310011+9999REMSYN070AAXX  20121 30772 32984 82701 11288 21305 403/2 53001 80007 333 11278;EQDQ01  00002PRCP99
0204307720999992000012100004+52700+118800FM-12+040499999V0209999C000012200019N0500001N1-03491-03591103941ADDAA199000091AJ100199199999999GF101991001001999999001041IA1239KA1120N-03501MD1210111+9999REMSYN086AAXX  21001 30772 32999 10000 11349 21359 40394 52011 80004 333 21350 47019 555 7000/;EQDQ01  00002PRCP99
0175307720999992000012112004+52700+118800FM-12+040499999V0209999C000012200019N0500001N1-03141-03301103911ADDAA199000091GA1001+999999999GF100991001001999999001001KA1999M-02371MD1310081+9999REMSYN064AAXX  21121 30772 32984 00000 11314 21330 40391 53008 333 11237;EQDQ01  00002PRCP99
0214307720999992000012200004+52700+118800FM-12+040499999V0209999C000012200019N0500001N1-04061-04151104521ADDAA199000091AJ100199199999999GA1001+999999999GF100991001001999999001001IA1239KA1120N-04081MD1210141+9999REMSYN080AAXX  22001 30772 32999 00000 11406 21415 40452 52014 333 21408 47019 555 7000/;EQDQ01  00002PRCP99
0175307720999992000012212004+52700+118800FM-12+040499999V0209999C000012200019N0500001N1-03921-04051104721ADDAA199000091GA1001+999999999GF100991001001999999001001KA1999M-02591MD1210151+9999REMSYN064AAXX  22121 30772 32984 00000 11392 21405 40472 52015 333 11259;EQDQ01  00002PRCP99
0214307720999992000012300004+52700+118800FM-12+040499999V0209999C000012200019N0500001N1-04331-04451105241ADDAA199000091AJ100199199999999GA1001+999999999GF100991001001999999001001IA1239KA1120N-04351MD1310081+9999REMSYN080AAXX  23001 30772 32999 00000 11433 21445 40524 53008 333 21435 47019 555 7000/;EQDQ01  00002PRCP99
0233307720999992000012400004+52700+118800FM-12+040499999V0202901N001012200019N0500001N1-04201-04321105291ADDAA124000091AJ100199199999999GA1001+999999999GF100991001001999999001001IA1239KA1120N-04231MD1210131+9999REMSYN083AAXX  24001 30772 32999 02901 11420 21432 40529 52013 333 21423 47019 555 7000/ /-;EQDQ01  00002PRCP99Q02  00003PRCP99
0175307720999992000012411004+52700+118800FM-12+040499999V0202901N002012200019N0500001N1-02841-02951104341ADDAA199000091GA1001+999999999GF100991001001999999001001KA1999M-02441MD1710131+9999REMSYN064AAXX  24111 30772 32984 02902 11284 21295 40434 57013 333 11244;EQDQ01  00002PRCP99
0155307720999992000012412004+52700+118800FM-12+040499999V0202901N002012200019N0500001N1-02841-02951104341ADDAA199000091GA1001+999999999GF100991001001999999001001KA1999M-02441REMSYN058AAXX  24121 30772 32984 02902 11284 21295 40434 333 11244;EQDQ01  00002PRCP99
0233307720999992000012500004+52700+118800FM-12+040499999V0209999C000012200019N0500001N1-03441-03561104951ADDAA124000091AJ100199199999999GA1001+999999999GF100991001001999999001001IA1239KA1120N-03451MD1210211+9999REMSYN083AAXX  25001 30772 32999 00000 11344 21356 40495 52021 333 21345 47019 555 7000/ /-;EQDQ01  00002PRCP99Q02  00003PRCP99
0162307720999992000012512004+52700+118800FM-12+040499999V0202801N001012200019N0500001N1-02791-02901999999ADDAA199000091GA1001+999999999GF100991001001999999001001MD1310051+9999REMSYN064AAXX  25121 30772 32984 02801 11279 21290 44469 53005 333 170/3;EQDQ01  00002PRCP99
0214307720999992000012600004+52700+118800FM-12+040499999V0209999C000012200019N0500001N1-03531-03651105191ADDAA199000091AJ100199199999999GA1001+999999999GF100991001001999999001001IA1239KA1120N-03591MD1310061+9999REMSYN080AAXX  26001 30772 32999 00000 11353 21365 40519 53006 333 21359 47019 555 7000/;EQDQ01  00002PRCP99
0175307720999992000012612004+52700+118800FM-12+040499999V0202201N003012200019N0500001N1-02141+99999103921ADDAA199000091GA1001+999999999GF100991001001999999001001KA1999M-01361MD1710161+9999REMSYN064AAXX  26121 30772 32984 02203 11214 21139 40392 57016 333 11136;EQDQ01  00002PRCP99
0214307720999992000012700004+52700+118800FM-12+040499999V0209999C000012200019N0500001N1-03161-03261103751ADDAA199000091AJ100199199999999GA1001+999999999GF100991001001999999001001IA1239KA1120N-03191MD1710061+9999REMSYN080AAXX  27001 30772 32999 00000 11316 21326 40375 57006 333 21319 47019 555 7000/;EQDQ01  00002PRCP99
0175307720999992000012712004+52700+118800FM-12+040499999V0202701N002012200019N0500001N1-02371-02481103001ADDAA199000091GA1001+999999999GF100991001001999999001001KA1999M-01651MD1310031+9999REMSYN064AAXX  27121 30772 32984 02702 11237 21248 40300 53003 333 11165;EQDQ01  00002PRCP99
0203307720999992000012800004+52700+118800FM-12+040499999V0209999C000010750019N0500001N1-03311-03361103631ADDAA199000091AJ100199199999999GF108991041001022501041021IA1239KA1120N-03361MD1310201+9999REMSYN085AAXX  28001 30772 32899 80000 11331 21336 40363 53020 84042 333 21336 47019 555 000/;EQDQ01  00002PRCP99
0223307720999992000012900004+52700+118800FM-12+040499999V0201101N001019999999N0500001N1-03701-03741104881ADDAA124000091AJ100199199999999GF105991001001999999001021IA1239KA1120N-03751MD1210141+9999REMSYN089AAXX  29001 30772 32999 51101 11370 21374 40488 52014 80002 333 21375 47019 555 7000/ /-;EQDQ01  00002PRCP99Q02  00003PRCP99
0175307720999992000012912004+52700+118800FM-12+040499999V0203501N001012200019N0500001N1-02891-03071105001ADDAA199000091GA1001+999999999GF100991001001999999001001KA1999M-02181MD1210171+9999REMSYN064AAXX  29121 30772 32984 03501 11289 21307 40500 52017 333 11218;EQDQ01  00002PRCP99
0214307720999992000013000004+52700+118800FM-12+040499999V0209999C000012200019N0500001N1-03901-04001105431ADDAA199000091AJ100199199999999GA1001+999999999GF100991001001999999001001IA1239KA1120N-03901MD1310031+9999REMSYN080AAXX  30001 30772 32999 00000 11390 21400 40543 53003 333 21390 47019 555 7000/;EQDQ01  00002PRCP99
0165307720999992000013012004+52700+118800FM-12+040499999V0202201N002012200019N0500001N1-02511-02691104991ADDAA199000091GF102991001001999999001021KA1999M-01901MD1310021+9999REMSYN070AAXX  30121 30772 32984 22202 11251 21269 40499 53002 80002 333 11190;EQDQ01  00002PRCP99
0233307720999992000013100004+52700+118800FM-12+040499999V0202701N001012200019N0500001N1-03181-03291104961ADDAA124000091AJ100199199999999GA1001+999999999GF100991001001999999001001IA1239KA1120N-03351MD1710101+9999REMSYN083AAXX  31001 30772 32999 02701 11318 21329 40496 57010 333 21335 47019 555 7000/ /-;EQDQ01  00002PRCP99Q02  00003PRCP99
0203307720999992000013112004+52700+118800FM-12+040499999V0202401N004012200019N0500001N1-01661-02081103831ADDAA199000091AY131061AY231061GA1001+999999999GF100991001001999999001001KA1999M-01371MD1610071+9999MW1361REMSYN070AAXX  31121 30772 31984 02404 11166 21208 40383 56007 73633 333 11137;EQDQ01  00002PRCP99
0242307720999992000020100004+52700+118800FM-12+040499999V0202601N005012200019N0500001N1-02361-02481103491ADDAA199000091AJ100199199999999AY131061AY231061GA1001+999999999GF100991001001999999001001IA1239KA1120N-02391MD1710091+9999MW1361REMSYN086AAXX  01001 30772 31999 02605 11236 21248 40349 57009 73633 333 21239 47019 555 7000/;EQDQ01  00002PRCP99
0203307720999992000020112004+52700+118800FM-12+040499999V0201701N004012200019N0500001N1-01801-02141102801ADDAA199000091AY131061AY231061GA1001+999999999GF100991001001999999001001KA1999M-01251MD1410001+9999MW1361REMSYN070AAXX  01121 30772 31984 01704 11180 21214 40280 54000 73633 333 11125;EQDQ01  00002PRCP99
0214307720999992000020200004+52700+118800FM-12+040499999V0209999C000012200019N0500001N1-03221-03331103121ADDAA199000091AJ100199199999999GA1001+999999999GF100991001001999999001001IA1239KA1120N-03251MD1410001+9999REMSYN080AAXX  02001 30772 32899 00000 11322 21333 40312 54000 333 21325 47019 555 7000/;EQDQ01  00002PRCP99
0175307720999992000020212004+52700+118800FM-12+040499999V0202701N002012200019N0500001N1-02021-02401102631ADDAA199000091GA1001+999999999GF100991001001999999001001KA1999M-01291MD1310071+9999REMSYN064AAXX  02121 30772 32984 02702 11202 21240 40263 53007 333 11129;EQDQ01  00002PRCP99
0204307720999992000020300004+52700+118800FM-12+040499999V0202401N001019999999N0500001N1-03201-03251103121ADDAA199000091AJ100199199999999GF105991001001999999001021IA1239KA1120N-03251MD1210121+9999REMSYN086AAXX  03001 30772 32999 52401 11320 21325 40312 52012 80002 333 21325 47019 555 7000/;EQDQ01  00002PRCP99
0175307720999992000020312004+52700+118800FM-12+040499999V0202701N002012200019N0500001N1-02041-02231102941ADDAA199000091GA1001+999999999GF100991001001999999001001KA1999M-01401MD1210121+9999REMSYN064AAXX  03121 30772 32984 02702 11204 21223 40294 52012 333 11140;EQDQ01  00002PRCP99
0233307720999992000020400004+52700+118800FM-12+040499999V0209999C000012200019N0500001N1-03501-03621103511ADDAA124000091AJ100199199999999GA1001+999999999GF100991001001999999001001IA1239KA1120N-03501MD1310081+9999REMSYN083AAXX  04001 30772 32999 00000 11350 21362 40351 53008 333 21350 47019 555 7000/ /-;EQDQ01  00002PRCP99Q02  00003PRCP99
0214307720999992000020500004+52700+118800FM-12+040499999V0209999C000012200019N0500001N1-03711-03831103701ADDAA199000091AJ100199199999999GA1001+999999999GF100991001001999999001001IA1239KA1120N-03731MD1310071+9999REMSYN080AAXX  05001 30772 32999 00000 11371 21383 40370 53007 333 21373 47019 555 7000/;EQDQ01  00002PRCP99
0165307720999992000020512004+52700+118800FM-12+040499999V0200401N001012200019N0500001N1-02721-02831103201ADDAA199000091GF102991001001999999001041KA1999M-02061MD1310051+9999REMSYN070AAXX  05121 30772 32984 20401 11272 21283 40320 53005 80004 333 11206;EQDQ01  00002PRCP99
0138307720999992000020612004+52700+118800FM-12+040499999V0200801N001012200019N0500001N1+99999+99999103271ADDAA112000391GF103991001001999999001041KA1999M-01961REMSYN076AAXX  06121 30772 12984 30801 1/281 21292 40327 5/008 69932 80004 333 11196;
0228307720999992000020700004+52700+118800FM-12+040499999V0202901N001012200019N0500001N1-03841-03901103821ADDAA124000391AA299000091AJ100299199999999GA1001+999999999GF100991001001999999001001IA1239KA1120N-03901MD1210071+9999REMSYN083AAXX  07001 30772 32999 02901 11384 21390 40382 52007 333 21390 47029 555 7993/ /-;EQDQ01  00002PRCP99
0175307720999992000020712004+52700+118800FM-12+040499999V0202701N002012200019N0500001N1-02471-02651103301ADDAA199000091GA1001+999999999GF100991001001999999001001KA1999M-02101MD1310031+9999REMSYN064AAXX  07121 30772 32984 02702 11247 21265 40330 53003 333 11210;EQDQ01  00002PRCP99
0204307720999992000020800004+52700+118800FM-12+040499999V0209999C000010750019N0500001N1-03401-03501103351ADDAA199000091AJ100199199999999GF105991021001022501041021IA1239KA1120N-03601MD1710071+9999REMSYN086AAXX  08001 30772 32899 50000 11340 21350 40335 57007 82042 333 21360 47019 555 7000/;EQDQ01  00002PRCP99
0165307720999992000020812004+52700+118800FM-12+040499999V0202601N002010750019N0500001N1-02041-02371102471ADDAA199000091GF105991021001022501041021KA1999M-01451MD1310011+9999REMSYN070AAXX  08121 30772 32884 52602 11204 21237 40247 53001 82042 333 11145;EQDQ01  00002PRCP99
0214307720999992000020900004+52700+118800FM-12+040499999V0209999C000012200019N0500001N1-03561-03651103021ADDAA199000091AJ100199199999999GA1001+999999999GF100991001001999999001001IA1239KA1120N-03581MD1210051+9999REMSYN080AAXX  09001 30772 32999 00000 11356 21365 40302 52005 333 21358 47019 555 7000/;EQDQ01  00002PRCP99
0175307720999992000020912004+52700+118800FM-12+040499999V0202901N002012200019N0500001N1-02411-02531102211ADDAA199000091GA1001+999999999GF100991001001999999001001KA1999M-01541MD1310041+9999REMSYN064AAXX  09121 30772 32984 02902 11241 21253 40221 53004 333 11154;EQDQ01  00002PRCP99
0214307720999992000021000004+52700+118800FM-12+040499999V0209999C000012200019N0500001N1-03661-03761102701ADDAA199000091AJ100199199999999GA1001+999999999GF100991001001999999001001IA1239KA1120N-03731MD1310051+9999REMSYN080AAXX  10001 30772 32999 00000 11366 21376 40270 53005 333 21373 47019 555 7000/;EQDQ01  00002PRCP99
0175307720999992000021012004+52700+118800FM-12+040499999V0209999C000012200019N0500001N1-02701-02821102121ADDAA199000091GA1001+999999999GF100991001001999999001001KA1999M-01601MD1310091+9999REMSYN064AAXX  10121 30772 32984 00000 11270 21282 40212 53009 333 11160;EQDQ01  00002PRCP99
0204307720999992000021100004+52700+118800FM-12+040499999V0209999C000010750019N0500001N1-03651-03701102481ADDAA199000091AJ100199199999999GF106991021001022501041021IA1239KA1120N-03721MD1310111+9999REMSYN086AAXX  11001 30772 32899 60000 11365 21370 40248 53011 82042 333 21372 47019 555 7000/;EQDQ01  00002PRCP99
0175307720999992000021112004+52700+118800FM-12+040499999V0209999C000012200019N0500001N1-02831-02941102641ADDAA199000091GA1001+999999999GF100991001001999999001001KA1999M-01821MD1310201+9999REMSYN064AAXX  11121 30772 32984 00000 11283 21294 40264 53020 333 11182;EQDQ01  00002PRCP99
0214307720999992000021200004+52700+118800FM-12+040499999V0209999C000012200019N0500001N1-03781-03821103291ADDAA199000091AJ100199199999999GA1001+999999999GF100991001001999999001001IA1239KA1120N-03851MD1210081+9999REMSYN080AAXX  12001 30772 32999 00000 11378 21382 40329 52008 333 21385 47019 555 7000/;EQDQ01  00002PRCP99
0175307720999992000021212004+52700+118800FM-12+040499999V0209999C000012200019N0500001N1-02861-03101102961ADDAA199000091GA1001+999999999GF100991001001999999001001KA1999M-01681MD1310061+9999REMSYN064AAXX  12121 30772 32984 00000 11286 21310 40296 53006 333 11168;EQDQ01  00002PRCP99
0214307720999992000021300004+52700+118800FM-12+040499999V0209999C000012200019N0500001N1-03811-03911103491ADDAA199000091AJ100199199999999GA1001+999999999GF100991001001999999001001IA1239KA1120N-03841MD1310051+9999REMSYN080AAXX  13001 30772 32999 00000 11381 21391 40349 53005 333 21384 47019 555 7000/;EQDQ01  00002PRCP99
0175307720999992000021312004+52700+118800FM-12+040499999V0209999C000012200019N0500001N1-02881-03051102931ADDAA199000091GA1001+999999999GF100991001001999999001001KA1999M-01701MD1310061+9999REMSYN064AAXX  13121 30772 32984 00000 11288 21305 40293 53006 333 11170;EQDQ01  00002PRCP99
0175307720999992000021412004+52700+118800FM-12+040499999V0209999C000012200019N0500001N1-02671-02791102631ADDAA199000091GA1001+999999999GF100991001001999999001001KA1999M-01711MD1310041+9999REMSYN064AAXX  14121 30772 32984 00000 11267 21279 40263 53004 333 11171;EQDQ01  00002PRCP99
0204307720999992000021600004+52700+118800FM-12+040499999V0202001N001019999999N0500001N1-03571-03631103151ADDAA199000091AJ100199199999999GF105991001001999999001041IA1239KA1120N-03651MD1110031+9999REMSYN086AAXX  16001 30772 32999 52001 11357 21363 40315 51003 80004 333 21365 47019 555 7000/;EQDQ01  00002PRCP99
0165307720999992000021612004+52700+118800FM-12+040499999V0209999C000010750019N0500001N1-02231-02481102661ADDAA199000091GF106991021001022501041021KA1999M-01431MD1310111+9999REMSYN070AAXX  16121 30772 32884 60000 11223 21248 40266 53011 82042 333 11143;EQDQ01  00002PRCP99
0204307720999992000021700004+52700+118800FM-12+040499999V0202801N002010210019N0500001N1-02451-02571103051ADDAA199000091AJ100199199999999GF107991071001022501031001IA1239KA1120N-02701MD1310101+9999REMSYN086AAXX  17001 30772 32899 72802 11245 21257 40305 53010 87030 333 21270 47019 555 7000/;EQDQ01  00002PRCP99
0204307720999992000021800004+52700+118800FM-12+040499999V0209999C000012200019N0500001N1-03601-03721103331ADDAA199000091AJ100199199999999GF102991001001999999001021IA1239KA1120N-03621MD1310011+9999REMSYN086AAXX  18001 30772 32999 20000 11360 21372 40333 53001 80002 333 21362 47019 555 7000/;EQDQ01  00002PRCP99
0175307720999992000021812004+52700+118800FM-12+040499999V0209999C000012200019N0500001N1-02431-02611102741ADDAA199000091GA1001+999999999GF100991001001999999001001KA1999M-01421MD1310141+9999REMSYN064AAXX  18121 30772 32984 00000 11243 21261 40274 53014 333 11142;EQDQ01  00002PRCP99
0217307720999992000021900004+52700+118800FM-12+040499999V0209999C000012200019N0500001N1-03571-03681103391ADDAA124000091AJ100199199999999GF103991999999022501999999IA1239KA1120N-03601MD1210111+9999REMSYN083AAXX  19001 30772 32899 30000 11357 21368 40339 52011 333 21360 47019 555 7000/ /-;EQDQ01  00002PRCP99Q02  00003PRCP99
0175307720999992000021912004+52700+118800FM-12+040499999V0209999C000012200019N0500001N1-02401-02651102681ADDAA199000091GA1001+999999999GF100991001001999999001001KA1999M-01291MD1310061+9999REMSYN064AAXX  19121 30772 32984 00000 11240 21265 40268 53006 333 11129;EQDQ01  00002PRCP99
0214307720999992000022000004+52700+118800FM-12+040499999V0209999C000012200019N0500001N1-03571-03631103061ADDAA199000091AJ100199199999999GA1001+999999999GF100991001001999999001001IA1239KA1120N-03571MD1310101+9999REMSYN080AAXX  20001 30772 32999 00000 11357 21363 40306 53010 333 21357 47019 555 7000/;EQDQ01  00002PRCP99
0175307720999992000022012004+52700+118800FM-12+040499999V0209999C000012200019N0500001N1-02311-02401102481ADDAA199000091GA1001+999999999GF100991001001999999001001KA1999M-01351MD1310091+9999REMSYN064AAXX  20121 30772 32984 00000 11231 2124/ 40248 53009 333 11135;EQDQ01  00002PRCP99
0223307720999992000022100004+52700+118800FM-12+040499999V0202701N001012200019N0500001N1-03531-03651103151ADDAA124000091AJ100199199999999GF102991001001999999001021IA1239KA1120N-03601MD1210081+9999REMSYN089AAXX  21001 30772 32999 22701 11353 21365 40315 52008 80002 333 21360 47019 555 7000/ /-;EQDQ01  00002PRCP99Q02  00003PRCP99
0165307720999992000022112004+52700+118800FM-12+040499999V0209999C000012200019N0500001N1-02201-02521102431ADDAA199000091GF103991021001022501031021KA1999M-01141MD1310061+9999REMSYN070AAXX  21121 30772 32884 30000 11220 21252 40243 53006 82032 333 11114;EQDQ01  00002PRCP99
0219307720999992000022200004+52700+118800FM-12+040499999V0209999C000010210019N0200001N1-03101-03221102821ADDAA112000791AJ100199199999999AY171061AY211061GF108991081001022501021999IA1239KA1120N-03361MD1310081+9999MW1711REMSYN098AAXX  22001 30772 11898 80000 11310 21322 40282 53008 69902 77171 8802/ 333 21336 47019 555 7990/;
0152307720999992000022212004+52700+118800FM-12+040499999V0202701N002012200019N0500001N1-01931-02051102441ADDAA112000791GF103991021001022501041021KA1999M-01271MD1310091+9999REMSYN076AAXX  22121 30772 12884 32702 11193 21205 40244 53009 69902 82042 333 11127;
0214307720999992000022300004+52700+118800FM-12+040499999V0209999C000012200019N0500001N1-03601-03671103171ADDAA199000091AJ100199199999999GA1001+999999999GF100991001001999999001001IA1239KA1120N-03661MD1210051+9999REMSYN080AAXX  23001 30772 32999 00000 11360 21367 40317 52005 333 21366 47019 555 7990/;EQDQ01  00002PRCP99
0175307720999992000022312004+52700+118800FM-12+040499999V0202801N002012200019N0500001N1-01971-02381102721ADDAA199000091GA1001+999999999GF100991001001999999001001KA1999M-01321MD1310101+9999REMSYN064AAXX  23121 30772 32984 02802 11197 21238 40272 53010 333 11132;EQDQ01  00002PRCP99
0199307720999992000022400004+52700+118800FM-12+040499999V0202701N002012200019N0500001N1-03471+99999999999ADDAA199000091AJ100199199999999GA1001+999999999GF100991001001999999001001IA1239KA1120N-03631REMSYN079AAXX  24001 30772 32999 02702 11347 2359 40323 51001 333 21363 47019 555 7000/;EQDQ01  00002PRCP99
0181307720999992000022412004+52700+118800FM-12+040499999V0209999C000012200019N0500001N1-02161-02411102401ADDAA199000091GF103991001001999999001021KA1999M+99999MD1310051+9999REMSYN070AAXX  24121 30772 32984 30000 11216 21241 40240 53005 80002 333 11315;EQDQ01  00002PRCP99Q02 -03152ATMX  
0204307720999992000022500004+52700+118800FM-12+040499999V0200401N002010210019N0500001N1-02691-02801102271ADDAA199000091AJ100199199999999GF108991081001022501011999IA1239KA1120N-03011MD1710061+9999REMSYN086AAXX  25001 30772 32899 80402 11269 21280 40227 57006 8801/ 333 21301 47019 555 7000/;EQDQ01  00002PRCP99
0159307720999992000022512004+52700+118800FM-12+040499999V0202601N002012200019N0500001N1-02151+99999102051ADDAA199000091GF103991001001999999001021KA1999M-01151MD1310121+9999REMSYN064AAXX  25121 30772 32984 32602 11215 40205 53012 80002 333 11115;EQDQ01  00002PRCP99
0159307720999992000022612004+52700+118800FM-12+040499999V0209999C000012200019N0500001N1-01221+99999102511ADDAA199000091GF102991001001999999001041KA1999M-00911MD1210211+9999REMSYN064AAXX  26121 30772 32984 20000 11122 40251 52021 80004 333 11091;EQDQ01  00002PRCP99
0214307720999992000022700004+52700+118800FM-12+040499999V0209999C000012200019N0500001N1-03601-03721103741ADDAA199000091AJ100199199999999GA1001+999999999GF100991001001999999001001IA1239KA1120N-03601MD1210191+9999REMSYN080AAXX  27001 30772 32999 00000 11360 21372 40374 52019 333 21360 47019 555 7000/;EQDQ01  00002PRCP99
0175307720999992000022712004+52700+118800FM-12+040499999V0209999C000012200019N0500001N1-02391-02781103361ADDAA199000091GA1001+999999999GF100991001001999999001001KA1999M-01191MD1310071+9999REMSYN064AAXX  27121 30772 32984 00000 11239 21278 40336 53007 333 11119;EQDQ01  00002PRCP99
0204307720999992000022800004+52700+118800FM-12+040499999V0202301N002010210019N0500001N1-02301-02421102741ADDAA199000091AJ100199199999999GF108991081001022501021999IA1239KA1120N-03151MD1710151+9999REMSYN086AAXX  28001 30772 32899 82302 11230 21242 40274 57015 8802/ 333 21315 47019 555 7000/;EQDQ01  00002PRCP99
0165307720999992000022812004+52700+118800FM-12+040499999V0202701N001012200019N0500001N1-01351-01781102231ADDAA199000091GF102991001001999999001021KA1999M-00691MD1310101+9999REMSYN070AAXX  28121 30772 32984 22701 11135 21178 40223 53010 80002 333 11069;EQDQ01  00002PRCP99
0204307720999992000022900004+52700+118800FM-12+040499999V0202701N001010210019N0500001N1-02531-02641102311ADDAA199000091AJ100199199999999GF108991081001022501071999IA1239KA1120N-02651MD1610011+9999REMSYN086AAXX  29001 30772 32899 82701 11253 21264 40231 56001 8807/ 333 21265 47019 555 7000/;EQDQ01  00002PRCP99
0165307720999992000022912004+52700+118800FM-12+040499999V0202701N001010750019N0500001N1-00741-01231101351ADDAA199000091GF105991031001022501031021KA1999M-00251MD1310031+9999REMSYN070AAXX  29121 30772 32884 52701 11074 21123 40135 53003 83032 333 11025;EQDQ01  00002PRCP99
0204307720999992000030100004+52700+118800FM-12+040499999V0209999C000012200019N0500001N1-02521-02581102731ADDAA199000091AJ100199199999999GF101991011001022501031001IA1239KA1120N-02561MD1210281+9999REMSYN086AAXX  01001 30772 32899 10000 11252 21258 40273 52028 81030 333 21256 47019 555 7000/;EQDQ01  00002PRCP99
0199307720999992000030112004+52700+118800FM-12+040499999V0203201N002019999999N9999999N1-00551-01111101371ADDAA199000091GF106991001001999999001021KA1120M-00181MA1999999095831MD1310061+9999REMSYN089AAXX  01121 30772 329// 63202 11055 21111 39583 40137 53006 80002 333 11018 555 1/107 /-;EQDQ01  00002PRCP99
0217307720999992000030115004+52700+118800FM-12+040499999V0202801N014012200019N0200001N1+99999-00951102062ADDAA199000091GA1001+999999999GF100991001001999999001001MA1999999099582REMSYN054AAXX  01151 30772 32970 02814 10253 21095 39958 40206;EQDQ01+002533ATOT  Q02+099583APOSP Q03+102063APOSLPQ04  00002PRCP99Q05 +02533ATOT  
0204307720999992000030200004+52700+118800FM-12+040499999V0202701N001010750019N0500001N1-01751-01871101731ADDAA199000091AJ100199199999999GF108991041001022501031021IA1279KA1120N-01821MD1710151+9999REMSYN086AAXX  02001 30772 32899 82701 11175 21187 40173 57015 84032 333 21182 43019 555 7000/;EQDQ01  00002PRCP99
0165307720999992000030212004+52700+118800FM-12+040499999V0209999C000012200019N0500001N1-01231-01581100661ADDAA199000091GF103991001001999999001021KA1999M+00001MD1410001+9999REMSYN070AAXX  02121 30772 32984 30000 11123 21158 40066 54000 80002 333 10000;EQDQ01  00002PRCP99
0204307720999992000030300004+52700+118800FM-12+040499999V0209999C000019999999N0500001N1-02061-02181101131ADDAA199000091AJ100199199999999GF108991001001999999001021IA1279KA1120N-02251MD1210131+9999REMSYN086AAXX  03001 30772 32999 80000 11206 21218 40113 52013 80002 333 21225 43019 555 7000/;EQDQ01  00002PRCP99
0209307720999992000030312004+52700+118800FM-12+040499999V0209999C000010750019N0500001N1+00001-01361100871ADDAA199000091AY131061AY211061GF106991031001022501041021KA1999M+99999MD1410001+9999MW1031REMSYN076AAXX  03121 30772 31884 60000 11000 21136 40087 54000 70331 83042 333 11006;EQDQ01  00002PRCP99Q02 -00062ATMX  
0233307720999992000030400004+52700+118800FM-12+040499999V0202701N004010210019N0500001N1-01431-01491101511ADDAA112001091AA224001091AJ100199199999999AY171061AY261061GF108991081001022501011999IA1239KA1120N-01451MD1310281+9999MW1361REMSYN101AAXX  04001 30772 11899 82704 11143 21149 40151 53028 60012 73676 8801/ 333 21145 47019 555 7001/ /-;
0193307720999992000030412004+52700+118800FM-12+040499999V0202601N002019999999N0500001N1-01351-01961101321ADDAA199000091AY131061AY211061GF108991001001999999001071KA1999M-00671MD1410001+9999MW1031REMSYN076AAXX  04121 30772 31984 82602 11135 21196 40132 54000 70331 80007 333 11067;EQDQ01  00002PRCP99
0219307720999992000030500004+52700+118800FM-12+040499999V0201001N002010210019N0500001N1-01271-01541101021ADDAA112002091AJ100219199999999AY171061AY221061GF108991081001022501021999IA1239KA1120N-01601MD1310211+9999MW1021REMSYN098AAXX  05001 30772 11899 81002 11127 21154 40102 53021 60022 70272 8802/ 333 21160 47021 555 7002/;
0180307720999992000030512004+52700+118800FM-12+040499999V02099999999992200019N0500001N1-01371-02081102031ADDAA112000391AY131061AY231061GF102991001001999999001021KA1999M+99999MD1210271+9999MW1361REMSYN082AAXX  05121 30772 11984 24103 11137 21208 40203 52027 69932 73633 80002 333 10815;
0214307720999992000030600004+52700+118800FM-12+040499999V0209999C000012200019N0500001N1-02901-03121102971ADDAA199000091AJ100209199999999GA1001+999999999GF100991001001999999001001IA1239KA1120N-02951MD1210171+9999REMSYN080AAXX  06001 30772 32999 00000 11290 21312 40297 52017 333 21295 47020 555 7993/;EQDQ01  00002PRCP99
0203307720999992000030612004+52700+118800FM-12+040499999V0200501N002012200019N0500001N1-02041-02711102791ADDAA199000091AY131061AY201061GA1001+999999999GF100991001001999999001001KA1999M-01041MD1310101+9999MW1021REMSYN070AAXX  06121 30772 31984 00502 11204 21271 40279 53010 70230 333 11104;EQDQ01  00002PRCP99
0204307720999992000030700004+52700+118800FM-12+040499999V0202201N002010210019N0500001N1-02641-02821102611ADDAA199000091AJ100209199999999GF108991051001022501031021IA1239KA1120N-02951MD1610041+9999REMSYN086AAXX  07001 30772 32899 82202 11264 21282 40261 56004 85032 333 21295 47020 555 7000/;EQDQ01  00002PRCP99
0204307720999992000030800004+52700+118800FM-12+040499999V0202601N001012200019N0500001N1-03501-03671103271ADDAA199000091AJ100209199999999GF102991001001999999001021IA1239KA1120N-03501MD1210151+9999REMSYN086AAXX  08001 30772 32999 22601 11350 21367 40327 52015 80002 333 21350 47020 555 7000/;EQDQ01  00002PRCP99
0165307720999992000030812004+52700+118800FM-12+040499999V0209999C000012200019N0500001N1-01981-02391102451ADDAA199000091GF102991021001022501041001KA1999M-00851MD1310051+9999REMSYN070AAXX  08121 30772 32884 20000 11198 21239 40245 53005 82040 333 11085;EQDQ01  00002PRCP99
0214307720999992000030900004+52700+118800FM-12+040499999V0209999C000012200019N0500001N1-03161-03261103181ADDAA199000091AJ100209199999999GA1001+999999999GF100991001001999999001001IA1239KA1120N-03351MD1210121+9999REMSYN080AAXX  09001 30772 32999 00000 11316 21326 40318 52012 333 21335 47020 555 7000/;EQDQ01  00002PRCP99
0165307720999992000030912004+52700+118800FM-12+040499999V0202801N002012200019N0500001N1-00881-01191101821ADDAA199000091GF103991001001999999001021KA1999M-00411MD1610121+9999REMSYN070AAXX  09121 30772 32984 32802 11088 21119 40182 56012 80002 333 11041;EQDQ01  00002PRCP99
0223307720999992000031000004+52700+118800FM-12+040499999V0209999C000012200019N0500001N1-01921-02041102081ADDAA124000091AJ100209199999999GF103991021001022501031021IA1239KA1120N-02141MD1210101+9999REMSYN089AAXX  10001 30772 32899 30000 11192 21204 40208 52010 82032 333 21214 47020 555 7000/ /-;EQDQ01  00002PRCP99Q02  00003PRCP99
0170307720999992000031012004+52700+118800FM-12+040499999V0209999C000019999999N0500001N1-00831-01411101751ADDAA199000091AY131061AY221061GF105991001001999999001999MD1310061+9999MW1011REMSYN066AAXX  10121 30772 31984 50000 11083 21141 40175 53006 70132 8000/;EQDQ01  00002PRCP99
0214307720999992000031100004+52700+118800FM-12+040499999V0209999C000012200019N0500001N1-02621-02741102411ADDAA199000091AJ100189199999999GA1001+999999999GF100991001001999999001001IA1239KA1120N-02651MD1810011+9999REMSYN080AAXX  11001 30772 32999 00000 11262 21274 40241 58001 333 21265 47018 555 7000/;EQDQ01  00002PRCP99
0165307720999992000031112004+52700+118800FM-12+040499999V0209999C000012200019N0500001N1-00541-01351101751ADDAA199000091GF103991001001999999001021KA1999M-00091MD1310171+9999REMSYN070AAXX  11121 30772 32984 30000 11054 21135 40175 53017 80002 333 11009;EQDQ01  00002PRCP99
0214307720999992000031200004+52700+118800FM-12+040499999V0209999C000012200019N0500001N1-01261-02651102771ADDAA199000091AJ100109199999999GA1001+999999999GF100991001001999999001001IA1279KA1120N-02771MD1210121+9999REMSYN080AAXX  12001 30772 32999 00000 11126 21265 40277 52012 333 21277 43010 555 7000/;EQDQ01  00002PRCP99
0203307720999992000031212004+52700+118800FM-12+040499999V0209999C000012200019N0500001N1-01151-01501102331ADDAA199000091AY131061AY201061GA1001+999999999GF100991001001999999001001KA1999M-00141MD1310131+9999MW1011REMSYN070AAXX  12121 30772 31984 00000 11115 21150 40233 53013 70130 333 11014;EQDQ01  00002PRCP99
0204307720999992000031300004+52700+118800FM-12+040499999V0209999C000012200019N0500001N1-02821-02941103191ADDAA199000091AJ100189199999999GF102991001001999999001021IA1279KA1120N-02851MD1210091+9999REMSYN086AAXX  13001 30772 32999 20000 11282 21294 40319 52009 80002 333 21285 43018 555 7000/;EQDQ01  00002PRCP99
0175307720999992000031312004+52700+118800FM-12+040499999V0209999C000012200019N0500001N1-01161-01601102471ADDAA199000091GA1001+999999999GF100991001001999999001001KA1999M-00291MD1310041+9999REMSYN064AAXX  13121 30772 32984 00000 11116 21160 40247 53004 333 11029;EQDQ01  00002PRCP99
0189307720999992000031400004+52700+118800FM-12+040499999V0209999C000019999999N0500001N1+99999+99999999999ADDAA199000091AJ100179199999999GF106991999999022501999999IA1239KA1120N-02641REMSYN085AAXX  14001 30772 32899 60000 1124 21257 40278 57002 83032 333 21264 47017 555 7000/;EQDQ01  00002PRCP99
0165307720999992000031412004+52700+118800FM-12+040499999V0200301N001010750019N0500001N1-00791-00931101811ADDAA199000091GF108991041001022501031071KA1999M-00041MD1310061+9999REMSYN070AAXX  14121 30772 32884 80301 11079 21093 40181 53006 84037 333 11004;EQDQ01  00002PRCP99
0204307720999992000031500004+52700+118800FM-12+040499999V0209999C000012200019N0500001N1-01891-02011102191ADDAA199000091AJ100179199999999GF103991001001999999001021IA1279KA1120N-02251MD1310061+9999REMSYN086AAXX  15001 30772 32999 30000 11189 21201 40219 53006 80002 333 21225 43017 555 7000/;EQDQ01  00002PRCP99
0165307720999992000031512004+52700+118800FM-12+040499999V0209999C000012200019N0500001N1-00871-01201101611ADDAA199000091GF103991001001999999001041KA1999M+00151MD1410001+9999REMSYN070AAXX  15121 30772 32984 30000 11087 21120 40161 54000 80004 333 10015;EQDQ01  00002PRCP99
0204307720999992000031600004+52700+118800FM-12+040499999V0203501N001010300019N0500001N1-02131-02251101801ADDAA199000091AJ100169199999999GF108991021051012501031041IA1279KA1120N-02351MD1610031+9999REMSYN086AAXX  16001 30772 32699 83501 11213 21225 40180 56003 82534 333 21235 43016 555 7000/;EQDQ01  00002PRCP99
0165307720999992000031612004+52700+118800FM-12+040499999V0201701N002010750019N0500001N1-00321-00671100821ADDAA199000091GF106991031001022501041021KA1999M+00131MD1410001+9999REMSYN070AAXX  16121 30772 32884 61702 11032 21067 40082 54000 83042 333 10013;EQDQ01  00002PRCP99
0223307720999992000031700004+52700+118800FM-12+040499999V0209999C000010750019N0500001N1-01801-01801101511ADDAA124000091AJ100169199999999GF105991021001022501031021IA1279KA1120N-02081MD1210181+9999REMSYN089AAXX  17001 30772 32899 50000 11180 21180 40151 52018 82032 333 21208 43016 555 7000/ /-;EQDQ01  00002PRCP99Q02  00003PRCP99
0175307720999992000031712004+52700+118800FM-12+040499999V0209999C000012200019N0500001N1-00621-01111101541ADDAA199000091GA1001+999999999GF100991001001999999001001KA1999M+00061MD1210181+9999REMSYN064AAXX  17121 30772 32984 00000 11062 21111 40154 52018 333 10006;EQDQ01  00002PRCP99
0204307720999992000031800004+52700+118800FM-12+040499999V0202001N001010750019N0500001N1-02041-02161102511ADDAA199000091AJ100169199999999GF105991021001022501031021IA1279KA1120N-02401MD1210121+9999REMSYN086AAXX  18001 30772 32899 52001 11204 21216 40251 52012 82032 333 21240 43016 555 7000/;EQDQ01  00002PRCP99
0165307720999992000031812004+52700+118800FM-12+040499999V0209999C000010750019N0500001N1-00771-01371102001ADDAA199000091GF105991011001022501041021KA1999M+00161MD1310081+9999REMSYN070AAXX  18121 30772 32884 50000 11077 21137 40200 53008 81042 333 10016;EQDQ01  00002PRCP99
0204307720999992000031900004+52700+118800FM-12+040499999V0209999C000019999999N0500001N1-02501-02741102681ADDAA199000091AJ100169199999999GF106991001001999999001021IA1279KA1120N-02601MD1210041+9999REMSYN086AAXX  19001 30772 32999 60000 11250 21274 40268 52004 80002 333 21260 43016 555 7000/;EQDQ01  00002PRCP99
0204307720999992000032000004+52700+118800FM-12+040499999V0200601N001019999999N0500001N1-01821-02011102391ADDAA199000091AJ100169199999999GF105991001001999999001021IA1279KA1120N-01841MD1210121+9999REMSYN086AAXX  20001 30772 32999 50601 11182 21201 40239 52012 80002 333 21184 43016 555 7000/;EQDQ01  00002PRCP99
0175307720999992000032012004+52700+118800FM-12+040499999V0209999C000012200019N0500001N1-00771-01171102301ADDAA199000091GA1001+999999999GF100991001001999999001001KA1999M+00151MD1310211+9999REMSYN064AAXX  20121 30772 32984 00000 11077 21117 40230 53021 333 10015;EQDQ01  00002PRCP99
0204307720999992000032100004+52700+118800FM-12+040499999V0209999C000012200019N0500001N1-01861-01981102791ADDAA199000091AJ100169199999999GF105991031001022501041041IA1279KA1120N-02281MD1810051+9999REMSYN086AAXX  21001 30772 32899 50000 11186 21198 40279 58005 83044 333 21228 43016 555 7000/;EQDQ01  00002PRCP99
0165307720999992000032112004+52700+118800FM-12+040499999V0200301N001010300019N0500001N1-00451-00841101931ADDAA199000091GF108991021091008001021999KA1999M+00361MD1310051+9999REMSYN070AAXX  21121 30772 32584 80301 11045 21084 40193 53005 8292/ 333 10036;EQDQ01  00002PRCP99
0204307720999992000032200004+52700+118800FM-12+040499999V0200601N003010210019N0500001N1-00701-01081101721ADDAA199000091AJ100169199999999GF108991081001022501021999IA1279KA1120N-00701MD1710061+9999REMSYN086AAXX  22001 30772 32899 80603 11070 21108 40172 57006 8802/ 333 21070 43016 555 7000/;EQDQ01  00002PRCP99
0165307720999992000032212004+52700+118800FM-12+040499999V0200501N003010210019N0500001N1-00341-00991101521ADDAA199000091GF108991081001022501021999KA1999M-00131MD1210181+9999REMSYN070AAXX  22121 30772 32884 80503 11034 21099 40152 52018 8802/ 333 11013;EQDQ01  00002PRCP99
0214307720999992000032300004+52700+118800FM-12+040499999V0209999C000012200019N0500001N1-01741-02001102231ADDAA199000091AJ100169199999999GA1001+999999999GF100991001001999999001001IA1279KA1120N-01901MD1210091+9999REMSYN080AAXX  23001 30772 32999 00000 11174 21200 40223 52009 333 21190 43016 555 7000/;EQDQ01  00002PRCP99
0165307720999992000032312004+52700+118800FM-12+040499999V0209999C000019999999N0500001N1-00881-01371101841ADDAA199000091GF105991001001999999001021KA1999M-00141MD1310041+9999REMSYN070AAXX  23121 30772 32984 50000 11088 21137 40184 53004 80002 333 11014;EQDQ01  00002PRCP99
0204307720999992000032400004+52700+118800FM-12+040499999V0202701N001010210019N0500001N1-01861-02051102091ADDAA199000091AJ100159199999999GF108991081001022501021999IA1279KA1120N-02171MD1310011+9999REMSYN086AAXX  24001 30772 32899 82701 11186 21205 40209 53001 8802/ 333 21217 43015 555 7000/;EQDQ01  00002PRCP99
0165307720999992000032412004+52700+118800FM-12+040499999V0203101N002010750019N0240001N1-00861-01571101871ADDAA199000091GF105991021001022501031021KA1999M-00061MD1210121+9999REMSYN070AAXX  24121 30772 32874 53102 11086 21157 40187 52012 82032 333 11006;EQDQ01  00002PRCP99
0214307720999992000032500004+52700+118800FM-12+040499999V0203101N002012200019N0500001N1-02191-02311102441ADDAA199000091AJ100159199999999GA1001+999999999GF100991001001999999001001IA1279KA1120N-02351MD1210051+9999REMSYN080AAXX  25001 30772 32999 03102 11219 21231 40244 52005 333 21235 43015 555 7000/;EQDQ01  00002PRCP99
0165307720999992000032512004+52700+118800FM-12+040499999V0202401N002012200019N0500001N1-00611+99999101301ADDAA199000091GF103991001001999999001041KA1999M+00111MD1610061+9999REMSYN070AAXX  25121 30772 32984 32402 11061 21//1 40130 56006 80004 333 10011;EQDQ01  00002PRCP99
0204307720999992000032600004+52700+118800FM-12+040499999V0209999C000010210019N0500001N1-01031-01161100651ADDAA199000091AJ100159199999999GF108991081001022501021999IA1279KA1120N-01481MD1710221+9999REMSYN086AAXX  26001 30772 32899 80000 11103 21116 40065 57022 8802/ 333 21148 43015 555 7000/;EQDQ01  00002PRCP99
0165307720999992000032612004+52700+118800FM-12+040499999V0209999C000010210019N0500001N1+00161-00191099991ADDAA199000091GF108991081001022501021999KA1999M+00611MD1310101+9999REMSYN070AAXX  26121 30772 32884 80000 10016 21019 49999 53010 8802/ 333 10061;EQDQ01  00002PRCP99
0233307720999992000032700004+52700+118800FM-12+040499999V0200701N004010210019N0040001N1-00231-00451100931ADDAA112004192AA224004092AJ100189199999999AY171061AY231061GF108991081001022501021999IA1239KA1120N-00261MD1310271+9999MW1711REMSYN101AAXX  27001 30772 11840 80704 11023 21045 40093 53027 60042 77173 8802/ 333 21026 47018 555 7004/ /-;
0180307720999992000032712004+52700+118800FM-12+040499999V0200901N001012200019N0500001N1-00291-00961101841ADDAA112000191AY131061AY211061GF101991001001999999001021KA1999M+00381MD1210261+9999MW1011REMSYN082AAXX  27121 30772 11984 10901 11029 21096 40184 52026 69922 70131 80002 333 10038;
0214307720999992000032800004+52700+118800FM-12+040499999V0209999C000012200019N0500001N1-01761-02101102761ADDAA199000091AJ100139199999999GA1001+999999999GF100991001001999999001001IA1279KA1120N-02001MD1310101+9999REMSYN080AAXX  28001 30772 32999 00000 11176 21210 40276 53010 333 21200 43013 55579 92/;EQDQ01  00002PRCP99
0209307720999992000032812004+52700+118800FM-12+040499999V0209999C000012200019N0500001N1-00351-00961101571ADDAA199000091AY131061AY211061GF103991021001022501031021KA1999M+99999MD1710131+9999MW1011REMSYN076AAXX  28121 30772 31884 30000 11035 21096 40157 57013 70131 82032 333 10416;EQDQ01  00002PRCP99Q02 +04162ATMX  
0219307720999992000032900004+52700+118800FM-12+040499999V0202501N003010210019N0040001N1-00141+99999100601ADDAA112000791AJ100139199999999AY171061AY211061GF108991081001022501021999IA1239KA1120N-01161MD1610101+9999MW1711REMSYN098AAXX  29001 30772 11840 82503 11014 27025 40060 56010 69902 77171 8802/ 333 21116 47013 555 7990/;
0180307720999992000032912004+52700+118800FM-12+040499999V0203201N002012200019N0500001N1+00281-00691100651ADDAA112000791AY131061AY211061GF103991011021012501001021KA1999M+00631MD1310121+9999MW1011REMSYN082AAXX  29121 30772 11684 33202 10028 21069 40065 53012 69902 70131 81202 333 10063;
0204307720999992000033000004+52700+118800FM-12+040499999V0202701N003012200019N0500001N1-01201-01401101191ADDAA199000091AJ100139199999999GF102991021001022501031001IA1279KA1120N-01641MD1310081+9999REMSYN086AAXX  30001 30772 32899 22703 11120 21140 40119 53008 82030 333 21164 43013 555 7990/;EQDQ01  00002PRCP99
0209307720999992000033012004+52700+118800FM-12+040499999V0202901N002012200019N0010001N1-00271-00881100961ADDAA199000091AY131061AY211061GF102991001001999999001021KA1999M+00381MD1310151+9999MW1011REMSYN076AAXX  30121 30772 31094 22902 11027 21088 40096 53015 70131 80002 333 10038;EQDQ01+000252SCOLCBQ02  00002PRCP99
0204307720999992000033100004+52700+118800FM-12+040499999V0209999C000012200019N0500001N1-01491-01621101511ADDAA199000091AJ100129199999999GF102991001001999999001041IA1279KA1120N-01751MD1210081+9999REMSYN086AAXX  31001 30772 32999 20000 11149 21162 40151 52008 80004 333 21175 43012 555 7000/;EQDQ01  00002PRCP99
0165307720999992000033112004+52700+118800FM-12+040499999V0209999C000012200019N0500001N1-00251-01301101391ADDAA199000091GF102991021001022501041001KA1999M+00281MD1210151+9999REMSYN070AAXX  31121 30772 32884 20000 11025 21130 40139 52015 82040 333 10028;EQDQ01  00002PRCP99
0204307720999992000040100004+52700+118800FM-12+040499999V0209999C000012200019N0500001N1-01611-01801102211ADDAA199000091AJ100109199999999GF102991021001022501031001IA1279KA1120N-01941MD1110041+9999REMSYN086AAXX  01001 30772 32899 20000 11161 21180 40221 51004 82030 333 21194 43010 555 7000/;EQDQ01  00002PRCP99
0165307720999992000040112004+52700+118800FM-12+040499999V0203101N002012200019N0500001N1-00511-01101101551ADDAA199000091GF103991021001022501031021KA1999M+00461MD1310091+9999REMSYN070AAXX  01121 30772 32884 33102 11051 21110 40155 53009 82032 333 10046;EQDQ01  00002PRCP99
0204307720999992000040200004+52700+118800FM-12+040499999V0209999C000012200019N0500001N1-00631-00821101351ADDAA199000091AJ100109199999999GF103991021001022501031021IA1279KA1120N-01001MD1410001+9999REMSYN086AAXX  02001 30772 32899 30000 11063 21082 40135 54000 82032 333 21100 43010 555 7000/;EQDQ01  00002PRCP99
0204307720999992000040300004+52700+118800FM-12+040499999V0200401N001010750019N0500001N1-00411-00641100591ADDAA199000091AJ100099199999999GF108991031001022501031021IA1279KA1120N-00611MD1710101+9999REMSYN086AAXX  03001 30772 32899 80401 11041 21064 40059 57010 83032 333 21061 43009 555 7000/;EQDQ01  00002PRCP99
0165307720999992000040312004+52700+118800FM-12+040499999V0200201N002010750019N0500001N1+00111-00411100821ADDAA199000091GF105991021001022501031021KA1999M+00531MD1210251+9999REMSYN070AAXX  03121 30772 32884 50202 10011 21041 40082 52025 82032 333 10053;EQDQ01  00002PRCP99
0238307720999992000040400004+52700+118800FM-12+040499999V0200401N002019999999N0500001N1-00261-00421101611ADDAA112000391AJ100089199999999AY171061AY221061GF108991999021022501999999IA1239KA1120N-00331MD1210201+9999MW1221REMSYN098AAXX  04001 30772 11899 80402 11026 21042 40161 52020 69932 72272 802// 333 21033 47008 555 7993/;EQDQ01+000002SCOTLC
0156307720999992000040412004+52700+118800FM-12+040499999V0209999C000012200019N0500001N1-00221-00991101661ADDAA199000021GA1001+999999999GF100991001001999999001001KA1999M+00311MD1310021+9999REMSYN064AAXX  04121 30772 32984 00000 11022 21099 40166 53002 333 10031;
