0231308370999992000010100004+51020+107830FM-12+073399999V0209999C000019999999N0280001N1-02591-02841103731ADDAA112000591AJ100109199999999AY171061AY271061GF108991001001999999001061IA1239KA1120N-02801MD1210151+9999MW1711REMSYN110AAXX  01001 30837 11978 80000 11259 21284 40373 52015 69962 77177 80006 333 21280 47010 555 51273 53003 7996/;
0226308370999992000010200004+51020+107830FM-12+073399999V0209999C000012200019N0500001N1-03311-03531103901ADDAA106000091AJ100119199999999GA1001+999999999GF100991001001999999001001IA1239KA1120N-03361MD1610091+9999REMSYN092AAXX  02001 30837 32984 00000 11331 21353 40390 56009 333 21336 47011 555 51247 53002 7993/;EQDQ01  00002PRCP06
0175308370999992000010212004+51020+107830FM-12+073399999V0209999C000012200019N0500001N1-03351-03591103401ADDAA106000091GF103991001001999999001021KA1120M-02851MD1710061+9999REMSYN080AAXX  02121 30837 32984 30000 11335 21359 40340 57006 80002 333 11285 555 53004;EQDQ01  00002PRCP06
0216308370999992000010300004+51020+107830FM-12+073399999V0209999C000012200019N0500001N1-03601-03901103401ADDAA106000091AJ100119199999999GF103991001001999999001011IA1239KA1120N-03711MD1210031+9999REMSYN098AAXX  03001 30837 32984 30000 11360 21390 40340 52003 80001 333 21371 47011 555 51314 53002 7000/;EQDQ01  00002PRCP06
0185308370999992000010312004+51020+107830FM-12+073399999V0209999C000012200019N0500001N1-03341-03621103561ADDAA106000091GA1001+999999999GF100991001001999999001001KA1120M-03051MD1210201+9999REMSYN074AAXX  03121 30837 32984 00000 11334 21362 40356 52020 333 11305 555 53003;EQDQ01  00002PRCP06
0226308370999992000010400004+51020+107830FM-12+073399999V0202401N001012200019N0500001N1-03691-03971104211ADDAA106000091AJ100119199999999GA1001+999999999GF100991001001999999001001IA1239KA1120N-03761MD1210091+9999REMSYN092AAXX  04001 30837 32984 02401 11369 21397 40421 52009 333 21376 47011 555 51338 53003 7000/;EQDQ01  00002PRCP06
0175308370999992000010412004+51020+107830FM-12+073399999V0209999C000012200019N0500001N1-03451-03741104441ADDAA106000091GF102991001001999999001021KA1120M-03081MD1210151+9999REMSYN080AAXX  04121 30837 32984 20000 11345 21374 40444 52015 80002 333 11308 555 53002;EQDQ01  00002PRCP06
0231308370999992000010500004+51020+107830FM-12+073399999V0209999C000019999999N0500001N1-02891-03201104491ADDAA112000191AJ100119199999999AY171061AY221061GF105991001001999999001021IA1239KA1120N-03451MD1210051+9999MW1021REMSYN110AAXX  05001 30837 11984 50000 11289 21320 40449 52005 69922 70272 80002 333 21345 47011 555 51346 53002 7992/;
0184308370999992000010512004+51020+107830FM-12+073399999V0209999C000019999999N0500001N1+99999+99999104551ADDAA112000591AY171061AY221061GF106991001001999999001999KA1120M-02491MD1810031+9999MW1011REMSYN086AAXX  05121 30837 11984 60000 21308 40455 58003 69942 70172 8000/ 333 11249 555 53004;
0185308370999992000010612004+51020+107830FM-12+073399999V0209999C000012200019N0500001N1-03361-03651104421ADDAA106000091GA1001+999999999GF100991001001999999001001KA1120M-02711MD1710051+9999REMSYN074AAXX  06121 30837 32984 00000 11336 21365 40442 57005 333 11271 555 53002;EQDQ01  00002PRCP06
0226308370999992000010700004+51020+107830FM-12+073399999V0209999C000012200019N0500001N1-03691-03971104011ADDAA106000091AJ100119199999999GA1001+999999999GF100991001001999999001001IA1239KA1120N-03791MD1610071+9999REMSYN092AAXX  07001 30837 32984 00000 11369 21397 40401 56007 333 21379 47011 555 51315 53002 7000/;EQDQ01  00002PRCP06
0185308370999992000010712004+51020+107830FM-12+073399999V0209999C000012200019N0500001N1-03691-03971103741ADDAA106000091GA1001+999999999GF100991001001999999001001KA1120M-03301MD1510011+9999REMSYN074AAXX  07121 30837 32984 00000 11369 21397 40374 55001 333 11330 555 53002;EQDQ01  00002PRCP06
0226308370999992000010800004+51020+107830FM-12+073399999V0209999C000012200019N0004001N1-03901-04171103591ADDAA106000091AJ100119199999999GA1001+999999999GF100991001001999999001001IA1239KA1120N-04011MD1610071+9999REMSYN092AAXX  08001 30837 32904 00000 11390 21417 40359 56007 333 21401 47011 555 51355 53002 7000/;EQDQ01  00002PRCP06
0175308370999992000010812004+51020+107830FM-12+073399999V0209999C000012200019N0500001N1-03561-03831103661ADDAA106000091GF103991001001999999001021KA1120M-03121MD1219999+9999REMSYN080AAXX  08121 30837 32984 30000 11356 21383 40366 52/13 80002 333 11312 555 53003;EQDQ01  00002PRCP06
0186308370999992000010900004+51020+107830FM-12+073399999V0202001N001019999999N9999999N1-03761-04051103821ADDAJ100119199999999GF106991001001999999001021IA1239KA1120N-03821MD1810051+9999REMSYN098AAXX  09001 30837 /4/// 62001 11376 21405 40382 58005 80002 333 21382 47011 555 51364 53002 7#00/;
0175308370999992000010912004+51020+107830FM-12+073399999V0209999C000012200019N0500001N1-03171-03471103341ADDAA106000091GF102991001001999999001021KA1120M-03081MD1310021+9999REMSYN080AAXX  09121 30837 32984 20000 11317 21347 40334 53002 80002 333 11308 555 53002;EQDQ01  00002PRCP06
0226308370999992000011000004+51020+107830FM-12+073399999V0209999C000012200019N0500001N1-03421-03711104321ADDAA106000091AJ100119199999999GA1001+999999999GF100991001001999999001001IA1239KA1120N-03421MD1210191+9999REMSYN092AAXX  10001 30837 32984 00000 11342 21371 40432 52019 333 21342 47011 555 51346 53002 7000/;EQDQ01  00002PRCP06
0226308370999992000011100004+51020+107830FM-12+073399999V0209999C000012200019N0500001N1-03271-03511104711ADDAA106000091AJ100119199999999GA1001+999999999GF100991001001999999001001IA1239KA1120N-03271MD1510001+9999REMSYN092AAXX  11001 30837 32984 00000 11327 21351 40471 55000 333 21327 47011 555 51305 53002 7000/;EQDQ01  00002PRCP06
0185308370999992000011112004+51020+107830FM-12+073399999V0209999C000012200019N0500001N1-02871-03121104341ADDAA106000091GA1001+999999999GF100991001001999999001001KA1120M-02341MD1610031+9999REMSYN074AAXX  11121 30837 32984 00000 11287 21312 40434 56003 333 11234 555 53001;EQDQ01  00002PRCP06
0175308370999992000011212004+51020+107830FM-12+073399999V0209999C000012200019N0500001N1-02841-03081103461ADDAA106000091GF103991001001999999001011KA1120M-02541MD1610091+9999REMSYN080AAXX  12121 30837 32984 30000 11284 21308 40346 56009 80001 333 11254 555 53004;EQDQ01  00002PRCP06
0216308370999992000011300004+51020+107830FM-12+073399999V0209999C000019999999N0500001N1-02911-03151103211ADDAA106000091AJ100119199999999GF106991031001999999031061IA1239KA1120N-03141MD1710021+9999REMSYN098AAXX  13001 30837 32984 60000 11291 21315 40321 57002 83036 333 21314 47011 555 51292 53001 7000/;EQDQ01  00002PRCP06
0214308370999992000011400004+51020+107830FM-12+073399999V0209999C000012200019N0500001N1-03101+99999103421ADDAA199000091AJ100119199999999GF102991001001999999001011IA1239KA1120N-03141MD1210091+9999REMSYN096    AAXX  14001 30837 32984 20000 11310 40342 52009 80001 333 21314 47011 555 51278 53008 7800/;EQDQ01  00002PRCP99
0204308370999992000011412004+51020+107830FM-12+073399999V0209999C000012200019N0500001N1-02791-03031103811ADDAA112000791AY171061AY211061GA1001+999999999GF100991001001999999001001KA1120M-02311MD1210161+9999MW1021REMSYN090    AAXX  14121 30837 11984 00000 11279 21303 40381 52016 69902 70271 333 11231 555 53002;
0230308370999992000011500004+51020+107830FM-12+073399999V0209999C000012200019N0500001N1-03061-03291104211ADDAA199000091AJ100119199999999GA1001+999999999GF100991001001999999001001IA1239KA1120N-03121MD1210051+9999REMSYN096    AAXX  15001 30837 32984 00000 11306 21329 40421 52005 333 21312 47011 555 51281 53000 7990/;EQDQ01  00002PRCP99
0189308370999992000011512004+51020+107830FM-12+073399999V0209999C000012200019N0500001N1-02741-02981103831ADDAA199000091GA1001+999999999GF100991001001999999001001KA1120M-02071MD1710041+9999REMSYN078    AAXX  15121 30837 32984 00000 11274 21298 40383 57004 333 11207 555 53002;EQDQ01  00002PRCP99
0214308370999992000011600004+51020+107830FM-12+073399999V0209999C000012200019N0500001N1-02911-03151103541ADDAA199000091AJ100119199999999GF103991999999999999999999IA1239KA1120N-03031MD1410001+9999REMSYN096    AAXX  16001 30837 32984 30000 11291 21315 40354 54000 333 21303 47011 555 51275 53000 7000/;EQDQ01  00002PRCP99
0146308370999992000011612004+51020+107830FM-12+073399999V0209999C000012200019N0500001N1-02821-03061103391ADDAA199000091GF103991001001999999001011MD1310021+9999REMSYN064    AAXX  16121 30837 32984 30000 11282 21306 40339 53002 80001;EQDQ01  00002PRCP99
0220308370999992000011700004+51020+107830FM-12+073399999V0202801N001019999999N0500001N1-02981-03211103581ADDAA199000091AJ100119199999999GF107991001001999999001011IA1239KA1120N-03021MD1210101+9999REMSYN102    AAXX  17001 30837 32984 72801 11298 21321 40358 52010 80001 333 21302 47011 555 51268 53003 7000/;EQDQ01  00002PRCP99
0207308370999992000011800004+51020+107830FM-12+073399999V0209999C000019999999N0500001N1-02801-03041104341ADDAA112000791AJ100119199999999GF108991021001999999031061IA1239KA1120N-02881MD1010001+9999REMSYN108    AAXX  18001 30837 12984 80000 11280 21304 40434 50000 69902 82036 333 21288 47011 555 51256 53002 7990/;
0175308370999992000011812004+51020+107830FM-12+073399999V0209999C000019999999N0500001N1-02561-02811103901ADDAA199000091GF108991001001999999001061KA1120M-01761MD1710051+9999REMSYN080    AAXX  18121 30837 32984 80000 11256 21281 40390 57005 80006 333 11176 53003;EQDQ01  00002PRCP99
0220308370999992000011900004+51020+107830FM-12+073399999V0209999C000012200019N0500001N1-02991-03231103811ADDAA199000091AJ100119199999999GF103991001001999999001011IA1239KA1120N-03011MD1310021+9999REMSYN102    AAXX  19001 30837 32984 30000 11299 21323 40381 53002 80001 333 21301 47011 555 51250 53002 7990/;EQDQ01  00002PRCP99
0216308370999992000012000004+51020+107830FM-12+073399999V0209999C000019999999N0500001N1-02771-03011103871ADDAA199000091AJ100119199999999GF106991001001999999001021IA1239KA1120N-02891MD1210061+9999REMSYN098AAXX  20001 30837 32984 60000 11277 21301 40387 52006 80002 333 21289 47011 555 51269 53003 7000/;EQDQ01  00002PRCP99
0183308370999992000012012004+51020+107830FM-12+073399999V0200501N001012200019N0500001N1-02571-02881104061ADDAA199000091GA1001+999999999GF100991001001999999001001KA1120M-01781MD1210071+9999REMSYN072AAXX  20121 30837 32984 00501 11257 21288 40406 52007 333 11178 555 503;EQDQ01  00002PRCP99
0216308370999992000012100004+51020+107830FM-12+073399999V0209999C000019999999N0500001N1-02811-03041104181ADDAA199000091AJ100119199999999GF105991011001999999031021IA1239KA1120N-02811MD1510111+9999REMSYN098AAXX  21001 30837 32984 50000 11281 21304 40418 55011 81032 333 21281 47011 555 51256 53003 7000/;EQDQ01  00002PRCP99
0190308370999992000012112004+51020+107830FM-12+073399999V0209999C000019999999N0500001N1-02111-02361103901ADDAA112000191AY171061AY221061GF108991001001999999001061KA1120M-01831MD1210121+9999MW1711REMSYN092AAXX  21121 30837 11984 80000 11211 21236 40390 52012 69922 77172 80006 333 11183 555 53002;
0231308370999992000012200004+51020+107830FM-12+073399999V0209999C000019999999N0500001N1-02541-02781104291ADDAA112000391AJ100119199999999AY171061AY221061GF107991001001999999001011IA1239KA1120N-02581MD1210081+9999MW1021REMSYN110AAXX  22001 30837 11984 70000 11254 21278 40429 52008 69932 70272 80001 333 21258 47011 555 51241 53003 7995/;
0190308370999992000012212004+51020+107830FM-12+073399999V0200501N001012200019N0500001N1-02381-02631104701ADDAA112000791AY171061AY211061GF103991001001999999001061KA1120M-01651MD1210221+9999MW1011REMSYN092AAXX  22121 30837 11984 30501 11238 21263 40470 52022 69902 70171 80006 333 11165 555 53004;
0226308370999992000012300004+51020+107830FM-12+073399999V0200801N001012200019N0500001N1-03001-03231105741ADDAA199000091AJ100119199999999GA1001+999999999GF100991001001999999001001IA1239KA1120N-03041MD1210161+9999REMSYN092AAXX  23001 30837 32984 00801 11300 21323 40574 52016 333 21304 47011 555 51225 53004 7990/;EQDQ01  00002PRCP99
0203308370999992000012400004+51020+107830FM-12+073399999V0209999C000012200019N0500001N1-02751-02991105761ADDAA199000091AJ100119199999999GF102991001001999999001011IA1239MD1210041+9999REMSYN098AAXX  24001 30837 32984 20000 11275 21299 40576 52004 80001 333 27280 47011 555 51256 53002 7000/;EQDQ01  00002PRCP99
0185308370999992000012411004+51020+107830FM-12+073399999V0209999C000012200019N0500001N1-02571-02881105951ADDAA199000091GA1001+999999999GF100991001001999999001001KA1120M-01561MD1210051+9999REMSYN074AAXX  24111 30837 32984 00000 11257 21288 40595 52005 333 11156 555 53003;EQDQ01  00002PRCP99
0226308370999992000012500004+51020+107830FM-12+073399999V0209999C000012200019N0500001N1-02831-03061105951ADDAA199000091AJ100119199999999GA1001+999999999GF100991001001999999001001IA1239KA1120N-02931MD1410001+9999REMSYN092AAXX  25001 30837 32984 00000 11283 21306 40595 54000 333 21293 47011 555 51240 53003 7000/;EQDQ01  00002PRCP99
0185308370999992000012512004+51020+107830FM-12+073399999V0209999C000012200019N0500001N1-02591-03061105831ADDAA199000091GA1001+999999999GF100991001001999999001001KA1120M-01921MD1310051+9999REMSYN074AAXX  25121 30837 32984 00000 11259 21306 40583 53005 333 11192 555 53005;EQDQ01  00002PRCP99
0226308370999992000012600004+51020+107830FM-12+073399999V0209999C000012200019N0500001N1-02911-03151105681ADDAA199000091AJ100119199999999GA1001+999999999GF100991001001999999001001IA1239KA1120N-02911MD1710041+9999REMSYN092AAXX  26001 30837 32984 00000 11291 21315 40568 57004 333 21291 47011 555 51253 53002 7000/;EQDQ01  00002PRCP99
0185308370999992000012612004+51020+107830FM-12+073399999V0209999C000012200019N0500001N1-02431-02751104691ADDAA199000091GA1001+999999999GF100991001001999999001001KA1120M-01721MD1710141+9999REMSYN074AAXX  26121 30837 32984 00000 11243 21275 40469 57014 333 11172 555 53004;EQDQ01  00002PRCP99
0216308370999992000012700004+51020+107830FM-12+073399999V0200801N001019999999N0500001N1-02941-03171104751ADDAA199000091AJ100119199999999GF105991001001999999001011IA1239KA1120N-02941MD1310041+9999REMSYN098AAXX  27001 30837 32984 50801 11294 21317 40475 53004 80001 333 21294 47011 555 51250 53004 7000/;EQDQ01  00002PRCP99
0175308370999992000012712004+51020+107830FM-12+073399999V0200401N001019999999N0500001N1-02061-02391104421ADDAA199000091GF106991021001999999031011KA1120M-01661MD1310071+9999REMSYN080AAXX  27121 30837 32984 60401 11206 21239 40442 53007 82031 333 11166 555 53003;EQDQ01  00002PRCP99
0216308370999992000012800004+51020+107830FM-12+073399999V0200601N001019999999N0500001N1-02361-02611104791ADDAA199000091AJ100119199999999GF108991031001999999031061IA1239KA1120N-02531MD1210071+9999REMSYN098AAXX  28001 30837 32984 80601 11236 21261 40479 52007 83036 333 21253 47011 555 51244 53003 7000/;EQDQ01  00002PRCP99
0231308370999992000012900004+51020+107830FM-12+073399999V0209999C000012200019N0500001N1-02621-02871105541ADDAA112000791AJ100119199999999AY171061AY211061GF103991001001999999001011IA1239KA1120N-02731MD1210071+9999MW1021REMSYN110AAXX  29001 30837 11984 30000 11262 21287 40554 52007 69902 70271 80001 333 21273 47011 555 51208 53004 7990/;
0159308370999992000012912004+51020+107830FM-12+073399999V0200501N001012200019N0500001N1-02411+99999105651ADDAA199000091GA1001+999999999GF100991001001999999001001KA1120M-01531REMSYN062AAXX  29121 30837 32/84 00501 11241 40565 333 11153 555 53003;EQDQ01  00002PRCP99
0226308370999992000013000004+51020+107830FM-12+073399999V0209999C000012200019N0500001N1-02911-03151106021ADDAA199000091AJ100119199999999GA1001+999999999GF100991001001999999001001IA1239KA1120N-02971MD1210031+9999REMSYN092AAXX  30001 30837 32984 00000 11291 21315 40602 52003 333 21297 47011 555 51230 53002 7000/;EQDQ01  00002PRCP99
0185308370999992000013012004+51020+107830FM-12+073399999V0209999C000012200019N0500001N1-02441-02761105731ADDAA199000091GA1001+999999999GF100991001001999999001001KA1120M-01861MD1510011+9999REMSYN074AAXX  30121 30837 32984 00000 11244 21276 40573 55001 333 11186 555 53006;EQDQ01  00002PRCP99
0226308370999992000013100004+51020+107830FM-12+073399999V0209999C000012200019N0500001N1-02931-03171105581ADDAA199000091AJ100119199999999GA1001+999999999GF100991001001999999001001IA1239KA1120N-02981MD1710091+9999REMSYN092AAXX  31001 30837 32984 00000 11293 21317 40558 57009 333 21298 47011 555 51253 53003 7000/;EQDQ01  00002PRCP99
0185308370999992000013112004+51020+107830FM-12+073399999V0209999C000012200019N0500001N1-02501-02811104771ADDAA199000091GA1001+999999999GF100991001001999999001001KA1120M-01751MD1710081+9999REMSYN074AAXX  31121 30837 32984 00000 11250 21281 40477 57008 333 11175 555 53003;EQDQ01  00002PRCP99
0226308370999992000020100004+51020+107830FM-12+073399999V0209999C000012200019N0500001N1-02731-02981104361ADDAA199000091AJ100119199999999GA1001+999999999GF100991001001999999001001IA1239KA1120N-02761MD1610051+9999REMSYN092AAXX  01001 30837 32984 00000 11273 21298 40436 56005 333 21276 47011 555 51248 53003 7000/;EQDQ01  00002PRCP99
0185308370999992000020112004+51020+107830FM-12+073399999V0209999C000012200019N0500001N1-02341-02741103731ADDAA199000091GA1001+999999999GF100991001001999999001001KA1120M-01541MD1710011+9999REMSYN074AAXX  01121 30837 32984 00000 11234 21274 40373 57001 333 11154 555 53006;EQDQ01  00002PRCP99
0226308370999992000020200004+51020+107830FM-12+073399999V0209999C000012200019N0500001N1-02681-02931103861ADDAA199000091AJ100119199999999GA1001+999999999GF100991001001999999001001IA1239KA1120N-02761MD1310061+9999REMSYN092AAXX  02001 30837 32984 00000 11268 21293 40386 53006 333 21276 47011 555 51236 53002 7000/;EQDQ01  00002PRCP99
0185308370999992000020212004+51020+107830FM-12+073399999V0200501N001012200019N0500001N1-02311-02701103761ADDAA199000091GA1001+999999999GF100991001001999999001001KA1120M-01331MD1310031+9999REMSYN074AAXX  02121 30837 32984 00501 11231 21270 40376 53003 333 11133 555 53003;EQDQ01  00002PRCP99
0226308370999992000020300004+51020+107830FM-12+073399999V0200601N001012200019N0500001N1-02781-03031103791ADDAA199000091AJ100119199999999GA1001+999999999GF100991001001999999001001IA1239KA1120N-02791MD1310031+9999REMSYN092AAXX  03001 30837 32984 00601 11278 21303 40379 53003 333 21279 47011 555 51226 53004 7000/;EQDQ01  00002PRCP99
0173308370999992000020312004+51020+107830FM-12+073399999V0209999C000012200019N0500001N1+99999+99999999999ADDAA199000091GA1001+999999999GF100991001001999999001001KA1120M-01541MD1510051+9999REMSYN062AAXX  03121 30837 32984 00000 403/2 55005 333 11154 555 53006;EQDQ01  00002PRCP99
0226308370999992000020400004+51020+107830FM-12+073399999V0209999C000012200019N0500001N1-02911-03151103661ADDAA199000091AJ100119199999999GA1001+999999999GF100991001001999999001001IA1239KA1120N-02911MD1410001+9999REMSYN092AAXX  04001 30837 32999 00000 11291 21315 40366 54000 333 21291 47011 555 51232 53002 7000/;EQDQ01  00002PRCP99
0185308370999992000020412004+51020+107830FM-12+073399999V0209999C000012200019N0500001N1-02491-02741103481ADDAA199000091GA1001+999999999GF100991001001999999001001KA1120M-01641MD1310071+9999REMSYN074AAXX  04121 30837 32984 00000 11249 21274 40348 53007 333 11164 555 53004;EQDQ01  00002PRCP99
0226308370999992000020500004+51020+107830FM-12+073399999V0209999C000012200019N0500001N1-03011-03231103901ADDAA199000091AJ100119199999999GA1001+999999999GF100991001001999999001001IA1239KA1120N-03031MD1310061+9999REMSYN092AAXX  05001 30837 32999 00000 11301 21323 40390 53006 333 21303 47011 555 51246 53002 7000/;EQDQ01  00002PRCP99
0175308370999992000020512004+51020+107830FM-12+073399999V0209999C000019999999N0500001N1-02291-02611103651ADDAA199000091GF106991001001999999001011KA1120M-01571MD1310061+9999REMSYN080AAXX  05121 30837 32984 60000 11229 21261 40365 53006 80001 333 11157 555 53003;EQDQ01  00002PRCP99
0216308370999992000020600004+51020+107830FM-12+073399999V0209999C000012200019N0500001N1-02661-02901103991ADDAA199000091AJ100119199999999GF103991001001999999001011IA1239KA1120N-02731MD1210031+9999REMSYN098AAXX  06001 30837 32999 30000 11266 21290 40399 52003 80001 333 21273 47011 555 51247 53003 7000/;EQDQ01  00002PRCP99
0201308370999992000020612004+51020+107830FM-12+073399999V0209999C000012200019N0500001N1-02341-02661103771ADDAA199000091GA1001+999999999GF100991001001999999001001KA1120M-01301MD1310802+9999REMSYN074AAXX  06121 30837 32984 00000 11234 21266 40377 5308/ 333 11130 555 53004;EQDQ01+000802APC3  Q02  00002PRCP99
0226308370999992000020700004+51020+107830FM-12+073399999V0209999C000012200019N0500001N1-02701-02941103711ADDAA199000091AJ100119199999999GA1001+999999999GF100991001001999999001001IA1239KA1120N-02701MD1810021+9999REMSYN092AAXX  07001 30837 32999 00000 11270 21294 40371 58002 333 21270 47011 555 51230 53002 7000/;EQDQ01  00002PRCP99
0175308370999992000020712004+51020+107830FM-12+073399999V0209999C000019999999N0500001N1-01881-02211103421ADDAA199000091GF108991041001999999071071KA1120M-01441MD1010001+9999REMSYN080AAXX  07121 30837 32984 80000 11188 21221 40342 50000 84077 333 11144 555 53004;EQDQ01  00002PRCP99
0196308370999992000020800004+51020+107830FM-12+073399999V0200901N001019999999N0500001N1-02351+99999103701ADDAA199000091AJ100119199999999GF105991051001999999031001IA1239MD1010001+9999REMSYN091AAXX  08001 30837 32999 50901 11235 40370 50000 85030 333 21//5 47011 555 51222 53004 705/;EQDQ01  00002PRCP99
0185308370999992000020812004+51020+107830FM-12+073399999V0200701N001012200019N0500001N1-01961-02371103131ADDAA199000091GA1001+999999999GF100991001001999999001001KA1120M-00951MD1510081+9999REMSYN074AAXX  08121 30837 32984 00701 11196 21237 40313 55008 333 11095 555 53004;EQDQ01  00002PRCP99
0216308370999992000020900004+51020+107830FM-12+073399999V0209999C000012200019N0500001N1-02291-02541103051ADDAA199000091AJ100119199999999GF102991001001999999001021IA1239KA1120N-02291MD1410001+9999REMSYN098AAXX  09001 30837 32999 20000 11229 21254 40305 54000 80002 333 21229 47011 555 51187 53003 7000/;EQDQ01  00002PRCP99
0216308370999992000021000004+51020+107830FM-12+073399999V0209999C000012200019N0500001N1-02261-02511102671ADDAA199000091AJ100119199999999GF101991001001999999001021IA1239KA1120N-02291MD1610011+9999REMSYN098AAXX  10001 30837 32999 10000 11226 21251 40267 56001 80002 333 21229 47011 555 51180 53004 7000/;EQDQ01  00002PRCP99
0162308370999992000021012004+51020+107830FM-12+073399999V0200101N001019999999N0500001N1-01471-01811999999ADDAA199000091GF108991001001999999001061MD1710021+9999REMSYN080AAXX  10121 30837 32984 80101 11147 21181 40/10 57002 80006 333 17586 555 53005;EQDQ01  00002PRCP99
0193308370999992000021100004+51020+107830FM-12+073399999V0202101N001019999999N0500001N1-01711-01971102501ADDAA124999999AJ100119199999999GF108991081001999999071999IA1239KA1120N-01931MD1210261+9999REMSYN094AAXX  11001 30837 32999 82101 11171 21197 40250 52026 8807/ 333 21193 47011 51164 53003 7000/;
0169308370999992000021112004+51020+107830FM-12+073399999V0202701N003019999999N0500001N1-01301+99999102971ADDAA199000091GF105991999999999999999999KA1120M+00721MD1210191+9999REMSYN074AAXX  11121 30837 32984 52703 11130 27182 40297 52019 333 10072 555 53007;EQDQ01  00002PRCP99
0226308370999992000021200004+51020+107830FM-12+073399999V0209999C000012200019N0500001N1-02291-02541103731ADDAA199000091AJ100119199999999GA1001+999999999GF100991001001999999001001IA1239KA1120N-02291MD1310091+9999REMSYN092AAXX  12001 30837 32999 00000 11229 21254 40373 53009 333 21229 47011 555 51142 53005 7000/;EQDQ01  00002PRCP99
0162308370999992000021212004+51020+107830FM-12+073399999V0201001N001019999999N0500001N1-01971-02301103751ADDAA199000091GF107991001001999999001021MD1210101+9999REMSYN080AAXX  12121 30837 32984 71001 11197 21230 40375 52010 80002 333 01114 555 53006;EQDQ01  00002PRCP99
0216308370999992000021300004+51020+107830FM-12+073399999V0209999C000012200019N0500001N1-02431-02681103981ADDAA199000091AJ100119199999999GF102991001001999999001021IA1239KA1120N-02521MD1410001+9999REMSYN098AAXX  13001 30837 32999 20000 11243 21268 40398 54000 80002 333 21252 47011 555 51165 53005 7000/;EQDQ01  00002PRCP99
0175308370999992000021312004+51020+107830FM-12+073399999V0209999C000012200019N0500001N1-02091-02491103801ADDAA199000091GF102991001001999999001021KA1120M-01281MD1210051+9999REMSYN080AAXX  13121 30837 32984 20000 11209 21249 40380 52005 80002 333 11128 555 53006;EQDQ01  00002PRCP99
0185308370999992000021412004+51020+107830FM-12+073399999V0200501N001012200019N0500001N1-02161-02561103691ADDAA199000091GA1001+999999999GF100991001001999999001001KA1120M-01211MD1310011+9999REMSYN074AAXX  14121 30837 32984 00501 11216 21256 40369 53001 333 11121 555 53004;EQDQ01  00002PRCP99
0167308370999992000021500004+51020+107830FM-12+073399999V0209999C000019999999N0000001N1-02831+99999103741ADDAA199000091AJ100119199999999IA1239MD1610021+9999REMSYN088AAXX  15001 30837 32990 /0000 11283 2/306 40374 56002 333 47011 555 51203 53#02 -000/0 ;EQDQ01  00002PRCP99
0185308370999992000021512004+51020+107830FM-12+073399999V0200501N001012200019N0500001N1-02351-02751103421ADDAA199000091GA1001+999999999GF100991001001999999001001KA1120M-01291MD1310021+9999REMSYN074AAXX  15121 30837 32984 00501 11235 21275 40342 53002 333 11129 555 53004;EQDQ01  00002PRCP99
0226308370999992000021600004+51020+107830FM-12+073399999V0209999C000012200019N0500001N1-02811-03041103391ADDAA199000091AJ100109199999999GA1001+999999999GF100991001001999999001001IA1239KA1120N-02841MD1710031+9999REMSYN092AAXX  16001 30837 32999 00000 11281 21304 40339 57003 333 21284 47010 555 51231 53003 7000/;EQDQ01  00002PRCP99
0185308370999992000021612004+51020+107830FM-12+073399999V0209999C000012200019N0500001N1-02041-02441102811ADDAA199000091GA1001+999999999GF100991001001999999001001KA1120M-01341MD1510011+9999REMSYN074AAXX  16121 30837 32984 00000 11204 21244 40281 55001 333 11134 555 53004;EQDQ01  00002PRCP99
0226308370999992000021700004+51020+107830FM-12+073399999V0209999C000012200019N0500001N1-02661-02901103231ADDAA199000091AJ100109199999999GA1001+999999999GF100991001001999999001001IA1239KA1120N-02731MD1310091+9999REMSYN092AAXX  17001 30837 32999 00000 11266 21290 40323 53009 333 21273 47010 555 51225 53002 7000/;EQDQ01  00002PRCP99
0231308370999992000021800004+51020+107830FM-12+073399999V0202501N002010300019N0500001N1-01381-01581103251ADDAA112002091AJ100149199999999AY171061AY221061GF108991021051008001021999IA1239KA1120N-01581MD1210071+9999MW1021REMSYN110AAXX  18001 30837 11599 82502 11138 21158 40325 52007 60022 70272 8252/ 333 21158 47014 555 51213 53004 7003/;
0185308370999992000021812004+51020+107830FM-12+073399999V0200401N002012200019N0500001N1-01751-02171103421ADDAA199000091GA1001+999999999GF100991001001999999001001KA1120M-00721MD1310021+9999REMSYN074AAXX  18121 30837 32984 00402 11175 21217 40342 53002 333 11072 555 53008;EQDQ01  00002PRCP99
0216308370999992000021900004+51020+107830FM-12+073399999V0209999C000019999999N0500001N1-02231-02481103431ADDAA199000091AJ100149199999999GF108991001001999999001021IA1239KA1120N-02241MD1310011+9999REMSYN098AAXX  19001 30837 32999 80000 11223 21248 40343 53001 80002 333 21224 47014 555 51130 53003 7000/;EQDQ01  00002PRCP99
0185308370999992000021912004+51020+107830FM-12+073399999V0200401N001012200019N0500001N1-01871-02281103151ADDAA199000091GA1001+999999999GF100991001001999999001001KA1120M-00801MD1510001+9999REMSYN074AAXX  19121 30837 32984 00401 11187 21228 40315 55000 333 11080 555 53004;EQDQ01  00002PRCP99
0226308370999992000022000004+51020+107830FM-12+073399999V0200501N001012200019N0500001N1-02471-02711103281ADDAA199000091AJ100149199999999GA1001+999999999GF100991001001999999001001IA1239KA1120N-02481MD1610011+9999REMSYN092AAXX  20001 30837 32999 00501 11247 21271 40328 56001 333 21248 47014 555 51169 53003 7000/;EQDQ01  00002PRCP99
0216308370999992000022100004+51020+107830FM-12+073399999V0209999C000019999999N0500001N1-02311-02551103381ADDAA199000091AJ100139199999999GF108991021001999999031011IA1239KA1120N-02481MD1210111+9999REMSYN098AAXX  21001 30837 32999 80000 11231 21255 40338 52011 82031 333 21248 47013 555 51192 53002 7000/;EQDQ01  00002PRCP99
0175308370999992000022112004+51020+107830FM-12+073399999V0201601N002019999999N0500001N1-01441-01871103381ADDAA199000091GF108991051001999999031061KA1120M-01101MD1310151+9999REMSYN080AAXX  21121 30837 32984 81602 11144 21187 40338 53015 85036 333 11110 555 53004;EQDQ01  00002PRCP99
0216308370999992000022200004+51020+107830FM-12+073399999V0202401N002019999999N0500001N1-01781-02111103811ADDAA199000091AJ100139199999999GF108991031001999999071011IA1239KA1120N-02081MD1010041+9999REMSYN098AAXX  22001 30837 32999 82402 11178 21211 40381 50004 83071 333 21208 47013 555 51183 53006 7000/;EQDQ01  00002PRCP99
0175308370999992000022212004+51020+107830FM-12+073399999V0202301N001019999999N0500001N1-01581-02001103401ADDAA199000091GF108991031001999999031061KA1120M-01051MD1710051+9999REMSYN080AAXX  22121 30837 32984 82301 11158 21200 40340 57005 83036 333 11105 555 53010;EQDQ01  00002PRCP99
0210308370999992000022300004+51020+107830FM-12+073399999V0202101N007019999999N0020001N1+99999+99999999999ADDAA199000091AJ100139199999999GF108991051001999999031061IA1239KA1120N-02041MD1310041+9999REMSYN092AAXX  23001 30837 32995 82107 11182 2187/ 53004 85036 333 21204 47013 555 51156 53002 7000/;EQDQ01  00002PRCP99
0175308370999992000022312004+51020+107830FM-12+073399999V0202001N004012200019N0500001N1-00971-01681103111ADDAA199000091GF103991001001999999001021KA1120M-00761MD1710061+9999REMSYN080AAXX  23121 30837 32984 32004 11097 21168 40311 57006 80002 333 11076 555 53012;EQDQ01  00002PRCP99
0216308370999992000022400004+51020+107830FM-12+073399999V0209999C000019999999N0500001N1-01471-01901102981ADDAA199000091AJ100139199999999GF108991021001999999031021IA1239KA1120N-01631MD1710031+9999REMSYN098AAXX  24001 30837 32999 80000 11147 21190 40298 57003 82032 333 21163 47013 555 51142 53008 7000/;EQDQ01  00002PRCP99
0175308370999992000022412004+51020+107830FM-12+073399999V0209999C000019999999N0500001N1-00891-01441102501ADDAA199000091GF108991081001999999071999KA1120M-00601MD1510011+9999REMSYN080AAXX  24121 30837 32984 80000 11089 21144 40250 55001 8807/ 333 11060 555 53004;EQDQ01  00002PRCP99
0231308370999992000022500004+51020+107830FM-12+073399999V0202801N003019999999N0200001N1-01171-01371102741ADDAA112000591AJ100139199999999AY171061AY221061GF108991081001999999021999IA1239KA1120N-01391MD1310031+9999MW1711REMSYN110AAXX  25001 30837 11998 82803 11117 21137 40274 53003 69942 77172 8802/ 333 21139 47013 555 51102 53010 7994/;
0190308370999992000022512004+51020+107830FM-12+073399999V0202501N001019999999N0500001N1-00941-01401102501ADDAA112000391AY131061AY221061GF106991061001999999071001KA1120M-00661MD1610051+9999MW1021REMSYN092AAXX  25121 30837 11984 62501 11094 21140 40250 56005 69932 70232 86070 333 11066 555 53012;
0190308370999992000022612004+51020+107830FM-12+073399999V0209999C000019999999N0500001N1-01231-01501102731ADDAA112000191AY171061AY231061GF106991031001999999071011KA1120M-00541MD1310141+9999MW1011REMSYN092AAXX  26121 30837 11984 60000 11123 21150 40273 53014 69922 70173 83071 333 11054 555 53012;
0216308370999992000022700004+51020+107830FM-12+073399999V0209999C000012200019N0500001N1-01731-01991103161ADDAA199000091AJ100149199999999GF103991021001999999041011IA1239KA1120N-01821MD1310151+9999REMSYN098AAXX  27001 30837 32999 30000 11173 21199 40316 53015 82041 333 21182 47014 555 51087 53002 7992/;EQDQ01  00002PRCP99
0185308370999992000022712004+51020+107830FM-12+073399999V0200801N001012200019N0500001N1-01391-01741102921ADDAA199000091GA1001+999999999GF100991001001999999001001KA1120M-00391MD1510001+9999REMSYN074AAXX  27121 30837 32984 00801 11139 21174 40292 55000 333 11039 555 53003;EQDQ01  00002PRCP99
0216308370999992000022800004+51020+107830FM-12+073399999V0200401N001012200019N0500001N1-01871-02061102961ADDAA199000091AJ100149199999999GF103991001001999999001021IA1239KA1120N-01941MD1710021+9999REMSYN098AAXX  28001 30837 32999 30401 11187 21206 40296 57002 80002 333 21194 47014 555 51129 53004 7000/;EQDQ01  00002PRCP99
0175308370999992000022812004+51020+107830FM-12+073399999V0209999C000012200019N0500001N1-00971-01611102121ADDAA199000091GF101991001001999999001011KA1120M-00521MD1610141+9999REMSYN080AAXX  28121 30837 32984 10000 11097 21161 40212 56014 80001 333 11052 555 53006;EQDQ01  00002PRCP99
0226308370999992000022900004+51020+107830FM-12+073399999V0209999C000012200019N0500001N1-01411-01761102521ADDAA199000091AJ100149199999999GA1001+999999999GF100991001001999999001001IA1239KA1120N-01691MD1310191+9999REMSYN092AAXX  29001 30837 32999 00000 11141 21176 40252 53019 333 21169 47014 555 51131 53003 7000/;EQDQ01  00002PRCP99
0175308370999992000022912004+51020+107830FM-12+073399999V0209999C000012200019N0500001N1-00681-01731102611ADDAA199000091GF101991001001999999001011KA1120M+00051MD1310081+9999REMSYN080AAXX  29121 30837 32984 10000 11068 21173 40261 53008 80001 333 10005 555 53004;EQDQ01  00002PRCP99
0216308370999992000030100004+51020+107830FM-12+073399999V0209999C000019999999N0500001N1-01681-02101102571ADDAA199000091AJ100139199999999GF106991001001999999001011IA1239KA1120N-01691MD1710031+9999REMSYN098AAXX  01001 30837 32999 60000 11168 21210 40257 57003 80001 333 21169 47013 555 51083 53003 7000/;EQDQ01  00002PRCP99
0175308370999992000030112004+51020+107830FM-12+073399999V0209999C000019999999N0500001N1+99999+99999101441ADDAA199000091GF108991061001999999071021KA1120M-00171MD1710091+9999REMSYN080AAXX  01121 30837 32984 80000 110/1 21130 40144 57009 86072 333 11017 555 53004;EQDQ01  00002PRCP99
0216308370999992000030200004+51020+107830FM-12+073399999V0200801N001012200019N0500001N1-01621-01961101641ADDAA199000091AJ100139199999999GF101991001001999999001011IA1239KA1120N-01621MD1210051+9999REMSYN098AAXX  02001 30837 32999 10801 11162 21196 40164 52005 80001 333 21162 47013 555 51101 53003 7000/;EQDQ01  00002PRCP99
0175308370999992000030212004+51020+107830FM-12+073399999V0202401N001019999999N0500001N1-00591-01221101551ADDAA199000091GF108991051001999999071011KA1120M-00171MD1210261+9999REMSYN080AAXX  02121 30837 32984 82401 11059 21122 40155 52026 85071 333 11017 555 53006;EQDQ01  00002PRCP99
0231308370999992000030300004+51020+107830FM-12+073399999V0202801N002010300019N0021001N1-01261-01461102561ADDAA112000791AJ100139199999999AY171061AY211061GF108991031071008001071999IA1239KA1120N-01441MD1310411+9999MW1711REMSYN110AAXX  03001 30837 11521 82802 11126 21146 40256 53041 69902 77171 8377/ 333 21144 47013 555 51082 53008 7990/;
0190308370999992000030312004+51020+107830FM-12+073399999V0202901N001019999999N0500001N1-01341-02161102841ADDAA112000591AY131061AY221061GF108991021001999999031061KA1120M-00841MD1710191+9999MW1031REMSYN092AAXX  03121 30837 11984 82901 11134 21216 40284 57019 69952 70332 82036 333 11084 555 53013;
0216308370999992000030400004+51020+107830FM-12+073399999V0209999C000019999999N0500001N1-01501-01921102221ADDAA199000091AJ100139199999999GF108991081001999999071999IA1239KA1120N-01841MD1710191+9999REMSYN098AAXX  04001 30837 32999 80000 11150 21192 40222 57019 8807/ 333 21184 47013 555 51118 53003 7995/;EQDQ01  00002PRCP99
0190308370999992000030412004+51020+107830FM-12+073399999V0203301N005010300019N0060001N1-00611-00761101771ADDAA112000791AY181061AY231061GF106991041091008001031001KA1120M-00291MD1310241+9999MW1851REMSYN092AAXX  04121 30837 11556 63305 11061 21076 40177 53024 69902 78583 84930 333 11029 555 53012;
0203308370999992000030500004+51020+107830FM-12+073399999V0203001N002012200019N0500001N1-02081-02651103591ADDAA112000791AJ100139199999999GF102991001001999999001011IA1239KA1120N-02501MD1210171+9999REMSYN104AAXX  05001 30837 12999 23002 11208 21265 40359 52017 69902 80001 333 21250 47013 555 51108 53018 7990/;
0175308370999992000030512004+51020+107830FM-12+073399999V0202701N001012200019N0500001N1-01991-02771103421ADDAA199000091GF101991001001999999001011KA1120M-01231MD1710071+9999REMSYN080AAXX  05121 30837 32984 12701 11199 21277 40342 57007 80001 333 11123 555 53010;EQDQ01  00002PRCP99
0216308370999992000030600004+51020+107830FM-12+073399999V0209999C000012200019N0500001N1-02351-02831103851ADDAA199000091AJ100139199999999GF102991001001999999001091IA1239KA1120N-02531MD1210241+9999REMSYN098AAXX  06001 30837 32999 20000 11235 21283 40385 52024 80009 333 21253 47013 555 51170 53004 7000/;EQDQ01  00002PRCP99
0175308370999992000030612004+51020+107830FM-12+073399999V0202801N002019999999N0500001N1-01201-01751103721ADDAA199000091GF106991041001999999031021KA1120M-00871MD1310021+9999REMSYN080AAXX  06121 30837 32984 62802 1112/ 21175 40372 53002 84032 333 11087 555 53007;EQDQ01  00002PRCP99
0216308370999992000030800004+51020+107830FM-12+073399999V0209999C000012200019N0500001N1-01601-01791103451ADDAA199000091AJ100129199999999GF101991001001999999001091IA1239KA1120N-01601MD1310041+9999REMSYN098AAXX  08001 30837 32999 10000 11160 21179 40345 53004 80009 333 21160 47012 555 51088 53003 7000/;EQDQ01  00002PRCP99
0175308370999992000030812004+51020+107830FM-12+073399999V0203001N001012200019N0500001N1-00731-01321102941ADDAA199000091GF101991001001999999001021KA1120M-00071MD1410001+9999REMSYN080AAXX  08121 30837 32984 13001 11073 21132 40294 54000 80002 333 11007 555 53007;EQDQ01  00002PRCP99
0216308370999992000030900004+51020+107830FM-12+073399999V0209999C000012200019N0500001N1-01511-01641103311ADDAA199000091AJ100129199999999GF102991001001999999001021IA1239KA1120N-01531MD1310051+9999REMSYN098AAXX  09001 30837 32999 20000 11151 21164 40331 53005 80002 333 21153 47012 555 51090 53004 7000/;EQDQ01  00002PRCP99
0185308370999992000030912004+51020+107830FM-12+073399999V0200301N001012200019N0500001N1-00621-01211102921ADDAA199000091GA1001+999999999GF100991001001999999001001KA1120M+00041MD1510061+9999REMSYN074AAXX  09121 30837 32984 00301 11062 21121 40292 55006 333 10004 555 53005;EQDQ01  00002PRCP99
0226308370999992000031000004+51020+107830FM-12+073399999V0209999C000012200019N0500001N1-01431-01701103201ADDAA199000091AJ100119199999999GA1001+999999999GF100991001001999999001001IA1239KA1120N-01511MD1310011+9999REMSYN092AAXX  10001 30837 32999 00000 11143 21170 40320 53001 333 21151 47011 555 51084 53003 7000/;EQDQ01  00002PRCP99
0166308370999992000031012004+51020+107830FM-12+073399999V0203201N001012200019N0500001N1-00401-01201999999ADDAA124000091GA1001+999999999GF100991001001999999001001MD1610041+9999REMSYN068AAXX  10121 30837 32984 03201 11040 21120 56004 333 70020 555 53004;EQDQ01  00002PRCP24
0226308370999992000031100004+51020+107830FM-12+073399999V0209999C000012200019N0500001N1-01311-01581102741ADDAA199000091AJ100049199999999GA1001+999999999GF100991001001999999001001IA1309KA1120N-01331MD1310041+9999REMSYN092AAXX  11001 30837 32999 00000 11131 21158 40274 53004 333 21133 42004 555 51070 53002 7000/;EQDQ01  00002PRCP99
0173308370999992000031112004+51020+107830FM-12+073399999V0209999C000012200019N0500001N1-00321-00961102251ADDAA199000091GF101991001001999999001011KA1120M+00291MD1310051+9999REMSYN078AAXX  11121 30837 32984 10000 11032 21096 40225 53005 80001 333 10029 555 ,04;EQDQ01  00002PRCP99
0197308370999992000031200004+51020+107830FM-12+073399999V0209999C000012200019N0500001N1-01331-01681102801ADDAA199000091AJ100019199999999GF102991001001999999001011IA1309MD1310111+9999REMSYN092AAXX  12001 30837 32999 20000 11133 21168 40280 53011 80001 333 42001 555 51057 53004 7000/;EQDQ01  00002PRCP99
0175308370999992000031212004+51020+107830FM-12+073399999V0209999C000012200019N0500001N1-00151-01141102401ADDAA199000091GF102991001001999999001011KA1120M+00331MD1310091+9999REMSYN080AAXX  12121 30837 32984 20000 11015 21114 40240 53009 80001 333 10033 555 53006;EQDQ01  00002PRCP99
0242308370999992000031300004+51020+107830FM-12+073399999V0209999C000012200019N0500001N1-01141-01421102991ADDAA199000091AJ199992999999999GA1001+999999999GF100991001001999999001001IA1309KA1120N-01201MD1310041+9999REMSYN092AAXX  13001 30837 32999 00000 11114 21142 40299 53004 333 21120 42998 555 51052 53002 7000/;EQDQ01  00002PRCP99Q02  09972SNDP  
0232308370999992000031400004+51020+107830FM-12+073399999V0209999C000012200019N0500001N1-01161-01441102751ADDAA199000091AJ199992999999999GF103991001001999999001011IA1259KA1120N-01161MD1710021+9999REMSYN098AAXX  14001 30837 32999 30000 11116 21144 40275 57002 80001 333 21116 41998 555 51050 53002 7000/;EQDQ01  00002PRCP99Q02  09972SNDP  
0175308370999992000031412004+51020+107830FM-12+073399999V0200201N001019999999N0500001N1-00181-00751102011ADDAA199000091GF108991001001999999001061KA1120M+00331MD1510021+9999REMSYN080AAXX  14121 30837 32984 80201 11018 21075 40201 55002 80006 333 10033 555 53008;EQDQ01  00002PRCP99
0232308370999992000031500004+51020+107830FM-12+073399999V0209999C000019999999N0500001N1-00831-01111102121ADDAA199000091AJ199992999999999GF108991001001999999001021IA1259KA1120N-00861MD1310021+9999REMSYN098AAXX  15001 30837 32999 80000 11083 21111 40212 53002 80002 333 21086 41998 555 51047 53003 7000/;EQDQ01  00002PRCP99Q02  09972SNDP  
0175308370999992000031512004+51020+107830FM-12+073399999V0203401N001010300019N0500001N1+00041-01151101461ADDAA199000091GF108991021071008001071011KA1120M+00461MD1610041+9999REMSYN080AAXX  15121 30837 32584 83401 10004 21115 40146 56004 82771 333 10046 555 53007;EQDQ01  00002PRCP99
0232308370999992000031600004+51020+107830FM-12+073399999V0209999C000010300019N0500001N1-00321-00601101361ADDAA199000091AJ199992999999999GF108991021071008001071061IA1259KA1120N-00381MD1710041+9999REMSYN098AAXX  16001 30837 32599 80000 11032 21060 40136 57004 82776 333 21038 41998 555 51024 53005 7000/;EQDQ01  00002PRCP99Q02  09972SNDP  
0175308370999992000031612004+51020+107830FM-12+073399999V0200301N001019999999N0500001N1-00021-00501100931ADDAA199000091GF108991021001999999041061KA1120M+00321MD1310011+9999REMSYN080AAXX  16121 30837 32999 80301 11002 21050 40093 53001 82046 333 10032 555 53010;EQDQ01  00002PRCP99
0232308370999992000031700004+51020+107830FM-12+073399999V0200501N003019999999N0500001N1-00491-00811101291ADDAA199000091AJ199992999999999GF106991041001999999031011IA1259KA1120N-00491MD1310231+9999REMSYN098AAXX  17001 30837 32999 60503 11049 21081 40129 53023 84031 333 21049 41998 555 51001 53006 7000/;EQDQ01  00002PRCP99Q02  09972SNDP  
0212308370999992000031712004+51020+107830FM-12+073399999V0203201N002010078019N0500001N1-00321-00711102111ADDAA112000791AY181061AY221061GA1081+007809099GF108991081091008001999999KA1120M+00141MD1210251+9999MW1021REMSYN098AAXX  17121 30837 11599 83202 11032 21071 40211 52025 69902 70282 889// 333 10014 88926 555 53012;
0203308370999992000031800004+51020+107830FM-12+073399999V0209999C000012200019N0500001N1-00981-01151102751ADDAA112000591AJ100029199999999GF102991011001999999041011IA1239KA1120N-01051MD1310041+9999REMSYN104AAXX  18001 30837 12999 20000 11098 21115 40275 53004 69952 81041 333 21105 47002 555 51024 53008 7995/;
0175308370999992000031812004+51020+107830FM-12+073399999V0202501N003019999999N0500001N1+00001-00901101601ADDAA199000091GF108991041001999999031011KA1120M+00281MD1710111+9999REMSYN080AAXX  18121 30837 32999 82503 10000 21090 40160 57011 84031 333 10028 555 53010;EQDQ01  00002PRCP99
0232308370999992000031900004+51020+107830FM-12+073399999V0209999C000012200019N0500001N1-00661-00981101851ADDAA199000091AJ199992999999999GF101991001001999999001011IA1259KA1120N-00721MD1210201+9999REMSYN098AAXX  19001 30837 32999 10000 11066 21098 40185 52020 80001 333 21072 41998 555 51034 53011 7000/;EQDQ01  00002PRCP99Q02  09972SNDP  
0175308370999992000031912004+51020+107830FM-12+073399999V0203301N003012200019N0500001N1-00171-01001102081ADDAA199000091GF101991011041008001001001KA1120M+00271MD1210171+9999REMSYN080AAXX  19121 30837 32599 13303 11017 21100 40208 52017 81400 333 10027 555 53012;EQDQ01  00002PRCP99
0242308370999992000032000004+51020+107830FM-12+073399999V0209999C000012200019N0500001N1-00951-01161102721ADDAA199000091AJ199992999999999GA1001+999999999GF100991001001999999001001IA1259KA1120N-01091MD1210061+9999REMSYN092AAXX  20001 30837 32999 00000 11095 21116 40272 52006 333 21109 41998 555 51016 53007 7000/;EQDQ01  00002PRCP99Q02  09972SNDP  
0175308370999992000032012004+51020+107830FM-12+073399999V0200701N001019999999N0500001N1-00141-01011102101ADDAA199000091GF108991031001999999051061KA1120M+00261MD1410001+9999REMSYN080AAXX  20121 30837 32999 80701 11014 21101 40210 54000 83056 333 10026 555 53007;EQDQ01  00002PRCP99
0250308370999992000032100004+51020+107830FM-12+073399999V0200601N005019999999N0200001N1-00351-00491101711ADDAA112000791AJ199992999999999AY171061AY221061GF108991081001999999021999IA1259KA1120N-00351MD1710091+9999MW1711REMSYN110AAXX  21001 30837 11998 80605 11035 21049 40171 57009 69902 77172 8802/ 333 21035 41998 555 51038 53001 7990/;EQDQ01  09972SNDP  
0190308370999992000032112004+51020+107830FM-12+073399999V0200701N001019999999N0010001N1-00391-00471101631ADDAA112002091AY171061AY271061GF108991081001999999021999KA1120M-00161MD1210111+9999MW1731REMSYN092AAXX  21121 30837 11994 80701 11039 21047 40163 52011 60022 77377 8802/ 333 11016 555 53012;
0203308370999992000032200004+51020+107830FM-12+073399999V0203101N003019999999N0500001N1-00751-01401102321ADDAA112000591AJ100069199999999GF108991081001999999071999IA1239KA1120N-00751MD1210201+9999REMSYN104AAXX  22001 30837 12999 83103 11075 21140 40232 52020 69942 8807/ 333 21075 47006 555 51024 53010 7002/;
0175308370999992000032212004+51020+107830FM-12+073399999V0202701N002012200019N0500001N1-00541-01241102451ADDAA199000091GF102991011001999999081021KA1120M-00171MD1310151+9999REMSYN080AAXX  22121 30837 32999 22702 11054 21124 40245 53015 81082 333 11017 555 53012;EQDQ01  00002PRCP99
0216308370999992000032300004+51020+107830FM-12+073399999V0209999C000019999999N0500001N1-01281-01631102901ADDAA199000091AJ100039199999999GF108991001001999999001061IA1309KA1120N-01401MD1310071+9999REMSYN098AAXX  23001 30837 32999 80000 11128 21163 40290 53007 80006 333 21140 42003 555 51054 53004 7000/;EQDQ01  00002PRCP99
0192308370999992000032312004+51020+107830FM-12+073399999V0202401N003010300019N0500001N1-00281-01081102351ADDAA199000091GF108991031091008001071021KA1120M-00041MD1310011+9999OA149901701REMSYN086AAXX  23121 30837 32599 82403 11028 21108 40235 53001 83972 333 11004 91117 555 53017;EQDQ01  00002PRCP99
0216308370999992000032400004+51020+107830FM-12+073399999V0201901N002010120019N0500001N1-00611-00841102501ADDAA199000091AJ100029199999999GF108991051081008001081021IA1309KA1120N-00751MD1310031+9999REMSYN098AAXX  24001 30837 32599 81902 11061 21084 40250 53003 85882 333 21075 42002 555 51071 53009 7000/;EQDQ01  00002PRCP99
0207308370999992000032412004+51020+107830FM-12+073399999V0202701N004010300019N0500001N1+00101-00691102211ADDAA112000791AY181061AY221061GF108991031091008001071999KA1120M+00171MD1510011+9999MW1021OA149901501REMSYN098AAXX  24121 30837 11599 82704 10010 21069 40221 55001 69902 70282 8397/ 333 10017 91115 555 53015;
0232308370999992000032500004+51020+107830FM-12+073399999V0209999C000019999999N0500001N1-00411-00751102061ADDAA199000091AJ199992999999999GF108991001001999999001061IA1309KA1120N-00441MD1710061+9999REMSYN098AAXX  25001 30837 32999 80000 11041 21075 40206 57006 80006 333 21044 42998 555 51025 53009 7990/;EQDQ01  00002PRCP99Q02  09972SNDP  
0136308370999992000032512004+51020+107830FM-12+073399999V0201801N005019999999N9999999N1+00711-00641100691ADDAA199000091GF108991999999999999999999REMSYN068AAXX  25121 30837 329/9 81805 10071 21064 40069 5/702 333 555 53011;EQDQ01  00002PRCP99
0232308370999992000032600004+51020+107830FM-12+073399999V0202401N005010300019N0500001N1+00281-00271100821ADDAA199000091AJ199992999999999GF108991021071008001071061IA1259KA1120N+00051MD1210181+9999REMSYN098AAXX  26001 30837 32599 82405 10028 21027 40082 52018 82776 333 20005 41998 555 50028 53010 7000/;EQDQ01  00002PRCP99Q02  09972SNDP  
0192308370999992000032612004+51020+107830FM-12+073399999V0202901N003019999999N0500001N1+00021-01131101611ADDAA199000091GF108991051001999999081061KA1120M+00461MD1210151+9999OA149901601REMSYN086AAXX  26121 30837 32999 82903 10002 21113 40161 52015 85086 333 10046 91116 555 53016;EQDQ01  00002PRCP99
0289308370999992000032700004+51020+107830FM-12+073399999V0203001N003019999999N0500001N1-00521-01021999999ADDAA112000791AA224999999AJ199992999999999AY171061AY221061GF105991051001999999081001IA1259KA1120N-00531MD1310171+9999ME1204809MW1021REMSYN113AAXX  27001 30837 11999 53003 11052 21102 4248/ 53017 69902 70272 85080 333 21053 41998 555 50028 53012 7990/ /-;EQDQ01  99992PRCP24Q02  09972SNDP  
0178308370999992000032712004+51020+107830FM-12+073399999V0202001N002012200019N0500001N1-00171-01291102211ADDAA199000091GF101991001001999999001021KA1120M+00281MD1810021+9999REMSYN083AAXX  27121 30837 32999 12002 11017 21129 40221 58002 80002 333 10028 555 53010 /-;EQDQ01  00002PRCP99
0213308370999992000032800004+51020+107830FM-12+073399999V0201301N005019999999N0500001N1-00111-01361101991ADDAA199000091AJ199992999999999GF108991031001999999071061IA1259MD1810031+9999REMSYN092AAXX  28001 30837 32999 81305 11011 21136 40199 58003 83076 333 41998 555 51018 53013 7000/;EQDQ01  00002PRCP99Q02  09972SNDP  
0190308370999992000032812004+51020+107830FM-12+073399999V0202001N001010075019N0100001N1+00101+00021101471ADDAA112000891AY171061AY261061GF108991081021008001999999KA1120M+00701MD1310041+9999MW1611REMSYN092AAXX  28121 30837 11560 82001 10010 20002 40147 53004 69972 76176 882// 333 10070 555 53011;
0203308370999992000032900004+51020+107830FM-12+073399999V0209999C000012200019N0500001N1-00451-00721102651ADDAA112001091AJ100019199999999GF103991021001999999031011IA1279KA1120N-00571MD1210131+9999REMSYN104AAXX  29001 30837 12999 30000 11045 21072 40265 52013 60012 82031 333 21057 43001 555 50000 53008 7997/;
0175308370999992000032912004+51020+107830FM-12+073399999V0200401N002012200019N0500001N1+00021-01511101941ADDAA199000091GF102991021001999999031001KA1120M+00401MD1610111+9999REMSYN080AAXX  29121 30837 32999 20402 10002 21151 40194 56011 82030 333 10040 555 53012;EQDQ01  00002PRCP99
0232308370999992000033000004+51020+107830FM-12+073399999V0209999C000019999999N0500001N1-00381-00921102001ADDAA199000091AJ199992999999999GF106991041001999999081011IA1259KA1120N-00461MD1210071+9999REMSYN098AAXX  30001 30837 32999 60000 11038 21092 40200 52007 84081 333 21046 41998 555 51007 53004 7000/;EQDQ01  00002PRCP99Q02  09972SNDP  
0162308370999992000033012004+51020+107830FM-12+073399999V0203401N002019999999N0500001N1-00221-01261101941ADDAA112000791GF108991041001999999061091KA1120M+00371MD1210041+9999REMSYN086AAXX  30121 30837 12999 83402 11022 21126 40194 52004 69902 84069 333 10037 555 53014;
0232308370999992000033100004+51020+107830FM-12+073399999V0203401N001012200019N0500001N1-00981-01151102241ADDAA199000091AJ199992999999999GF101991011001999999041001IA1259KA1120N-01071MD1210021+9999REMSYN098AAXX  31001 30837 32999 13401 11098 21115 40224 52002 81040 333 21107 41998 555 51014 53005 7990/;EQDQ01  00002PRCP99Q02  09972SNDP  
0175308370999992000033112004+51020+107830FM-12+073399999V0209999C000010300019N0500001N1-00031-01331101741ADDAA199000091GF106991011041008001041001KA1120M+00481MD1310021+9999REMSYN080AAXX  31121 30837 32599 60000 11003 21133 40174 53002 81440 333 10048 555 53012;EQDQ01  00002PRCP99
0175308370999992000040112004+51020+107830FM-12+073399999V0209999C000019999999N0500001N1+00201-01321101271ADDAA199000091GF108991021001999999041011KA1120M+00841MD1510001+9999REMSYN080AAXX  01121 30837 32999 80000 10020 21132 40127 55000 82041 333 10084 555 53012;EQDQ01  00002PRCP99
0187308370999992000040200004+51020+107830FM-12+073399999V0209999C000012200019N0500001N1-00251-00751101211ADDAA199000091GF101991001001999999001021KA1120N-00591MD1810031+9999REMSYN092AAXX  02001 30837 32999 10000 11025 21075 40121 58003 80002 333 21059 555 50002 53008 7000/;EQDQ01  00002PRCP99
0209308370999992000040300004+51020+107830FM-12+073399999V0202701N005010075019N0500001N1-00181-00661101871ADDAA199000091GA1081+007509099GF108991081091008001999999KA1120N-00261MD1210291+9999REMSYN098AAXX  03001 30837 32599 82705 11018 21066 40187 52029 889// 333 21026 88925 555 50023 53008 7000/;EQDQ01  00002PRCP99
0190308370999992000040312004+51020+107830FM-12+073399999V0202701N006010075019N0500001N1-00391-01011102751ADDAA112000791AY181061AY221061GF106991051091008001001021KA1120M+00021MD1210221+9999MW1021REMSYN092AAXX  03121 30837 11599 62706 11039 21101 40275 52022 69902 70282 85902 333 10002 555 53015;
0181308370999992000040400004+51020+107830FM-12+073399999V0209999C000012200019N0500001N1-00801-01311103171ADDAA199000091GA1001+999999999GF100991001001999999001001KA1120N-00891MD1210011+9999REMSYN070AAXX  04001 30837 32999 00000 11080 21131 40317 52001 333 21089 51015;EQDQ01  00002PRCP99
0175308370999992000040412004+51020+107830FM-12+073399999V0201801N003019999999N0500001N1+00181-01431101871ADDAA199000091GF108991001001999999001021KA1120M+00521MD1710181+9999REMSYN080AAXX  04121 30837 32999 81803 10018 21143 40187 57018 80002 333 10052 555 53012;EQDQ01  00002PRCP99
