0244308750999992000010100004+51580+118470FM-12+069899999V0209999C000019999999N0500001N1-03671-03911104251ADDAA106000091AA224000091AJ100219199999999GF108991051001999999071051GJ103549IA1249KA1120N-03861MD1310011+9999REMSYN107AAXX  01001 30875 32999 80000 11367 21391 40425 53001 85075 333 21386 48021 55059 555 51369 53001 7000/ /-;EQDQ01  00002PRCP06
0112308750999992000010106004+51580+118470FM-12+069899999V0209999C000019999999N0500001N1-02951-03191103601ADDGF108991031001999999011071MD1710191+9999REMSYN060AAXX  01061 30875 42999 80000 11295 21319 40360 57019 83017;
0168308750999992000010112004+51580+118470FM-12+069899999V0209999C000019999999N0040001N1+99999-02821103421ADDAA112000791GF108991081001999999011999KA1120M-02641MD1310041+9999REMSYN092AAXX  01121 30875 1/996 80000 10264 21282 40342 53004 69902 78072 8801/ 333 11264 555 53004;
0140308750999992000010118004+51580+118470FM-12+069899999V0209999C000019999999N0100001N1-02551-02731103261ADDAY171061AY271061GF108991081001999999011999MD1710071+9999MW1711REMSYN066AAXX  01181 30875 41997 80000 11255 21273 40326 57007 77177 8801/;
0214308750999992000010200004+51580+118470FM-12+069899999V0209999C000019999999N0100001N1-02221-02331102821ADDAA112003091AJ100239199999999GF108991081001999999011999IA1239KA1120N-02411MA1999999094561MD1710131+9999REMSYN100AAXX  02001 30875 1/997 80000 11222 21233 39456 40282 57013 60032 77177 8801/ 333 21241 47023 55000;
0140308750999992000010206004+51580+118470FM-12+069899999V0209999C000019999999N0150001N1-02291-02641102801ADDAY171061AY271061GF108991031001999999011071MD1710171+9999MW1711REMSYN066AAXX  02061 30875 41965 80000 11229 21264 40280 57017 77177 83017;
0190308750999992000010212004+51580+118470FM-12+069899999V0202101N004019999999N0100001N1-02921-03151103091ADDAA112000591AY171061AY221061GF108991001001999999001071KA1120M-02341MD1110011+9999MW1711REMSYN092AAXX  02121 30875 11997 82104 11292 21315 40309 51001 69962 77172 80007 333 11234 555 53003;
0140308750999992000010218004+51580+118470FM-12+069899999V0209999C000012200019N0200001N1-03291-03511103151ADDAY171061AY211061GF103991001001999999001021MD1710031+9999MW1011REMSYN066AAXX  02181 30875 41998 30000 11329 21351 40315 57003 70171 80002;
0255308750999992000010300004+51580+118470FM-12+069899999V0209999C000012200019N0120001N1-03901-04111103461ADDAA112000191AJ100229199999999AY101061AY201061GA1001+999999999GF100991001001999999001001GJ100009IA1249KA1120N-03931MD1210021+9999MW1401REMSYN110AAXX  03001 30875 11962 00000 11390 21411 40346 52002 69922 74000 333 21393 48022 55000 555 51257 53004 7998/;
0122308750999992000010306004+51580+118470FM-12+069899999V0209999C000012200019N0500001N1-03101-03401103221ADDGA1001+999999999GF100991001001999999001001MD1810061+9999REMSYN054AAXX  03061 30875 42999 00000 11310 21340 40322 58006;
0213308750999992000010312004+51580+118470FM-12+069899999V0209999C000012200019N0100001N1-03891-04171103381ADDAA106000091AY101061AY201061GA1001+999999999GF100991001001999999001001KA1120M-03101MD1210181+9999MW1401REMSYN080AAXX  03121 30875 31997 00000 11389 21417 40338 52018 74000 333 11310 555 53001;EQDQ01  00002PRCP06
0150308750999992000010318004+51580+118470FM-12+069899999V0209999C000012200019N0020001N1-04141-04431104161ADDAY101061AY201061GA1001+999999999GF100991001001999999001001MD1210111+9999MW1401REMSYN060AAXX  03181 30875 41995 00000 11414 21443 40416 52011 74000;
0268308750999992000010400004+51580+118470FM-12+069899999V0209999C000012200019N0006001N1-04421-04691104431ADDAA106000091AJ100229199999999AY141061AY201061GA1001+999999999GF100991001001999999001001GJ103549IA1249KA1120N-04451MD1210071+9999MW1481REMSYN104AAXX  04001 30875 31906 00000 11442 21469 40443 52007 74840 333 21445 48022 55059 555 51353 53003 7000/;EQDQ01  00002PRCP06
0140308750999992000010406004+51580+118470FM-12+069899999V0209999C000019999999N0060001N1-03631-03901104181ADDAY141061AY211061GF106991001001999999001081MD1210061+9999MW1401REMSYN066AAXX  04061 30875 41956 60000 11363 21390 40418 52006 74041 80008;
0213308750999992000010412004+51580+118470FM-12+069899999V0209999C000012200019N0040001N1-03971-04221104471ADDAA106000091AY111061AY211061GA1001+999999999GF100991001001999999001001KA1120M-03621MD1210071+9999MW1401REMSYN080AAXX  04121 30875 31996 00000 11397 21422 40447 52007 74011 333 11362 555 53000;EQDQ01  00002PRCP06
0150308750999992000010418004+51580+118470FM-12+069899999V0209999C000012200019N0020001N1-04271-04551104661ADDAY101061AY201061GA1001+999999999GF100991001001999999001001MD1210031+9999MW1401REMSYN060AAXX  04181 30875 41995 00000 11427 21455 40466 52003 74000;
0268308750999992000010500004+51580+118470FM-12+069899999V0209999C000012200019N0005001N1-04221-04481104631ADDAA106000091AJ100229199999999AY141061AY201061GA1001+999999999GF100991001001999999001001GJ103549IA1249KA1120N-04401MD1310011+9999MW1441REMSYN104AAXX  05001 30875 31905 00000 11422 21448 40463 53001 74440 333 21440 48022 55059 555 51402 53000 7000/;EQDQ01  00002PRCP06
0140308750999992000010506004+51580+118470FM-12+069899999V0209999C000012200019N0060001N1-03501-03801104101ADDAY141061AY201061GF103991001001999999001021MD1710181+9999MW1401REMSYN066AAXX  05061 30875 41956 30000 11350 21380 40410 57018 74040 80002;
0175308750999992000010512004+51580+118470FM-12+069899999V0209999C000012200019N0200001N1-03691-03971104071ADDAA106000091GF104991021001999999041021KA1120M-03501MD1710081+9999REMSYN080AAXX  05121 30875 32998 40000 11369 21397 40407 57008 82042 333 11350 555 53000;EQDQ01  00002PRCP06
0140308750999992000010606004+51580+118470FM-12+069899999V0209999C000019999999N0500001N1-02531-02911102621ADDAY171061AY271061GF108991031001999999011071MD1710321+9999MW1711REMSYN066AAXX  06061 30875 41999 80000 11253 21291 40262 57032 77177 83017;
0190308750999992000010612004+51580+118470FM-12+069899999V0209999C000019999999N0040001N1-02531-02771102601ADDAA112000591AY171061AY271061GF108991081001999999011999KA1120M-02531MD1310011+9999MW1711REMSYN092AAXX  06121 30875 11996 80000 11253 21277 40260 53001 69942 77177 8801/ 333 11253 555 53000;
0245308750999992000010700004+51580+118470FM-12+069899999V0209999C000019999999N0070001N1-02171-02351102011ADDAA112002091AJ100249199999999AY171061AY271061GF108991081001999999011999GJ100909IA1249KA1120N-02611MD1410001+9999MW1711REMSYN116AAXX  07001 30875 11957 80000 11217 21235 40201 54000 60022 77177 8801/ 333 21261 48024 55015 555 51299 53000 7002/;
0092308750999992000010706004+51580+118470FM-12+069899999V0203201N002019999999N0070001N1-01881-02141101691ADDGF107991071001999999071001REMSYN054AAXX  07061 30875 41957 73202 11188 21214 40169 87070;
0209308750999992000010712004+51580+118470FM-12+069899999V0209999C000019999999N0100001N1-02131-02311101771ADDAA112000591AY171061AY271061GF108991081001999999011999KA1120M+99999MD1810021+9999MW1711REMSYN092AAXX  07121 30875 11997 80000 11213 21231 40177 58002 69962 77177 8801/ 333 11883 555 53004;EQDQ01 -08832ATMX  
0140308750999992000010718004+51580+118470FM-12+069899999V0202301N001019999999N0200001N1-02131-02381101741ADDAY171061AY221061GF108991081001999999011999MD1810041+9999MW1021REMSYN066AAXX  07181 30875 41998 82301 11213 21238 40174 58004 70272 8801/;
0216308750999992000010800004+51580+118470FM-12+069899999V0202101N003012200019N0500001N1+99999+99999101881ADDAA112000191GA1001+999999999GF100991001001999999001001GJ100009IA1249KA1120N-02761MD1110011+9999REMSYN110AAXX  08001 30875 12999 02103 11/40 21258 40188 51001 69922 82042 333 21276 48/24 55000 555 51213 53006 7998/;
0112308750999992000010806004+51580+118470FM-12+069899999V0202101N002019999999N0500001N1-01921-02331101791ADDGF106991001001999999001081MD1810031+9999REMSYN060AAXX  08061 30875 42999 62102 11192 21233 40179 58003 80008;
0175308750999992000010812004+51580+118470FM-12+069899999V0209999C000019999999N0200001N1-02631-02871102261ADDAA106000091GF105991021001999999041021KA1120M-01881MD1210061+9999REMSYN080AAXX  08121 30875 32998 50000 11263 21287 40226 52006 82042 333 11188 555 53005;EQDQ01  00002PRCP06
0112308750999992000010818004+51580+118470FM-12+069899999V0209999C000019999999N0200001N1-03081-03321102481ADDGF108991001001999999001071MD1310031+9999REMSYN060AAXX  08181 30875 42998 80000 11308 21332 40248 53003 80007;
0245308750999992000010900004+51580+118470FM-12+069899999V0202201N002019999999N0150001N1-02251-02501102181ADDAA112000191AJ100249199999999AY171061AY221061GF107991071001999999071001GJ103069IA1249KA1120N-03261MD1310031+9999MW1711REMSYN116AAXX  09001 30875 11965 72202 11225 21250 40218 53003 69922 77172 87070 333 21326 48024 55051 555 51227 53006 7992/;
0162308750999992000010912004+51580+118470FM-12+069899999V0202201N001012200019N0500001N1-02281-02601102511ADDAA112000191GF102991001001999999001021KA1120M-01891MD1210051+9999REMSYN086AAXX  09121 30875 12999 22201 11228 21260 40251 52005 69922 80002 333 11189 555 53004;
0122308750999992000010918004+51580+118470FM-12+069899999V0209999C000012200019N0200001N1-03361-03611103251ADDGA1001+999999999GF100991001001999999001001MD1210151+9999REMSYN054AAXX  09181 30875 42998 00000 11336 21361 40325 52015;
0240308750999992000011000004+51580+118470FM-12+069899999V0209999C000012200019N0500001N1-03501-03741103781ADDAA106000091AJ100259199999999GA1001+999999999GF100991001001999999001001GJ100009IA1249KA1120N-03701MD1210161+9999REMSYN098AAXX  10001 30875 32999 00000 11350 21374 40378 52016 333 21370 48025 55000 555 51244 53004 7992/;EQDQ01  00002PRCP06
0122308750999992000011018004+51580+118470FM-12+069899999V0209999C000012200019N0200001N1-03521-03741104441ADDGA1001+999999999GF100991001001999999001001MD1210011+9999REMSYN054AAXX  10181 30875 42998 00000 11352 21374 40444 52001;
0268308750999992000011100004+51580+118470FM-12+069899999V0209999C000012200019N0023001N1-03791-04031104701ADDAA106000091AJ100259199999999AY101061AY201061GA1001+999999999GF100991001001999999001001GJ103789IA1249KA1120N-03851MD1210061+9999MW1401REMSYN104AAXX  11001 30875 31923 00000 11379 21403 40470 52006 74000 333 21385 48025 55063 555 51321 53002 7000/;EQDQ01  00002PRCP06
0122308750999992000011106004+51580+118470FM-12+069899999V0209999C000012200019N0500001N1-02871-03251104001ADDGA1001+999999999GF100991001001999999001001MD1710161+9999REMSYN054AAXX  11061 30875 42999 00000 11287 21325 40400 57016;
0185308750999992000011112004+51580+118470FM-12+069899999V0209999C000012200019N0200001N1-03541-03771104401ADDAA106000091GA1001+999999999GF100991001001999999001001KA1120M-02871MD1210081+9999REMSYN074AAXX  11121 30875 32998 00000 11354 21377 40440 52008 333 11287 555 53001;EQDQ01  00002PRCP06
0122308750999992000011118004+51580+118470FM-12+069899999V0209999C000012200019N0200001N1-03771-04051104441ADDGA1001+999999999GF100991001001999999001001MD1710041+9999REMSYN054AAXX  11181 30875 42998 00000 11377 21405 40444 57004;
0150308750999992000011206004+51580+118470FM-12+069899999V0209999C000012200019N0500001N1-03181-03541103791ADDAY141061AY201061GA1001+999999999GF100991001001999999001001MD1710181+9999MW1021REMSYN060AAXX  12061 30875 41999 00000 11318 21354 40379 57018 70240;
0185308750999992000011212004+51580+118470FM-12+069899999V0209999C000012200019N0200001N1-03471-03771103881ADDAA106000091GA1001+999999999GF100991001001999999001001KA1120M-03161MD1210081+9999REMSYN074AAXX  12121 30875 32998 00000 11347 21377 40388 52008 333 11316 555 53002;EQDQ01  00002PRCP06
0122308750999992000011218004+51580+118470FM-12+069899999V0209999C000012200019N0200001N1-03711-04011103821ADDGA1001+999999999GF100991001001999999001001MD1710061+9999REMSYN054AAXX  12181 30875 42998 00000 11371 21401 40382 57006;
0258308750999992000011300004+51580+118470FM-12+069899999V0209999C000019999999N0060001N1-03841-04131103711ADDAA106000091AJ100259199999999AY101061AY201061GF105991001001999999001011GJ103969IA1249KA1120N-03901MD1710081+9999MW1401REMSYN110AAXX  13001 30875 31956 50000 11384 21413 40371 57008 74000 80001 333 21390 48025 55066 555 51364 53001 7000/;EQDQ01  00002PRCP06
0112308750999992000011306004+51580+118470FM-12+069899999V0209999C000019999999N0500001N1-03101-03401103201ADDGF106991001001999999001081MD1810221+9999REMSYN060AAXX  13061 30875 42999 60000 11310 21340 40320 58022 80008;
0140308750999992000011318004+51580+118470FM-12+069899999V0209999C000019999999N0100001N1-03001-03231103161ADDAY171061AY271061GF108991001001999999001071MD1310031+9999MW1711REMSYN066AAXX  13181 30875 41997 80000 11300 21323 40316 53003 77177 80007;
0249308750999992000011400004+51580+118470FM-12+069899999V0209999C000019999999N0300001N1-02851-03081103171ADDAA112000591AJ100259199999999AY171061AY271061GF108991051001999999011071GJ103729IA1249KA1120N-03341MD1010071+9999MW1711REMSYN120    AAXX  14001 30875 11980 80000 11285 21308 40317 50007 69952 77177 85017 333 21334 48025 55062 555 51355 53002 7995/;
0144308750999992000011406004+51580+118470FM-12+069899999V0209999C000019999999N0250001N1-02221-02611102921ADDAY171061AY271061GF108991041001999999071051MD1810051+9999MW1711REMSYN070    AAXX  14061 30875 41975 80000 11222 21261 40292 58005 77177 84075;
0188308750999992000011412004+51580+118470FM-12+069899999V0209999C000019999999N0100001N1-02721-02961999999ADDAA112000391AY171061AY271061GF108991051001999999071051KA1120M-02171MD1210081+9999MW1711REMSYN090    AAXX  14121 30875 11997 80000 11272 21296 52008 69932 77177 85075 333 11217 555 5+002;
0144308750999992000011418004+51580+118470FM-12+069899999V0209999C000012200019N0200001N1-03341-03561103731ADDAY171061AY211061GF102991001001999999001011MD1210091+9999MW1011REMSYN070    AAXX  14181 30875 41998 20000 11334 21356 40373 52009 70171 80001;
0221308750999992000011500004+51580+118470FM-12+069899999V0209999C000012200019N0500001N1-03711-03951104001ADDAA112000791AJ100259199999999GF102991001001999999001021GJ101629IA1249KA1120N-03701MD1210081+9999REMSYN114    AAXX  15001 30875 12999 20000 11371 21395 4040/ 52008 69902 80002 333 21370 48025 55027 555 51274 53002 7993/;
0154308750999992000011506004+51580+118470FM-12+069899999V0209999C000012200019N0500001N1-02871-03181103641ADDAY171061AY211061GA1001+999999999GF100991001001999999001001MD1810131+9999MW1011REMSYN064    AAXX  15061 30875 41999 00000 11287 21318 40364 58013 70171;
0195308750999992000011512004+51580+118470FM-12+069899999V0209999C000012200019N0200001N1-03281-03511104021ADDAA112001091GA1001+999999999GF100991001001999999001001KA1120M+99999MD1210091+9999REMSYN084    AAXX  15121 30875 12998 00000 11328 21351 40402 52009 69992 333 11883 555 53002;EQDQ01 -08832ATMX  
0126308750999992000011518004+51580+118470FM-12+069899999V0209999C000012200019N0200001N1-03701-03911104351ADDGA1001+999999999GF100991001001999999001001MD1210081+9999REMSYN058    AAXX  15181 30875 42998 00000 11370 21391 40435 52008;
0264308750999992000011600004+51580+118470FM-12+069899999V0209999C000012200019N0020001N1-03901-04161104491ADDAA199000091AJ100259199999999AY101061AY201061GA1001+999999999GF100991001001999999001001IA1249KA1120N-04001MD1219999+9999MW1401REMSYN108    AAXX  16001 30875 31920 00000 1139/ 21416 40449 52//2 74000 333 21400 48025 55565 555 51327 53001 7990/;EQDQ01  00002PRCP99
0126308750999992000011606004+51580+118470FM-12+069899999V0209999C000012200019N0500001N1-02931-03311103791ADDGA1001+999999999GF100991001001999999001001MD1710191+9999REMSYN058    AAXX  16061 30875 42999 00000 11293 21331 40379 57019;
0179308750999992000011612004+51580+118470FM-12+069899999V0209999C000012200019N0200001N1-03421-03641103991ADDAA199000091GF102991001001999999001021KA1120M-02931MD1310061+9999REMSYN084    AAXX  16121 30875 32998 20000 11342 21364 40399 53006 80002 333 11293 555 53000;EQDQ01  00002PRCP99
0116308750999992000011618004+51580+118470FM-12+069899999V0209999C000019999999N0200001N1-03481-03701103911ADDGF108991001001999999001081MD1710041+9999REMSYN064    AAXX  16181 30875 42998 80000 11348 21370 40391 57004 80008;
0234308750999992000011700004+51580+118470FM-12+069899999V0209999C000019999999N0500001N1-03601-03841103851ADDAA199000091AJ100259199999999GF105991001001999999001081GJ103969IA1249KA1120N-03681MD1710041+9999REMSYN108    AAXX  17001 30875 32999 50000 11360 21384 40385 57004 80008 333 21368 48025 55066 555 51353 53002 7000/;EQDQ01  00002PRCP99
0116308750999992000011706004+51580+118470FM-12+069899999V0209999C000019999999N0500001N1-02871-03251103371ADDGF106991001001999999001021MD1810161+9999REMSYN064    AAXX  17061 30875 42999 60000 11287 21325 40337 58016 80002;
0179308750999992000011712004+51580+118470FM-12+069899999V0209999C000019999999N0200001N1-03231-03461103601ADDAA199000091GF106991001001999999001011KA1120M-02871MD1210021+9999REMSYN084    AAXX  17121 30875 32998 60000 11323 21346 40360 52002 80001 333 11287 555 53002;EQDQ01  00002PRCP99
0249308750999992000011800004+51580+118470FM-12+069899999V0209999C000019999999N0500001N1-03621-03841103811ADDAA112000191AJ100259199999999AY171061AY221061GF108991031001999999011021GJ103609IA1249KA1120N-03801MD1410001+9999MW1021REMSYN120    AAXX  18001 30875 11999 80000 11362 21384 40381 54000 69922 70272 83012 333 21380 48025 55060 555 51333 53000 7992/;
0144308750999992000011806004+51580+118470FM-12+069899999V0209999C000019999999N0060001N1-02841-03151103411ADDAY171061AY221061GF108991051001999999011071MD1810131+9999MW1711REMSYN070    AAXX  18061 30875 41956 80000 11284 21315 40341 58013 77172 85017;
0194308750999992000011812004+51580+118470FM-12+069899999V0209999C000012200019N0100001N1-03121-03361103601ADDAA112000591AY171061AY221061GF104991041001999999071071KA1120M-02831MD1310061+9999MW1711REMSYN096    AAXX  18121 30875 11997 40000 11312 21336 40360 53006 69942 77172 84077 333 11283 555 53000;
0144308750999992000011818004+51580+118470FM-12+069899999V0209999C000019999999N0200001N1-03611-03841103751ADDAY171061AY221061GF106991001001999999001081MD1710021+9999MW1021REMSYN070    AAXX  18181 30875 41998 60000 11361 21384 40375 57002 70272 80008;
0259308750999992000011900004+51580+118470FM-12+069899999V0209999C000012200019N0008001N1-03971-04161104111ADDAA112000791AJ100259199999999AY141061AY211061GA1001+999999999GF100991001001999999001001GJ101149IA1249KA1120N-04101MD1210121+9999MW1441REMSYN114    AAXX  19001 30875 11908 00000 11397 21416 40411 52012 69902 74441 333 21410 48025 55019 555 51331 53000 7994/;
0167308750999992000011906004+51580+118470FM-12+069899999V0209999C000012200019N0500001N1-02901-03351103661ADDAY141061AY201061GA1001+999999999GF100991001001999999001001MD1810071+9999REMSYN064    AAXX  19061 30875 41999 00000 11290 21335 40366 58007 79240;EQDQ01+000922PRSWM1
0189308750999992000011912004+51580+118470FM-12+069899999V0209999C010012200019N0200001N1-03521-03801104151ADDAA199000091GA1001+999999999GF100991001001999999001001KA1120M-02901MD1210151+9999REMSYN078    AAXX  19121 30875 31998 00010 11352 21380 40415 52015 333 11290 555 53002;EQDQ01  00002PRCP99
0122308750999992000011918004+51580+118470FM-12+069899999V0209999C000012200019N0200001N1-03831-04091104401ADDGA1001+999999999GF100991001001999999001001MD1210041+9999REMSYN054AAXX  19181 30875 42998 00000 11383 21409 40440 52004;
0268308750999992000012000004+51580+118470FM-12+069899999V0209999C000012200019N0005001N1-04171-04431104671ADDAA199000091AJ100259199999999AY141061AY201061GA1001+999999999GF100991001001999999001001GJ104209IA1249KA1120N-04201MD1210081+9999MW1441REMSYN104AAXX  20001 30875 31905 00000 11417 21443 40467 52008 74440 333 21420 48025 55070 555 51348 53003 7000/;EQDQ01  00002PRCP99
0140308750999992000012006004+51580+118470FM-12+069899999V0209999C000012200019N0500001N1-03181-03541104101ADDAY141061AY201061GF101991001001999999001011MD1810121+9999MW1021REMSYN066AAXX  20061 30875 41999 10000 11318 21354 40410 58012 70240 80001;
0175308750999992000012012004+51580+118470FM-12+069899999V0209999C000019999999N0200001N1-03081-03381103921ADDAA199000091GF106991041001999999071051KA1120M-03061MD1710071+9999REMSYN080AAXX  20121 30875 32998 60000 11308 21338 40392 57007 84075 333 11306 555 53002;EQDQ01  00002PRCP99
0122308750999992000012018004+51580+118470FM-12+069899999V0209999C000012200019N0200001N1-03261-03481103951ADDGA1001+999999999GF100991001001999999001001MD1810051+9999REMSYN054AAXX  20181 30875 42998 00000 11326 21348 40395 58005;
0230308750999992000012100004+51580+118470FM-12+069899999V0209999C000012200019N0500001N1-03521-03741104221ADDAA199000091AJ100259199999999GF104991041001999999041001GJ104149IA1249KA1120N-03551MD1810011+9999REMSYN104AAXX  21001 30875 32999 40000 11352 21374 40422 58001 84040 333 21355 48025 55069 555 51358 53000 7000/;EQDQ01  00002PRCP99
0122308750999992000012106004+51580+118470FM-12+069899999V0209999C000012200019N0500001N1-02671-03051103771ADDGA1001+999999999GF100991001001999999001001MD1810101+9999REMSYN054AAXX  21061 30875 42999 00000 11267 21305 40377 58010;
0185308750999992000012112004+51580+118470FM-12+069899999V0209999C000012200019N0200001N1-03121-03361104171ADDAA199000091GA1001+999999999GF100991001001999999001001KA1120M-02671MD1210161+9999REMSYN074AAXX  21121 30875 32998 00000 11312 21336 40417 52016 333 11267 555 53001;EQDQ01  00002PRCP99
0122308750999992000012118004+51580+118470FM-12+069899999V0209999C000012200019N0200001N1-03501-03741104341ADDGA1001+999999999GF100991001001999999001001MD1810021+9999REMSYN054AAXX  21181 30875 42998 00000 11350 21374 40434 58002;
0255308750999992000012200004+51580+118470FM-12+069899999V0209999C000012200019N0019001N1-03951-04221104591ADDAA199000091AJ100259199999999AY101061AY201061GA1001+999999999GF100991001001999999001001GJ104269IA1249MD1310081+9999MW1421REMSYN104AAXX  22001 30875 31919 00000 11395 21422 40459 53008 74200 333 31397 48025 55071 555 51314 53002 7000/;EQDQ01  00002PRCP99
0112308750999992000012206004+51580+118470FM-12+069899999V0209999C000012200019N0500001N1-02881-03251104161ADDGF101991001001999999001011MD1810021+9999REMSYN060AAXX  22061 30875 42999 10000 11288 21325 40416 58002 80001;
0185308750999992000012212004+51580+118470FM-12+069899999V0209999C000012200019N0200001N1-03321-03561104611ADDAA199000091GA1001+999999999GF100991001001999999001001KA1120M-02761MD1210131+9999REMSYN074AAXX  22121 30875 32998 00000 11332 21356 40461 52013 333 11276 555 53002;EQDQ01  00002PRCP99
0284308750999992000012300004+51580+118470FM-12+069899999V0209999C000012200019N9999999N1-04171-04431105371ADDAA199000091AJ100259199999999AY141061AY201061GA1001+999999999GF100991001001999999001001GJ104269IA1249KA1120N-04351MD1310091+9999MW1461REMSYN104AAXX  23001 30875 31998 00000 11417 21443 40537 53009 74640 333 21435 48025 55071 555 51338 53000 7000/;EQDQ01+200002VODIS Q02  00002PRCP99
0150308750999992000012306004+51580+118470FM-12+069899999V0209999C000012200019N0500001N1-03031-03341104701ADDAY141061AY201061GA1001+999999999GF100991001001999999001001MD1810191+9999MW1021REMSYN060AAXX  23061 30875 41999 00000 11303 21334 40470 58019 70240;
0150308750999992000012318004+51580+118470FM-12+069899999V0209999C000012200019N0040001N1-03931-04221105231ADDAY101061AY201061GA1001+999999999GF100991001001999999001001MD1310061+9999MW1401REMSYN060AAXX  23181 30875 41996 00000 11393 21422 40523 53006 74000;
0268308750999992000012400004+51580+118470FM-12+069899999V0209999C000012200019N0008001N1-04071-04321105511ADDAA199000091AJ100259199999999AY141061AY201061GA1001+999999999GF100991001001999999001001GJ104269IA1249KA1120N-04201MD1210131+9999MW1441REMSYN104AAXX  24001 30875 31908 00000 11407 21432 40551 52013 74440 333 21420 48025 55071 555 51362 53003 7000/;EQDQ01  00002PRCP99
0150308750999992000012406004+51580+118470FM-12+069899999V0209999C000012200019N0500001N1-02871-03331104941ADDAY141061AY201061GA1001+999999999GF100991001001999999001001MD1810111+9999MW1021REMSYN060AAXX  24061 30875 41999 00000 11287 21333 40494 58011 70240;
0197308750999992000012411004+51580+118470FM-12+069899999V0209999C000012200019N0200001N1-03161-03451104781ADDAA199000091GA1001+999999999GF100991001001999999001001KA1120M+99999MD1710161+9999REMSYN070AAXX  24111 30875 3/998 00000 11316 21345 40478 57016 333 11387 53004;EQDQ01  00002PRCP99Q02 -03872ATMX  
0203308750999992000012412004+51580+118470FM-12+069899999V02099999999992200019N0200001N1-03161-03451104781ADDAA199000091GA1001+999999999GF100991001001999999001001IA1019KA1120M+99999MD1710161+9999REMSYN070AAXX  24121 30875 32998 0/000 11316 21345 40478 57016 333 11387 3004/;EQDQ01  00002PRCP99Q02 -03872ATMX  
0112308750999992000012418004+51580+118470FM-12+069899999V0209999C000012200019N0200001N1-03141+99999104421ADDGF102991001001999999001021MD1710051+9999REMSYN060AAXX  24181 30875 42998 20000 11314 23442 40442 57005 80002;
0240308750999992000012500004+51580+118470FM-12+069899999V0209999C000012200019N0500001N1-03401-03611104851ADDAA199000091AJ100259199999999GA1001+999999999GF100991001001999999001001GJ104329IA1249KA1120N-03411MD1210181+9999REMSYN098AAXX  25001 30875 32999 00000 11340 21361 40485 52018 333 21341 48025 55072 555 51356 53003 7000/;EQDQ01  00002PRCP99
0122308750999992000012506004+51580+118470FM-12+069899999V0209999C000012200019N0500001N1-01901-02481104531ADDGA1001+999999999GF100991001001999999001001MD1410001+9999REMSYN054AAXX  25061 30875 42999 00000 11190 21248 40453 54000;
0185308750999992000012512004+51580+118470FM-12+069899999V0209999C000012200019N0200001N1-02471-02711104851ADDAA199000091GA1001+999999999GF100991001001999999001001KA1120M-01701MD1210051+9999REMSYN074AAXX  25121 30875 32998 00000 11247 21271 40485 52005 333 11170 555 53003;EQDQ01  00002PRCP99
0240308750999992000012600004+51580+118470FM-12+069899999V0209999C000012200019N0500001N1-03241-03481105391ADDAA199000091AJ100259199999999GA1001+999999999GF100991001001999999001001GJ104389IA1249KA1120N-03311MD1210041+9999REMSYN098AAXX  26001 30875 32999 00000 11324 21348 40539 52004 333 21331 48025 55073 555 51277 53002 7000/;EQDQ01  00002PRCP99
0122308750999992000012606004+51580+118470FM-12+069899999V0209999C000012200019N0500001N1-02071-02401104541ADDGA1001+999999999GF100991001001999999001001MD1710231+9999REMSYN054AAXX  26061 30875 42999 00000 11207 21240 40454 57023;
0185308750999992000012612004+51580+118470FM-12+069899999V0209999C000012200019N0200001N1-02761-02991999999ADDAA199000091GA1001+999999999GF100991001001999999001001KA1120M-02021MD1710011+9999REMSYN074AAXX  26121 30875 32998 00000 11276 21299 44158 57001 333 11202 555 53002;EQDQ01  00002PRCP99
0122308750999992000012618004+51580+118470FM-12+069899999V0209999C000012200019N0200001N1-02901-03131104301ADDGA1001+999999999GF100991001001999999001001MD1710101+9999REMSYN054AAXX  26181 30875 42998 00000 11290 21313 40430 57010;
0240308750999992000012700004+51580+118470FM-12+069899999V0209999C000012200019N0500001N1-03281-03511104161ADDAA199000091AJ100259199999999GA1001+999999999GF100991001001999999001001GJ104449IA1249KA1120N-03331MD1710111+9999REMSYN098AAXX  27001 30875 32999 00000 11328 21351 40416 57011 333 21333 48025 55074 555 51273 53003 7000/;EQDQ01  00002PRCP99
0122308750999992000012706004+51580+118470FM-12+069899999V0209999C000012200019N0500001N1-02191-02591103261ADDGA1001+999999999GF100991001001999999001001MD1710251+9999REMSYN054AAXX  27061 30875 42999 00000 11219 21259 40326 57025;
0185308750999992000012712004+51580+118470FM-12+069899999V0209999C000012200019N0200001N1-02391-02641103221ADDAA199000091GA1001+999999999GF100991001001999999001001KA1120M-01781MD1310021+9999REMSYN074AAXX  27121 30875 32998 00000 11239 21264 40322 53002 333 11178 555 53001;EQDQ01  00002PRCP99
0122308750999992000012718004+51580+118470FM-12+069899999V0209999C000012200019N0200001N1-02671-02851103371ADDGA1001+999999999GF100991001001999999001001MD1310041+9999REMSYN054AAXX  27181 30875 42998 00000 11267 21285 40337 53004;
0230308750999992000012800004+51580+118470FM-12+069899999V0209999C000019999999N0500001N1-03211-03451103711ADDAA199000091AJ100259199999999GF108991001001999999001011GJ104509IA1249KA1120N-03311MD1310121+9999REMSYN104AAXX  28001 30875 32999 80000 11321 21345 40371 53012 80001 333 21331 48025 55075 555 51271 53007 7000/;EQDQ01  00002PRCP99
0112308750999992000012806004+51580+118470FM-12+069899999V0209999C000019999999N0500001N1-02181-02581103491ADDGF105991001001999999001021MD1210041+9999REMSYN060AAXX  28061 30875 42999 50000 11218 21258 40349 52004 80002;
0150308750999992000012818004+51580+118470FM-12+069899999V0209999C000012200019N0200001N1-02741-02911104341ADDAY171061AY211061GA1001+999999999GF100991001001999999001001MD1210131+9999MW1011REMSYN060AAXX  28181 30875 41998 00000 11274 21291 40434 52013 70171;
0217308750999992000012900004+51580+118470FM-12+069899999V0209999C000012200019N0500001N1-03211-03431104791ADDAA112000191AJ100259199999999GF102991011001999999041021GJ104269IA1249KA1120N-03411MD1210141+9999REMSYN110AAXX  29001 30875 12999 20000 11321 21343 40479 52014 69922 81042 333 21341 48025 55071 555 51266 53003 7999/;
0106308750999992000012906004+51580+118470FM-12+069899999V0200701N001019999999N0500001N1-02011-02421104471ADDGF105991999999999999999999MD1810021+9999REMSYN054AAXX  29061 30875 42999 50701 11201 21242 40447 58002;
0122308750999992000012918004+51580+118470FM-12+069899999V0209999C000012200019N0200001N1-03481-03781105441ADDGA1001+999999999GF100991001001999999001001MD1210031+9999REMSYN054AAXX  29181 30875 42998 00000 11348 21378 40544 52003;
0268308750999992000013000004+51580+118470FM-12+069899999V0209999C000012200019N0080001N1-03771-03991105561ADDAA199000091AJ100259199999999AY101061AY201061GA1001+999999999GF100991001001999999001001GJ104509IA1249KA1120N-03901MD1210021+9999MW1401REMSYN104AAXX  30001 30875 31958 00000 11377 21399 40556 52002 74000 333 21390 48025 55075 555 51260 53001 7000/;EQDQ01  00002PRCP99
0122308750999992000013006004+51580+118470FM-12+069899999V0209999C000012200019N0500001N1-02571-03031105221ADDGA1001+999999999GF100991001001999999001001MD1810071+9999REMSYN054AAXX  30061 30875 42999 00000 11257 21303 40522 58007;
0185308750999992000013012004+51580+118470FM-12+069899999V0209999C000012200019N0200001N1-02941-03241105421ADDAA199000091GA1001+999999999GF100991001001999999001001KA1120M-02481MD1210011+9999REMSYN074AAXX  30121 30875 32598 00000 11294 21324 40542 52001 333 11248 555 53003;EQDQ01  00002PRCP99
0122308750999992000013018004+51580+118470FM-12+069899999V0209999C000012200019N0200001N1-03041-03271105391ADDGA1001+999999999GF100991001001999999001001MD1710011+9999REMSYN054AAXX  30181 30875 42998 00000 11304 21327 40539 57001;
0240308750999992000013100004+51580+118470FM-12+069899999V0202101N001012200019N0500001N1-03161-03381105341ADDAA199000091AJ100259199999999GA1001+999999999GF100991001001999999001001GJ104629IA1249KA1120N-03321MD1710031+9999REMSYN098AAXX  31001 30875 32999 02101 11316 21338 40534 57003 333 21332 48025 55077 555 51316 53002 7000/;EQDQ01  00002PRCP99
0122308750999992000013106004+51580+118470FM-12+069899999V0209999C000012200019N0500001N1-02071-02561104471ADDGA1001+999999999GF100991001001999999001001MD1710271+9999REMSYN054AAXX  31061 30875 42999 00000 11207 21256 40447 57027;
0174308750999992000013112004+51580+118470FM-12+069899999V0202201N005012200019N0200001N1-01751-02251999999ADDAA199000091GA1001+999999999GF100991001001999999001001KA1120M-01731ME1430039REMSYN068AAXX  31121 30875 32998 02205 11175 21225 47003 333 11173 555 53007;EQDQ01  00002PRCP99
0122308750999992000013118004+51580+118470FM-12+069899999V0202101N006012200019N0200001N1-01981-02311103971ADDGA1001+999999999GF100991001001999999001001MD1710161+9999REMSYN054AAXX  31181 30875 42998 02106 11198 21231 40397 57016;
0240308750999992000020100004+51580+118470FM-12+069899999V0209999C000012200019N0500001N1-02861-03101104151ADDAA199000091AJ100259199999999GA1001+999999999GF100991001001999999001001GJ104629IA1249KA1120N-02951MD1710031+9999REMSYN098AAXX  01001 30875 32999 00000 11286 21310 40415 57003 333 21295 48025 55077 555 51261 53009 7000/;EQDQ01  00002PRCP99
0122308750999992000020106004+51580+118470FM-12+069899999V0209999C000012200019N0500001N1-01901-02311103241ADDGA1001+999999999GF100991001001999999001001MD1710251+9999REMSYN054AAXX  01061 30875 42999 00000 11190 21231 40324 57025;
0185308750999992000020112004+51580+118470FM-12+069899999V0209999C000012200019N0200001N1-02191-02501103141ADDAA199000091GA1001+999999999GF100991001001999999001001KA1120M-01341MD1710021+9999REMSYN074AAXX  01121 30875 32998 00000 11219 21250 40314 57002 333 11134 555 53006;EQDQ01  00002PRCP99
0122308750999992000020118004+51580+118470FM-12+069899999V0209999C000012200019N0200001N1-02781-03031103311ADDGA1001+999999999GF100991001001999999001001MD1710061+9999REMSYN054AAXX  01181 30875 42998 00000 11278 21303 40331 57006;
0240308750999992000020200004+51580+118470FM-12+069899999V0209999C000012200019N0500001N1-03011-03251103411ADDAA199000091AJ100259199999999GA1001+999999999GF100991001001999999001001GJ104809IA1249KA1120N-03011MD1310031+9999REMSYN098AAXX  02001 30875 32999 00000 11301 21325 40341 53003 333 21301 48025 55080 555 51230 53004 7000/;EQDQ01  00002PRCP99
0122308750999992000020206004+51580+118470FM-12+069899999V0209999C000012200019N0500001N1-02021-02431102841ADDGA1001+999999999GF100991001001999999001001MD1810161+9999REMSYN054AAXX  02061 30875 42999 00000 11202 21243 40284 58016;
0185308750999992000020212004+51580+118470FM-12+069899999V0209999C000012200019N0200001N1-02281-02681102911ADDAA199000091GA1001+999999999GF100991001001999999001001KA1120M-01571MD1310061+9999REMSYN074AAXX  02121 30875 32998 00000 11228 21268 40291 53006 333 11157 555 53006;EQDQ01  00002PRCP99
0122308750999992000020218004+51580+118470FM-12+069899999V0209999C000012200019N0200001N1-02841-03081103181ADDGA1001+999999999GF100991001001999999001001MD1410001+9999REMSYN054AAXX  02181 30875 42998 00000 11284 21308 40318 54/00;
0230308750999992000020300004+51580+118470FM-12+069899999V0209999C000012200019N0500001N1-03101-03341103421ADDAA199000091AJ102489199999999GF102991001001999999001021GJ104869IA1259KA1120N-03161MD1210081+9999REMSYN104AAXX  03001 30875 32999 20000 11310 21334 40342 52008 80002 333 21316 48025 55081 555 41248 53003 7000/;EQDQ01  00002PRCP99
0112308750999992000020306004+51580+118470FM-12+069899999V0209999C000012200019N0500001N1-02021-02431102971ADDGF102991001001999999001021MD1810091+9999REMSYN060AAXX  03061 30875 42999 20000 11202 21243 40297 58009 80002;
0185308750999992000020312004+51580+118470FM-12+069899999V0209999C000012200019N0200001N1-02521-02841103321ADDAA199000091GA1001+999999999GF100991001001999999001001KA1120M-02541MD1219999+9999REMSYN074AAXX  03121 30875 32998 00000 11252 21284 40332 52/09 333 11254 555 53003;EQDQ01  00002PRCP99
0122308750999992000020318004+51580+118470FM-12+069899999V0209999C000012200019N0200001N1-03001-03231103621ADDGA1001+999999999GF100991001001999999001001MD1210041+9999REMSYN054AAXX  03181 30875 42998 00000 11300 21323 40362 52004;
0230308750999992000020400004+51580+118470FM-12+069899999V0209999C000012200019N0500001N1-03301-03531103731ADDAA199000091AJ100259199999999GF102991021001999999041001GJ104869IA1249KA1120N-03461MD1310041+9999REMSYN104AAXX  04001 30875 32999 20000 11330 21353 40373 53004 82040 333 21346 48025 55081 555 51259 53004 7000/;EQDQ01  00002PRCP99
0122308750999992000020406004+51580+118470FM-12+069899999V0209999C000012200019N0500001N1-02191-02591103141ADDGA1001+999999999GF100991001001999999001001MD1710111+9999REMSYN054AAXX  04061 30875 42999 00000 11219 21259 40314 57011;
0185308750999992000020412004+51580+118470FM-12+069899999V0209999C000012200019N0200001N1-02641-02881103431ADDAA199000091GA1001+999999999GF100991001001999999001001KA1120M-01961MD1310131+9999REMSYN074AAXX  04121 30875 32998 00000 11264 21288 40343 53013 333 11196 555 53002;EQDQ01  00002PRCP99
0122308750999992000020418004+51580+118470FM-12+069899999V0209999C000012200019N0200001N1-03191-03431103691ADDGA1001+999999999GF100991001001999999001001MD1810021+9999REMSYN054AAXX  04181 30875 42998 00000 11319 21343 40369 58002;
0240308750999992000020500004+51580+118470FM-12+069899999V0209999C000012200019N0500001N1-03601-03841103911ADDAA199000091AJ100259199999999GA1001+999999999GF100991001001999999001001GJ104809IA1249KA1120N-03651MD1310061+9999REMSYN098AAXX  05001 30875 32999 00000 11360 21384 40391 53006 333 21365 48025 55080 555 51274 53003 7000/;EQDQ01  00002PRCP99
0112308750999992000020506004+51580+118470FM-12+069899999V0209999C000012200019N0500001N1-02231-02711103151ADDGF102991001001999999001011MD1710161+9999REMSYN060AAXX  05061 30875 42999 20000 11223 21271 40315 57016 80001;
0175308750999992000020512004+51580+118470FM-12+069899999V0209999C000012200019N0200001N1-02731-02981103291ADDAA199000091GF101991001001999999001011KA1120M-02091MD1310011+9999REMSYN080AAXX  05121 30875 32998 10000 11273 21298 40329 53001 80001 333 11209 555 53001;EQDQ01  00002PRCP99
0140308750999992000020518004+51580+118470FM-12+069899999V0209999C000019999999N0100001N1-02881-03121103311ADDAY171061AY211061GF108991001001999999001071MD1610011+9999MW1711REMSYN066AAXX  05181 30875 41997 80000 11288 21312 40331 56001 77171 80007;
0245308750999992000020600004+51580+118470FM-12+069899999V0209999C000019999999N0170001N1-03141-03361103411ADDAA112000391AJ100259199999999AY171061AY271061GF107991071001999999071001GJ104629IA1249KA1120N-03211MD1310031+9999MW1711REMSYN116AAXX  06001 30875 11967 70000 11314 21336 40341 53003 69932 77177 87070 333 21321 48025 55077 555 51290 53000 7993/;
0140308750999992000020606004+51580+118470FM-12+069899999V0209999C000012200019N0500001N1-02281-02681103001ADDAY171061AY211061GF103991001001999999001021MD1810131+9999MW1021REMSYN066AAXX  06061 30875 41999 30000 11228 21268 40300 58013 70271 80002;
0190308750999992000020612004+51580+118470FM-12+069899999V0209999C000012200019N0200001N1+99999+99999103311ADDAA112000791AY171061AY201061GF103991031001999999041001KA1120M-01901MD1210111+9999MW1021REMSYN092AAXX  06121 30875 11998 30000 18/72 21296 40331 52011 69902 70270 83040 333 11190 555 53002;
0140308750999992000020618004+51580+118470FM-12+069899999V0209999C000019999999N0008001N1-03081-03321103551ADDAY171061AY211061GF108991001001999999001071MD1210151+9999MW1711REMSYN066AAXX  06181 30875 42/08 80000 11308 21332 40355 52015 77171 80007;
0255308750999992000020700004+51580+118470FM-12+069899999V0209999C000012200019N0500001N1-03551-03771103921ADDAA112000191AJ100259199999999AY171061AY211061GA1001+999999999GF100991001001999999001001GJ104689IA1249KA1120N-03651MD1210111+9999MW1021REMSYN110AAXX  07001 30875 11999 00000 11355 21377 40392 52011 69922 70271 333 21365 48025 55078 555 51273 53000 7992/;
0122308750999992000020706004+51580+118470FM-12+069899999V0209999C000012200019N0500001N1-02331-02891103401ADDGA1001+999999999GF100991001001999999001001MD1810051+9999REMSYN054AAXX  07061 30875 42999 00000 11233 21289 40340 58005;
0179308750999992000020712004+51580+118470FM-12+069899999V0202101N003012200019N0200001N1-02281+99999103391ADDAA199000091GA1001+999999999GF100991001001999999001001KA1120M-01861MD1810021+9999REMSYN068AAXX  07121 30875 32998 02103 11228 40339 58002 333 11186 555 53005;EQDQ01  00002PRCP99
0122308750999992000020718004+51580+118470FM-12+069899999V0209999C000012200019N0200001N1-03201-03501103651ADDGA1001+999999999GF100991001001999999001001MD1410001+9999REMSYN054AAXX  07181 30875 42998 00000 11320 21350 40365 54000;
0246308750999992000020800004+51580+118470FM-12+069899999V0209999C000012200019N0500001N1-03401-03611103591ADDAA199000091AJ100259199999999GF103991001001999999001061GJ104989IA1249KA1120N-03471MD1710051+9999REMSYN104AAXX  08001 30875 32999 30000 11340 21361 40359 57005 88006 333 21347 48025 55083 555 51287 53004 70)0/;EQDQ01+000082SCOTLCQ02  00002PRCP99
0112308750999992000020806004+51580+118470FM-12+069899999V0209999C000019999999N0500001N1-02091-02571102691ADDGF108991041001999999041021MD1710191+9999REMSYN060AAXX  08061 30875 42999 80000 11209 21257 40269 57019 84042;
0185308750999992000020812004+51580+118470FM-12+069899999V0209999C000012200019N0200001N1-02491-02881102911ADDAA199000091GA1001+999999999GF100991001001999999001001KA1120M-01681MD1310111+9999REMSYN074AAXX  08121 30875 32998 00000 11249 21288 40291 53011 333 11168 555 53003;EQDQ01  00002PRCP99
0122308750999992000020818004+51580+118470FM-12+069899999V0209999C000012200019N0200001N1-03481+99999103141ADDGA1001+999999999GF100991001001999999001001MD1310071+9999REMSYN054AAXX  08181 30875 42998 00000 11348 21/32 40314 53007;
0230308750999992000020900004+51580+118470FM-12+069899999V0209999C000012200019N0500001N1-03361-03591103191ADDAA199000091AJ100259199999999GF101991011001999999041001GJ104269IA1249KA1120N-03371MD1310051+9999REMSYN104AAXX  09001 30875 32999 10000 11336 21359 40319 53005 81040 333 21337 48025 55071 555 51277 53003 7000/;EQDQ01  00002PRCP99
0188308750999992000020912004+51580+118470FM-12+069899999V0209999C000012200019N0200001N1-02431-02751102421ADDAA199000091GA1001+999999999GF100991001001999999001001KA1120M-01631MD1310011+9999REMSYN077AAXX  09121 30875 32998 00000 11243 21275 40242 53001 333 11163 555 53000 /-;EQDQ01  00002PRCP99
0240308750999992000021000004+51580+118470FM-12+069899999V0209999C000012200019N0500001N1-03381-03611102791ADDAA199000091AJ100259199999999GA1001+999999999GF100991001001999999001001GJ105049IA1249KA1120N-03501MD1310041+9999REMSYN098AAXX  10001 30875 32999 00000 11338 21361 40279 53004 333 21350 48025 55084 555 51267 53003 7000/;EQDQ01  00002PRCP99
0122308750999992000021006004+51580+118470FM-12+069899999V0209999C000012200019N0500001N1-02161-02641102191ADDGA1001+999999999GF100991001001999999001001MD1810191+9999REMSYN054AAXX  10061 30875 42999 00000 11216 21264 40219 58019;
0185308750999992000021012004+51580+118470FM-12+069899999V0209999C000012200019N0200001N1-02491-02811102291ADDAA199000091GA1001+999999999GF100991001001999999001001KA1120M-01751MD1310061+9999REMSYN074AAXX  10121 30875 32998 00000 11249 21281 40229 53006 333 11175 555 53001;EQDQ01  00002PRCP99
0122308750999992000021018004+51580+118470FM-12+069899999V0209999C000012200019N0200001N1-03101-03341102441ADDGA1001+999999999GF100991001001999999001001MD1710061+9999REMSYN054AAXX  10181 30875 42998 00000 11310 21334 40244 57006;
0240308750999992000021100004+51580+118470FM-12+069899999V0209999C000012200019N0500001N1-03361-03591102521ADDAA199000091AJ100259199999999GA1001+999999999GF100991001001999999001001GJ105109IA1249KA1120N-03651MD1310041+9999REMSYN098AAXX  11001 30875 32999 00000 11336 21359 40252 53004 333 21365 48025 55085 555 51277 53001 7000/;EQDQ01  00002PRCP99
0112308750999992000021106004+51580+118470FM-12+069899999V0209999C000012200019N0500001N1-02081-02561102181ADDGF102991011001999999041021MD1210041+9999REMSYN060AAXX  11061 30875 42999 20000 11208 21256 40218 52004 81042;
0185308750999992000021112004+51580+118470FM-12+069899999V0202001N002012200019N0200001N1-01981-02561102551ADDAA199000091GA1001+999999999GF100991001001999999001001KA1120M-01561MD1210221+9999REMSYN074AAXX  11121 30875 32998 02002 11198 21256 40255 52022 333 11156 555 53005;EQDQ01  00002PRCP99
0122308750999992000021118004+51580+118470FM-12+069899999V0209999C000012200019N0200001N1-03231-03521103231ADDGA1001+999999999GF100991001001999999001001MD1210071+9999REMSYN054AAXX  11181 30875 42998 00000 11323 21352 40323 52007;
0240308750999992000021200004+51580+118470FM-12+069899999V0209999C000012200019N0500001N1-03481-03771103391ADDAA199000091AJ100259199999999GA1001+999999999GF100991001001999999001001GJ104929IA1249KA1120N-03601MD1210031+9999REMSYN098AAXX  12001 30875 32999 00000 11348 21377 40339 52003 333 21360 48025 55082 555 51266 53004 7000/;EQDQ01  00002PRCP99
0122308750999992000021206004+51580+118470FM-12+069899999V0209999C000012200019N0500001N1-02151-02631102781ADDGA1001+999999999GF100991001001999999001001MD1810081+9999REMSYN054AAXX  12061 30875 42999 00000 11215 21263 40278 58008;
0185308750999992000021212004+51580+118470FM-12+069899999V0209999C000012200019N0200001N1-02681-03151103101ADDAA199000091GA1001+999999999GF100991001001999999001001KA1120M-01541MD1310111+9999REMSYN074AAXX  12121 30875 32998 00000 11268 21315 40310 53011 333 11154 555 53003;EQDQ01  00002PRCP99
0122308750999992000021218004+51580+118470FM-12+069899999V0209999C000012200019N0200001N1-03201-03501103371ADDGA1001+999999999GF100991001001999999001001MD1210011+9999REMSYN054AAXX  12181 30875 42998 00000 11320 21350 40337 52001;
0230308750999992000021300004+51580+118470FM-12+069899999V0209999C000012200019N0500001N1-03621-03901103611ADDAA199000091AJ100259199999999GF101991001001999999001011GJ105229IA1249KA1120N-03631MD1310061+9999REMSYN104AAXX  13001 30875 32999 10000 11362 21390 40361 53006 80001 333 21363 48025 55087 555 51275 53002 7000/;EQDQ01  00002PRCP99
0112308750999992000021306004+51580+118470FM-12+069899999V0209999C000012200019N0500001N1-02081-02651102871ADDGF101991001001999999001021MD1810141+9999REMSYN060AAXX  13061 30875 42999 10000 11208 21265 40287 58014 80002;
0185308750999992000021312004+51580+118470FM-12+069899999V0202001N002012200019N0500001N1-02111-02681102761ADDAA199000091GA1001+999999999GF100991001001999999001001KA1120M-01921MD1710021+9999REMSYN074AAXX  13121 30875 32999 02002 11211 21268 40276 57002 333 11192 555 53003;EQDQ01  00002PRCP99
0122308750999992000021318004+51580+118470FM-12+069899999V0209999C000012200019N0200001N1-03201-03501103151ADDGA1001+999999999GF100991001001999999001001MD1810071+9999REMSYN054AAXX  13181 30875 42998 00000 11320 21350 40315 58007;
0112308750999992000021406004+51580+118470FM-12+069899999V0202201N001012200019N0500001N1-01701-02391102461ADDGF102991021001999999041001MD1810151+9999REMSYN060AAXX  14061 30875 42999 22201 11170 21239 40246 58015 82040;
0185308750999992000021412004+51580+118470FM-12+069899999V0201901N002012200019N0200001N1-02651+99999102641ADDAA199000091GA1001+999999999GF100991001001999999001001KA1120M-01491MD1310061+9999REMSYN074AAXX  14121 30875 32998 01902 11265 21262 40264 53006 333 11149 555 53007;EQDQ01  00002PRCP99
0122308750999992000021418004+51580+118470FM-12+069899999V0202001N002012200019N0200001N1-02211-02691102631ADDGA1001+999999999GF100991001001999999001001MD1710051+9999REMSYN054AAXX  14181 30875 42998 02002 11221 21269 40263 57005;
0112308750999992000021506004+51580+118470FM-12+069899999V0203401N004012200019N0500001N1-01421-02241102301ADDGF104991001001999999001011MD1810091+9999REMSYN060AAXX  15061 30875 42999 43404 11142 21224 40230 58009 80001;
0185308750999992000021512004+51580+118470FM-12+069899999V0202001N001012200019N0200001N1-01501-02681102541ADDAA199000091GA1001+999999999GF100991001001999999001001KA1120M-01311MD1210051+9999REMSYN074AAXX  15121 30875 32998 02001 11150 21268 40254 52005 333 11131 555 53007;EQDQ01  00002PRCP99
0122308750999992000021518004+51580+118470FM-12+069899999V0209999C000012200019N0200001N1-02921-03291102981ADDGA1001+999999999GF100991001001999999001001MD1310051+9999REMSYN054AAXX  15181 30875 42998 00000 11292 21329 40298 53005;
0240308750999992000021600004+51580+118470FM-12+069899999V0209999C000012200019N0500001N1-03261-03551103221ADDAA199000091AJ100259199999999GA1001+999999999GF100991001001999999001001GJ105409IA1249KA1120N-03411MD1210071+9999REMSYN098AAXX  16001 30875 32999 00000 11326 21355 40322 52007 333 21341 48025 55090 555 51205 53005 7000/;EQDQ01  00002PRCP99
0122308750999992000021606004+51580+118470FM-12+069899999V0203101N001012200019N0500001N1-01312-02251102301ADDGA1001+999999999GF100991001001999999001001MD1810141+9999REMSYN054AAXX  16061 30875 42999 03101 11131 21225 40230 58014;
0201308750999992000021612004+51580+118470FM-12+069899999V0209999C000012200019N0200001N1-01871-02651999999ADDAA199000091GA1001+999999999GF100991001001999999001001KA1120M-01041MD1310181+9999REMSYN074AAXX  16121 30875 32998 00000 11187 21265 4049/ 53018 333 11104 555 53005;EQDQ01+104903APOSLPQ02  00002PRCP99
0112308750999992000021618004+51580+118470FM-12+069899999V0209999C000012200019N0200001N1-02961-03261103281ADDGF102991011001999999041021MD1210101+9999REMSYN060AAXX  16181 30875 42998 20000 11296 21326 40328 52010 81042;
0230308750999992000021700004+51580+118470FM-12+069899999V0209999C000019999999N0500001N1-03101-03341103531ADDAA199000091AJ100259199999999GF106991061001999999031001GJ105409IA1249KA1120N-03231MD1210081+9999REMSYN104AAXX  17001 30875 32999 60000 11310 21334 40353 52008 86030 333 21323 48025 55090 555 51235 53003 7000/;EQDQ01  00002PRCP99
0122308750999992000021706004+51580+118470FM-12+069899999V0209999C000012200019N0500001N1-01731-02321102881ADDGA1001+999999999GF100991001001999999001001MD1810111+9999REMSYN054AAXX  17061 30875 42999 00000 11173 21232 40288 58011;
0122308750999992000021718004+51580+118470FM-12+069899999V0202201N001012200019N0200001N1-02931-03171103551ADDGA1001+999999999GF100991001001999999001001MD1310051+9999REMSYN054AAXX  17181 30875 42998 02201 11293 21317 40355 53005;
0249308750999992000022200004+51580+118470FM-12+069899999V0209999C000019999999N0500001N1-03181-03411103041ADDAA124000091AJ100259199999999GF106991031001999999071051GJ105649IA1249KA1120N-03211MD1310051+9999REMSYN107AAXX  22001 30875 32999 60000 11318 21341 40304 53005 83075 333 21321 48025 55094 555 51248 53003 7000/ /-;EQDQ01  00002PRCP99Q02  00003PRCP99
0140308750999992000022206004+51580+118470FM-12+069899999V0201901N004019999999N0500001N1-01372-01891102281ADDAY171061AY221061GF108991001001999999001071MD1810081+9999MW1021REMSYN066AAXX  22061 30875 41999 81904 11137 21189 40228 58008 70272 80007;
0172308750999992000022212004+51580+118470FM-12+069899999V0202101N001012200019N0200001N1-01741-02431102491ADDAA112000791GA1001+999999999GF100991001001999999001001KA1120M-01281MD1210021+9999REMSYN080AAXX  22121 30875 12998 02101 11174 21243 40249 52002 69902 333 11128 555 53007;
0122308750999992000022218004+51580+118470FM-12+069899999V0209999C000012200019N0200001N1-03021-03321103081ADDGA1001+999999999GF100991001001999999001001MD1210071+9999REMSYN054AAXX  22181 30875 42998 00000 11302 21332 40308 52007;
0240308750999992000022300004+51580+118470FM-12+069899999V0209999C000012200019N0500001N1-03431-03711103321ADDAA199000091AJ100259199999999GA1001+999999999GF100991001001999999001001GJ102649IA1249KA1120N-03461MD1210041+9999REMSYN098AAXX  23001 30875 32999 00000 11343 21371 40332 52004 333 21346 48025 55044 555 51226 53003 7990/;EQDQ01  00002PRCP99
0122308750999992000022306004+51580+118470FM-12+069899999V0209999C000012200019N0500001N1-01482-02291102611ADDGA1001+999999999GF100991001001999999001001MD1810061+9999REMSYN054AAXX  23061 30875 42999 00000 11148 21229 40261 58006;
0185308750999992000022312004+51580+118470FM-12+069899999V0209999C000012200019N0200001N1-02531-03171103121ADDAA199000091GA1001+999999999GF100991001001999999001001KA1120M-01171MD1310111+9999REMSYN074AAXX  23121 30875 32998 00000 11253 21317 40312 53011 333 11117 555 53005;EQDQ01  00002PRCP99
0122308750999992000022318004+51580+118470FM-12+069899999V0209999C000012200019N0200001N1-03041-03341103391ADDGA1001+999999999GF100991001001999999001001MD1210031+9999REMSYN054AAXX  23181 30875 42998 00000 11304 21334 40339 52003;
0240308750999992000022400004+51580+118470FM-12+069899999V0209999C000012200019N0500001N1-03401-03681103511ADDAA199000091AJ100259199999999GA1001+999999999GF100991001001999999001001GJ105709IA1249KA1120N-03501MD1810031+9999REMSYN098AAXX  24001 30875 32999 00000 11340 21368 40351 58003 333 21350 48025 55095 555 51253 53003 7000/;EQDQ01  00002PRCP99
0112308750999992000022406004+51580+118470FM-12+069899999V0202101N003019999999N0500001N1-01662-02251102501ADDGF108991001001999999001081MD1810211+9999REMSYN060AAXX  24061 30875 42999 82103 11166 21225 40250 58021 80008;
0175308750999992000022412004+51580+118470FM-12+069899999V0209999C000012200019N0200001N1-01961-02371102541ADDAA199000091GF104991001001999999001081KA1120M-01311MD1710041+9999REMSYN080AAXX  24121 30875 32998 40000 11196 21237 40254 57004 80008 333 11131 555 53005;EQDQ01  00002PRCP99
0122308750999992000022418004+51580+118470FM-12+069899999V0209999C000012200019N0200001N1-02681-02931102561ADDGA1001+999999999GF100991001001999999001001MD1710071+9999REMSYN054AAXX  24181 30875 42998 00000 11268 21293 40256 57007;
0245308750999992000022500004+51580+118470FM-12+069899999V0209999C000019999999N0048001N1-02501-02771999999ADDAA112000591AJ100259199999999AY171061AY211061GF108991081001999999021999GJ104029IA1249KA1120N-02911MD1710041+9999MW1711REMSYN116AAXX  25001 30875 11948 80000 1125/ 21277 4/224 57004 69962 77171 8802/ 333 21291 48025 55067 555 51)52 53002 7996/;
0140308750999992000022506004+51580+118470FM-12+069899999V0209999C000019999999N0040001N1-01481-01821101871ADDAY171061AY271061GF108991081001999999011999MD1810011+9999MW1711REMSYN066AAXX  25061 30875 41940 80000 11148 21182 40187 58001 77177 8801/;
0200308750999992000022512004+51580+118470FM-12+069899999V0202101N002012200019N0200001N1-01621-01811102051ADDAA112001091AY171061AY211061GA1001+999999999GF100991001001999999001001KA1120M-01181MD1210081+9999MW1011REMSYN086AAXX  25121 30875 11998 02102 11162 21181 40205 52008 60012 70171 333 11118 555 52003;
0112308750999992000022518004+51580+118470FM-12+069899999V0209999C000012200019N0200001N1-02911-03091102571ADDGF102991001001999999001021MD1810021+9999REMSYN060AAXX  25181 30875 42998 20000 11291 21309 40257 58002 80002;
0140308750999992000022606004+51580+118470FM-12+069899999V0209999C000019999999N0500001N1-01851-02181102071ADDAY171061AY221061GF108991001001999999071999MD1810041+9999MW1021REMSYN066AAXX  26061 30875 41999 80000 11185 21218 40207 58004 70272 8007/;
0162308750999992000022612004+51580+118470FM-12+069899999V0209999C000012200019N0200001N1-02171-02421102621ADDAA112000791GF102991021001001501041001KA1120M-01511MD1210331+9999REMSYN086AAXX  26121 30875 11298 20000 11217 21242 40262 52033 69902 82040 333 11151 555 53002;
0122308750999992000022618004+51580+118470FM-12+069899999V0209999C000012200019N0200001N1-03111-03341103521ADDGA1001+999999999GF100991001001999999001001MD1210301+9999REMSYN054AAXX  26181 30875 42998 00000 11311 21334 40352 52030;
0240308750999992000022700004+51580+118470FM-12+069899999V0209999C000012200019N0500001N1-03451-03691103931ADDAA199000091AJ100279199999999GA1001+999999999GF100991001001999999001001GJ104389IA1249KA1120N-03651MD1210161+9999REMSYN098AAXX  27001 30875 32999 00000 11345 21369 40393 52016 333 21365 48027 55073 555 51247 53002 7990/;EQDQ01  00002PRCP99
0122308750999992000022706004+51580+118470FM-12+069899999V0209999C000012200019N0500001N1-01422-02131103161ADDGA1001+999999999GF100991001001999999001001MD1810061+9999REMSYN054AAXX  27061 30875 42999 00000 11142 21213 40316 58006;
0152308750999992000022712004+51580+118470FM-12+069899999V0202001N001012200019N0200001N1-02011-02681103471ADDAA199000091GA1001+999999999GF100991001001999999001001MD1210071+9999REMSYN054AAXX  27121 30875 32998 02001 11201 21268 40347 52007;EQDQ01  00002PRCP99
0230308750999992000022800004+51580+118470FM-12+069899999V0209999C000019999999N0500001N1-02601-02911103111ADDAA199000091AJ100279199999999GF108991081001999999011999GJ105769IA1249KA1120N-03061MD1710231+9999REMSYN104AAXX  28001 30875 32999 80000 11260 21291 40311 57023 8801/ 333 21306 48027 55096 555 51255 53006 7000/;EQDQ01  00002PRCP99
0112308750999992000022806004+51580+118470FM-12+069899999V0209999C000012200019N0500001N1-01071-01701102161ADDGF103991001001999999001021MD1710171+9999REMSYN060AAXX  28061 30875 42999 30000 11107 21170 40216 57017 80002;
0185308750999992000022812004+51580+118470FM-12+069899999V0209999C000012200019N0200001N1-01611-02031102471ADDAA199000091GA1001+999999999GF100991001001999999001001KA1120M-00691MD1310141+9999REMSYN074AAXX  28121 30875 32998 00000 11161 21203 40247 53014 333 11069 555 53003;EQDQ01  00002PRCP99
0122308750999992000022818004+51580+118470FM-12+069899999V0209999C000012200019N0200001N1-02141-02391102671ADDGA1001+999999999GF100991001001999999001001MD1710041+9999REMSYN054AAXX  28181 30875 42998 00000 11214 21239 40267 57004;
0230308750999992000022900004+51580+118470FM-12+069899999V0209999C000019999999N0500001N1-02241-02421102521ADDAA199000091AJ100279199999999GF106991001001999999001081GJ104029IA1249KA1120N-02611MD1710041+9999REMSYN104AAXX  29001 30875 32999 60000 11224 21242 40252 57004 80008 333 21261 48027 55067 555 51212 53005 7000/;EQDQ01  00002PRCP99
0112308750999992000022906004+51580+118470FM-12+069899999V0209999C000019999999N0500001N1-01071-01601101671ADDGF106991001001999999001011MD1710261+9999REMSYN060AAXX  29061 30875 42999 60000 11107 21160 40167 57026 80001;
0185308750999992000022912004+51580+118470FM-12+069899999V0202201N006012200019N0200001N1-00911-01461101621ADDAA199000091GA1001+999999999GF100991001001999999001001KA1120M-00191MD1310031+9999REMSYN074AAXX  29121 30875 32998 02206 11091 21146 40162 53003 333 11019 555 53007;EQDQ01  00002PRCP99
0240308750999992000030100004+51580+118470FM-12+069899999V0202401N001012200019N0500001N1-01561-02161102611ADDAA199000091AJ100279199999999GA1001+999999999GF100991001001999999001001GJ105709IA1249KA1120N-01701MD1210201+9999REMSYN098AAXX  01001 30875 32999 02401 11156 21216 40261 52020 333 21170 48027 55095 555 51157 53009 7000/;EQDQ01  00002PRCP99
0112308750999992000030106004+51580+118470FM-12+069899999V0209999C000012200019N0500001N1-00341-01471102241ADDGF101991001001999999001021MD1810071+9999REMSYN060AAXX  01061 30875 42999 10000 11034 21147 40224 58007 80002;
0175308750999992000030112004+51580+118470FM-12+069899999V0202101N001012200019N0200001N1-01191-01911102361ADDAA199000091GF102991001001999999001021KA1120M-00211MD1710041+9999REMSYN080AAXX  01121 30875 32998 22101 11119 21191 40236 57004 80002 333 11021 555 53005;EQDQ01  00002PRCP99
0122308750999992000030118004+51580+118470FM-12+069899999V0209999C000012200019N0200001N1-01921-02181102441ADDGA1001+999999999GF100991001001999999001001MD1710131+9999REMSYN054AAXX  01181 30875 42998 00000 11192 21218 40244 57013;
0230308750999992000030200004+51580+118470FM-12+069899999V0209999C000019999999N0500001N1-02241-02421102201ADDAA199000091AJ100279199999999GF108991001001999999001021GJ105769IA1249KA1120N-02261MD1710161+9999REMSYN104AAXX  02001 30875 32999 80000 11224 21242 40220 57016 80002 333 21226 48027 55096 555 51094 53006 7000/;EQDQ01  00002PRCP99
0175308750999992000030212004+51580+118470FM-12+069899999V0209999C000012200019N0200001N1-01111-01641100871ADDAA199000091GF102991021001999999041001KA1120M-00521MD1410001+9999REMSYN080AAXX  02121 30875 32998 20000 11111 21164 40087 54000 82040 333 11052 555 53006;EQDQ01  00002PRCP99
0122308750999992000030218004+51580+118470FM-12+069899999V0209999C000012200019N0200001N1-02121-02301101281ADDGA1001+999999999GF100991001001999999001001MD1210041+9999REMSYN054AAXX  02181 30875 42998 00000 11212 21230 40128 52004;
0230308750999992000030300004+51580+118470FM-12+069899999V0209999C000019999999N0500001N1-02021-02211101351ADDAA199000091AJ100279199999999GF108991081001999999011999GJ104989IA1249KA1120N-02261MD1310111+9999REMSYN104AAXX  03001 30875 32999 80000 11202 21221 40135 53011 8801/ 333 21226 48027 55083 555 51149 53007 7000/;EQDQ01  00002PRCP99
0140308750999992000030306004+51580+118470FM-12+069899999V0203101N006012200019N0500001N1-00451-01011100971ADDAY181061AY211061GF103991031091008001001001MD1210061+9999MW1201REMSYN066AAXX  03061 30875 41599 33106 11045 21101 40097 52006 72081 83900;
0190308750999992000030312004+51580+118470FM-12+069899999V0202701N008010075019N0020001N1-00821-01391101141ADDAA112000791AY111061AY211061GF107991051091008001051001KA1120M-00391MD1310071+9999MW1861REMSYN092AAXX  03121 30875 11595 72708 11082 21139 40114 53007 69902 78611 85950 333 11039 555 53013;
0140308750999992000030318004+51580+118470FM-12+069899999V0202501N001019999999N0200001N1-01401-02111101441ADDAY181061AY231061GF108991001001999999001021MD1110011+9999MW1031REMSYN066AAXX  03181 30875 41998 82501 11140 21211 40144 51001 70383 80002;
0217308750999992000030400004+51580+118470FM-12+069899999V0202101N003012200019N0500001N1-01811-02491101911ADDAA112000591AJ100279199999999GF102991001001999999001011GJ103369IA1249KA1120N-01831MD1210221+9999REMSYN110AAXX  04001 30875 12999 22103 11181 21249 40191 52022 69962 80001 333 21183 48027 55056 555 51132 53016 7996/;
0112308750999992000030406004+51580+118470FM-12+069899999V0202701N001012200019N0500001N1-00951-02021101551ADDGF102991001001999999001011MD1810111+9999REMSYN060AAXX  04061 30875 42999 22701 11095 21202 40155 58011 80001;
0175308750999992000030412004+51580+118470FM-12+069899999V0202001N003012200019N0200001N1-01351-02171101411ADDAA199000091GF103991021001999999041021KA1120M-00891MD1710111+9999REMSYN080AAXX  04121 30875 32998 32003 11135 21217 40141 57011 82042 333 11089 555 53006;EQDQ01  00002PRCP99
0140308750999992000030418004+51580+118470FM-12+069899999V0209999C000019999999N0100001N1-01091-01291100741ADDAY171061AY211061GF108991081001999999011999MD1710211+9999MW1711REMSYN066AAXX  04181 30875 41997 80000 11109 21129 40074 57021 77171 8801/;
0245308750999992000030500004+51580+118470FM-12+069899999V0202701N003019999999N0500001N1-01271-01991100821ADDAA112000591AJ100279199999999AY171061AY221061GF108991061001999999011081GJ105949IA1249KA1120N-01411MD1310071+9999MW1021REMSYN116AAXX  05001 30875 11999 82703 11127 21199 40082 53007 69942 70272 86018 333 21141 48027 55099 555 51138 53006 7994/;
0145308750999992000030506004+51580+118470FM-12+069899999V0200301N008019999999N0040001N1-01261-01461101171ADDAA199000021AY171061AY231061GF107991999999999999999999MD1210181+9999MW1711REMSYN060AAXX  05061 30875 31940 70308 11126 21146 40117 52018 77173;
0190308750999992000030512004+51580+118470FM-12+069899999V0203401N004019999999N0100001N1-01461-02271101971ADDAA112000891AY171061AY231061GF108991041001999999011081KA1120M-01161MD1210371+9999MW1361REMSYN092AAXX  05121 30875 11997 83404 11146 21227 40197 52037 69972 73673 84018 333 11116 555 53012;
0150308750999992000030518004+51580+118470FM-12+069899999V0209999C000012200019N0200001N1-02061-02731102411ADDAY171061AY211061GA1001+999999999GF100991001001999999001001MD1210121+9999MW1021REMSYN060AAXX  05181 30875 41998 00000 11206 21273 40241 52012 70271;
0230308750999992000030600004+51580+118470FM-12+069899999V0209999C000012200019N0500001N1-02161-02731102751ADDAA199000091AJ100269199999999GF101991001001999999001021GJ100009IA1249KA1120N-02251MD1210191+9999REMSYN104AAXX  06001 30875 32999 10000 11216 21273 40275 52019 80002 333 21225 48026 55000 555 51128 53008 7997/;EQDQ01  00002PRCP99
0112308750999992000030606004+51580+118470FM-12+069899999V0203501N005012200019N0500001N1-01481-02291102651ADDGF102991001001999999001011MD1110011+9999REMSYN060AAXX  06061 30875 42999 23505 11148 21229 40265 51001 80001;
0169308750999992000030612004+51580+118470FM-12+069899999V0201201N001012200019N0200001N1-01921-02701102951ADDAA199000091GF102991999999999999999999KA1120M-01411MD1210071+9999REMSYN074AAXX  06121 30875 32998 21201 11192 21270 40295 52007 333 11141 555 53005;EQDQ01  00002PRCP99
0122308750999992000030618004+51580+118470FM-12+069899999V0209999C000012200019N0200001N1-02721-03261103071ADDGA1001+999999999GF100991001001999999001001MD1710111+9999REMSYN054AAXX  06181 30875 42998 00000 11272 21326 40307 57011;
0230308750999992000030700004+51580+118470FM-12+069899999V0209999C000012200019N0500001N1-03091-03451103001ADDAA199000091AJ100269199999999GF104991001001999999001021GJ106249IA1249KA1120N-03211MD1710041+9999REMSYN104AAXX  07001 30875 32999 40000 11309 21345 40300 57004 80002 333 21321 48026 55104 555 51186 53004 7000/;EQDQ01  00002PRCP99
0134308750999992000030706004+51580+118470FM-12+069899999V0209999C000012200019N0500001N1-01212-02161102001ADDAY101061AY221061GF102991999999012501999999MD1710141+9999MW1111REMSYN060AAXX  07061 30875 42699 20000 11121 21216 40200 57014 71102;
0259308750999992000030800004+51580+118470FM-12+069899999V0209999C000012200019N0500001N1-03061-03291103311ADDAA124000091AJ100269199999999GA1001+999999999GF100991001001999999001001GJ104869IA1249KA1120N-03211MD1210131+9999REMSYN101AAXX  08001 30875 32999 00000 11306 21329 40331 52013 333 21321 48026 55081 555 51211 53004 7000/ /-;EQDQ01  00002PRCP99Q02  00003PRCP99
0112308750999992000030806004+51580+118470FM-12+069899999V0209999C000012200019N0500001N1-01092-02051102341ADDGF101991011011012501001001MD1710181+9999REMSYN060AAXX  08061 30875 42699 10000 11109 21205 40234 57018 81100;
0175308750999992000030812004+51580+118470FM-12+069899999V0209999C000012200019N0200001N1-01371-02081102311ADDAA199000091GF102991001001999999001021KA1120M-00841MD1710051+9999REMSYN080AAXX  08121 30875 32998 20000 11137 21208 40231 57005 80002 333 11084 555 53003;EQDQ01  00002PRCP99
0122308750999992000030818004+51580+118470FM-12+069899999V0209999C000012200019N0200001N1-02101-02431102651ADDGA1001+999999999GF100991001001999999001001MD1210021+9999REMSYN054AAXX  08181 30875 42998 00000 11210 21243 40265 52002;
0230308750999992000030900004+51580+118470FM-12+069899999V0209999C000012200019N0500001N1-02691-02861103101ADDAA199000091AJ100269199999999GF101991001001999999001011GJ106189IA1249KA1120N-02811MD1210151+9999REMSYN104AAXX  09001 30875 32999 10000 11269 21286 40310 52015 80001 333 21281 48026 55103 555 51200 53004 7000/;EQDQ01  00002PRCP99
0112308750999992000030906004+51580+118470FM-12+069899999V0202701N001012200019N0500001N1-00572-01401102221ADDGF102991021011012501001021MD1810181+9999REMSYN060AAXX  09061 30875 42699 22701 11057 21140 40222 58018 82102;
0175308750999992000030912004+51580+118470FM-12+069899999V0202001N004012200019N0200001N1-00861-01851102051ADDAA199000091GF102991001001999999001021KA1120M-00341MD1710091+9999REMSYN080AAXX  09121 30875 32998 22004 11086 21185 40205 57009 80002 333 11034 555 53006;EQDQ01  00002PRCP99
0122308750999992000030918004+51580+118470FM-12+069899999V0209999C000012200019N0200001N1-01581-02181102031ADDGA1001+999999999GF100991001001999999001001MD1710071+9999REMSYN054AAXX  09181 30875 42998 00000 11158 21218 40203 57007;
0230308750999992000031000004+51580+118470FM-12+069899999V0202001N002012200019N0500001N1-02041-02231102271ADDAA199000091AJ100269199999999GF102991021001999999041001GJ105949IA1249KA1120N-02301MD1310071+9999REMSYN104AAXX  10001 30875 32999 22002 11204 21223 40227 53007 82040 333 21230 48026 55099 555 51159 53008 7000/;EQDQ01  00002PRCP99
0112308750999992000031006004+51580+118470FM-12+069899999V0203401N005012200019N0500001N1-00391-01501101751ADDGF103991031011012501001001MD1810031+9999REMSYN060AAXX  10061 30875 42699 33405 11039 21150 40175 58003 83100;
0131308750999992000031018004+51580+118470FM-12+069899999V0209999C000019999999N0200001N1-01781-01971999999ADDGF105991051001999999011001MD1210031+9999REMSYN060AAXX  10181 30875 42998 50000 11178 21197 40394 52003 85010;EQDQ01 103943APOSLP
0230308750999992000031100004+51580+118470FM-12+069899999V0209999C000012200019N0500001N1-02241-02421102491ADDAA199000091AJ100269199999999GF101991001001999999001011GJ106249IA1249KA1120N-02351MD1310011+9999REMSYN104AAXX  11001 30875 32999 10000 11224 21242 40249 53001 80001 333 21235 48026 55104 555 51114 53003 7000/;EQDQ01  00002PRCP99
0122308750999992000031106004+51580+118470FM-12+069899999V0209999C000012200019N0500001N1-00352-01551101671ADDGA1001+999999999GF100991001001999999001001MD1710101+9999REMSYN054AAXX  11061 30875 42999 00000 11035 21155 40167 57010;
0185308750999992000031112004+51580+118470FM-12+069899999V0209999C000012200019N0200001N1-00851-01911101911ADDAA199000091GA1001+999999999GF100991001001999999001001KA1120M-00321MD1310071+9999REMSYN074AAXX  11121 30875 32998 00000 11085 21191 40191 53007 333 11032 555 53008;EQDQ01  00002PRCP99
0122308750999992000031118004+51580+118470FM-12+069899999V0209999C000012200019N0200001N1-01961-02541102491ADDGA1001+999999999GF100991001001999999001001MD1210091+9999REMSYN054AAXX  11181 30875 42998 00000 11196 21254 40249 52009;
0230308750999992000031200004+51580+118470FM-12+069899999V0209999C000012200019N0500001N1-02431-02681102851ADDAA199000091AJ100269199999999GF101991001001999999001011GJ106549IA1249KA1120N-02611MD1210111+9999REMSYN104AAXX  12001 30875 32999 10000 11243 21268 40285 52011 80001 333 21261 48026 55109 555 51131 53003 7000/;EQDQ01  00002PRCP99
0122308750999992000031206004+51580+118470FM-12+069899999V0209999C000012200019N0500001N1-00462-01511102021ADDGA1001+999999999GF100991001001999999001001MD1710091+9999REMSYN054AAXX  12061 30875 42999 00000 11046 21151 40202 57009;
0185308750999992000031212004+51580+118470FM-12+069899999V0209999C000012200019N0200001N1-01071-01911102471ADDAA199000091GA1001+999999999GF100991001001999999001001KA1120M-00261MD1310221+9999REMSYN074AAXX  12121 30875 32998 00000 11107 21191 40247 53022 333 11026 555 53006;EQDQ01  00002PRCP99
0122308750999992000031218004+51580+118470FM-12+069899999V0209999C000012200019N0200001N1-02301-02551103101ADDGA1001+999999999GF100991001001999999001001MD1210061+9999REMSYN054AAXX  12181 30875 42998 00000 1123/ 21255 40310 52006;
0240308750999992000031300004+51580+118470FM-12+069899999V0209999C000012200019N0500001N1-02541-02721103341ADDAA199000091AJ100269199999999GA1001+999999999GF100991001001999999001001GJ106429IA1249KA1120N-02721MD1510061+9999REMSYN098AAXX  13001 30875 32999 00000 11254 21272 40334 55006 333 21272 48026 55107 555 51145 53003 7000/;EQDQ01  00002PRCP99
0122308750999992000031306004+51580+118470FM-12+069899999V0209999C000012200019N0500001N1-00472-01401102441ADDGA1001+999999999GF100991001001999999001001MD1710121+9999REMSYN054AAXX  13061 30875 42999 00000 11047 21140 40244 57012;
0122308750999992000031318004+51580+118470FM-12+069899999V0209999C000012200019N0200001N1-01911-02241102841ADDGA1001+999999999GF100991001001999999001001MD1810081+9999REMSYN054AAXX  13181 30875 42998 00000 11191 21224 40284 58008;
0249308750999992000031400004+51580+118470FM-12+069899999V0209999C000012200019N0500001N1-02221-02401102871ADDAA124000091AJ100269199999999GF102991001001999999001011GJ106549IA1249KA1120N-02371MD1710051+9999REMSYN107AAXX  14001 30875 32999 20000 11222 21240 40287 57005 80001 333 21237 48026 55109 555 51158 53004 7000/ /-;EQDQ01  00002PRCP99Q02  00003PRCP99
0112308750999992000031406004+51580+118470FM-12+069899999V0209999C000010750019N0500001N1-00611-01201101891ADDGF105991021041012501001021MD1710261+9999REMSYN060AAXX  14061 30875 42699 50000 11061 21120 40189 57026 82402;
0169308750999992000031412004+51580+118470FM-12+069899999V0202101N002012200019N0200001N1-00541-01351101811ADDAA199000091GF102991001001999999001021KA1120M-00141MD1310061+9999REMSYN074AAXX  14121 30875 32998 22102 11054 21135 40181 53006 80002 333 11014 995;EQDQ01  00002PRCP99
0147308750999992000031418004+51580+118470FM-12+069899999V0209999C000019999999N0200001N1+99999+99999102922ADDGF105991001001999999001081MD1310822+9999REMSYN060AAXX  14181 30875 42998 50000 11166 21885 40292 53082 80008;EQDQ01+102923APOSLPQ02+000822APC3  
0230308750999992000031500004+51580+118470FM-12+069899999V0209999C000019999999N0500001N1-01861-01981102291ADDAA199000091AJ100269199999999GF105991001001999999001021GJ105949IA1249KA1120N-02061MD1410001+9999REMSYN104AAXX  15001 30875 32999 50000 11186 21198 40229 54000 80002 333 21206 48026 55099 555 51136 53004 7000/;EQDQ01  00002PRCP99
0112308750999992000031506004+51580+118470FM-12+069899999V0209999C000012200019N0500001N1-00271-01061101531ADDGF108991011011012501001011MD1710131+9999REMSYN060AAXX  15061 30875 42699 80000 11027 21106 40153 57013 81101;
0175308750999992000031512004+51580+118470FM-12+069899999V0209999C000010300019N0200001N1-00631-00861101571ADDAA199000091GF107991031091012501051001KA1120M-00031MD1410001+9999REMSYN080AAXX  15121 30875 32698 70000 11063 21086 40157 54000 83950 333 11003 555 53002;EQDQ01  00002PRCP99
0150308750999992000031518004+51580+118470FM-12+069899999V0209999C000012200019N0005001N1-01641-01641101921ADDAY141061AY211061GA1001+999999999GF100991001001999999001001MD1410001+9999MW1461REMSYN060AAXX  15181 30875 41993 00000 11164 21164 40192 54000 74641;
0245308750999992000031600004+51580+118470FM-12+069899999V0209999C000019999999N0008001N1-01541-01601101711ADDAA112000791AJ100269199999999AY171061AY241061GF108991081001999999011999GJ104089IA1249KA1120N-01901MD1710061+9999MW1711REMSYN116AAXX  16001 30875 11908 80000 11154 21160 40171 57006 69902 77174 8801/ 333 21190 48026 55068 555 51115 53002 7990/;
0140308750999992000031606004+51580+118470FM-12+069899999V0209999C000019999999N0500001N1-00571-00951101011ADDAY171061AY241061GF108991041001999999071051MD1710221+9999MW1021REMSYN066AAXX  16061 30875 41999 80000 11057 21095 40101 57022 70274 84075;
0190308750999992000031612004+51580+118470FM-12+069899999V0209999C000012200019N0200001N1-00841-00991101011ADDAA112001091AY171061AY211061GF102991021001999999041001KA1120M-00351MD1710021+9999MW1011REMSYN092AAXX  16121 30875 11998 20000 11084 21099 40101 57002 69992 70171 82040 333 11035 555 53004;
0245308750999992000031700004+51580+118470FM-12+069899999V0209999C000012200019N0500001N1-01731-01791101521ADDAA112001091AJ100269199999999AY171061AY211061GF102991001001999999001021GJ102649IA1249KA1120N-01801MD1310201+9999MW1021REMSYN116AAXX  17001 30875 11999 20000 11173 21179 40152 53020 69992 70271 80002 333 21180 48026 55044 555 51117 53002 7001/;
0112308750999992000031706004+51580+118470FM-12+069899999V0200301N001012200019N0500001N1-00271-01221101251ADDGF102991021021012501001001MD1210021+9999REMSYN060AAXX  17061 30875 42699 20301 11027 21122 40125 52002 82200;
0185308750999992000031712004+51580+118470FM-12+069899999V0209999C000012200019N0200001N1-00751-01401101701ADDAA199000091GA1001+999999999GF100991001001999999001001KA1120M-00161MD1210151+9999REMSYN074AAXX  17121 30875 32998 00000 11075 21140 40170 52015 333 11016 555 53006;EQDQ01  00002PRCP99
0112308750999992000031718004+51580+118470FM-12+069899999V0209999C000019999999N0200001N1-01801-01921102371ADDGF105991001001999999001021MD1210091+9999REMSYN060AAXX  17181 30875 42998 50000 11180 21192 40237 52009 80002;
0240308750999992000031800004+51580+118470FM-12+069899999V0209999C000012200019N0500001N1-01901-02021102691ADDAA199000091AJ100269199999999GA1001+999999999GF100991001001999999001001GJ105769IA1249KA1120N-02101MD1210121+9999REMSYN098AAXX  18001 30875 32999 00000 11190 21202 40269 52012 333 21210 48026 55096 555 51106 53003 7000/;EQDQ01  00002PRCP99
0112308750999992000031806004+51580+118470FM-12+069899999V0209999C000010750019N0500001N1-00301-00971101911ADDGF106991021021012501001021MD1710111+9999REMSYN060AAXX  18061 30875 42699 60000 11030 21097 40191 57011 82202;
0175308750999992000031812004+51580+118470FM-12+069899999V0209999C000019999999N0200001N1-00561-01271102051ADDAA199000091GF105991001001999999001081KA1120M+00001MD1310201+9999REMSYN080AAXX  18121 30875 32998 50000 11056 21127 40205 53020 80008 333 10000 555 53004;EQDQ01  00002PRCP99
0122308750999992000031818004+51580+118470FM-12+069899999V0209999C000012200019N0200001N1-01881-02001102651ADDGA1001+999999999GF100991001001999999001001MD1210031+9999REMSYN054AAXX  18181 30875 42998 00000 11188 21200 40265 52003;
0230308750999992000031900004+51580+118470FM-12+069899999V0209999C000019999999N0500001N1-02151-02271102741ADDAA199000091AJ100269199999999GF108991001001999999001081GJ105709IA1249KA1120N-02321MD1310041+9999REMSYN104AAXX  19001 30875 32999 80000 11215 21227 40274 53004 80008 333 21232 48026 55095 555 51119 53002 7000/;EQDQ01  00002PRCP99
0112308750999992000031906004+51580+118470FM-12+069899999V0209999C000019999999N0500001N1-00571-01241101811ADDGF107991051001999999071051MD1710191+9999REMSYN060AAXX  19061 30875 42999 70000 11057 21124 40181 57019 85075;
0175308750999992000031912004+51580+118470FM-12+069899999V0202001N001019999999N0200001N1-00841-01481101831ADDAA199000091GF105991001001999999001041KA1120M-00291MD1310031+9999REMSYN080AAXX  19121 30875 32998 52001 11084 21148 40183 53003 80004 333 11029 555 53002;EQDQ01  00002PRCP99
0112308750999992000031918004+51580+118470FM-12+069899999V0209999C000019999999N0200001N1-01491-01701102181ADDGF108991001001999999001021MD1210021+9999REMSYN060AAXX  19181 30875 42998 80000 11149 21170 40218 52002 80002;
0259308750999992000032000004+51580+118470FM-12+069899999V0209999C000019999999N0500001N1-01671-01861102441ADDAA112000791AA224999929AJ100269199999999AY171061AY221061GF107991041001999999031071GJ105049IA1249KA1120N-01801MD1210131+9999MW1221REMSYN119AAXX  20001 30875 11999 70000 11167 21186 40244 52013 69902 72272 84037 333 21180 48026 55084 555 51133 53002 7990/ /-;
0140308750999992000032006004+51580+118470FM-12+069899999V0202401N002010750019N0180001N1-00211-00971102041ADDAY111061AY211061GF106991031091012501001021MD1410001+9999MW1851REMSYN066AAXX  20061 30875 41668 62402 11021 21097 40204 54000 78511 83902;
0200308750999992000032012004+51580+118470FM-12+069899999V0202301N002012200019N0200001N1-00701-01631102441ADDAA112000791AY181061AY211061GA1001+999999999GF100991001001999999001001KA1120M+00061MD1210201+9999MW1021REMSYN086AAXX  20121 30875 11998 02302 11070 21163 40244 52020 69902 70281 333 10006 555 53006;
0122308750999992000032018004+51580+118470FM-12+069899999V0209999C000012200019N0200001N1-01821-02061103071ADDGA1001+999999999GF100991001001999999001001MD1210061+9999REMSYN054AAXX  20181 30875 42998 00000 11182 21206 40307 52006;
0230308750999992000032100004+51580+118470FM-12+069899999V0209999C000019999999N0500001N1-02071-02261103151ADDAA199000091AJ100269199999999GF106991001001999999001081GJ105889IA1249KA1120N-02261MD1810021+9999REMSYN104AAXX  21001 30875 32999 60000 11207 21226 40315 58002 80008 333 21226 48026 55098 555 51096 53004 7990/;EQDQ01  00002PRCP99
0112308750999992000032106004+51580+118470FM-12+069899999V0209999C000019999999N0500001N1-00451-01061102191ADDGF108991081001999999011999MD1710271+9999REMSYN060AAXX  21061 30875 42999 80000 11045 21106 40219 57027 8801/;
0190308750999992000032112004+51580+118470FM-12+069899999V0209999C000019999999N0200001N1-00411-00791101881ADDAA112000591AY171061AY221061GF108991081001999999021999KA1120M-00171MD1710071+9999MW1021REMSYN092AAXX  21121 30875 11998 80000 11041 21079 40188 57007 69942 70272 8802/ 333 11017 555 53004;
0140308750999992000032118004+51580+118470FM-12+069899999V0200601N002019999999N0100001N1-00691-00851101731ADDAY171061AY221061GF108991081001999999021999MD1710121+9999MW1711REMSYN066AAXX  21181 30875 41997 80602 11069 21085 40173 57012 77172 8802/;
0245308750999992000032200004+51580+118470FM-12+069899999V02099999999999999999N0040001N1-00631-00711101271ADDAA112002091AJ100269199999999AY171061AY271061GF108991081001999999011999GJ101929IA1249KA1120N-00731MD1710051+9999MW1711REMSYN116AAXX  22001 30875 11940 84104 11063 21071 40127 57005 60022 77177 8801/ 333 21073 48026 55032 555 51124 53008 7002/;
0140308750999992000032206004+51580+118470FM-12+069899999V0200301N005019999999N0500001N1-00461-00771100901ADDAY131061AY221061GF108991081001999999021999MD1710091+9999MW1361REMSYN066AAXX  22061 30875 41999 80305 11046 21077 40090 57009 73632 8802/;
0190308750999992000032212004+51580+118470FM-12+069899999V0200401N004019999999N0200001N1-00741-01131101391ADDAA112000791AY171061AY231061GF108991081001999999011999KA1120M-00391MD1210251+9999MW1361REMSYN092AAXX  22121 30875 11998 80404 11074 21113 40139 52025 69902 73673 8801/ 333 11039 555 53013;
0140308750999992000032218004+51580+118470FM-12+069899999V0200601N003012200019N0200001N1-01031-01471101731ADDAY131061AY211061GF103991031001999999041001MD1210101+9999MW1011REMSYN066AAXX  22181 30875 41998 30603 11103 21147 40173 52010 70131 83040;
0230308750999992000032300004+51580+118470FM-12+069899999V0200301N002012200019N0500001N1-01251-01771101981ADDAA199000091AJ100229199999999GF102991001001999999001011GJ100009IA1249KA1120N-01311MD1210111+9999REMSYN104AAXX  23001 30875 32999 20302 11125 21177 40198 52011 80001 333 21131 48022 55000 555 51059 53010 7990/;EQDQ01  00002PRCP99
0131308750999992000032306004+51580+118470FM-12+069899999V0200401N002012200019N0500001N1-00541-01671101791ADDGF102991999011012501001001MD1810081+9999REMSYN060AAXX  23061 30875 42699 20402 11054 21167 40179 58008 81100;EQDQ01+000012SCOTLC
0185308750999992000032312004+51580+118470FM-12+069899999V0209999C000012200019N0200001N1-01011-01981101981ADDAA199000091GA1001+999999999GF100991001001999999001001KA1120M-00461MD1310031+9999REMSYN074AAXX  23121 30875 32998 00000 11101 21198 40198 53003 333 11046 555 53008;EQDQ01  00002PRCP99
0122308750999992000032318004+51580+118470FM-12+069899999V0209999C000012200019N0200001N1-02241-02481102381ADDGA1001+999999999GF100991001001999999001001MD1810061+9999REMSYN054AAXX  23181 30875 42998 00000 11224 21248 40238 58006;
0245308750999992000032400004+51580+118470FM-12+069899999V0209999C000019999999N0200001N1-02101-02351102331ADDAA112000791AJ100269199999999AY171061AY211061GF107991051001999999021021GJ106789IA1309KA1120N-02511MD1310021+9999MW1711REMSYN116AAXX  24001 30875 11970 70000 11210 21235 40233 53002 69902 77171 85022 333 21251 42026 55113 555 51090 53002 7990/;
0140308750999992000032406004+51580+118470FM-12+069899999V0200301N002010750019N0500001N1-00641-01461101711ADDAY171061AY211061GF106991031021012501001021MD1710051+9999MW1031REMSYN066AAXX  24061 30875 41699 60302 11064 21146 40171 57005 70371 83202;
0172308750999992000032412004+51580+118470FM-12+069899999V0209999C000012200019N0200001N1-00981-01841102081ADDAA112000791GA1001+999999999GF100991001001999999001001KA1120M-00441MD1210191+9999REMSYN080AAXX  24121 30875 31998 00000 11098 21184 40208 52019 69902 333 11044 555 53008;
0240308750999992000032500004+51580+118470FM-12+069899999V0209999C000012200019N0500001N1-02331-02581102751ADDAA199000091AJ100269199999999GA1001+999999999GF100991001001999999001001GJ106369IA1249KA1120N-02551MD1210021+9999REMSYN098AAXX  25001 30875 32999 00000 11233 21258 40275 52002 333 21255 48026 55106 555 51143 53003 7990/;EQDQ01  00002PRCP99
0112308750999992000032506004+51580+118470FM-12+069899999V0202201N003012200019N0500001N1-00312-01411101641ADDGF102991011001999999041011MD1710251+9999REMSYN060AAXX  25061 30875 42999 22203 11031 21141 40164 57025 81041;
0131308750999992000032512004+51580+118470FM-12+069899999V0202201N002012200019N0200001N1-00651-01541101441ADDGF101991001001999999001021KA1120M-00111REMSYN080AAXX  25121 30875 /2998 12202 11065 21154 40144 5/012 80002 333 11011 555 53005;
0112308750999992000032518004+51580+118470FM-12+069899999V0209999C000019999999N0200001N1-00891-01331101251ADDGF108991001001999999001071MD1710171+9999REMSYN060AAXX  25181 30875 42998 80000 11089 21133 40125 57017 80007;
0230308750999992000032600004+51580+118470FM-12+069899999V0203301N001019999999N0500001N1-00511-00831100631ADDAA199000091AJ100269199999999GF108991081001999999011999GJ106789IA1249KA1120N-00961MD1710161+9999REMSYN104AAXX  26001 30875 32999 83301 11051 21083 40063 57016 8801/ 333 21096 48026 55113 555 51143 53006 7000/;EQDQ01  00002PRCP99
0112308750999992000032606004+51580+118470FM-12+069899999V0202201N006019999999N0500001N1+00141-00671100121ADDGF106991001001999999001061MD1710161+9999REMSYN060AAXX  26061 30875 42999 62206 10014 21067 40012 57016 80006;
0191308750999992000032612004+51580+118470FM-12+069899999V0202201N005019999999N0200001N1-00171-00781100221ADDAA199000091GF105991051001999999071001KA1120M+99999MD1310081+9999REMSYN080AAXX  26121 30875 32998 52205 11017 21078 40022 53008 85070 333 11031 555 53009;EQDQ01  00002PRCP99Q02 -00312ATMX  
0259308750999992000032700004+51580+118470FM-12+069899999V0209999C000019999999N0180001N1-00231-00351100741ADDAA112002091AA224002091AJ100269199999999AY171061AY271061GF108991081001999999011999GJ102049IA1249KA1120N-00511MD1210201+9999MW1711REMSYN119AAXX  27001 30875 11968 80000 11023 21035 40074 52020 60022 77177 8801/ 333 21051 48026 55034 555 51038 53007 7002/ /-;
0140308750999992000032706004+51580+118470FM-12+069899999V0200501N004019999999N0500001N1-00051-00611101171ADDAY171061AY221061GF107991071001999999071001MD1210161+9999MW1021REMSYN066AAXX  27061 30875 41999 70504 11005 21061 40117 52016 70272 87070;
0162308750999992000032712004+51580+118470FM-12+069899999V0200701N002019999999N0200001N1-00331-01021101821ADDAA112000591GF105991001001999999001021KA1120M+00001MD1210331+9999REMSYN086AAXX  27121 30875 12998 50702 11033 21102 40182 52033 69942 80002 333 10000 555 53009;
0122308750999992000032718004+51580+118470FM-12+069899999V0209999C000012200019N0200001N1-01351-01701102531ADDGA1001+999999999GF100991001001999999001001MD1210161+9999REMSYN054AAXX  27181 30875 42998 00000 11135 21170 40253 52016;
0230308750999992000032800004+51580+118470FM-12+069899999V0209999C000012200019N0500001N1-01721-01911102981ADDAA199000091AJ100259199999999GF102991001001999999001021GJ101869IA1249KA1120N-02031MD1210141+9999REMSYN104AAXX  28001 30875 32999 20000 11172 21191 40298 52014 80002 333 21203 48025 55031 555 51026 53004 7994/;EQDQ01  00002PRCP99
0112308750999992000032806004+51580+118470FM-12+069899999V0202101N004019999999N0500001N1+00082-01051101991ADDGF106991001001999999001081MD1710271+9999REMSYN060AAXX  28061 30875 42999 62104 10008 21105 40199 57027 80008;
0175308750999992000032812004+51580+118470FM-12+069899999V0202201N004019999999N0200001N1-00111-01091101761ADDAA199000091GF108991001001999999001021KA1120M+00181MD1710091+9999REMSYN080AAXX  28121 30875 32998 82204 11011 21109 40176 57009 80002 333 10018 555 53008;EQDQ01  00002PRCP99
0112308750999992000032818004+51580+118470FM-12+069899999V0202001N008019999999N0200001N1-00191-01081101241ADDGF105991001001999999001021MD1710311+9999REMSYN060AAXX  28181 30875 42998 52008 11019 21108 40124 57031 80002;
0264308750999992000032900004+51580+118470FM-12+069899999V0202101N006019999999N0008001N1-00261-00451101001ADDAA112000791AJ100259199999999AY171061AY221061GF107991999091008001001001GJ105889IA1249KA1120N-00511MD1710071+9999MW1801REMSYN116AAXX  29001 30875 11508 72106 11026 21045 40100 57007 69902 78072 83900 333 21051 48025 55098 555 51078 53012 7990/;EQDQ01+000032SCOTLC
0140308750999992000032906004+51580+118470FM-12+069899999V0203201N008010075019N0500001N1+00151-01011100811ADDAY101061AY221061GF105991051021008001001001MD1810071+9999MW1321REMSYN066AAXX  29061 30875 41599 53208 10015 21101 40081 58007 73202 85200;
0162308750999992000032912004+51580+118470FM-12+069899999V0202401N003012200019N0200001N1-00171-01261100981ADDAA112000791GF102991021001999999041001KA1120M+00261MD1310061+9999REMSYN086AAXX  29121 30875 12998 22403 11017 21126 40098 53006 69902 82040 333 10026 555 53015;
0122308750999992000032918004+51580+118470FM-12+069899999V0202601N001012200019N0200001N1-00431-01451101091ADDGA1001+999999999GF100991001001999999001001MD1810021+9999REMSYN054AAXX  29181 30875 42998 02601 11043 21145 40109 58002;
0230308750999992000033000004+51580+118470FM-12+069899999V0202401N003012200019N0500001N1-00481-01421101121ADDAA199000091AJ100249199999999GF101991001001999999001021GJ104809IA1249KA1120N-00641MD1310021+9999REMSYN104AAXX  30001 30875 32999 12403 11048 21142 40112 53002 80002 333 21064 48024 55080 555 51010 53007 7990/;EQDQ01  00002PRCP99
0112308750999992000033006004+51580+118470FM-12+069899999V0203201N006012200019N0500001N1-00011-01061100831ADDGF104991031021012501001011MD1710101+9999REMSYN060AAXX  30061 30875 42699 43206 11001 21106 40083 57010 83201;
0190308750999992000033012004+51580+118470FM-12+069899999V0209999C000012200019N0200001N1-00341-01471101141ADDAA112000791AY181061AY201061GF101991001001999999001021KA1120M+00001MD1210171+9999MW1021REMSYN092AAXX  30121 30875 31998 10000 11034 21147 40114 52017 69902 70280 80002 333 10000 555 53014;
0112308750999992000033018004+51580+118470FM-12+069899999V0200501N001019999999N0200001N1-01161-01671101391ADDGF108991081001999999011999MD1310031+9999REMSYN060AAXX  30181 30875 42998 80501 11116 21167 40139 53003 8801/;
0245308750999992000033100004+51580+118470FM-12+069899999V0209999C000019999999N0200001N1-01031-01231101431ADDAA112000191AJ100229199999999AY171061AY221061GF108991061001999999071071GJ107389IA1249KA1120N-01351MD1310061+9999MW1711REMSYN116AAXX  31001 30875 11970 80000 11103 21123 40143 53006 69922 77172 86077 333 21135 48022 55123 555 51027 53007 7992/;
0134308750999992000033106004+51580+118470FM-12+069899999V0203001N002010075019N0060001N1+99999+99999101331ADDAY171061AY281061GF107991051091008001031001MD1210051+9999MW1851REMSYN060AAXX  31061 30875 41556 73002 21076 40133 52005 78578 85930;
0190308750999992000033112004+51580+118470FM-12+069899999V0209999C000012200019N0200001N1-00581-01011101611ADDAA112000191AY181061AY211061GF103991031091008001001001KA1120M-00151MD1210141+9999MW1021REMSYN092AAXX  31121 30875 11598 30000 11058 21101 40161 52014 69922 70281 83900 333 11015 555 53006;
0122308750999992000033118004+51580+118470FM-12+069899999V0201901N001012200019N0200001N1-01331-01461102041ADDGA1001+999999999GF100991001001999999001001MD1210031+9999REMSYN054AAXX  31181 30875 42998 01901 11133 21146 40204 52003;
0240308750999992000040100004+51580+118470FM-12+069899999V0209999C000012200019N0500001N1-01621-01751102251ADDAA199000091AJ100219199999999GA1001+999999999GF100991001001999999001001GJ102769IA1249KA1120N-01901MD1210051+9999REMSYN098AAXX  01001 30875 32999 00000 11162 21175 40225 52005 333 21190 48021 55046 555 51076 53005 7992/;EQDQ01  00002PRCP99
0175308750999992000040112004+51580+118470FM-12+069899999V0209999C000012200019N0200001N1-00491-01501101721ADDAA199000091GF102991001001999999001021KA1120M+00161MD1310051+9999REMSYN080AAXX  01121 30875 32998 20000 11049 21150 40172 53005 80002 333 10016 555 53006;EQDQ01  00002PRCP99
0112308750999992000040118004+51580+118470FM-12+069899999V0209999C000019999999N0200001N1-00511-01101101581ADDGF106991031001999999031021MD1710111+9999REMSYN060AAXX  01181 30875 42998 60000 11051 21110 40158 57011 83032;
0230308750999992000040200004+51580+118470FM-12+069899999V0201801N003012200019N0500001N1-00521-01161101401ADDAA199000091AJ100209199999999GF102991001001999999001021GJ106729IA1249KA1120N-00881MD1710031+9999REMSYN104AAXX  02001 30875 32999 21803 11052 21116 40140 57003 80002 333 21088 48020 55112 555 51084 53008 7000/;EQDQ01  00002PRCP99
0112308750999992000040218004+51580+118470FM-12+069899999V0209999C000019999999N0200001N1-00611-00811100871ADDGF105991001001999999001031MD1710161+9999REMSYN060AAXX  02181 30875 42998 50000 11061 21081 40087 57016 80003;
0230308750999992000040300004+51580+118470FM-12+069899999V0202401N001019999999N0500001N1-00451-00721100761ADDAA199000091AJ100199199999999GF108991051001999999011071GJ107209IA1249KA1120N-00731MD1710011+9999REMSYN104AAXX  03001 30875 32999 82401 11045 21072 40076 57001 85017 333 21073 48019 55120 555 51015 53005 7000/;EQDQ01  00002PRCP99
0112308750999992000040306004+51580+118470FM-12+069899999V0203201N003019999999N0500001N1+00341-00561100501ADDGF106991041031999999001021MD1810021+9999REMSYN060AAXX  03061 30875 42999 63203 10034 21056 40050 58002 84302;
0175308750999992000040312004+51580+118470FM-12+069899999V0209999C000012200019N0200001N1-00101-00891100901ADDAA199000091GF101991011051012501001001KA1120M+00411MD1210131+9999REMSYN080AAXX  03121 30875 32698 10000 11010 21089 40090 52013 81500 333 10041 555 53013;EQDQ01  00002PRCP99
0122308750999992000040318004+51580+118470FM-12+069899999V0200301N002012200019N0200001N1-00341-01091101291ADDGA1001+999999999GF100991001001999999001001MD1210121+9999REMSYN054AAXX  03181 30875 42998 00302 11034 21109 40129 52012;
0245308750999992000040400004+51580+118470FM-12+069899999V0200101N004010300019N0500001N1-00491-00981101651ADDAA124000091AJ100199199999999GF106991031051012501031001GJ103189IA1249KA1120N-00651MD1110241+9999REMSYN103AAXX  04001 30875 32699 60104 11049 21098 40165 51024 83530 333 21065 48019 55053 555 51023 53009 7000;EQDQ01  00002PRCP99Q02  00003PRCP99
0140308750999992000040406004+51580+118470FM-12+069899999V0203601N007010075019N0070001N1-00261-00741101751ADDAY171061AY221061GF107991051091008001031001MD1210041+9999MW1851REMSYN066AAXX  04061 30875 41557 73607 11026 21074 40175 52004 78572 85930;
0162308750999992000040412004+51580+118470FM-12+069899999V0200601N002012200019N0200001N1-00371-01281101811ADDAA112000791GF101991011001999999041001KA1120M-00041MD1310051+9999REMSYN086AAXX  04121 30875 12998 10602 11037 21128 40181 53005 69902 81040 333 11004 555 53010;
0122308750999992000040418004+51580+118470FM-12+069899999V0209999C000012200019N0200001N1-01441-01871102101ADDGA1001+999999999GF100991001001999999001001MD1810021+9999REMSYN054AAXX  04181 30875 42998 00000 11144 21187 40210 58002;
0112308750999992000040506004+51580+118470FM-12+069899999V0202101N004019999999N0500001N1+00231-00821100581ADDGF108991001001999999001071MD1710251+9999REMSYN060AAXX  05061 30875 42999 82104 10023 21082 40058 57025 80007;
