0141485530999992000010712004+09250+099870FM-12+000599999V0203601N000511050019N0040001N1+02401+01551100961ADDGF105991011051008001051061KA1120M+02821MD1999999-0071REMSYN076AAXX  07124 48553 22540 53601 10240 20155 40096 81556 333 10282 56/99 59007;
0173485530999992000011206004+09250+099870FM-12+000599999V0200501N001510450019N0100001N1+02841+02401100971ADDAA106000091GF106991041081008001051051MA1999999100881MD1999999-0021REMSYN076AAXX  12064 48553 32560 60503 10284 20240 30088 40097 84855 333 59002 70014;EQDQ01  00002PRCP06
0195485530999992000021106004+09250+099870FM-12+000599999V0202401N002112200019N0080001N1+03001+01951100961ADDAA199000091AY121061AY201061GF105991021011008001001061MA1999999100861MD1999999-0101MW1051REMSYN076AAXX  11064 48553 31558 52404 10300 20195 30086 40096 70520 82106 333 59010;EQDQ01  00002PRCP99
0167485530999992000022606004+09250+099870FM-12+000599999V0200801N003110450019N0100001N1+03151+02301100931ADDAA199000091GF106991031021008001041061MA1999999100831MD1999999-0061REMSYN070AAXX  26064 48553 32560 60806 10315 20230 30083 40093 83246 333 59006;EQDQ01  00002PRCP99
0167485530999992000031603004+09250+099870FM-12+000599999V0201201N002112200019N0100001N1+02871+02341101021ADDAA199000091GF104991011011008001001061MA1999999100931MD1999999-0091REMSYN070AAXX  16034 48553 32560 41204 10287 20234 30093 40102 81106 333 59009;EQDQ01  00002PRCP99
0167485530999992000031906004+09250+099870FM-12+000599999V0200401N003111050019N0100001N1+03121+02361100931ADDAA199000091GF106991021021008001041061MA1999999100831MD1999999+0031REMSYN070AAXX  19064 48553 32560 60406 10312 20236 30083 40093 82246 333 58003;EQDQ01  00002PRCP99
0214485530999992000032400004+09250+099870FM-12+000599999V0209999C000010450019N0080001N1+02571+02351100901ADDAA199000091AY121061AY221061GF107991041081008001071061KA1120N+02451MA1999999100801MD1999999+0011MW1101REMSYN082AAXX  24004 48553 31558 70000 10257 20235 30080 40090 71022 84876 333 20245 58001;EQDQ01  00002PRCP99
0195485530999992000032403004+09250+099870FM-12+000599999V0201201N003110450019N0080001N1+03091+02391101171ADDAA199000091AY121031AY221031GF107991041081008001041061MA1999999101071MD1999999+0051MW1101REMSYN076AAXX  24034 48553 31558 71206 10309 20239 30107 40117 71022 84846 333 58005;EQDQ01  00002PRCP99
0167485530999992000032409004+09250+099870FM-12+000599999V0202201N002611050019N0100001N1+03451+02371101091ADDAA199000091GF106991021021008001041061MA1999999100991MD1999999+0111REMSYN070AAXX  24094 48553 32560 62205 10345 20237 30099 40109 82246 333 58011;EQDQ01  00002PRCP99
0182485530999992000041509004+09250+099870FM-12+000599999V0201001N002610090019N0060001N1+02701+02491100631ADDAA101002091AY121031AY221031GF108991061081004501071071MA1999999100531MD1999999+0261MW1601REMSYN082AAXX  15094 48553 21456 81005 10270 20249 30053 40063 76022 86877 333 58026 60025;
0214485530999992000111200004+09250+099860FM-12+000599999V0209999C000012200019N0040001N1+02281+02161100891ADDAA199000091AY111061AY201061GF105991011011004501001061KA1120N+02181MA1999999100821MD1999999-0191MW1101REMSYN082AAXX  12004 48553 31440 50000 10228 20216 30082 40089 71010 81106 333 20218 59019;EQDQ01  00002PRCP99
