0132504250999992000010109004+50500+120070FM-12+067199999V0200701N006019999999N0120001N1-01791-02151103241ADDAY171031GF108991081001999999021999MD1710041+9999MW1701REMSYN066AAXX  01091 50425 41962 80706 11179 21215 40324 57004 77070 8802/;
0144504250999992000010121004+50500+120070FM-12+067199999V0200701N005019999999N0200001N1-01901-02211102701ADDAY171031AY271031GF108991081001999999021999MD1710191+9999MW1701REMSYN070AAXX  01211 50425 41970 80705 11190 21221 40270 57019 77077 8802/ 333;
0140504250999992000010209004+50500+120070FM-12+067199999V0209999C000019999999N0200001N1-02181-02451102661ADDAY171031AY271031GF106991001001999999001021MD1210051+9999MW1701REMSYN066AAXX  02091 50425 41970 60000 11218 21245 40266 52005 77077 80002;
0145504250999992000010221004+50500+120070FM-12+067199999V0209999C000019999999N0300001N1-03121-03401102991ADDAA124000891GF107991001001999999001021MD1210071+9999MW1701REMSYN076AAXX  02211 50425 41980 70000 11312 21340 40299 52007 77000 80002 333 70007;
0122504250999992000010309004+50500+120070FM-12+067199999V0209999C000012200019N0200001N1-03161-03441103541ADDGA1001+999999999GF100991001001999999001001MD1110111+9999REMSYN054AAXX  03091 50425 42970 00000 11316 21344 40354 51011;
0143504250999992000010321004+50500+120070FM-12+067199999V0209999C000012200019N0200001N1-03961-04251104071ADDAA124000391GA1001+999999999GF100991001001999999001001MD1210071+9999REMSYN064AAXX  03211 50425 42970 00000 11396 21425 40407 52007 333 70002;
0122504250999992000010421004+50500+120070FM-12+067199999V0209999C000012200019N0200001N1-03941-04251104251ADDGA1001+999999999GF100991001001999999001001MD1710091+9999REMSYN054AAXX  04211 50425 42970 00000 11394 21425 40425 57009;
0112504250999992000010509004+50500+120070FM-12+067199999V0202501N001019999999N0200001N1-03201-03511103851ADDGF107991001001999999001021MD1210011+9999REMSYN060AAXX  05091 50425 42970 72501 11320 21351 40385 52001 80002;
0161504250999992000010521004+50500+120070FM-12+067199999V0202701N001019999999N0200001N1-03231-03531103271ADDAA124001091AY171031AY271031GF107991001001999999001021MD1710171+9999MW1701REMSYN076AAXX  05211 50425 41970 72701 11323 21353 40327 57017 77077 80002 333 70010;
0140504250999992000010609004+50500+120070FM-12+067199999V0202701N004019999999N0150001N1-03001-03331102531ADDAY171031AY271031GF108991081001999999021999MD1710161+9999MW1701REMSYN066AAXX  06091 50425 41965 82704 1130/ 21333 40253 57016 77077 8802/;
0161504250999992000010621004+50500+120070FM-12+067199999V0209999C000019999999N0150001N1-02401-02701101571ADDAA124001591AY171031AY271031GF108991081001999999021999MD1710101+9999MW1701REMSYN076AAXX  06211 50425 41965 80000 11240 21270 40157 57010 77077 8802/ 333 70015;
0124504250999992000010709004+50500+120070FM-12+067199999V0202701N003019999999N0200001N1-01681-02061101401ADDGF108991081001999999021999MD1210071+9999MW1701REMSYN066AAXX  07091 50425 41970 82703 11168 21206 40140 52007 77000 8802/;
0161504250999992000010721004+50500+120070FM-12+067199999V0202701N002019999999N0200001N1-02181-02521101651ADDAA124001091AY171031AY271031GF107991001001999999001021MD1210071+9999MW1221REMSYN076AAXX  07211 50425 41970 72702 11218 21252 40165 52007 72277 80002 333 70010;
0112504250999992000010809004+50500+120070FM-12+067199999V0209999C000012200019N0200001N1-02481-02821102261ADDGF104991001001999999001021MD1210171+9999REMSYN060AAXX  08091 50425 42970 40000 11248 21282 40226 52017 80002;
0155504250999992000010821004+50500+120070FM-12+067199999V0209999C000012200019N0200001N1-03331-03611102641ADDAA124000191GA1001+999999999GF100991001001999999001001MD1210031+9999MW1761REMSYN070AAXX  08211 50425 41970 00000 11333 21361 40264 52003 77600 333 70001;
0132504250999992000010909004+50500+120070FM-12+067199999V0209999C000019999999N0200001N1-02781-03121102891ADDAY171031GF107991001001999999001021MD1210141+9999MW1001REMSYN066AAXX  09091 50425 41970 70000 11278 21312 40289 52014 70070 80002;
0161504250999992000010921004+50500+120070FM-12+067199999V0209999C000019999999N0300001N1-02761-03071103301ADDAA124000591AY171031AY271031GF107991001001999999001021MD1210211+9999MW1221REMSYN076AAXX  09211 50425 41980 70000 11276 21307 40330 52021 72277 80002 333 70005;
0122504250999992000011009004+50500+120070FM-12+067199999V0209999C000012200019N0150001N1-02821-03151104091ADDGA1001+999999999GF100991001001999999001001MD1210201+9999REMSYN054AAXX  10091 50425 42965 00000 11282 21315 40409 52020;
0134504250999992000011021004+50500+120070FM-12+067199999V0209999C000012200019N0200001N1-03521-03821104581ADDGA1001+999999999GF100991001001999999001001MD1210041+9999MW1761REMSYN060AAXX  10211 50425 41970 00000 11352 21382 40458 52004 77600;
0122504250999992000011109004+50500+120070FM-12+067199999V0209999C000012200019N0300001N1-03241-03551104461ADDGA1001+999999999GF100991001001999999001001MD1710021+9999REMSYN054AAXX  11091 50425 42980 00000 11324 21355 40446 57002;
0122504250999992000011121004+50500+120070FM-12+067199999V0209999C000012200019N0200001N1-03761-04071104231ADDGA1001+999999999GF100991001001999999001001MD1710081+9999REMSYN054AAXX  11211 50425 42970 00000 11376 21407 40423 57008;
0122504250999992000011209004+50500+120070FM-12+067199999V0209999C000012200019N0200001N1-03351-03681104101ADDGA1001+999999999GF100991001001999999001001MD1210071+9999REMSYN054AAXX  12091 50425 42970 00000 11335 21368 40410 52007;
0134504250999992000011221004+50500+120070FM-12+067199999V0209999C000012200019N0200001N1-03751-04051103931ADDGA1001+999999999GF100991001001999999001001MD1710061+9999MW1761REMSYN060AAXX  12211 50425 41970 00000 11375 21405 40393 57006 77600;
0112504250999992000011309004+50500+120070FM-12+067199999V0200901N001012200019N0200001N1-03191-03541103701ADDGF101991001001999999001021MD1710011+9999REMSYN060AAXX  13091 50425 42970 10901 11319 21354 40370 57001 80002;
0126504250999992000011321004+50500+120070FM-12+067199999V0209999C000012200019N0300001N1-03301-03611103421ADDGA1001+999999999GF100991001001999999001001MD1710041+9999REMSYN058    AAXX  13211 50425 42980 00000 11330 21361 40342 57004;
0144504250999992000011409004+50500+120070FM-12+067199999V0209999C000019999999N0120001N1-02621-02951103441ADDAY171031AY271031GF108991001001999999001071MD1210051+9999MW1701REMSYN070    AAXX  14091 50425 41962 80000 11262 21295 40344 52005 77077 80007;
0165504250999992000011421004+50500+120070FM-12+067199999V0209999C000019999999N0200001N1-03121-03401103641ADDAA124001091AY171031AY271031GF107991001001999999001021MD1210021+9999MW1701REMSYN080    AAXX  14211 50425 41970 70000 11312 21340 40364 52002 77077 80002 333 70009;
0126504250999992000011509004+50500+120070FM-12+067199999V0202701N001012200019N0150001N1-02891-03211103901ADDGA1001+999999999GF100991001001999999001001MD1210071+9999REMSYN058    AAXX  15091 50425 42965 02701 11289 21321 40390 52007;
0112504250999992000011609004+50500+120070FM-12+067199999V0209999C000012200019N0150001N1-03241-03551104181ADDGA1001+999999999GF100991001001999999001001REMSYN058    AAXX  16091 50425 42965 00000 11324 21355 40418 5/0/2;
0128504250999992000011621004+50500+120070FM-12+067199999V0209999C000019999999N0300001N1-03541-03841103921ADDGF106991001001999999001021MD1710011+9999MW1761REMSYN070    AAXX  16211 50425 41980 60000 11354 21384 40392 57001 77600 80002;
0116504250999992000011709004+50500+120070FM-12+067199999V0209999C000012200019N0150001N1-03021-03341103731ADDGF101991001001999999001021MD1210011+9999REMSYN064    AAXX  17091 50425 42965 10000 11302 21334 40373 52001 80002;
0165504250999992000011721004+50500+120070FM-12+067199999V0209999C000019999999N0200001N1-03361-03651103711ADDAA124000191AY171031AY271031GF107991001001999999001021MD1710031+9999MW1701REMSYN080    AAXX  17211 50425 41970 70000 11336 21365 40371 57003 77077 80002 333 70001;
0136504250999992000011809004+50500+120070FM-12+067199999V0202701N002019999999N0200001N1-03001-03341103761ADDAY171031GF107991001001999999001021MD1210101+9999MW1701REMSYN070    AAXX  18091 50425 41970 72702 11300 21334 40376 52010 77070 80002;
0157504250999992000011821004+50500+120070FM-12+067199999V0209999C000019999999N0200001N1-03491-03781103631ADDAA124001391AY171031GF107991001001999999001021MD1710031+9999MW1761REMSYN080    AAXX  18211 50425 41970 70000 11349 21378 40363 57003 77670 80002 333 70012;
0126504250999992000011909004+50500+120070FM-12+067199999V0202701N002012200019N0300001N1-03321-03661103981ADDGA1001+999999999GF100991001001999999001001MD1210161+9999REMSYN058    AAXX  19091 50425 42980 02702 11332 21366 40398 52016;
0122504250999992000011921004+50500+120070FM-12+067199999V0209999C000012200019N0150001N1-04011-04301104481ADDGA1001+999999999GF100991001001999999001001MD1210081+9999REMSYN054AAXX  19211 50425 42965 00000 11401 21430 40448 52008;
0122504250999992000012009004+50500+120070FM-12+067199999V0209999C000012200019N9999999N1-03201-03931104601ADDGA1001+999999999GF100991001001999999001001MD1210011+9999REMSYN054AAXX  20091 50425 429// 00000 11320 21393 4046/ 52001;
0161504250999992000012021004+50500+120070FM-12+067199999V0203601N001012200019N0200001N1-03181-03461104211ADDAA124000791AY171031AY271031GF101991001001999999001021MD1710101+9999MW1221REMSYN076AAXX  20211 50425 41970 13601 11318 21346 40421 57010 72277 80002 333 79999;
0134504250999992000012109004+50500+120070FM-12+067199999V0209999C000012200019N0090001N1-02881-03201104051ADDGA1001+999999999GF100991001001999999001001MD1710031+9999MW1041REMSYN060AAXX  21091 50425 41959 00000 11288 21320 40405 57003 70400;
0133504250999992000012121004+50500+120070FM-12+067199999V0209999C000019999999N0200001N1-03591-03891104031ADDAA124000791GF107991001001999999001021MD1710051+9999REMSYN070AAXX  21211 50425 42970 70000 11359 21389 40403 57005 80002 333 79999;
0122504250999992000012209004+50500+120070FM-12+067199999V0209999C000012200019N0200001N1-03101-03471104221ADDGA1001+999999999GF100991001001999999001001MD1210151+9999REMSYN054AAXX  22091 50425 42970 00000 11310 21347 40422 52015;
0122504250999992000012221004+50500+120070FM-12+067199999V0209999C000012200019N0200001N1-03951-04261104751ADDGA1001+999999999GF100991001001999999001001MD1210051+9999REMSYN054AAXX  22211 50425 42970 00000 11395 21426 40475 52005;
0122504250999992000012309004+50500+120070FM-12+067199999V0202701N003012200019N0300001N1-02901-03281104801ADDGA1001+999999999GF100991001001999999001001MD1210051+9999REMSYN054AAXX  23091 50425 42980 02703 11290 21328 40480 52005;
0124504250999992000012321004+50500+120070FM-12+067199999V0209999C000012200019N0200001N1-03801-04101104941ADDGF101991001001999999001021MD1210011+9999MW1761REMSYN066AAXX  23211 50425 41970 10000 11380 21410 40494 52001 77600 80002;
0122504250999992000012409004+50500+120070FM-12+067199999V0202701N002012200019N0200001N1-02991-03361104951ADDGA1001+999999999GF100991001001999999001001MD1410001+9999REMSYN054AAXX  24091 50425 42970 02702 11299 21336 40495 54000;
0122504250999992000012509004+50500+120070FM-12+067199999V0202701N001012200019N0200001N1-02641-03021104761ADDGA1001+999999999GF100991001001999999001001MD1210081+9999REMSYN054AAXX  25091 50425 42970 02701 11264 21302 40476 52008;
0155504250999992000012521004+50500+120070FM-12+067199999V0209999C000012200019N0200001N1-03141-03441104981ADDAA124000791GA1001+999999999GF100991001001999999001001MD1210111+9999MW1761REMSYN070AAXX  25211 50425 41970 00000 11314 21344 40498 52011 77600 333 79999;
0122504250999992000012609004+50500+120070FM-12+067199999V0201801N001012200019N0200001N1-02251-02651104811ADDGA1001+999999999GF100991001001999999001001MD1710031+9999REMSYN054AAXX  26091 50425 42970 01801 11225 21265 40481 57003;
0122504250999992000012621004+50500+120070FM-12+067199999V0200401N001012200019N0300001N1-03001-03291104281ADDGA1001+999999999GF100991001001999999001001MD1710161+9999REMSYN054AAXX  26211 50425 42980 00401 11300 21329 40428 57016;
0122504250999992000012709004+50500+120070FM-12+067199999V0201801N001012200019N0200001N1-02141-02501103741ADDGA1001+999999999GF100991001001999999001001MD1710121+9999REMSYN054AAXX  27091 50425 42970 01801 11214 21250 40374 57012;
0122504250999992000012721004+50500+120070FM-12+067199999V0209999C000012200019N0200001N1-03331-03611103541ADDGA1001+999999999GF100991001001999999001001MD1710061+9999REMSYN054AAXX  27211 50425 42970 00000 11333 21361 40354 57006;
0112504250999992000012809004+50500+120070FM-12+067199999V0202701N001019999999N0200001N1-02661-02941103891ADDGF107991001001999999001021MD1210131+9999REMSYN060AAXX  28091 50425 42970 72701 11266 21294 40389 52013 80002;
0143504250999992000012821004+50500+120070FM-12+067199999V02099999999992200019N0300001N1-03431-03701104341ADDAA124000791GA1001+999999999GF100991001001999999001001MD1210061+9999REMSYN064AAXX  28211 50425 42980 0000/ 11343 21370 40434 52006 333 79999;
0112504250999992000012909004+50500+120070FM-12+067199999V0202501N001012200019N0250001N1-02371-02751104671ADDGF102991001001999999001021MD1210121+9999REMSYN060AAXX  29091 50425 42975 22501 11237 21275 40467 52012 80002;
0143504250999992000012921004+50500+120070FM-12+067199999V0209999C000012200019N0200001N1-03381-03671104931ADDAA124000791GA1001+999999999GF100991001001999999001001MD1210021+9999REMSYN064AAXX  29211 50425 42970 00000 11338 21367 40493 52002 333 79999;
0122504250999992000013009004+50500+120070FM-12+067199999V0202701N002012200019N0200001N1-02331-02761105171ADDGA1001+999999999GF100991001001999999001001MD1210041+9999REMSYN054AAXX  30091 50425 42970 02702 11233 21276 40517 52004;
0102504250999992000013021004+50500+120070FM-12+067199999V0209999C000012200019N0200001N1-03081-03361105001ADDGA1001+999999999GF100991001001999999001001REMSYN048AAXX  30211 50425 42970 00000 11308 21336 40500;
0122504250999992000013109004+50500+120070FM-12+067199999V0209999C000012200019N0300001N1-02241-02661104871ADDGA1001+999999999GF100991001001999999001001MD1710031+9999REMSYN054AAXX  31091 50425 42980 00000 11224 21266 40487 57003;
0122504250999992000013121004+50500+120070FM-12+067199999V0209999C000012200019N0200001N1-03031-03311104321ADDGA1001+999999999GF100991001001999999001001MD1710151+9999REMSYN054AAXX  31211 50425 42970 00000 11303 21331 40432 57015;
0122504250999992000020109004+50500+120070FM-12+067199999V0209999C000012200019N0300001N1-02221-02641103781ADDGA1001+999999999GF100991001001999999001001MD1710101+9999REMSYN054AAXX  01091 50425 42980 00000 11222 21264 40378 57010;
0155504250999992000020121004+50500+120070FM-12+067199999V0200401N001012200019N0200001N1-03121-03401103651ADDGA1001+999999999GF100991001001999999001001MW1761REMSYN060AAXX  01211 50425 41970 00401 11312 21340 40365 5700/ 77600;EQDQ01+000072APCTENQ02+000002APC3  
0112504250999992000020209004+50500+120070FM-12+067199999V0209999C000012200019N0250001N1-02131-02591103481ADDGF101991001001999999001021MD1710011+9999REMSYN060AAXX  02091 50425 42975 10000 11213 21259 40348 57001 80002;
0122504250999992000020221004+50500+120070FM-12+067199999V0209999C000012200019N0300001N1-03171-03471103411ADDGA1001+999999999GF100991001001999999001001MD1710061+9999REMSYN054AAXX  02211 50425 42980 00000 11317 21347 40341 57006;
0122504250999992000020309004+50500+120070FM-12+067199999V0202501N001012200019N0200001N1-02311-02741103561ADDGA1001+999999999GF100991001001999999001001MD1210041+9999REMSYN054AAXX  03091 50425 42970 02501 11231 21274 40356 52004;
0122504250999992000020321004+50500+120070FM-12+067199999V0209999C000012200019N0300001N1-03321-03611103771ADDGA1001+999999999GF100991001001999999001001MD1210011+9999REMSYN054AAXX  03211 50425 42980 00000 11332 21361 40377 52001;
0122504250999992000020409004+50500+120070FM-12+067199999V0209999C000012200019N0200001N1-02381-02771103711ADDGA1001+999999999GF100991001001999999001001MD1710041+9999REMSYN054AAXX  04091 50425 42970 00000 11238 21277 40371 57004;
0112504250999992000020421004+50500+120070FM-12+067199999V0209999C000012200019N0250001N1-03321-03611103631ADDGF102991001001999999001021MD1710091+9999REMSYN060AAXX  04211 50425 42975 20000 11332 21361 40363 57009 80002;
0122504250999992000020509004+50500+120070FM-12+067199999V0201801N001012200019N0200001N1-02441-02811103381ADDGA1001+999999999GF100991001001999999001001MD1710061+9999REMSYN054AAXX  05091 50425 42970 01801 11244 21281 40338 57006;
0122504250999992000020521004+50500+120070FM-12+067199999V0209999C000012200019N0300001N1-03351-03641103391ADDGA1001+999999999GF100991001001999999001001MD1719999+9999REMSYN054AAXX  05211 50425 42980 00000 11335 21364 40339 570/6;
0132504250999992000020609004+50500+120070FM-12+067199999V0202701N001019999999N0150001N1-02501-02831103421ADDAY171031GF107991001001999999001021MD1210011+9999MW1701REMSYN066AAXX  06091 50425 41965 72701 11250 21283 40342 52001 77070 80002;
0176504250999992000020621004+50500+120070FM-12+067199999V0209999C000012200019N0200001N1-03361-03651103391ADDAA124000591AY171031GA1001+999999999GF100991001001999999001001MD1710031+9999REMSYN070AAXX  06211 50425 41970 00000 11336 21365 40339 57003 77070 333 70005;EQDQ01+000702PRSWM1
0112504250999992000020709004+50500+120070FM-12+067199999V0202701N002019999999N0300001N1-02711-03071103521ADDGF106991001001999999001011MD1210051+9999REMSYN060AAXX  07091 50425 42980 62702 11271 21307 40352 52005 80001;
0143504250999992000020721004+50500+120070FM-12+067199999V0202701N002012200019N0300001N1-03251-03551103461ADDAA124999999GA1001+999999999GF100991001001999999001001MD1710041+9999REMSYN064AAXX  07211 50425 42980 02702 11325 21355 40346 57004 333 700/2;
0122504250999992000020809004+50500+120070FM-12+067199999V0209999C000012200019N0300001N1-02301-02731103171ADDGA1001+999999999GF100991001001999999001001MD1410001+9999REMSYN054AAXX  08091 50425 42980 00000 11230 21273 40317 54000;
0134504250999992000020821004+50500+120070FM-12+067199999V0209999C000012200019N0200001N1-03281-03571103081ADDGA1001+999999999GF100991001001999999001001MD1710011+9999MW1761REMSYN060AAXX  08211 50425 41970 00000 11328 21357 40308 57001 77600;
0122504250999992000020909004+50500+120070FM-12+067199999V0209999C000012200019N0200001N1-02321-02751102801ADDGA1001+999999999GF100991001001999999001001MD1710061+9999REMSYN054AAXX  09091 50425 42970 00000 11232 21275 40280 57006;
0122504250999992000020921004+50500+120070FM-12+067199999V0209999C000012200019N0300001N1-03201-03501102591ADDGA1001+999999999GF100991001001999999001001MD1710031+9999REMSYN054AAXX  09211 50425 42980 00000 11320 21350 40259 57003;
0122504250999992000021009004+50500+120070FM-12+067199999V0209999C000012200019N0200001N1-02311-02711102551ADDGA1001+999999999GF100991001001999999001001MD1710201+9999REMSYN054AAXX  10091 50425 42970 00000 11231 21271 40255 5702/;
0122504250999992000021021004+50500+120070FM-12+067199999V0209999C000012200019N0300001N1-03221-03521102381ADDGA1001+999999999GF100991001001999999001001MD1710071+9999REMSYN054AAXX  10211 50425 42980 00000 11322 21352 40238 57007;
0122504250999992000021109004+50500+120070FM-12+067199999V0202701N002012200019N0300001N1-02191-02531102531ADDGA1001+999999999GF100991001001999999001001MD1210191+9999REMSYN054AAXX  11091 50425 42980 02702 11219 21253 40253 52019;
0134504250999992000021121004+50500+120070FM-12+067199999V0209999C000012200019N0200001N1-03401-03661103091ADDGA1001+999999999GF100991001001999999001001MD1210021+9999MW1761REMSYN060AAXX  11211 50425 41970 00000 11340 21366 40309 52002 77600;
0122504250999992000021209004+50500+120070FM-12+067199999V0202501N002012200019N0300001N1-02121-02581103171ADDGA1001+999999999GF100991001001999999001001MD1210021+9999REMSYN054AAXX  12091 50425 42980 02502 11212 21258 40317 52002;
0134504250999992000021221004+50500+120070FM-12+067199999V0209999C000012200019N0200001N1-03381-03661103221ADDGA1001+999999999GF100991001001999999001001MD1710051+9999MW1761REMSYN060AAXX  12211 50425 41970 00000 11338 21366 40322 57005 77600;
0122504250999992000021309004+50500+120070FM-12+067199999V0202701N002012200019N0300001N1-02461-02811103101ADDGA1001+999999999GF100991001001999999001001MD1710071+9999REMSYN054AAXX  13091 50425 42980 02702 11246 21281 40310 57007;
0112504250999992000021409004+50500+120070FM-12+067199999V0202501N003019999999N0300001N1-02021-02461102631ADDGF108991001001999999001071MD1710041+9999REMSYN060AAXX  14091 50425 42980 82503 11202 21246 40263 57004 80007;
0112504250999992000021509004+50500+120070FM-12+067199999V0202701N004012200019N0300001N1-01471-02191102281ADDGF102991001001999999001021MD1210031+9999REMSYN060AAXX  15091 50425 42980 22704 11147 21219 40228 52003 80002;
0122504250999992000021521004+50500+120070FM-12+067199999V0202701N002012200019N0300001N1-02381-02831102491ADDGA1001+999999999GF100991001001999999001001MD1210031+9999REMSYN054AAXX  15211 50425 42980 02702 11238 21283 40249 52003;
0112504250999992000021609004+50500+120070FM-12+067199999V0202701N003019999999N0200001N1-01821-02351102701ADDGF107991001001999999001021MD1210031+9999REMSYN060AAXX  16091 50425 42970 72703 11182 21235 40270 52003 80002;
0122504250999992000021709004+50500+120070FM-12+067199999V0202501N001012200019N0300001N1-02051-02551103291ADDGA1001+999999999GF100991001001999999001001MD1710021+9999REMSYN054AAXX  17091 50425 42980 02501 11205 21255 40329 57002;
0122504250999992000021909004+50500+120070FM-12+067199999V0202701N003012200019N0300001N1-01881-02351102911ADDGA1001+999999999GF100991001001999999001001MD1710071+9999REMSYN054AAXX  19091 50425 42980 02703 11188 21235 40291 57007;
0122504250999992000021921004+50500+120070FM-12+067199999V0209999C000012200019N0300001N1-03101-03401102821ADDGA1001+999999999GF100991001001999999001001MD1710051+9999REMSYN054AAXX  19211 50425 42980 00000 11310 21340 40282 57005;
0122504250999992000022009004+50500+120070FM-12+067199999V0202701N002012200019N0300001N1-01861-02311102661ADDGA1001+999999999GF100991001001999999001001MD1710011+9999REMSYN054AAXX  20091 50425 42980 02702 11186 21231 40266 57001;
0122504250999992000022021004+50500+120070FM-12+067199999V0209999C000012200019N0200001N1-03101-03401102901ADDGA1001+999999999GF100991001001999999001001MD1210041+9999REMSYN054AAXX  20211 50425 42970 00000 11310 21340 40290 52004;
0122504250999992000022121004+50500+120070FM-12+067199999V0209999C000012200019N0200001N1-02901-03191102781ADDGA1001+999999999GF100991001001999999001001MD1710081+9999REMSYN054AAXX  21211 50425 42970 00000 11290 21319 40278 57008;
0143504250999992000022221004+50500+120070FM-12+067199999V0209999C000012200019N0300001N1-02981-03271102891ADDAA124000591GA1001+999999999GF100991001001999999001001MD1210041+9999REMSYN064AAXX  22211 50425 42980 00000 11298 21327 40289 52004 333 70006;
0143504250999992000022309004+50500+120070FM-12+067199999V0202501N002012200019N0300001N1-01891-02441103091ADDGA1001+999999999GF100991001001999999001001REMSYN054AAXX  23091 50425 42980 02502 11189 21244 40309 5200/;EQDQ01+000022APCTENQ02+000002APC3  
0122504250999992000022321004+50500+120070FM-12+067199999V0209999C000012200019N0300001N1-03261-03571103341ADDGA1001+999999999GF100991001001999999001001MD1710031+9999REMSYN054AAXX  23211 50425 42980 00000 11326 21357 40334 57003;
0112504250999992000022409004+50500+120070FM-12+067199999V0201801N002019999999N0200001N1-01961-02411103031ADDGF107991001001999999001021MD1710131+9999REMSYN060AAXX  24091 50425 42970 71802 11196 21241 40303 57013 80002;
0145504250999992000022421004+50500+120070FM-12+067199999V0209999C000010120019N0200001N1-02581-02881102521ADDAA124000791GF108991061051012501021999MD1710161+9999MW1701REMSYN076AAXX  24211 50425 41670 80000 11258 21288 40252 57016 77000 8652/ 333 79999;
0132504250999992000022509004+50500+120070FM-12+067199999V0202701N002019999999N0250001N1-01681-02061102171ADDAY171031GF107991001001999999001021MD1210041+9999MW1001REMSYN066AAXX  25091 50425 41975 72702 11168 21206 40217 52004 70070 80002;
0143504250999992000022521004+50500+120070FM-12+067199999V0209999C000012200019N0300001N1-02941-03231102351ADDAA124001091GA1001+999999999GF100991001001999999001001MD1210031+9999REMSYN064AAXX  25211 50425 42980 00000 11294 21323 40235 52003 333 70010;
0112504250999992000022609004+50500+120070FM-12+067199999V0209999C000019999999N0300001N1-01891-02261102511ADDGF107991001001999999001021MD1210091+9999REMSYN060AAXX  26091 50425 42980 70000 11189 21226 40251 52009 80002;
0143504250999992000022621004+50500+120070FM-12+067199999V0209999C000012200019N9999999N1-03221+99999103091ADDAA124999999GA1001+999999999GF100991001001999999001001MD1210151+9999REMSYN064AAXX  26211 50425 4298/ 00000 11322 21//2 40309 52015 333 7999/;
0122504250999992000022709004+50500+120070FM-12+067199999V0202701N003012200019N0300001N1-01821-02331103591ADDGA1001+999999999GF100991001001999999001001MD1210041+9999REMSYN054AAXX  27091 50425 42980 02703 11182 21233 40359 52004;
0122504250999992000022721004+50500+120070FM-12+067199999V0209999C000012200019N0250001N1-03181-03481103741ADDGA1001+999999999GF100991001001999999001001MD1710041+9999REMSYN054AAXX  27211 50425 42975 00000 11318 21348 40374 57004;
0112504250999992000022809004+50500+120070FM-12+067199999V0209999C000012200019N0300001N1-01431-01961102881ADDGF104991001001999999001021MD1710101+9999REMSYN060AAXX  28091 50425 42980 40000 11143 21196 40288 57010 80002;
0143504250999992000022821004+50500+120070FM-12+067199999V0209999C000012200019N0200001N1-02631-02891102891ADDAA124000791GA1001+999999999GF100991001001999999001001MD1710031+9999REMSYN064AAXX  28211 50425 42970 00000 11263 21289 40289 57003 333 79999;
0122504250999992000022909004+50500+120070FM-12+067199999V0209999C000012200019N0300001N1-00911-01491102251ADDGA1001+999999999GF100991001001999999001001MD1710131+9999REMSYN054AAXX  29091 50425 42980 00000 11091 21149 40225 57013;
0122504250999992000030109004+50500+120070FM-12+067199999V0202501N003012200019N0300001N1-01101-01561102831ADDGA1001+999999999GF100991001001999999001001MD1210011+9999REMSYN054AAXX  01091 50425 42980 02503 11110 21156 40283 52001;
0122504250999992000031409004+50500+120070FM-12+067199999V0209999C000012200019N0300001N1-00691-01291102401ADDGA1001+999999999GF100991001001999999001001MD1710131+9999REMSYN054AAXX  14091 50425 42980 00000 11069 21129 40240 57013;
0112504250999992000031509004+50500+120070FM-12+067199999V0202701N001019999999N0300001N1-00651-01031101951ADDGF107991001001999999001021MD1710071+9999REMSYN060AAXX  15091 50425 42980 72701 11065 21103 40195 57007 80002;
0161504250999992000031521004+50500+120070FM-12+067199999V0209999C000019999999N0200001N1-01441-01671101711ADDAA124000191AY171031AY271031GF107991001001999999001021MD1710091+9999MW1101REMSYN076AAXX  15211 50425 41970 70000 11144 21167 40171 57009 71077 80002 333 70001;
0124504250999992000031609004+50500+120070FM-12+067199999V0202501N001019999999N0300001N1-00631-01051101381ADDGF107991001001999999001021MD1710091+9999MW1701REMSYN066AAXX  16091 50425 41980 72501 11063 21105 40138 57009 77000 80002;
0112504250999992000031709004+50500+120070FM-12+067199999V0209999C000012200019N0300001N1-00421-01151101471ADDGF102991001001999999001021MD1210211+9999REMSYN060AAXX  17091 50425 42980 20000 11042 21115 40147 52021 80002;
0143504250999992000031721004+50500+120070FM-12+067199999V0209999C000012200019N0250001N1-02251+99999102421ADDAA124005191GA1001+999999999GF100991001001999999001001MD1210171+9999REMSYN064AAXX  17211 50425 42975 00000 11225 21/46 40242 52017 333 70050;
0112504250999992000031809004+50500+120070FM-12+067199999V0209999C000012200019N0300001N1-00691-01291102481ADDGF102991001001999999001011MD1710111+9999REMSYN060AAXX  18091 50425 42980 20000 11069 21129 40248 57011 80001;
0122504250999992000031821004+50500+120070FM-12+067199999V0209999C000012200019N0200001N1-02101-02321102451ADDGA1001+999999999GF100991001001999999001001MD1710011+9999REMSYN054AAXX  18211 50425 42970 00000 11210 21232 40245 57001;
0112504250999992000031909004+50500+120070FM-12+067199999V0201401N001019999999N0300001N1-00761-01231102161ADDGF107991001001999999001021MD1710091+9999REMSYN060AAXX  19091 50425 42980 71401 11076 21123 40216 57009 80002;
0112504250999992000031921004+50500+120070FM-12+067199999V0209999C000019999999N0200001N1-02221-02491999999ADDGF106991001001999999001021MD1210021+9999REMSYN060AAXX  19211 50425 42970 60000 11222 21249 4/241 52002 80002;
0122504250999992000032009004+50500+120070FM-12+067199999V0202201N003012200019N0250001N1-00791-01271102661ADDGA1001+999999999GF100991001001999999001001MD1210031+9999REMSYN054AAXX  20091 50425 42975 02203 11079 21127 40266 52003;
0112504250999992000032109004+50500+120070FM-12+067199999V0201601N004019999999N0200001N1-00711-01211102751ADDGF108991081001999999021999MD1710161+9999REMSYN060AAXX  21091 50425 42970 81604 11071 21121 40275 57016 8802/;
0140504250999992000032209004+50500+120070FM-12+067199999V0200701N008019999999N0009001N1-00371-00491100261ADDAY171031AY271031GF108991081001999999021999MD1710011+9999MW1731REMSYN066AAXX  22091 50425 41909 80708 11037 21049 40026 57001 77377 8802/;
0113504250999992000032221004+50500+120070FM-12+067199999V0200201N004019999999N0200001N1-00651+99999101151ADDAA124005691GF108991001999999999999081REMSYN064AAXX  22211 50425 41970 80204 11065 2//23 40115 80//8 333 70057;
0112504250999992000032309004+50500+120070FM-12+067199999V0203201N002019999999N0300001N1-00291-01381101581ADDGF107991011001999999041021MD1210091+9999REMSYN060AAXX  23091 50425 42980 73202 11029 21138 40158 52009 81042;
0112504250999992000032409004+50500+120070FM-12+067199999V0202701N003012200019N0300001N1-01001-01771102221ADDGF102991001001999999001021MD1210011+9999REMSYN060AAXX  24091 50425 42980 22703 11100 21177 40222 52001 80002;
0112504250999992000032509004+50500+120070FM-12+067199999V0202701N002019999999N0300001N1-00831-01501102281ADDGF107991001001999999001011MD1710101+9999REMSYN060AAXX  25091 50425 42980 72702 11083 21150 40228 57010 80001;
0112504250999992000032609004+50500+120070FM-12+067199999V0202201N001019999999N0300001N1-00021-00751100811ADDGF107991021001999999031021MD1710161+9999REMSYN060AAXX  26091 50425 42980 72201 11002 21075 40081 57016 82032;
0161504250999992000032621004+50500+120070FM-12+067199999V0209999C000019999999N0200001N1-00511-00691100481ADDAA124000391AY171031AY271031GF108991081001999999021999MD1410001+9999MW1711REMSYN076AAXX  26211 50425 41970 80000 11051 21069 40048 54000 77177 8802/ 333 70003;
0132504250999992000032709004+50500+120070FM-12+067199999V0200701N002019999999N0300001N1+00051-00121101251ADDAY171031GF108991021001999999031021MD1210231+9999MW1001REMSYN066AAXX  27091 50425 41980 80702 10005 21012 40125 52023 70070 82032;
0112504250999992000032809004+50500+120070FM-12+067199999V0202701N005019999999N0300001N1-00401-01021102481ADDGF107991001001999999001021MD1710051+9999REMSYN060AAXX  28091 50425 42980 72705 11040 21102 40248 57005 80002;
0112504250999992000032909004+50500+120070FM-12+067199999V0202701N004012200019N0300001N1+00191-00651100931ADDGF101991011011008001001001MD1710071+9999REMSYN060AAXX  29091 50425 42580 12704 10019 21065 40093 57007 81100;
0112504250999992000033009004+50500+120070FM-12+067199999V0203201N005012200019N0300001N1+00031-00941100921ADDGF102991011011008001001021MD1710021+9999REMSYN060AAXX  30091 50425 42580 23205 10003 21094 40092 57002 81102;
0112504250999992000033109004+50500+120070FM-12+067199999V0202701N005012200019N0300001N1-00161-00711101461ADDGF102991021051012501001001MD1210111+9999REMSYN060AAXX  31091 50425 42680 22705 11016 21071 40146 52011 82500;
0112504250999992000040109004+50500+120070FM-12+067199999V0201801N002012200019N0300001N1-00061-00691101971ADDGF101991001001999999001021MD1710041+9999REMSYN060AAXX  01091 50425 42980 11802 11006 21069 40197 57004 80002;
0092504250999992000040121004+50500+120070FM-12+067199999V0201101N001019999999N0300001N1-00871-01211999999ADDGF107991051071999999001011REMSYN054AAXX  01211 50425 42980 71101 11087 21121 85701 83032;
0112504250999992000040209004+50500+120070FM-12+067199999V0201801N002019999999N0300001N1+00031-00601101431ADDGF107991021001999999031021MD1710111+9999REMSYN060AAXX  02091 50425 42980 71802 10003 21060 40143 57011 82032;
0112504250999992000040309004+50500+120070FM-12+067199999V0203601N003012200019N0300001N1+00191-00201100741ADDGF102991021001999999031001MD1210111+9999REMSYN060AAXX  03091 50425 42980 23603 10019 21020 40074 52011 82030;
0116504250999992000040321004+50500+120070FM-12+067199999V0203201N002012200019N0300001N1+99999+99999101101ADDGA1001+999999999GF100991001001999999001001MD1210081+9999REMSYN048AAXX  03211 50425 42980 03202 110/2 40110 52008;
0124504250999992000040409004+50500+120070FM-12+067199999V0203601N006010750019N0300001N1-00071-00661101511ADDGF107991021091008001001021MD1210141+9999MW1261REMSYN066AAXX  04091 50425 41580 73606 11007 21066 40151 52014 72600 82902;
0112504250999992000040509004+50500+120070FM-12+067199999V0202201N002019999999N0300001N1+00001-00681101131ADDGF107991001001999999001021MD1710231+9999REMSYN060AAXX  05091 50425 42980 72202 10000 21068 40113 57023 80002;
0165504250999992000102806004+50500+120060FM-12+067199999V0202701N005012200019N0300001N1-00021-01101102381ADDAA199000091GF101991001001999999001021KA1999N-01221MD1710301+9999REMSYN070AAXX  28061 50425 32980 12705 11002 21110 40238 57030 80002 333 21122;EQDQ01  00002PRCP99
