0132534780999992000010109004+40170+112330FM-12+121299999V0202701N009010120019N0150001N1-00311-00621102581ADDAY181031GF107991071041012501999999MD1210091+9999MW1001REMSYN066AAXX  01091 53478 41665 72709 11031 21062 40258 52009 70080 874//;
0143534780999992000010121004+40170+112330FM-12+121299999V0201401N002012200019N0200001N1-01451-01821103901ADDAA124000791GA1001+999999999GF100991001001999999001001MD1710081+9999REMSYN064AAXX  01211 53478 4/970 01402 11145 21182 4039/ 57008 333 79999;
0080534780999992000010209004+40170+112330FM-12+121299999V0203401N003019999999N0200001N1-00541-01231102401ADDMD1410001+9999REMSYN054AAXX  02091 53478 42970 /3403 11054 21123 40240 54000;
0122534780999992000010221004+40170+112330FM-12+121299999V0209999C000012200019N0200001N1-01541-01821102261ADDGA1001+999999999GF100991001001999999001001MD1710081+9999REMSYN054AAXX  02211 53478 42970 00000 11154 21182 40226 57008;
0112534780999992000010309004+40170+112330FM-12+121299999V0202701N003010150019N0250001N1+00031-01011102011ADDGF107991071051017501999999MD1210131+9999REMSYN060AAXX  03091 53478 42775 72703 10003 21101 40201 52013 875//;
0122534780999992000010321004+40170+112330FM-12+121299999V0209999C000012200019N0200001N1-01271-01401102071ADDGA1001+999999999GF100991001001999999001001MD1710041+9999REMSYN054AAXX  03211 53478 42970 00000 11127 21140 40207 57004;
0112534780999992000010409004+40170+112330FM-12+121299999V0202701N001019999999N0200001N1-00181-00911102331ADDGF106991001001999999001021MD1210171+9999REMSYN060AAXX  04091 53478 42970 62701 11018 21091 40233 52017 80002;
0112534780999992000010421004+40170+112330FM-12+121299999V0200701N001019999999N0200001N1-01041-01301102111ADDGF107991001001999999001021MD1710091+9999REMSYN060AAXX  04211 53478 42970 70701 11104 21130 40211 57009 80002;
0112534780999992000010509004+40170+112330FM-12+121299999V0202701N005019999999N0250001N1-00951-01641102761ADDGF107991001001999999001021MD1210121+9999REMSYN060AAXX  05091 53478 42975 72705 11095 21164 40276 52012 80002;
0143534780999992000010521004+40170+112330FM-12+121299999V0202901N002012200019N0250001N1-02191-02601103441ADDAA124000391GA1001+999999999GF100991001001999999001001MD1710011+9999REMSYN064AAXX  05211 53478 42975 02902 11219 21260 40344 57001 333 70003;
0112534780999992000010609004+40170+112330FM-12+121299999V0202901N009012200019N0200001N1-01941-02721103911ADDGF103991001001999999001021MD1210111+9999REMSYN060AAXX  06091 53478 42970 32909 11194 21272 40391 52011 80002;
0122534780999992000010621004+40170+112330FM-12+121299999V0209999C000012200019N0200001N1-02851-03171104081ADDGA1001+999999999GF100991001001999999001001MD1710091+9999REMSYN054AAXX  06211 53478 42970 00000 11285 21317 40408 57009;
0112534780999992000010709004+40170+112330FM-12+121299999V0203401N003019999999N0250001N1+99999+99999103181ADDGF106991061001999999031001MD1710081+9999REMSYN060AAXX  07091 53478 /2975 63403 18848 21234 40318 57008 86030;
0122534780999992000010721004+40170+112330FM-12+121299999V0209999C000012200019N0200001N1-02451-02711103081ADDGA1001+999999999GF100991001001999999001001MD1710031+9999REMSYN054AAXX  07211 53478 42970 00000 11245 21271 40308 57003;
0122534780999992000010809004+40170+112330FM-12+121299999V0202701N003012200019N0300001N1-00261-01401102411ADDGA1001+999999999GF100991001001999999001001MD1410001+9999REMSYN054AAXX  08091 53478 42980 02703 11026 21140 40241 54000;
0122534780999992000010909004+40170+112330FM-12+121299999V0202701N003012200019N0290001N1-00381-01461102631ADDGA1001+999999999GF100991001001999999001001MD1210151+9999REMSYN054AAXX  09091 53478 42979 02703 11038 21146 40263 52015;
0112534780999992000011009004+40170+112330FM-12+121299999V0200901N004019999999N0150001N1-00161-01521102931ADDGF107991001001999999001021MD1210071+9999REMSYN060AAXX  10091 53478 42965 70904 11016 21152 40293 52007 80002;
0161534780999992000011021004+40170+112330FM-12+121299999V0200901N002019999999N0070001N1-00681-00801102471ADDAA124002891AY171031AY271031GF108991081001999999021999MD1710091+9999MW1701REMSYN076AAXX  10211 53478 41957 80902 11068 21080 40247 57009 77077 8802/ 333 70029;
0132534780999992000011109004+40170+112330FM-12+121299999V0209999C000019999999N0150001N1-00391-00611102421ADDAY171031GF108991081001999999021999MD1210031+9999MW1101REMSYN066AAXX  11091 53478 41965 80000 11039 21061 40242 52003 71007 8802/;
0133534780999992000011121004+40170+112330FM-12+121299999V0209999C000010150019N0200001N1-01081-01241102661ADDAA124001091GF106991061051017501001001MD1710061+9999REMSYN070AAXX  11211 53478 42770 60000 11108 21124 40266 57006 86500 333 70010;
0112534780999992000011209004+40170+112330FM-12+121299999V0202901N003012200019N0200001N1-01281-01631103041ADDGF102991001001999999001021MD1210121+9999REMSYN060AAXX  12091 53478 42970 22903 11128 21163 40304 52012 80002;
0122534780999992000011221004+40170+112330FM-12+121299999V0209999C000012200019N0200001N1-02961-03121103651ADDGA1001+999999999GF100991001001999999001001MD1710071+9999REMSYN054AAXX  12211 53478 42970 00000 11296 21312 40365 57007;
0112534780999992000011309004+40170+112330FM-12+121299999V0203201N002012200019N0200001N1-01111-01511103351ADDGF102991001001999999001021MD1710021+9999REMSYN060AAXX  13091 53478 42970 23202 11111 21151 40335 57002 80002;
0137534780999992000011321004+40170+112330FM-12+121299999V0209999C000010150019N0200001N1-01791-01911103091ADDAA124000791GF107991071051017501999999MD1210021+9999REMSYN074    AAXX  13211 53478 42770 70000 11179 21191 40309 52002 875// 333 79999;
0126534780999992000011409004+40170+112330FM-12+121299999V0200701N001012200019N0250001N1-00971-01381102981ADDGA1001+999999999GF100991001001999999001001MD1710031+9999REMSYN058    AAXX  14091 53478 42975 00701 11097 21138 40298 57003;
0137534780999992000011421004+40170+112330FM-12+121299999V0201101N002010150019N0200001N1-01571-01721103131ADDAA124000791GF105991051051017501001001MD1710041+9999REMSYN074    AAXX  14211 53478 42770 51102 11157 21172 40313 57004 85500 333 79999;
0126534780999992000011509004+40170+112330FM-12+121299999V0209999C000012200019N0250001N1-00731-01311103211ADDGA1001+999999999GF100991001001999999001001MD1210111+9999REMSYN058    AAXX  15091 53478 42975 00000 11073 21131 40321 52011;
0126534780999992000011521004+40170+112330FM-12+121299999V0209999C000012200019N0200001N1-02521-02631103891ADDGA1001+999999999GF100991001001999999001001MD1410001+9999REMSYN058    AAXX  15211 53478 42970 00000 11252 21263 40389 54000;
0116534780999992000011609004+40170+112330FM-12+121299999V0202901N004012200019N0200001N1-00831-01401103861ADDGF102991001001999999001021MD1210021+9999REMSYN064    AAXX  16091 53478 42970 22904 11083 21140 40386 52002 80002;
0126534780999992000011709004+40170+112330FM-12+121299999V0202901N003012200019N0200001N1-00711-01571103591ADDGA1001+999999999GF100991001001999999001001MD1210061+9999REMSYN058    AAXX  17091 53478 42970 02903 11071 21157 40359 52006;
0126534780999992000011721004+40170+112330FM-12+121299999V0202701N001012200019N0200001N1-02201-02311103621ADDGA1001+999999999GF100991001001999999001001MD1210021+9999REMSYN058    AAXX  17211 53478 42970 02701 11220 21231 40362 52002;
0126534780999992000011809004+40170+112330FM-12+121299999V0202901N005012200019N0200001N1-01401-01941104211ADDGA1001+999999999GF100991001001999999001001MD1210111+9999REMSYN058    AAXX  18091 53478 42970 02905 11140 21194 40421 52011;
0126534780999992000011821004+40170+112330FM-12+121299999V0209999C000012200019N0200001N1-02821-02961104221ADDGA1001+999999999GF100991001001999999001001MD1710101+9999REMSYN058    AAXX  18211 53478 42970 00000 11282 21296 40422 57010;
0126534780999992000011909004+40170+112330FM-12+121299999V0202901N003012200019N0300001N1-01201-02201103971ADDGA1001+999999999GF100991001001999999001001MD1010061+9999REMSYN058    AAXX  19091 53478 42980 02903 11120 21220 40397 50006;
0122534780999992000011921004+40170+112330FM-12+121299999V0209999C000012200019N0250001N1-02781-02941104231ADDGA1001+999999999GF100991001001999999001001MD1710041+9999REMSYN054AAXX  19211 53478 42975 00000 11278 21294 40423 57004;
0135534780999992000012009004+40170+112330FM-12+121299999V0203401N002012200019N0250001N1-00721+99999999999ADDGA1001+999999999GF100991001001999999001001MD1210011+9999REMSYN048AAXX  20091 53478 42975 03402 11072 40715 52001;EQDQ01 107153APOSLP
0112534780999992000012021004+40170+112330FM-12+121299999V0209999C000019999999N0200001N1-02171-02341103871ADDGF107991001001999999001021MD1710161+9999REMSYN060AAXX  20211 53478 42970 70000 11217 21234 40387 57016 80002;
0140534780999992000012109004+40170+112330FM-12+121299999V0201601N002019999999N0150001N1-00741-00871103401ADDAY171031AY271031GF108991081001999999021999MD1710131+9999MW1701REMSYN066AAXX  21091 53478 41965 81602 11074 21087 40340 57013 77077 8802/;
0153534780999992000012121004+40170+112330FM-12+121299999V0209999C000019999999N0150001N1-01091-01181102751ADDAA124002091AY171031GF108991081001999999021999MD1710061+9999MW1701REMSYN076AAXX  21211 53478 41965 80000 11109 21118 40275 57006 77070 8802/ 333 70021;
0112534780999992000012209004+40170+112330FM-12+121299999V0203401N003010150019N0150001N1-00871-01151102991ADDGF107991071051017501999999MD1210141+9999REMSYN060AAXX  22091 53478 42765 73403 11087 21115 40299 52014 875//;
0161534780999992000012221004+40170+112330FM-12+121299999V0209999C000010150019N0150001N1-01511-01631103451ADDAA124000391AY171031AY271031GF107991071051017501999999MD1210041+9999MW1701REMSYN076AAXX  22211 53478 41765 70000 11151 21163 40345 52004 77077 875// 333 70003;
0133534780999992000012321004+40170+112330FM-12+121299999V0209999C000012200019N0200001N1-03071-03251105321ADDAA124000791GF104991001001999999001021MD1210071+9999REMSYN070AAXX  23211 53478 42970 40000 11307 21325 40532 52007 80002 333 79999;
0122534780999992000012409004+40170+112330FM-12+121299999V0200701N003012200019N0300001N1-01861-02481105591ADDGA1001+999999999GF100991001001999999001001MD1210031+9999REMSYN054AAXX  24091 53478 42980 00703 11186 21248 40559 52003;
0122534780999992000012421004+40170+112330FM-12+121299999V0209999C000012200019N0300001N1-03491-03641105911ADDGA1001+999999999GF100991001001999999001001MD1210031+9999REMSYN054AAXX  24211 53478 42980 00000 11349 21364 40591 52003;
0122534780999992000012509004+40170+112330FM-12+121299999V0203401N002012200019N0250001N1-01691-02191105901ADDGA1001+999999999GF100991001001999999001001MD1210111+9999REMSYN054AAXX  25091 53478 42975 03402 11169 21219 40590 52011;
0122534780999992000012521004+40170+112330FM-12+121299999V0209999C000012200019N0250001N1-03141-03311105931ADDGA1001+999999999GF100991001001999999001001MD1710071+9999REMSYN054AAXX  25211 53478 42975 00000 11314 21331 40593 57007;
0122534780999992000012609004+40170+112330FM-12+121299999V0203201N001012200019N0300001N1-01381-02221105641ADDGA1001+999999999GF100991001001999999001001MD1710011+9999REMSYN054AAXX  26091 53478 42980 03201 11138 21222 40564 57001;
0122534780999992000012621004+40170+112330FM-12+121299999V0209999C000012200019N0250001N1-03301-03451105531ADDGA1001+999999999GF100991001001999999001001MD1710101+9999REMSYN054AAXX  26211 53478 42975 00000 11330 21345 40553 57010;
0122534780999992000012709004+40170+112330FM-12+121299999V0203201N003012200019N0300001N1-01171-01911104841ADDGA1001+999999999GF100991001001999999001001MD1710071+9999REMSYN054AAXX  27091 53478 42980 03203 11117 21191 40484 57007;
0122534780999992000012721004+40170+112330FM-12+121299999V0209999C000012200019N0200001N1-03111-03261104541ADDGA1001+999999999GF100991001001999999001001MD1710101+9999REMSYN054AAXX  27211 53478 42970 00000 11311 21326 40454 57010;
0112534780999992000012809004+40170+112330FM-12+121299999V0203201N003019999999N0200001N1-01151-01791104501ADDGF106991001001999999001021MD1210121+9999REMSYN060AAXX  28091 53478 42970 63203 11115 21179 40450 52012 80002;
0122534780999992000012909004+40170+112330FM-12+121299999V0202901N005012200019N0250001N1-01731-02271105331ADDGA1001+999999999GF100991001001999999001001MD1210141+9999REMSYN054AAXX  29091 53478 42975 02905 11173 21227 40533 52014;
0143534780999992000012921004+40170+112330FM-12+121299999V0209999C000012200019N0250001N1-03151-03311105701ADDGA1001+999999999GF100991001001999999001001REMSYN054AAXX  29211 53478 42975 00000 11315 21331 40570 5700/;EQDQ01+000072APCTENQ02+000002APC3  
0122534780999992000013009004+40170+112330FM-12+121299999V0202901N003012200019N0250001N1-01651-02211105901ADDGA1001+999999999GF100991001001999999001001MD1210061+9999REMSYN054AAXX  30091 53478 42975 02903 11165 21221 40590 52006;
0122534780999992000013021004+40170+112330FM-12+121299999V0209999C000012200019N0250001N1-03321-03481106141ADDGA1001+999999999GF100991001001999999001001MD1710061+9999REMSYN054AAXX  30211 53478 42975 00000 11332 21348 40614 57006;
0112534780999992000013109004+40170+112330FM-12+121299999V0200901N002012200019N0200001N1-01821-02431105541ADDGF102991001001999999001021MD1710141+9999REMSYN060AAXX  31091 53478 42970 20902 11182 21243 40554 57014 80002;
0122534780999992000013121004+40170+112330FM-12+121299999V0209999C000012200019N0200001N1-03081-03231105011ADDGA1001+999999999GF100991001001999999001001MD1710131+9999REMSYN054AAXX  31211 53478 42970 00000 11308 21323 40501 57013;
0122534780999992000020109004+40170+112330FM-12+121299999V0203401N002012200019N0250001N1-01251-02161104301ADDGA1001+999999999GF100991001001999999001001MD1210061+9999REMSYN054AAXX  01091 53478 42975 03402 11125 21216 40430 52006;
0143534780999992000020209004+40170+112330FM-12+121299999V0203201N003012200019N0250001N1-01371-02041104271ADDGA1001+999999999GF100991001001999999001001REMSYN054AAXX  02091 53478 42975 03203 11137 21204 40427 5878/;EQDQ01+000087APCTENQ02+007807APC3  
0122534780999992000020309004+40170+112330FM-12+121299999V0209999C000012200019N0250001N1-00811-02061104171ADDGA1001+999999999GF100991001001999999001001MD1710171+9999REMSYN054AAXX  03091 53478 42975 00000 11081 21206 40417 57017;
0122534780999992000020321004+40170+112330FM-12+121299999V0209999C000012200019N0250001N1-03051-03161104151ADDGA1001+999999999GF100991001001999999001001MD1710031+9999REMSYN054AAXX  03211 53478 42975 00000 11305 21316 40415 57003;
0112534780999992000020409004+40170+112330FM-12+121299999V0203201N003012200019N0200001N1-00581-01661103591ADDGF102991001001999999001021MD1710091+9999REMSYN060AAXX  04091 53478 42970 23203 11058 21166 40359 57009 80002;
0153534780999992000020421004+40170+112330FM-12+121299999V0209999C000019999999N0150001N1-01151-01221102741ADDAA124000391AY171031GF108991081001999999021999MD1710151+9999MW1001REMSYN076AAXX  04211 53478 41965 80000 11115 21122 40274 57015 70070 8802/ 333 70002;
0122534780999992000020509004+40170+112330FM-12+121299999V0202901N005012200019N0200001N1-00611-01191102811ADDGA1001+999999999GF100991001001999999001001MD1210031+9999REMSYN054AAXX  05091 53478 42970 02905 11061 21119 40281 52003;
0122534780999992000020521004+40170+112330FM-12+121299999V0209999C000012200019N0200001N1-02401-02451103321ADDGA1001+999999999GF100991001001999999001001MD1710081+9999REMSYN054AAXX  05211 53478 42970 00000 11240 21245 40332 57008;
0124534780999992000020609004+40170+112330FM-12+121299999V0202701N003019999999N0200001N1-00511-00751102961ADDGF108991001001999999001071MD1710031+9999MW1701REMSYN066AAXX  06091 53478 41970 82703 11051 21075 40296 57003 77000 80007;
0143534780999992000020621004+40170+112330FM-12+121299999V0202901N003012200019N0200001N1-01911-02251103571ADDAA124000191GA1001+999999999GF100991001001999999001001MD1710081+9999REMSYN064AAXX  06211 53478 42970 02903 11191 21225 40357 57008 333 70001;
0122534780999992000020709004+40170+112330FM-12+121299999V0202901N009012200019N0200001N1-00821-01441103121ADDGA1001+999999999GF100991001001999999001001MD1710041+9999REMSYN054AAXX  07091 53478 42970 02909 11082 21144 40312 57004;
0122534780999992000020721004+40170+112330FM-12+121299999V0209999C000012200019N0200001N1-01991-02211103611ADDGA1001+999999999GF100991001001999999001001MD1210011+9999REMSYN054AAXX  07211 53478 42970 00000 11199 21221 40361 52001;
0122534780999992000020801004+40170+112330FM-12+121299999V0200901N001012200019N0300001N1-00401-01391103261ADDGA1001+999999999GF100991001001999999001001MD1710121+9999REMSYN054AAXX  08011 53478 42980 00901 1104/ 21139 40326 57012;
0122534780999992000020809004+40170+112330FM-12+121299999V02099999999992200019N0300001N1-00641-01391103211ADDGA1001+999999999GF100991001001999999001001MD1710121+9999REMSYN054AAXX  08091 53478 42980 0/901 11064 21139 40321 57012;
0122534780999992000020821004+40170+112330FM-12+121299999V0209999C000012200019N0250001N1-02401-02491103121ADDGA1001+999999999GF100991001001999999001001MD1710081+9999REMSYN054AAXX  08211 53478 42975 00000 11240 21249 40312 57008;
0122534780999992000020909004+40170+112330FM-12+121299999V0203401N003012200019N0250001N1-00121-01251102511ADDGA1001+999999999GF100991001001999999001001MD1710031+9999REMSYN054AAXX  09091 53478 42975 03403 11012 21125 40251 57003;
0122534780999992000020921004+40170+112330FM-12+121299999V0209999C000012200019N0250001N1-01941-02021102351ADDGA1001+999999999GF100991001001999999001001MD1710061+9999REMSYN054AAXX  09211 53478 42975 00000 11194 21202 40235 57006;
0122534780999992000021009004+40170+112330FM-12+121299999V0203201N004012200019N0250001N1-00381-01291102701ADDGA1001+999999999GF100991001001999999001001MD1210091+9999REMSYN054AAXX  10091 53478 42975 03204 11038 21129 40270 52009;
0122534780999992000021021004+40170+112330FM-12+121299999V0209999C000012200019N0250001N1-02021-02101103071ADDGA1001+999999999GF100991001001999999001001MD1710031+9999REMSYN054AAXX  10211 53478 42975 00000 11202 21210 40307 57003;
0122534780999992000021109004+40170+112330FM-12+121299999V0203201N003012200019N0250001N1+00041-00951102501ADDGA1001+999999999GF100991001001999999001001MD1710161+9999REMSYN054AAXX  11091 53478 42975 03203 10004 21095 40250 57016;
0112534780999992000021121004+40170+112330FM-12+121299999V0209999C000012200019N0250001N1-01031-01151102131ADDGF102991001001999999001021MD1710121+9999REMSYN060AAXX  11211 53478 42975 20000 11103 21115 40213 57012 80002;
0122534780999992000021209004+40170+112330FM-12+121299999V0203201N002012200019N0250001N1+00281-01001101991ADDGA1001+999999999GF100991001001999999001001MD1710051+9999REMSYN054AAXX  12091 53478 42975 03202 10028 21100 40199 57005;
0142534780999992000021218004+40170+112330FM-12+121299999V0203601N002019999999N0120001N1-00131-01141102071ADDAA199000091GF108991001001999999001071MD1210111+9999REMSYN060AAXX  12181 53478 32962 83602 11013 21114 40207 52011 80007;EQDQ01  00002PRCP99
0112534780999992000021221004+40170+112330FM-12+121299999V0203401N002019999999N0200001N1-00601-00821102291ADDGF106991001001999999001021MD1210051+9999REMSYN060AAXX  12211 53478 42970 63402 11060 21082 40229 52005 80002;
0112534780999992000021309004+40170+112330FM-12+121299999V0202901N006010012019N0250001N1-00551-00971102521ADDGF106991061051001501001001MD1710011+9999REMSYN060AAXX  13091 53478 42275 62906 11055 21097 40252 57001 86500;
0143534780999992000021321004+40170+112330FM-12+121299999V0209999C000012200019N0200001N1-02251-02341103391ADDAA124000591GA1001+999999999GF100991001001999999001001MD1710051+9999REMSYN064AAXX  13211 53478 42970 00000 11225 21234 40339 57005 333 70005;
0112534780999992000021409004+40170+112330FM-12+121299999V0202901N007012200019N0250001N1-01101-01931103751ADDGF102991021011008001001001MD1710021+9999REMSYN060AAXX  14091 53478 42575 22907 11110 21193 40375 57002 82100;
0122534780999992000021509004+40170+112330FM-12+121299999V0202901N004012200019N0300001N1-00711-01841103381ADDGA1001+999999999GF100991001001999999001001MD1710061+9999REMSYN054AAXX  15091 53478 42980 02904 11071 21184 40338 57006;
0122534780999992000021521004+40170+112330FM-12+121299999V0209999C000012200019N0250001N1-02111-02271103101ADDGA1001+999999999GF100991001001999999001001MD1710091+9999REMSYN054AAXX  15211 53478 42975 00000 11211 21227 40310 57009;
0122534780999992000021609004+40170+112330FM-12+121299999V0203201N004012200019N0300001N1-00081-01531102661ADDGA1001+999999999GF100991001001999999001001MD1710041+9999REMSYN054AAXX  16091 53478 42980 03204 11008 21153 40266 57004;
0122534780999992000021709004+40170+112330FM-12+121299999V0203401N003012200019N0300001N1+00221-01341102521ADDGA1001+999999999GF100991001001999999001001MD1710111+9999REMSYN054AAXX  17091 53478 42980 03403 10022 21134 40252 57011;
0086534780999992000021721004+40170+112330FM-12+121299999V0201101N001019999999N0200001N1-01211-01401102371ADDMD1710071+9999REMSYN060AAXX  17211 53478 42970 /1101 11121 21140 40237 57007 80002;
0122534780999992000021909004+40170+112330FM-12+121299999V0203401N003012200019N0300001N1-00341-02261102591ADDGA1001+999999999GF100991001001999999001001MD1710141+9999REMSYN054AAXX  19091 53478 42980 03403 11034 21226 40259 57014;
0122534780999992000021921004+40170+112330FM-12+121299999V0209999C000012200019N0250001N1-01951-02111102991ADDGA1001+999999999GF100991001001999999001001MD1710061+9999REMSYN054AAXX  19211 53478 42975 00000 11195 21211 40299 57006;
0122534780999992000022009004+40170+112330FM-12+121299999V0202901N004012200019N0300001N1-00131-01451102691ADDGA1001+999999999GF100991001001999999001001MD1710031+9999REMSYN054AAXX  20091 53478 42980 02904 11013 21145 40269 57003;
0122534780999992000022021004+40170+112330FM-12+121299999V0209999C000012200019N0250001N1-01591-01731102691ADDGA1001+999999999GF100991001001999999001001MD1710021+9999REMSYN054AAXX  20211 53478 42975 00000 11159 21173 40269 57002;
0122534780999992000022121004+40170+112330FM-12+121299999V0209999C000012200019N0250001N1-01331-01461102351ADDGA1001+999999999GF100991001001999999001001MD1710031+9999REMSYN054AAXX  21211 53478 42975 00000 11133 21146 40235 57003;
0112534780999992000022209004+40170+112330FM-12+121299999V0202901N005010900019N0250001N1+00051-01251102641ADDGF106991021051017501001021MD1210041+9999REMSYN060AAXX  22091 53478 42775 62905 10005 21125 40264 52004 82502;
0122534780999992000022221004+40170+112330FM-12+121299999V0209999C000012200019N0250001N1-01511-01561103211ADDGA1001+999999999GF100991001001999999001001MD1210021+9999REMSYN054AAXX  22211 53478 42975 00000 11151 21156 40321 52002;
0122534780999992000022309004+40170+112330FM-12+121299999V0202901N003012200019N0300001N1-00321-02101103291ADDGA1001+999999999GF100991001001999999001001MD1710031+9999REMSYN054AAXX  23091 53478 42980 02903 11032 21210 40329 57003;
0112534780999992000022321004+40170+112330FM-12+121299999V0200401N001019999999N0250001N1-01251-01641103651ADDGF108991001001999999001071MD1210011+9999REMSYN060AAXX  23211 53478 42975 80401 11125 21164 40365 52001 80007;
0112534780999992000022409004+40170+112330FM-12+121299999V0203201N003019999999N0200001N1-00261-01761103261ADDGF108991081001999999021999MD1710051+9999REMSYN060AAXX  24091 53478 42970 83203 11026 21176 40326 57005 8802/;
0153534780999992000022421004+40170+112330FM-12+121299999V0202701N005019999999N0200001N1-00971-01131102911ADDAA124000791AY171031GF108991081001999999021999MD1710121+9999MW1701REMSYN076AAXX  24211 53478 41970 82705 11097 21113 40291 57012 77070 8802/ 333 79999;
0112534780999992000022509004+40170+112330FM-12+121299999V0202901N008012200019N0250001N1-00431-01161102731ADDGF104991021041017501001021MD1710031+9999REMSYN060AAXX  25091 53478 42775 42908 11043 21116 40273 57003 82402;
0143534780999992000022521004+40170+112330FM-12+121299999V0209999C000012200019N0250001N1-01161-01561102901ADDAA124000791GA1001+999999999GF100991001001999999001001MD1710071+9999REMSYN064AAXX  25211 53478 42975 00000 11116 21156 40290 57007 333 79999;
0122534780999992000022609004+40170+112330FM-12+121299999V0202901N006012200019N0300001N1+00081-01491102521ADDGA1001+999999999GF100991001001999999001001MD1710121+9999REMSYN054AAXX  26091 53478 42980 02906 10008 21149 40252 57012;
0108534780999992000022621004+40170+112330FM-12+121299999V0209999C000012200019N0250001N1-01521-01781102801ADDGA1001+999999999GF100991001001999999001001REMSYN054AAXX  26211 53478 42975 00000 11152 21178 40280 5=000;
0122534780999992000022709004+40170+112330FM-12+121299999V0203201N004012200019N0300001N1+00121-01681102951ADDGA1001+999999999GF100991001001999999001001MD1210051+9999REMSYN054AAXX  27091 53478 42980 03204 10012 21168 40295 52005;
0122534780999992000022721004+40170+112330FM-12+121299999V0209999C000012200019N0300001N1-01241-01681103331ADDGA1001+999999999GF100991001001999999001001MD1210031+9999REMSYN054AAXX  27211 53478 42980 00000 11124 21168 40333 52003;
0122534780999992000022809004+40170+112330FM-12+121299999V0202701N002012200019N0300001N1+00481-01321103041ADDGA1001+999999999GF100991001001999999001001MD1710141+9999REMSYN054AAXX  28091 53478 42980 02702 10048 21132 40304 57014;
0122534780999992000022821004+40170+112330FM-12+121299999V0209999C000012200019N0250001N1-01351-01601103141ADDGA1001+999999999GF100991001001999999001001MD1710131+9999REMSYN054AAXX  28211 53478 42975 00000 11135 21160 40314 57013;
0112534780999992000022909004+40170+112330FM-12+121299999V0202701N004012200019N0300001N1+00621-01341102611ADDGF101991011011008001001001MD1710081+9999REMSYN060AAXX  29091 53478 42580 12704 10062 21134 40261 57008 81100;
0112534780999992000022921004+40170+112330FM-12+121299999V0201601N002019999999N0200001N1-00731-01071102451ADDGF105991001001999999001021MD1710061+9999REMSYN060AAXX  29211 53478 42970 51602 11073 21107 40245 57006 80002;
0112534780999992000030109004+40170+112330FM-12+121299999V0202701N005012200019N0250001N1+00701-00831102161ADDGF103991031011008001001001MD1710051+9999REMSYN060AAXX  01091 53478 42575 32705 10070 21083 40216 57005 83100;
0140534780999992000031409004+40170+112330FM-12+121299999V0202501N001019999999N0150001N1+00061+00011102071ADDAY171031AY261031GF108991081001999999021999MD1710011+9999MW1681REMSYN066AAXX  14091 53478 41965 82501 10006 20001 40207 57001 76876 8802/;
0143534780999992000031421004+40170+112330FM-12+121299999V0209999C000012200019N0200001N1-00801-01201102191ADDAA124002591GA1001+999999999GF100991001001999999001001MD1710091+9999REMSYN064AAXX  14211 53478 42970 00000 11080 21120 40219 57009 333 70026;
0112534780999992000031509004+40170+112330FM-12+121299999V0202901N005012200019N0250001N1+00371-01091102081ADDGF102991021011008001001001MD1710011+9999REMSYN060AAXX  15091 53478 42575 22905 10037 21109 40208 57001 82100;
0122534780999992000031609004+40170+112330FM-12+121299999V0202901N005012200019N0250001N1+00561-01891101871ADDGA1001+999999999GF100991001001999999001001MD1710091+9999REMSYN054AAXX  16091 53478 42975 02905 10056 21189 40187 57009;
0122534780999992000031621004+40170+112330FM-12+121299999V0200701N001012200019N0250001N1-01171-01461101851ADDGA1001+999999999GF100991001001999999001001MD1710041+9999REMSYN054AAXX  16211 53478 42975 00701 11117 21146 40185 57004;
0122534780999992000031709004+40170+112330FM-12+121299999V0202501N006012200019N0250001N1+01011-02331101451ADDGA1001+999999999GF100991001001999999001001MD1710061+9999REMSYN054AAXX  17091 53478 42975 02506 10101 21233 40145 57006;
0122534780999992000031721004+40170+112330FM-12+121299999V0202901N004012200019N0120001N1-00131-01451999999ADDGA1001+999999999GF100991001001999999001001MD1210191+9999REMSYN054AAXX  17211 53478 42962 02904 11013 21145 4/148 52019;
0112534780999992000031809004+40170+112330FM-12+121299999V0203401N004012200019N0250001N1+00451-01141102131ADDGF102991021011008001001001MD1210061+9999REMSYN060AAXX  18091 53478 42575 23404 10045 21114 40213 52006 82100;
0122534780999992000031821004+40170+112330FM-12+121299999V0209999C000012200019N0250001N1-01121-01911102711ADDGA1001+999999999GF100991001001999999001001MD1710151+9999REMSYN054AAXX  18211 53478 42975 00000 11112 21191 40271 57015;
0122534780999992000031909004+40170+112330FM-12+121299999V0201601N002012200019N0250001N1+01101-01251101741ADDGA1001+999999999GF100991001001999999001001MD1710201+9999REMSYN054AAXX  19091 53478 42975 01602 10110 21125 40174 57020;
0132534780999992000032009004+40170+112330FM-12+121299999V0209999C000019999999N0120001N1+00161+00141101401ADDAY171031GF108991081001999999021999MD1210061+9999MW1681REMSYN066AAXX  20091 53478 41962 80000 10016 20014 40140 52006 76870 8802/;
0133534780999992000032021004+40170+112330FM-12+121299999V0200701N004019999999N0150001N1-00081-00181102181ADDAA124004691GF108991081001999999021999MD1210071+9999REMSYN070AAXX  20211 53478 42965 80704 11008 21018 40218 52007 8802/ 333 70045;
0112534780999992000032109004+40170+112330FM-12+121299999V0201101N003010150019N0150001N1+00531+00061101951ADDGF107991071051017501001001MD1710071+9999REMSYN060AAXX  21091 53478 42765 71103 10053 20006 40195 57007 87500;
0112534780999992000032209004+40170+112330FM-12+121299999V0202901N010019999999N0200001N1-00021-01221102581ADDGF108991001001999999001071MD1210021+9999REMSYN060AAXX  22091 53478 42970 82910 11002 21122 40258 52002 80007;
0143534780999992000032221004+40170+112330FM-12+121299999V0202501N001012200019N0150001N1-00721-01721102921ADDAA124002391GA1001+999999999GF100991001001999999001001MD1710101+9999REMSYN064AAXX  22211 53478 42965 02501 11072 21172 40292 57010 333 70023;
0112534780999992000032309004+40170+112330FM-12+121299999V0203401N006012200019N0200001N1+00061-01781102761ADDGF101991001001999999001021MD1210101+9999REMSYN060AAXX  23091 53478 42970 13406 10006 21178 40276 52010 80002;
0122534780999992000032409004+40170+112330FM-12+121299999V0202901N005012200019N0250001N1+00641-01641102501ADDGA1001+999999999GF100991001001999999001001MD1710091+9999REMSYN054AAXX  24091 53478 42975 02905 10064 21164 40250 57009;
0122534780999992000032421004+40170+112330FM-12+121299999V0209999C000012200019N0200001N1-00851-01041102711ADDGA1001+999999999GF100991001001999999001001MD1710071+9999REMSYN054AAXX  24211 53478 42970 00000 11085 21104 40271 57007;
0122534780999992000032509004+40170+112330FM-12+121299999V0202901N007012200019N0300001N1+00841-01101102631ADDGA1001+999999999GF100991001001999999001001MD1710141+9999REMSYN054AAXX  25091 53478 42980 02907 10084 21110 40263 57014;
0122534780999992000032521004+40170+112330FM-12+121299999V0200901N002012200019N0250001N1-00581-01101102121ADDGA1001+999999999GF100991001001999999001001MD1710171+9999REMSYN054AAXX  25211 53478 42975 00902 11058 21110 40212 57017;
0112534780999992000032609004+40170+112330FM-12+121299999V0202701N010019999999N0120001N1+01181-02151100961ADDGF107991001001999999001021MD1710311+9999REMSYN060AAXX  26091 53478 42962 72710 10118 21215 40096 57031 80002;
0112534780999992000032621004+40170+112330FM-12+121299999V0203201N003012200019N0150001N1+00181-00931100611ADDGF102991001001999999001021MD1219999+9999REMSYN060AAXX  26211 53478 42965 23203 10018 21093 40061 52/07 80002;
0112534780999992000032709004+40170+112330FM-12+121299999V0203201N010019999999N0150001N1+00431-01231101511ADDGF106991001001999999001021MD1210161+9999REMSYN060AAXX  27091 53478 42965 63210 10043 21123 40151 52016 80002;
0122534780999992000032721004+40170+112330FM-12+121299999V0209999C000012200019N0200001N1-00841-01471102411ADDGA1001+999999999GF100991001001999999001001MD1210031+9999REMSYN054AAXX  27211 53478 42970 00000 11084 21147 40241 52003;
0112534780999992000032809004+40170+112330FM-12+121299999V0203401N003012200019N0250001N1+00811-01841102421ADDGF102991001001999999001021MD1710081+9999REMSYN060AAXX  28091 53478 42975 23403 10081 21184 40242 57008 80002;
0122534780999992000032821004+40170+112330FM-12+121299999V0201101N001012200019N0250001N1-00601-01221102321ADDGA1001+999999999GF100991001001999999001001MD1710081+9999REMSYN054AAXX  28211 53478 42975 01101 11060 21122 40232 57008;
0122534780999992000032909004+40170+112330FM-12+121299999V0202901N004012200019N0300001N1+01721-01111101321ADDGA1001+999999999GF100991001001999999001001MD1710241+9999REMSYN054AAXX  29091 53478 42980 02904 10172 21111 40132 57024;
0122534780999992000032921004+40170+112330FM-12+121299999V0209999C000012200019N0250001N1+00041-00771100801ADDGA1001+999999999GF100991001001999999001001MD1710121+9999REMSYN054AAXX  29211 53478 42975 00000 10004 21077 40080 57012;
0112534780999992000033009004+40170+112330FM-12+121299999V0203601N005012200019N0250001N1+01591-00681100861ADDGF102991011011008001001021MD1210051+9999REMSYN060AAXX  30091 53478 42575 23605 10159 21068 40086 52005 81102;
0122534780999992000033021004+40170+112330FM-12+121299999V0209999C000012200019N0250001N1-00411-00821101581ADDGA1001+999999999GF100991001001999999001001MD1219999+9999REMSYN054AAXX  30211 53478 42975 00000 11041 21082 40158 520/9;
0112534780999992000033109004+40170+112330FM-12+121299999V0203201N003012200019N0300001N1+01441-00971101461ADDGF102991001001999999001021MD1710081+9999REMSYN060AAXX  31091 53478 42980 23203 10144 21097 40146 57008 80002;
0112534780999992000040109004+40170+112330FM-12+121299999V0202201N005010150019N0200001N1+01471+00271101051ADDGF107991071051017501999999MD1710041+9999REMSYN060AAXX  01091 53478 42770 72205 10147 20027 40105 57004 875//;
0143534780999992000040121004+40170+112330FM-12+121299999V0209999C000012200019N0200001N1-00481-00541101701ADDAA124000791GA1001+999999999GF100991001001999999001001MD1210081+9999REMSYN064AAXX  01211 53478 42970 00000 11048 21054 40170 52008 333 79999;
0112534780999992000040209004+40170+112330FM-12+121299999V0202701N006012200019N0250001N1+01481-01451101621ADDGF104991011041017501001021MD1710131+9999REMSYN060AAXX  02091 53478 42775 42706 10148 21145 40162 57013 81402;
0134534780999992000040309004+40170+112330FM-12+121299999V0202901N011012200019N0070001N1+01511-01181100881ADDGA1001+999999999GF100991001001999999001001MD1710141+9999MW1071REMSYN060AAXX  03091 53478 41957 02911 10151 21118 40088 57014 70700;
0122534780999992000040321004+40170+112330FM-12+121299999V0203401N003012200019N0150001N1-00051-01691101781ADDGA1001+999999999GF100991001001999999001001MD1210141+9999REMSYN054AAXX  03211 53478 42965 03403 11005 21169 40178 52014;
0122534780999992000040409004+40170+112330FM-12+121299999V0203401N007012200019N0250001N1+00281-02061102491ADDGA1001+999999999GF100991001001999999001001MD1210021+9999REMSYN054AAXX  04091 53478 42975 03407 10028 21206 40249 52002;
0122534780999992000040421004+40170+112330FM-12+121299999V0209999C000012200019N0250001N1-01161-02081102991ADDGA1001+999999999GF100991001001999999001001MD1710111+9999REMSYN054AAXX  04211 53478 42975 00000 11116 21208 40299 57011;
0122534780999992000040509004+40170+112330FM-12+121299999V0202701N009012200019N0250001N1+00991-01381101961ADDGA1001+999999999GF100991001001999999001001MD1710291+9999REMSYN054AAXX  05091 53478 42975 02709 10099 21138 40196 57029;
0165534780999992000102806004+40170+112320FM-12+121299999V0203401N004010075019N0200001N1+00871-00381102601ADDAA199000091GF107991051011008001001021KA1999N-00061MD1710151+9999REMSYN070AAXX  28061 53478 32570 73404 10087 21038 40260 57015 85102 333 21006;EQDQ01  00002PRCP99
