0112536640999992000010109004+38400+112720FM-12+090099999V0202901N004010900019N0180001N1+00261-00531102661ADDGF105991021011012501001021MD1210181+9999REMSYN060AAXX  01091 53664 42668 52904 10026 21053 40266 52018 82102;
0122536640999992000010209004+38400+112720FM-12+090099999V0203201N003012200019N0180001N1+00321-01311102101ADDGA1001+999999999GF100991001001999999001001MD1710101+9999REMSYN054AAXX  02091 53664 42968 03203 10032 21131 40210 57010;
0122536640999992000010221004+38400+112720FM-12+090099999V0200901N004012200019N0200001N1-00401-00901101701ADDGA1001+999999999GF100991001001999999001001MD1710131+9999REMSYN054AAXX  02211 53664 42970 00904 11040 21090 40170 57013;
0112536640999992000010309004+38400+112720FM-12+090099999V0209999C000012200019N0150001N1+00401-00751101671ADDGF102991001001999999001021MD1210061+9999REMSYN060AAXX  03091 53664 42965 20000 10040 21075 40167 52006 80002;
0122536640999992000010321004+38400+112720FM-12+090099999V0200901N002012200019N0150001N1-00291-00921101721ADDGA1001+999999999GF100991001001999999001001MD1710071+9999REMSYN054AAXX  03211 53664 42965 00902 11029 21092 40172 57007;
0122536640999992000010421004+38400+112720FM-12+090099999V0203201N001012200019N0180001N1-00361-00811101921ADDGA1001+999999999GF100991001001999999001001MD1710101+9999REMSYN054AAXX  04211 53664 42968 03201 11036 21081 40192 57010;
0112536640999992000010509004+38400+112720FM-12+090099999V0203201N004019999999N0150001N1-00391-01131102961ADDGF107991071001999999031999MD1210251+9999REMSYN060AAXX  05091 53664 42965 73204 11039 21113 40296 52025 8703/;
0122536640999992000010521004+38400+112720FM-12+090099999V0203201N002012200019N9999999N1-01331-02201103481ADDGA1001+999999999GF100991001001999999001001MD1210071+9999REMSYN054AAXX  05211 53664 4298/ 03202 11133 21220 40348 52007;
0122536640999992000010609004+38400+112720FM-12+090099999V0202901N003012200019N0210001N1-01191+99999103671ADDGA1001+999999999GF100991001001999999001001MD1710111+9999REMSYN054AAXX  06091 53664 42971 02903 11119 212// 40367 57011;
0152536640999992000010621004+38400+112720FM-12+090099999V0200701N002012200019N0200001N1-01761-02471103451ADDAA106000091GA1001+999999999GF100991001001999999001001MD1710311+9999REMSYN054AAXX  06211 53664 32970 00702 11176 21247 40345 57031;EQDQ01  00002PRCP06
0122536640999992000010709004+38400+112720FM-12+090099999V0202901N004012200019N0180001N1-00811-02021102801ADDGA1001+999999999GF100991001001999999001001MD1710071+9999REMSYN054AAXX  07091 53664 42968 02904 11081 21202 40280 57007;
0122536640999992000010721004+38400+112720FM-12+090099999V0200901N003012200019N0200001N1-01171+99999102621ADDGA1001+999999999GF100991001001999999001001MD1710021+9999REMSYN054AAXX  07211 53664 42970 00903 11117 21109 40262 57002;
0122536640999992000010809004+38400+112720FM-12+090099999V0203201N003012200019N0200001N1-00081-01291102091ADDGA1001+999999999GF100991001001999999001001MD1710031+9999REMSYN054AAXX  08091 53664 42970 03203 11008 21129 40209 57003;
0122536640999992000010821004+38400+112720FM-12+090099999V0200901N003012200019N0200001N1-00661-01171102231ADDGA1001+999999999GF100991001001999999001001MD1210051+9999REMSYN054AAXX  08211 53664 42970 00903 11066 21117 40223 52005;
0122536640999992000010909004+38400+112720FM-12+090099999V0202701N001012200019N0200001N1+00061-00961102431ADDGA1001+999999999GF100991001001999999001001MD1410001+9999REMSYN054AAXX  09091 53664 42970 02701 10006 21096 40243 54000;
0122536640999992000010921004+38400+112720FM-12+090099999V0200901N002012200019N0200001N1-01051-01641102531ADDGA1001+999999999GF100991001001999999001001MD1710021+9999REMSYN054AAXX  09211 53664 42970 00902 11105 21164 40253 57002;
0112536640999992000011009004+38400+112720FM-12+090099999V0203201N002019999999N0120001N1+00071-00891102401ADDGF108991081001999999071999MD1210081+9999REMSYN060AAXX  10091 53664 42962 83202 10007 21089 40240 52008 8807/;
0161536640999992000011021004+38400+112720FM-12+090099999V0201401N003019999999N0150001N1-00241-00301102571ADDAA124001391AY171031AY271031GF108991081001999999021999MD1210091+9999MW1711REMSYN076AAXX  10211 53664 41965 81403 11024 21030 40257 52009 77177 8802/ 333 70012;
0140536640999992000011109004+38400+112720FM-12+090099999V0203201N003019999999N0100001N1-00221-00341102511ADDAY171031AY271031GF108991081001999999021999MD1710021+9999MW1711REMSYN066AAXX  11091 53664 41960 83203 11022 21034 40251 57002 77177 8802/;
0122536640999992000011121004+38400+112720FM-12+090099999V0200901N003012200019N0200001N1-00951-01111102941ADDGA1001+999999999GF100991001001999999001001MD1210021+9999REMSYN054AAXX  11211 53664 42970 00903 11095 21111 40294 52002;
0122536640999992000011209004+38400+112720FM-12+090099999V0203201N003012200019N0200001N1-00581-01111103011ADDGA1001+999999999GF100991001001999999001001MD1410001+9999REMSYN054AAXX  12091 53664 42970 03203 11058 21111 40301 54000;
0122536640999992000011221004+38400+112720FM-12+090099999V0201401N003012200019N0200001N1-01341-01721102821ADDGA1001+999999999GF100991001001999999001001MD1710171+9999REMSYN054AAXX  12211 53664 42970 01403 11134 21172 40282 57017;
0132536640999992000011309004+38400+112720FM-12+090099999V0203201N001019999999N0110001N1-00841-00941102871ADDAY171031GF108991081001999999021999MD1210031+9999MW1221REMSYN066AAXX  13091 53664 41961 83201 11084 21094 40287 52003 72270 8802/;
0126536640999992000011321004+38400+112720FM-12+090099999V0200901N002012200019N0150001N1-01251-01541102901ADDGA1001+999999999GF100991001001999999001001MD1710031+9999REMSYN058    AAXX  13211 53664 42965 00902 11125 21154 40290 57003;
0126536640999992000011409004+38400+112720FM-12+090099999V0203601N002012200019N0150001N1-00601-00911102731ADDGA1001+999999999GF100991001001999999001001MD1210011+9999REMSYN058    AAXX  14091 53664 42965 03602 11060 21091 40273 52001;
0116536640999992000011421004+38400+112720FM-12+090099999V0202901N001012200019N0150001N1-01031-01221102841ADDGF104991041001999999071001MD1710061+9999REMSYN064    AAXX  14211 53664 42965 42901 11103 21122 40284 57006 84070;
0126536640999992000011509004+38400+112720FM-12+090099999V0201801N001012200019N0150001N1-00291-00751102911ADDGA1001+999999999GF100991001001999999001001MD1210101+9999REMSYN058    AAXX  15091 53664 42965 01801 11029 21075 40291 52010;
0126536640999992000011521004+38400+112720FM-12+090099999V0200901N002012200019N0110001N1-01251-01391103371ADDGA1001+999999999GF100991001001999999001001MD1210021+9999REMSYN058    AAXX  15211 53664 42961 00902 11125 21139 40337 52002;
0145536640999992000011609004+38400+112720FM-12+090099999V0202701N002012200019N0180001N1+99999-01141103471ADDGA1001+999999999GF100991001001999999001001MD1710061+9999REMSYN058    AAXX  16091 53664 42968 02702 10432 21114 40347 57006;EQDQ01 +04323ATOT  
0126536640999992000011621004+38400+112720FM-12+090099999V0201401N004012200019N0200001N1-01251-01671103501ADDGA1001+999999999GF100991001001999999001001MD1710101+9999REMSYN058    AAXX  16211 53664 42970 01404 11125 21167 40350 57010;
0126536640999992000011709004+38400+112720FM-12+090099999V0209999C000012200019N0200001N1-00141-00971103121ADDGA1001+999999999GF100991001001999999001001MD1710031+9999REMSYN058    AAXX  17091 53664 42970 00000 11014 21097 40312 57003;
0126536640999992000011721004+38400+112720FM-12+090099999V0201101N003012200019N0200001N1-01301-01591103421ADDGA1001+999999999GF100991001001999999001001MD1210021+9999REMSYN058    AAXX  17211 53664 42970 01103 11130 21159 40342 52002;
0126536640999992000011809004+38400+112720FM-12+090099999V0203401N006012200019N0200001N1-00651-01941103821ADDGA1001+999999999GF100991001001999999001001MD1210031+9999REMSYN058    AAXX  18091 53664 42970 03406 11065 21194 40382 52003;
0126536640999992000011821004+38400+112720FM-12+090099999V0201401N004012200019N0200001N1-01801-02221104001ADDGA1001+999999999GF100991001001999999001001MD1710091+9999REMSYN058    AAXX  18211 53664 42970 01404 11180 21222 40400 57009;
0126536640999992000011909004+38400+112720FM-12+090099999V0202201N001012200019N0250001N1-00611-01851103531ADDGA1001+999999999GF100991001001999999001001MD1710101+9999REMSYN058    AAXX  19091 53664 42975 02201 11061 21185 40353 57010;
0122536640999992000011921004+38400+112720FM-12+090099999V0200901N003012200019N0200001N1-01581-02261103671ADDGA1001+999999999GF100991001001999999001001MD1710031+9999REMSYN054AAXX  19211 53664 42970 00903 11158 21226 40367 57003;
0122536640999992000012009004+38400+112720FM-12+090099999V0203201N005012200019N0200001N1-00441-01381103521ADDGA1001+999999999GF100991001001999999001001MD1710101+9999REMSYN054AAXX  20091 53664 42970 03205 11044 21138 40352 57010;
0112536640999992000012021004+38400+112720FM-12+090099999V0202701N002019999999N0150001N1-01051-01561103721ADDGF107991001001999999001021MD1210181+9999REMSYN060AAXX  20211 53664 42965 72702 11105 21156 40372 52018 80002;
0140536640999992000012109004+38400+112720FM-12+090099999V0202201N002019999999N0100001N1-00321-00641102971ADDAY171031AY271031GF108991081001999999021999MD1710231+9999MW1711REMSYN066AAXX  21091 53664 41960 82202 11032 21064 40297 57023 77177 8802/;
0140536640999992000012121004+38400+112720FM-12+090099999V0202501N001019999999N0150001N1-00601-00751102771ADDAY171031AY271031GF108991081001999999021999MD1710051+9999MW1701REMSYN066AAXX  21211 53664 41965 82501 11060 21075 40277 57005 77077 8802/;
0132536640999992000012209004+38400+112720FM-12+090099999V0209999C000019999999N0180001N1-00441-00671102861ADDAY171031GF108991081001999999021999MD1210021+9999MW1001REMSYN066AAXX  22091 53664 41968 80000 11044 21067 40286 52002 70070 8802/;
0122536640999992000012221004+38400+112720FM-12+090099999V0201401N004012200019N0200001N1-01171-01411103321ADDGA1001+999999999GF100991001001999999001001MD1710021+9999REMSYN054AAXX  22211 53664 42970 01404 11117 21141 40332 57002;
0122536640999992000012321004+38400+112720FM-12+090099999V0203201N003012200019N0120001N1-01431-01691104351ADDGA1001+999999999GF100991001001999999001001MD1210091+9999REMSYN054AAXX  23211 53664 42962 03203 11143 21169 40435 52009;
0122536640999992000012409004+38400+112720FM-12+090099999V0202901N003012200019N0200001N1-00951-01541104511ADDGA1001+999999999GF100991001001999999001001MD1210011+9999REMSYN054AAXX  24091 53664 42970 02903 11095 21154 40451 52001;
0122536640999992000012509004+38400+112720FM-12+090099999V0203401N004012200019N0200001N1-01141-01951105091ADDGA1001+999999999GF100991001001999999001001MD1210021+9999REMSYN054AAXX  25091 53664 42970 03404 11114 21195 40509 52002;
0122536640999992000012521004+38400+112720FM-12+090099999V0200901N002012200019N0200001N1-02161-02481105411ADDGA1001+999999999GF100991001001999999001001MD1710061+9999REMSYN054AAXX  25211 53664 42970 00902 11216 21248 40541 57006;
0122536640999992000012609004+38400+112720FM-12+090099999V0202701N003012200019N0200001N1-01051-01851105111ADDGA1001+999999999GF100991001001999999001001MD1710091+9999REMSYN054AAXX  26091 53664 42970 02703 11105 21185 40511 57009;
0122536640999992000012621004+38400+112720FM-12+090099999V0201401N002012200019N0200001N1-01981-02271104971ADDGA1001+999999999GF100991001001999999001001MD1710051+9999REMSYN054AAXX  26211 53664 42970 01402 11198 21227 40497 57005;
0122536640999992000012709004+38400+112720FM-12+090099999V0202901N002012200019N0200001N1-00971-01701104391ADDGA1001+999999999GF100991001001999999001001MD1710111+9999REMSYN054AAXX  27091 53664 42970 02902 11097 21170 40439 57011;
0122536640999992000012721004+38400+112720FM-12+090099999V0209999C000012200019N0200001N1-01761-02101104101ADDGA1001+999999999GF100991001001999999001001MD1710101+9999REMSYN054AAXX  27211 53664 42970 00000 11176 21210 40410 57010;
0112536640999992000012809004+38400+112720FM-12+090099999V0202701N002012200019N0200001N1-00561-01741103851ADDGF102991001001999999001021MD1710051+9999REMSYN060AAXX  28091 53664 42970 22702 11056 21174 40385 57005 80002;
0122536640999992000012821004+38400+112720FM-12+090099999V0209999C000012200019N0200001N1-01821-02041104461ADDGA1001+999999999GF100991001001999999001001MD1210101+9999REMSYN054AAXX  28211 53664 42970 00000 11182 21204 40446 52010;
0122536640999992000012909004+38400+112720FM-12+090099999V0203601N003012200019N0200001N1-01021-01941104941ADDGA1001+999999999GF100991001001999999001001MD1210031+9999REMSYN054AAXX  29091 53664 42970 03603 11102 21194 40494 52003;
0122536640999992000012921004+38400+112720FM-12+090099999V0201401N004012200019N0200001N1-01961-02351105321ADDGA1001+999999999GF100991001001999999001001MD1710031+9999REMSYN054AAXX  29211 53664 42970 01404 11196 21235 40532 57003;
0122536640999992000013009004+38400+112720FM-12+090099999V0203201N004012200019N0200001N1-01001-01881105351ADDGA1001+999999999GF100991001001999999001001MD1710051+9999REMSYN054AAXX  30091 53664 42970 03204 11100 21188 40535 57005;
0112536640999992000013109004+38400+112720FM-12+090099999V0202701N001019999999N0180001N1-01171-01911104681ADDGF107991071001999999031999MD1710121+9999REMSYN060AAXX  31091 53664 42968 72701 11117 21191 40468 57012 8703/;
0122536640999992000013121004+38400+112720FM-12+090099999V0209999C000012200019N0200001N1-01881-02231104301ADDGA1001+999999999GF100991001001999999001001MD1710121+9999REMSYN054AAXX  31211 53664 42970 00000 11188 21223 40430 57012;
0112536640999992000020109004+38400+112720FM-12+090099999V0203201N003012200019N0200001N1-00771-01391103711ADDGF101991001001999999001021MD1710121+9999REMSYN060AAXX  01091 53664 42970 13203 11077 21139 40371 57012 80002;
0122536640999992000020209004+38400+112720FM-12+090099999V0203201N003012200019N0200001N1-00851-01861103751ADDGA1001+999999999GF100991001001999999001001MD1710051+9999REMSYN054AAXX  02091 53664 42970 03203 11085 21186 40375 57005;
0122536640999992000020309004+38400+112720FM-12+090099999V0203201N002012200019N0200001N1-00611-02021103661ADDGA1001+999999999GF100991001001999999001001MD1710071+9999REMSYN054AAXX  03091 53664 42970 03202 11061 21202 40366 57007;
0122536640999992000020321004+38400+112720FM-12+090099999V0209999C000012200019N0200001N1-01641-02181103651ADDGA1001+999999999GF100991001001999999001001MD1710071+9999REMSYN054AAXX  03211 53664 42970 00000 11164 21218 40365 57007;
0112536640999992000020409004+38400+112720FM-12+090099999V0203401N002019999999N0200001N1-00411-01381103051ADDGF108991081001999999071999MD1710121+9999REMSYN060AAXX  04091 53664 42970 83402 11041 21138 40305 57012 8807/;
0153536640999992000020421004+38400+112720FM-12+090099999V0209999C000019999999N0120001N1-00751-00801102891ADDAA124000891AY171031GF108991081001999999021999MD1710101+9999MW1221REMSYN076AAXX  04211 53664 41962 80000 11075 21080 40289 57010 72270 8802/ 333 70007;
0122536640999992000020509004+38400+112720FM-12+090099999V0202901N001012200019N0200001N1-00021-01051102721ADDGA1001+999999999GF100991001001999999001001MD1710041+9999REMSYN054AAXX  05091 53664 42970 02901 11002 21105 40272 57004;
0122536640999992000020521004+38400+112720FM-12+090099999V0201401N003012200019N0200001N1-01011-01311102851ADDGA1001+999999999GF100991001001999999001001MD1710101+9999REMSYN054AAXX  05211 53664 42970 01403 11101 21131 40285 57010;
0132536640999992000020609004+38400+112720FM-12+090099999V0209999C000019999999N0120001N1-00321-00391102891ADDAY171031GF108991081001999999021999MD1210211+9999MW1701REMSYN066AAXX  06091 53664 41962 80000 11032 21039 40289 52021 77070 8802/;
0122536640999992000020621004+38400+112720FM-12+090099999V0209999C000012200019N0200001N1-01451-01731103901ADDGA1001+999999999GF100991001001999999001001MD1210031+9999REMSYN054AAXX  06211 53664 42970 00000 11145 21173 40390 52003;
0122536640999992000020709004+38400+112720FM-12+090099999V0203201N002012200019N0200001N1-00341-01431103351ADDGA1001+999999999GF100991001001999999001001MD1710111+9999REMSYN054AAXX  07091 53664 42970 03202 11034 21143 40335 57011;
0122536640999992000020809004+38400+112720FM-12+090099999V0202901N003012200019N0250001N1+00071-01261102731ADDGA1001+999999999GF100991001001999999001001MD1710161+9999REMSYN054AAXX  08091 53664 42975 02903 10007 21126 40273 57016;
0122536640999992000020821004+38400+112720FM-12+090099999V0200901N003012200019N0200001N1-00971-01841102471ADDGA1001+999999999GF100991001001999999001001MD1710101+9999REMSYN054AAXX  08211 53664 42970 00903 11097 21184 40247 57010;
0122536640999992000020909004+38400+112720FM-12+090099999V0202901N003012200019N0200001N1+00171-00911102091ADDGA1001+999999999GF100991001001999999001001MD1710051+9999REMSYN054AAXX  09091 53664 42970 02903 10017 21091 40209 57005;
0152536640999992000020921004+38400+112720FM-12+090099999V0201401N005012200019N0200001N1-00731-01171102121ADDAA199000091GA1001+999999999GF100991001001999999001001MD1710041+9999REMSYN054AAXX  09211 53664 32970 01405 11073 21117 40212 57004;EQDQ01  00002PRCP99
0122536640999992000021009004+38400+112720FM-12+090099999V0203201N003012200019N0200001N1+00271-00881102151ADDGA1001+999999999GF100991001001999999001001MD1710061+9999REMSYN054AAXX  10091 53664 42970 03203 10027 21088 40215 57006;
0122536640999992000021021004+38400+112720FM-12+090099999V0201401N004012200019N0200001N1-00901-01401102541ADDGA1001+999999999GF100991001001999999001001MD1710031+9999REMSYN054AAXX  10211 53664 42970 01404 11090 21140 40254 57003;
0112536640999992000021109004+38400+112720FM-12+090099999V0203201N003012200019N0200001N1+00481-01201102151ADDGF104991001001999999001021MD1710141+9999REMSYN060AAXX  11091 53664 42970 43203 10048 21120 40215 57014 80002;
0122536640999992000021121004+38400+112720FM-12+090099999V0209999C000012200019N0200001N1-00321-00751101831ADDGA1001+999999999GF100991001001999999001001MD1710111+9999REMSYN054AAXX  11211 53664 42970 00000 11032 21075 40183 57011;
0122536640999992000021209004+38400+112720FM-12+090099999V0203201N004012200019N0200001N1+00761-00681101751ADDGA1001+999999999GF100991001001999999001001MD1710111+9999REMSYN054AAXX  12091 53664 42970 03204 10076 21068 40175 57011;
0112536640999992000021221004+38400+112720FM-12+090099999V0209999C000019999999N0150001N1-00221-00441102351ADDGF108991081001999999021999MD1210111+9999REMSYN060AAXX  12211 53664 42965 80000 11022 21044 40235 52011 8802/;
0122536640999992000021309004+38400+112720FM-12+090099999V0203201N006012200019N0250001N1+00091-01701102551ADDGA1001+999999999GF100991001001999999001001MD1410001+9999REMSYN054AAXX  13091 53664 42975 03206 10009 21170 40255 54000;
0122536640999992000021409004+38400+112720FM-12+090099999V0203601N004012200019N0250001N1-00291-01341103221ADDGA1001+999999999GF100991001001999999001001MD1710031+9999REMSYN054AAXX  14091 53664 42975 03604 11029 21134 40322 57003;
0122536640999992000021509004+38400+112720FM-12+090099999V0202501N002012200019N0200001N1-00061-01561102951ADDGA1001+999999999GF100991001001999999001001MD1710181+9999REMSYN054AAXX  15091 53664 42970 02502 11006 21156 40295 57018;
0122536640999992000021521004+38400+112720FM-12+090099999V0201401N003012200019N0200001N1-00971-01761102651ADDGA1001+999999999GF100991001001999999001001MD1710101+9999REMSYN054AAXX  15211 53664 42970 01403 11097 21176 40265 57010;
0141536640999992000021609004+38400+112720FM-12+090099999V0202701N002012200019N0200001N1+00541-01441102201ADDGA1001+999999999GF100991001001999999001001MD1711062+9999REMSYN054AAXX  16091 53664 42970 02702 10054 21144 40220 57106;EQDQ01+001062APC3  
0122536640999992000021709004+38400+112720FM-12+090099999V0202701N002012200019N0200001N1+00881-01271102091ADDGA1001+999999999GF100991001001999999001001MD1710091+9999REMSYN054AAXX  17091 53664 42970 02702 10088 21127 40209 57009;
0122536640999992000021909004+38400+112720FM-12+090099999V0203201N003012200019N0200001N1+00181-00851102141ADDGA1001+999999999GF100991001001999999001001MD1710061+9999REMSYN054AAXX  19091 53664 42970 03203 10018 21085 40214 57006;
0122536640999992000021921004+38400+112720FM-12+090099999V0201401N003012200019N0200001N1-01011-01511102691ADDGA1001+999999999GF100991001001999999001001MD1710021+9999REMSYN054AAXX  19211 53664 42970 01403 11101 21151 40269 57002;
0122536640999992000022009004+38400+112720FM-12+090099999V0203601N001012200019N0250001N1+00381-01441102341ADDGA1001+999999999GF100991001001999999001001MD1710161+9999REMSYN054AAXX  20091 53664 42975 03601 10038 21144 40234 57016;
0122536640999992000022021004+38400+112720FM-12+090099999V0201401N004012200019N0200001N1-00741-01521102401ADDGA1001+999999999GF100991001001999999001001MD1710061+9999REMSYN054AAXX  20211 53664 42970 01404 11074 21152 40240 57006;
0122536640999992000022121004+38400+112720FM-12+090099999V0201401N004012200019N0200001N1-00381-00921102131ADDGA1001+999999999GF100991001001999999001001MD1210061+9999REMSYN054AAXX  21211 53664 42970 01404 11038 21092 40213 52006;
0112536640999992000022309004+38400+112720FM-12+090099999V0203601N003019999999N0250001N1+00281-01291102921ADDGF107991001001999999001021MD1210081+9999REMSYN060AAXX  23091 53664 42975 73603 10028 21129 40292 52008 80002;
0112536640999992000022321004+38400+112720FM-12+090099999V0209999C000019999999N0200001N1-00381-01161103161ADDGF108991081001999999071999MD1710041+9999REMSYN060AAXX  23211 53664 42970 80000 11038 21116 40316 57004 8807/;
0112536640999992000022409004+38400+112720FM-12+090099999V0203201N002019999999N0200001N1+00301-00981102841ADDGF107991071001999999031999MD1710111+9999REMSYN060AAXX  24091 53664 42970 73202 10030 21098 40284 57011 8703/;
0132536640999992000022421004+38400+112720FM-12+090099999V0209999C000012200019N0120001N1-00951-01421103181ADDAY171031GF104991041001999999031001MD1710201+9999MW1001REMSYN066AAXX  24211 53664 41962 40000 11095 21142 40318 57020 70070 84030;
0112536640999992000022509004+38400+112720FM-12+090099999V0203201N005012200019N0180001N1+00001-01021102941ADDGF104991041001999999031001MD1710201+9999REMSYN060AAXX  25091 53664 42968 43205 10000 21102 40294 57020 84030;
0122536640999992000022521004+38400+112720FM-12+090099999V0200901N004012200019N0200001N1-00921-01321103111ADDGA1001+999999999GF100991001001999999001001MD1710101+9999REMSYN054AAXX  25211 53664 42970 00904 11092 21132 40311 57010;
0122536640999992000022609004+38400+112720FM-12+090099999V0202201N002012200019N0250001N1+00361-01071102681ADDGA1001+999999999GF100991001001999999001001MD1710141+9999REMSYN054AAXX  26091 53664 42975 02202 10036 21107 40268 57014;
0122536640999992000022709004+38400+112720FM-12+090099999V0203201N003012200019N0250001N1+99999+99999102511ADDGA1001+999999999GF100991001001999999001001MD1710081+9999REMSYN054AAXX  27091 53664 42975 03203 1/500 21156 40251 57008;
0122536640999992000022721004+38400+112720FM-12+090099999V0201401N003012200019N0200001N1-00341-01261102741ADDGA1001+999999999GF100991001001999999001001MD1210021+9999REMSYN054AAXX  27211 53664 42970 01403 11034 21126 40274 52002;
0122536640999992000022809004+38400+112720FM-12+090099999V0203201N001012200019N0250001N1+00901-01301102701ADDGA1001+999999999GF100991001001999999001001MD1710071+9999REMSYN054AAXX  28091 53664 42975 03201 10090 21130 40270 57007;
0131536640999992000022821004+38400+112720FM-12+090099999V02099999999999999999N0200001N1+99999+99999102721ADDGF105991001001999999001021MD1710121+9999REMSYN060AAXX  28211 53664 42970 54090 11501 21098 40272 57012 80002;EQDQ01 -05013ATOT  
0112536640999992000022909004+38400+112720FM-12+090099999V0202201N003012200019N0250001N1+00921-00331102241ADDGF102991021001999999031001MD1710131+9999REMSYN060AAXX  29091 53664 42975 22203 10092 21033 40224 57013 82030;
0132536640999992000031409004+38400+112720FM-12+090099999V0203201N004019999999N0150001N1+00741+00511101551ADDAY161031GF108991081001999999021001MD1710101+9999MW1601REMSYN066AAXX  14091 53664 41965 83204 10074 20051 40155 57010 76060 88020;
0112536640999992000031509004+38400+112720FM-12+090099999V0203201N003012200019N0250001N1+00851-00371101821ADDGF102991021011012501001001MD1710151+9999REMSYN060AAXX  15091 53664 42675 23203 10085 21037 40182 57015 82100;
0122536640999992000031521004+38400+112720FM-12+090099999V0201401N004012200019N0200001N1-00121-00711101911ADDGA1001+999999999GF100991001001999999001001MD1710121+9999REMSYN054AAXX  15211 53664 42970 01404 11012 21071 40191 57012;
0122536640999992000031609004+38400+112720FM-12+090099999V0202701N002012200019N0250001N1+00941-00941101721ADDGA1001+999999999GF100991001001999999001001MD1710171+9999REMSYN054AAXX  16091 53664 42975 02702 10094 21094 40172 57017;
0122536640999992000031709004+38400+112720FM-12+090099999V0203201N003012200019N0250001N1+01411-01171101201ADDGA1001+999999999GF100991001001999999001001MD1710131+9999REMSYN054AAXX  17091 53664 42975 03203 10141 21117 40120 57013;
0122536640999992000031721004+38400+112720FM-12+090099999V0201401N002012200019N0200001N1+00081-00251101641ADDGA1001+999999999GF100991001001999999001001MD1210131+9999REMSYN054AAXX  17211 53664 42970 01402 10008 21025 40164 52013;
0122536640999992000031809004+38400+112720FM-12+090099999V0203401N002012200019N0250001N1+01051-01011101921ADDGA1001+999999999GF100991001001999999001001MD1710101+9999REMSYN054AAXX  18091 53664 42975 03402 10105 21101 40192 57010;
0122536640999992000031821004+38400+112720FM-12+090099999V0201401N003012200019N0200001N1+00141-00831102091ADDGA1001+999999999GF100991001001999999001001MD1710141+9999REMSYN054AAXX  18211 53664 42970 01403 10014 21083 40209 57014;
0112536640999992000032009004+38400+112720FM-12+090099999V0209999C000019999999N0180001N1+01221-00021101041ADDGF107991071001999999031999MD1710101+9999REMSYN060AAXX  20091 53664 42968 70000 10122 21002 40104 57010 8703/;
0112536640999992000032109004+38400+112720FM-12+090099999V0209999C000019999999N0200001N1+01271+00371101591ADDGF107991001001999999001021MD1710151+9999REMSYN060AAXX  21091 53664 42970 70000 10127 20037 40159 57015 80002;
0112536640999992000032209004+38400+112720FM-12+090099999V0203201N007019999999N0150001N1+00431-00891102631ADDGF108991081001999999021999MD1710051+9999REMSYN060AAXX  22091 53664 42965 83207 10043 21089 40263 57005 8802/;
0122536640999992000032221004+38400+112720FM-12+090099999V0209999C000012200019N0200001N1-00321-00971103121ADDGA1001+999999999GF100991001001999999001001MD1710121+9999REMSYN054AAXX  22211 53664 42970 00000 11032 21097 40312 57012;
0122536640999992000032309004+38400+112720FM-12+090099999V0203601N007012200019N0200001N1+00681-01361102731ADDGA1001+999999999GF100991001001999999001001MD1210011+9999REMSYN054AAXX  23091 53664 42970 03607 10068 21136 40273 52001;
0122536640999992000032409004+38400+112720FM-12+090099999V0202901N001012200019N0200001N1+01041-01521102401ADDGA1001+999999999GF100991001001999999001001MD1710251+9999REMSYN054AAXX  24091 53664 42970 02901 10104 21152 40240 57025;
0122536640999992000032509004+38400+112720FM-12+090099999V0203201N004012200019N0200001N1+01331-01401102511ADDGA1001+999999999GF100991001001999999001001MD1710151+9999REMSYN054AAXX  25091 53664 42970 03204 10133 21140 40251 57015;
0112536640999992000032609004+38400+112720FM-12+090099999V0202901N005019999999N0200001N1+01581-00861101151ADDGF108991081001999999071999MD1710381+9999REMSYN060AAXX  26091 53664 42970 82905 10158 21086 40115 57038 8807/;
0122536640999992000032621004+38400+112720FM-12+090099999V0200701N002012200019N0200001N1+00481-00921100861ADDGA1001+999999999GF100991001001999999001001MD1210041+9999REMSYN054AAXX  26211 53664 42970 00702 10048 21092 40086 52004;
0112536640999992000032709004+38400+112720FM-12+090099999V0203601N011019999999N0120001N1+00881-00511101541ADDGF107991071001999999031999MD1710021+9999REMSYN060AAXX  27091 53664 42962 73611 10088 21051 40154 57002 8703/;
0112536640999992000032809004+38400+112720FM-12+090099999V0203601N002012200019N0200001N1+01311-01171102211ADDGF102991001001999999001021MD1710131+9999REMSYN060AAXX  28091 53664 42970 23602 10131 21117 40221 57013 80002;
0122536640999992000032821004+38400+112720FM-12+090099999V0201401N006012200019N0200001N1+00301-00791102071ADDGA1001+999999999GF100991001001999999001001MD1710121+9999REMSYN054AAXX  28211 53664 42970 01406 10030 21079 40207 57012;
0122536640999992000032909004+38400+112720FM-12+090099999V0202701N003012200019N0250001N1+02211-00581101071ADDGA1001+999999999GF100991001001999999001001MD1710261+9999REMSYN054AAXX  29091 53664 42975 02703 10221 21058 40107 57026;
0122536640999992000032921004+38400+112720FM-12+090099999V0201401N003012200019N0200001N1+00761-00631100721ADDGA1001+999999999GF100991001001999999001001MD1710141+9999REMSYN054AAXX  29211 53664 42970 01403 10076 21063 40072 57014;
0122536640999992000033009004+38400+112720FM-12+090099999V0203201N004012200019N0250001N1+02351-00051100311ADDGA1001+999999999GF100991001001999999001001MD1710191+9999REMSYN054AAXX  30091 53664 42975 03204 10235 21005 40031 57019;
0112536640999992000033109004+38400+112720FM-12+090099999V0202501N003019999999N0250001N1+01981-00541100891ADDGF107991001001999999001021MD1710141+9999REMSYN060AAXX  31091 53664 42975 72503 10198 21054 40089 57014 80002;
0112536640999992000040109004+38400+112720FM-12+090099999V0202701N003019999999N0250001N1+01551+00731101141ADDGF107991071001999999031999MD1710161+9999REMSYN060AAXX  01091 53664 42975 72703 10155 20073 40114 57016 8703/;
0112536640999992000040121004+38400+112720FM-12+090099999V0201401N003012200019N0150001N1+00431+00321101711ADDGF102991001001999999001021MD1210141+9999REMSYN060AAXX  01211 53664 42965 21403 10043 20032 40171 52014 80002;
0122536640999992000040209004+38400+112720FM-12+090099999V0202701N003012200019N0200001N1+01961-01001101461ADDGA1001+999999999GF100991001001999999001001MD1710211+9999REMSYN054AAXX  02091 53664 42970 02703 10196 21100 40146 57021;
0112536640999992000040309004+38400+112720FM-12+090099999V0203201N004019999999N0200001N1+02001-00541101011ADDGF106991001001999999001021MD1710201+9999REMSYN060AAXX  03091 53664 42970 63204 10200 21054 40101 5702/ 80002;
0122536640999992000040409004+38400+112720FM-12+090099999V0203201N005012200019N0250001N1+00881-00781102201ADDGA1001+999999999GF100991001001999999001001MD1710091+9999REMSYN054AAXX  04091 53664 42975 03205 10088 21078 40220 57009;
0122536640999992000040509004+38400+112720FM-12+090099999V0203201N005012200019N0250001N1+01291-01431101891ADDGA1001+999999999GF100991001001999999001001MD1710341+9999REMSYN054AAXX  05091 53664 42975 03205 10129 21143 40189 57034;
0165536640999992000102806004+38400+112720FM-12+090099999V0203201N003019999999N0150001N1+01021+00501102641ADDAA199000091GF107991071001999999031999KA1999N+00421MD1710121+9999REMSYN070AAXX  28061 53664 32965 73203 10102 20050 40264 57012 8703/ 333 20042;EQDQ01  00002PRCP99
