0122538530999992000010109004+36700+110930FM-12+100699999V0203601N003012200019N0150001N1+00391-00601102721ADDGA1001+999999999GF100991001001999999001001MD1210181+9999REMSYN054AAXX  01091 53853 42965 03603 10039 21060 40272 52018;
0112538530999992000010209004+36700+110930FM-12+100699999V0209999C000019999999N0150001N1+00641-01061101871ADDGF107991001001999999001021MD1710111+9999REMSYN060AAXX  02091 53853 42965 70000 10064 21106 40187 57011 80002;
0122538530999992000010221004+36700+110930FM-12+100699999V0200201N001012200019N0200001N1-00381-01151101801ADDGA1001+999999999GF100991001001999999001001MD1210071+9999REMSYN054AAXX  02211 53853 42970 00201 11038 21115 40180 52007;
0122538530999992000010309004+36700+110930FM-12+100699999V0209999C000012200019N0180001N1+00951-00751999999ADDGA1001+999999999GF100991001001999999001001MD1210021+9999REMSYN054AAXX  03091 53853 42968 00000 10095 21075 401/1 52002;
0122538530999992000010321004+36700+110930FM-12+100699999V0209999C000012200019N0150001N1-00201-00961101491ADDGA1001+999999999GF100991001001999999001001MD1710041+9999REMSYN054AAXX  03211 53853 42965 00000 11020 21096 40149 57004;
0112538530999992000010421004+36700+110930FM-12+100699999V0209999C000019999999N0150001N1-00341-00901101751ADDGF108991081001999999021999MD1710181+9999REMSYN060AAXX  04211 53853 42965 80000 11034 21090 40175 57018 8802/;
0132538530999992000010509004+36700+110930FM-12+100699999V0203401N005010150019N0200001N1-00251-00551102771ADDAY171031GF107991051051017501001021MD1210341+9999MW1001REMSYN066AAXX  05091 53853 41770 73405 11025 21055 40277 52034 70070 85502;
0143538530999992000010521004+36700+110930FM-12+100699999V0203401N003012200019N0200001N1-00861-01351103201ADDAA124000791GA1001+999999999GF100991001001999999001001MD1410001+9999REMSYN064AAXX  05211 53853 42970 03403 11086 21135 40320 54000 333 79999;
0122538530999992000010609004+36700+110930FM-12+100699999V0203401N004012200019N0300001N1-00931-02091103331ADDGA1001+999999999GF100991001001999999001001MD1710061+9999REMSYN054AAXX  06091 53853 42980 03404 11093 21209 40333 57006;
0143538530999992000010621004+36700+110930FM-12+100699999V0209999C000012200019N0200001N1-01501-02301103341ADDGA1001+999999999GF100991001001999999001001REMSYN054AAXX  06211 53853 42970 00000 11150 21230 40334 5700/;EQDQ01+000072APCTENQ02+000002APC3  
0122538530999992000010709004+36700+110930FM-12+100699999V0209999C000012200019N0250001N1-00361-01661102481ADDGA1001+999999999GF100991001001999999001001MD1710121+9999REMSYN054AAXX  07091 53853 42975 00000 11036 21166 40248 57012;
0122538530999992000010721004+36700+110930FM-12+100699999V0209999C000012200019N0200001N1-01141-01631102411ADDGA1001+999999999GF100991001001999999001001MD1710031+9999REMSYN054AAXX  07211 53853 42970 00000 11114 21163 40241 57003;
0122538530999992000010809004+36700+110930FM-12+100699999V0209999C000012200019N0200001N1+00591-01111101791ADDGA1001+999999999GF100991001001999999001001MD1710051+9999REMSYN054AAXX  08091 53853 42970 00000 10059 21111 40179 57005;
0122538530999992000010821004+36700+110930FM-12+100699999V0209999C000012200019N0200001N1-00681-01101102021ADDGA1001+999999999GF100991001001999999001001MD1410001+9999REMSYN054AAXX  08211 53853 42970 00000 11068 21110 40202 54000;
0122538530999992000010909004+36700+110930FM-12+100699999V0203201N003012200019N0300001N1+00451-00981102211ADDGA1001+999999999GF100991001001999999001001MD1210011+9999REMSYN054AAXX  09091 53853 42980 03203 10045 21098 40221 52001;
0122538530999992000010921004+36700+110930FM-12+100699999V0209999C000012200019N0200001N1-00741-01131102231ADDGA1001+999999999GF100991001001999999001001MD1710051+9999REMSYN054AAXX  09211 53853 42970 00000 11074 21113 40223 57005;
0124538530999992000011009004+36700+110930FM-12+100699999V0201401N004019999999N0150001N1+00161-00421102301ADDGF108991081001999999021999MD1210151+9999MW1701REMSYN066AAXX  10091 53853 41965 81404 10016 21042 40230 52015 77000 8802/;
0161538530999992000011021004+36700+110930FM-12+100699999V0209999C000019999999N0110001N1-00251-00311102371ADDAA124006691AY171031AY271031GF108991081001999999021999MD1710071+9999MW1701REMSYN076AAXX  10211 53853 41961 80000 11025 21031 40237 57007 77077 8802/ 333 70067;
0140538530999992000011109004+36700+110930FM-12+100699999V0202701N001019999999N0090001N1-00211-00361102551ADDAY171031AY271031GF108991081001999999021999MD1210011+9999MW1701REMSYN066AAXX  11091 53853 41959 82701 11021 21036 40255 52001 77077 8802/;
0143538530999992000011121004+36700+110930FM-12+100699999V0209999C000012200019N0120001N1-01331-01431103021ADDAA124003091GA1001+999999999GF100991001001999999001001MD1710021+9999REMSYN064AAXX  11211 53853 42962 00000 11133 21143 40302 57002 333 70030;
0122538530999992000011209004+36700+110930FM-12+100699999V0202701N002012200019N0150001N1-00421-00691102961ADDGA1001+999999999GF100991001001999999001001MD1210021+9999REMSYN054AAXX  12091 53853 42965 02702 11042 21069 40296 52002;
0141538530999992000011221004+36700+110930FM-12+100699999V0209999C000012200019N0120001N1-01381-01521102701ADDGA1001+999999999GF100991001001999999001001MD1711192+9999REMSYN054AAXX  12211 53853 42962 00000 11138 21152 40270 57119;EQDQ01+001192APC3  
0112538530999992000011309004+36700+110930FM-12+100699999V0202501N001012200019N0210001N1-00611-01011102741ADDGF101991001001999999001021MD1210121+9999REMSYN060AAXX  13091 53853 42971 12501 11061 21101 40274 52012 80002;
0126538530999992000011321004+36700+110930FM-12+100699999V0209999C000012200019N0140001N1-01401-01561102961ADDGA1001+999999999GF100991001001999999001001MD1210141+9999REMSYN058    AAXX  13211 53853 42964 00000 11140 21156 40296 52014;
0116538530999992000011409004+36700+110930FM-12+100699999V0209999C000019999999N0150001N1-00291-00791102531ADDGF107991001001999999001021MD1710031+9999REMSYN064    AAXX  14091 53853 42965 70000 11029 21079 40253 57003 80002;
0165538530999992000011421004+36700+110930FM-12+100699999V0209999C000019999999N0080001N1-00541-00611102581ADDAA124002391AY171031AY271031GF108991081001999999021999MD1710041+9999MW1701REMSYN080    AAXX  14211 53853 41958 80000 11054 21061 40258 57004 77077 8802/ 333 70024;
0136538530999992000011509004+36700+110930FM-12+100699999V0209999C000019999999N0150001N1-00321-00671102691ADDAY171031GF107991071001999999031001MD1210011+9999MW1221REMSYN070    AAXX  15091 53853 41965 70000 11032 21067 40269 52001 72270 87030;
0137538530999992000011521004+36700+110930FM-12+100699999V0200201N002019999999N0130001N1-01121-01301103341ADDAA124000891GF108991081001999999021999MD1210051+9999REMSYN074    AAXX  15211 53853 42963 80202 11112 21130 40334 52005 8802/ 333 70008;
0116538530999992000011609004+36700+110930FM-12+100699999V0202901N003019999999N0180001N1-00541-01431103501ADDGF108991081001999999021999MD1210061+9999REMSYN064    AAXX  16091 53853 42968 82903 11054 21143 40350 52006 8802/;
0126538530999992000011621004+36700+110930FM-12+100699999V0209999C000012200019N0150001N1-01161-01381103511ADDGA1001+999999999GF100991001001999999001001MD1710091+9999REMSYN058    AAXX  16211 53853 42965 00000 11116 21138 40351 57009;
0126538530999992000011709004+36700+110930FM-12+100699999V0202201N001012200019N0250001N1-00151-01131103201ADDGA1001+999999999GF100991001001999999001001MD1710021+9999REMSYN058    AAXX  17091 53853 42975 02201 11015 21113 40320 57002;
0126538530999992000011721004+36700+110930FM-12+100699999V0209999C000012200019N0150001N1-01281-01551103461ADDGA1001+999999999GF100991001001999999001001MD1210011+9999REMSYN058    AAXX  17211 53853 42965 00000 11128 21155 40346 52001;
0126538530999992000011809004+36700+110930FM-12+100699999V0203401N004012200019N0250001N1-00591-01801103791ADDGA1001+999999999GF100991001001999999001001MD1710091+9999REMSYN058    AAXX  18091 53853 42975 03404 11059 21180 40379 57009;
0126538530999992000011821004+36700+110930FM-12+100699999V0201101N001012200019N0180001N1-01721-02241104121ADDGA1001+999999999GF100991001001999999001001MD1210111+9999REMSYN058    AAXX  18211 53853 42968 01101 11172 21224 40412 52011;
0145538530999992000011909004+36700+110930FM-12+100699999V0201801N003012200019N0300001N1-00611-01691103521ADDGA1001+999999999GF100991001001999999001001MD1710552+9999REMSYN058    AAXX  19091 53853 42980 01803 11061 21169 40352 57055;EQDQ01+000552APC3  
0122538530999992000011921004+36700+110930FM-12+100699999V0209999C000012200019N0180001N1-01571-02131103591ADDGA1001+999999999GF100991001001999999001001MD1710101+9999REMSYN054AAXX  19211 53853 42968 00000 11157 21213 40359 57010;
0112538530999992000012009004+36700+110930FM-12+100699999V0202001N001012200019N0280001N1+00031-01331103331ADDGF101991001001999999001021MD1710161+9999REMSYN060AAXX  20091 53853 42978 12001 10003 21133 40333 57016 80002;
0112538530999992000012021004+36700+110930FM-12+100699999V0201801N001019999999N0200001N1-00821-01401103301ADDGF108991081001999999011999MD1710071+9999REMSYN060AAXX  20211 53853 42970 81801 11082 21140 40330 57007 8801/;
0140538530999992000012109004+36700+110930FM-12+100699999V0201801N007019999999N0150001N1-00541-00921103081ADDAY171031AY271031GF108991081001999999011999MD1710041+9999MW1701REMSYN066AAXX  21091 53853 41965 81807 11054 21092 40308 57004 77077 8801/;
0153538530999992000012121004+36700+110930FM-12+100699999V0209999C000019999999N0120001N1-00711-00841102961ADDAA124000591AY171031GF108991081001999999021999MD1710081+9999MW1001REMSYN076AAXX  21211 53853 41962 80000 11071 21084 40296 57008 70070 8802/ 333 70005;
0112538530999992000012209004+36700+110930FM-12+100699999V0203201N002012200019N0170001N1-00261-00791102771ADDGF101991011001999999031001MD1210031+9999REMSYN060AAXX  22091 53853 42967 13202 11026 21079 40277 52003 81030;
0133538530999992000012221004+36700+110930FM-12+100699999V0203601N002019999999N0180001N1-01161-01341103231ADDAA124000791GF108991001001999999001071MD1210011+9999REMSYN070AAXX  22211 53853 42968 83602 11116 21134 40323 52001 80007 333 79999;
0086538530999992000012309004+36700+110930FM-12+100699999V02099999999999999999N0200001N1-00281-01051999999ADDMD1210041+9999REMSYN060AAXX  23091 53853 4/070 //603 11028 21105 403/0 52004 80002;
0112538530999992000012312004+36700+110930FM-12+100699999V02099999999992200019N0200001N1-00281-01091103401ADDGF102991001001999999001021MD1210041+9999REMSYN060AAXX  23121 53853 42970 23/03 11028 21109 40340 52004 80002;
0112538530999992000012321004+36700+110930FM-12+100699999V0203601N002019999999N0300001N1-00941-01241103911ADDGF107991001001999999001021MD1210031+9999REMSYN060AAXX  23211 53853 42980 73602 11094 21124 40391 52003 80002;
0122538530999992000012409004+36700+110930FM-12+100699999V0203601N001012200019N0200001N1-00581-01381104161ADDGA1001+999999999GF100991001001999999001001MD1210031+9999REMSYN054AAXX  24091 53853 42970 03601 11058 21138 40416 52003;
0122538530999992000012509004+36700+110930FM-12+100699999V0203201N005012200019N0250001N1-00871-02071104691ADDGA1001+999999999GF100991001001999999001001MD1210041+9999REMSYN054AAXX  25091 53853 42975 03205 11087 21207 40469 52004;
0122538530999992000012521004+36700+110930FM-12+100699999V0209999C000012200019N0200001N1-01721-02191105101ADDGA1001+999999999GF100991001001999999001001MD1710031+9999REMSYN054AAXX  25211 53853 42970 00000 11172 21219 40510 57003;
0122538530999992000012609004+36700+110930FM-12+100699999V0203401N003012200019N0250001N1-00991-02241104861ADDGA1001+999999999GF100991001001999999001001MD1710061+9999REMSYN054AAXX  26091 53853 42975 03403 11099 21224 40486 57006;
0122538530999992000012621004+36700+110930FM-12+100699999V0209999C000012200019N0200001N1-01931-02261104861ADDGA1001+999999999GF100991001001999999001001MD1710121+9999REMSYN054AAXX  26211 53853 42970 00000 11193 21226 40486 57012;
0122538530999992000012709004+36700+110930FM-12+100699999V0202001N001012200019N0200001N1-00471-01701104131ADDGA1001+999999999GF100991001001999999001001MD1710151+9999REMSYN054AAXX  27091 53853 42970 02001 11047 21170 40413 57015;
0112538530999992000012809004+36700+110930FM-12+100699999V0203401N003012200019N0250001N1-00461-01831103691ADDGF102991001001999999001021MD1410001+9999REMSYN060AAXX  28091 53853 42975 23403 11046 21183 40369 54000 80002;
0122538530999992000012821004+36700+110930FM-12+100699999V0203601N001012200019N0200001N1-01311-01811104151ADDGA1001+999999999GF100991001001999999001001MD1210071+9999REMSYN054AAXX  28211 53853 42970 03601 11131 21181 40415 52007;
0122538530999992000012909004+36700+110930FM-12+100699999V0203201N006012200019N0220001N1-00871-02171104781ADDGA1001+999999999GF100991001001999999001001MD1210081+9999REMSYN054AAXX  29091 53853 42972 03206 11087 21217 40478 52008;
0122538530999992000012921004+36700+110930FM-12+100699999V0209999C000012200019N0200001N1-01791-02291105191ADDGA1001+999999999GF100991001001999999001001MD1410001+9999REMSYN054AAXX  29211 53853 42970 00000 11179 21229 40519 54000;
0112538530999992000013009004+36700+110930FM-12+100699999V0203401N003019999999N0200001N1-01081-02021105281ADDGF106991001001999999001021MD1710041+9999REMSYN060AAXX  30091 53853 42970 63403 11108 21202 40528 57004 80002;
0128538530999992000013109004+36700+110930FM-12+100699999V02099999999992200019N0000001N1-00681-02101104241ADDGA1001+999999999GF100991001001999999001001MD1710161+9999REMSYN060AAXX  31091 53853 42900 00/// 11068 21210 40424 57016 80002;
0112538530999992000013121004+36700+110930FM-12+100699999V0209999C000019999999N0130001N1-01291-01551103941ADDGF106991001001999999001021MD1710151+9999REMSYN060AAXX  31211 53853 42963 60000 11129 21155 40394 57015 80002;
0122538530999992000020109004+36700+110930FM-12+100699999V0209999C000012200019N0200001N1-00371-01421103291ADDGA1001+999999999GF100991001001999999001001MD1710111+9999REMSYN054AAXX  01091 53853 42970 00000 11037 21142 40329 57011;
0133538530999992000020121004+36700+110930FM-12+100699999V0209999C000012200019N0150001N1-01161-01431103441ADDAA124000791GF102991001001999999001021MD1410001+9999REMSYN070AAXX  01211 53853 42965 20000 11116 21143 40344 54000 80002 333 79999;
0122538530999992000020209004+36700+110930FM-12+100699999V0203601N003012200019N0170001N1-00591-01801103391ADDGA1001+999999999GF100991001001999999001001MD1710051+9999REMSYN054AAXX  02091 53853 42967 03603 11059 21180 40339 57005;
0122538530999992000020221004+36700+110930FM-12+100699999V0209999C000012200019N0200001N1-01791-02121103751ADDGA1001+999999999GF100991001001999999001001MD1210011+9999REMSYN054AAXX  02211 53853 42970 00000 11179 21212 40375 52001;
0112538530999992000020309004+36700+110930FM-12+100699999V0203401N001019999999N0250001N1-00161-01901103361ADDGF107991001001999999001021MD1710121+9999REMSYN060AAXX  03091 53853 42975 73401 11016 21190 40336 57012 80002;
0112538530999992000020409004+36700+110930FM-12+100699999V0209999C000019999999N0180001N1-00091-01351102881ADDGF107991001001999999001081MD1710101+9999REMSYN060AAXX  04091 53853 42968 70000 11009 21135 40288 57010 80008;
0153538530999992000020421004+36700+110930FM-12+100699999V0209999C000019999999N0150001N1-00451-00731102821ADDAA124000591AY171031GF108991081001999999021999MD1710051+9999MW1001REMSYN076AAXX  04211 53853 41965 80000 11045 21073 40282 57005 70070 8802/ 333 70005;
0122538530999992000020509004+36700+110930FM-12+100699999V0202701N002012200019N0150001N1+00261-00901102651ADDGA1001+999999999GF100991001001999999001001MD1710061+9999REMSYN054AAXX  05091 53853 42965 02702 10026 21090 40265 57006;
0122538530999992000020521004+36700+110930FM-12+100699999V0209999C000012200019N0150001N1-01031-01381102781ADDGA1001+999999999GF100991001001999999001001MD1710081+9999REMSYN054AAXX  05211 53853 42965 00000 11103 21138 40278 57008;
0112538530999992000020609004+36700+110930FM-12+100699999V0203401N009019999999N0150001N1+00101-01081102741ADDGF107991021001999999031021MD1210321+9999REMSYN060AAXX  06091 53853 42965 73409 10010 21108 40274 52032 82032;
0122538530999992000020621004+36700+110930FM-12+100699999V0203401N004012200019N0250001N1-01131-01781103691ADDGA1001+999999999GF100991001001999999001001MD1210121+9999REMSYN054AAXX  06211 53853 42975 03404 11113 21178 40369 52012;
0122538530999992000020709004+36700+110930FM-12+100699999V0203201N003012200019N0300001N1-00251-01721103301ADDGA1001+999999999GF100991001001999999001001MD1710111+9999REMSYN054AAXX  07091 53853 42980 03203 11025 21172 40330 57011;
0122538530999992000020721004+36700+110930FM-12+100699999V0209999C000012200019N0250001N1-01331-01871103081ADDGA1001+999999999GF100991001001999999001001MD1710041+9999REMSYN054AAXX  07211 53853 42975 00000 11133 21187 40308 57004;
0112538530999992000020809004+36700+110930FM-12+100699999V0209999C000012200019N0300001N1+00431-01251102531ADDGF101991001001999999001021MD1710161+9999REMSYN060AAXX  08091 53853 42980 10000 10043 21125 40253 57016 80002;
0122538530999992000020821004+36700+110930FM-12+100699999V0209999C000012200019N0200001N1-00561-01281102201ADDGA1001+999999999GF100991001001999999001001MD1710151+9999REMSYN054AAXX  08211 53853 42970 00000 11056 21128 40220 57015;
0112538530999992000020909004+36700+110930FM-12+100699999V0202201N001012200019N0220001N1+00391-01331101861ADDGF102991021001999999031001MD1710101+9999REMSYN060AAXX  09091 53853 42972 22201 10039 21133 40186 57010 82030;
0122538530999992000020921004+36700+110930FM-12+100699999V0209999C000012200019N0200001N1-00661-01081101971ADDGA1001+999999999GF100991001001999999001001MD1710071+9999REMSYN054AAXX  09211 53853 42970 00000 11066 21108 40197 57007;
0122538530999992000021009004+36700+110930FM-12+100699999V0203601N004012200019N0280001N1+00491-01221102001ADDGA1001+999999999GF100991001001999999001001MD1210061+9999REMSYN054AAXX  10091 53853 42978 03604 10049 21122 40200 52006;
0116538530999992000021021004+36700+110930FM-12+100699999V0209999C000012200019N0200001N1-00811+99999102411ADDGA1001+999999999GF100991001001999999001001MD1710011+9999REMSYN048AAXX  10211 53853 42970 00000 11081 40241 57001;
0112538530999992000021109004+36700+110930FM-12+100699999V0202001N001012200019N0250001N1+00981-02101101801ADDGF101991001001999999001021MD1710191+9999REMSYN060AAXX  11091 53853 42975 12001 10098 21210 40180 57019 80002;
0122538530999992000021121004+36700+110930FM-12+100699999V0209999C000012200019N0200001N1+00021-00751999999ADDGA1001+999999999GF100991001001999999001001MD1710071+9999REMSYN054AAXX  11211 53853 42970 00000 10002 21075 401/4 57007;
0122538530999992000021209004+36700+110930FM-12+100699999V0202701N005012200019N0170001N1+01021-00711101481ADDGA1001+999999999GF100991001001999999001001MD1710071+9999REMSYN054AAXX  12091 53853 42967 02705 10102 21071 40148 57007;
0112538530999992000021221004+36700+110930FM-12+100699999V0203401N006019999999N0150001N1+00131-01241102031ADDGF108991081001999999021999MD1210021+9999REMSYN060AAXX  12211 53853 42965 83406 10013 21124 40203 52002 8802/;
0122538530999992000021309004+36700+110930FM-12+100699999V0203401N006012200019N0220001N1+00241-01651102351ADDGA1001+999999999GF100991001001999999001001MD1710061+9999REMSYN054AAXX  13091 53853 42972 03406 10024 21165 40235 57006;
0122538530999992000021321004+36700+110930FM-12+100699999V0209999C000012200019N0200001N1-00721-01681103031ADDGA1001+999999999GF100991001001999999001001MD1210021+9999REMSYN054AAXX  13211 53853 42970 00000 11072 21168 40303 52002;
0112538530999992000021409004+36700+110930FM-12+100699999V0203201N007012200019N0300001N1+00091-01691102891ADDGF104991001001999999001021MD1710071+9999REMSYN060AAXX  14091 53853 42980 43207 10009 21169 40289 57007 80002;
0112538530999992000021509004+36700+110930FM-12+100699999V0200201N002012200019N0300001N1+00171-01601102751ADDGF101991001001999999001021MD1710141+9999REMSYN060AAXX  15091 53853 42980 10202 10017 21160 40275 57014 80002;
0122538530999992000021521004+36700+110930FM-12+100699999V0209999C000012200019N0200001N1-00941-01781102481ADDGA1001+999999999GF100991001001999999001001MD1710161+9999REMSYN054AAXX  15211 53853 42970 00000 11094 21178 40248 57016;
0112538530999992000021609004+36700+110930FM-12+100699999V0202201N001019999999N0300001N1+00831-01261101961ADDGF106991001001999999001021MD1710111+9999REMSYN060AAXX  16091 53853 42980 62201 10083 21126 40196 57011 80002;
0112538530999992000021709004+36700+110930FM-12+100699999V0201401N005019999999N0300001N1+00981-01521101781ADDGF107991001001999999001021MD1710191+9999REMSYN060AAXX  17091 53853 42980 71405 10098 21152 40178 57019 80002;
0132538530999992000021909004+36700+110930FM-12+100699999V0203401N004010075019N0180001N1-00011-00151102171ADDAY171031GF108991061071008001021999MD1219999+9999MW1001REMSYN066AAXX  19091 53853 41568 83404 11001 21015 40217 52/02 70070 8672/;
0133538530999992000021921004+36700+110930FM-12+100699999V0209999C000019999999N0200001N1-00651-00771102481ADDAA124000591GF106991001001999999001021MD1710151+9999REMSYN070AAXX  19211 53853 42970 60000 11065 21077 40248 57015 80002 333 70004;
0112538530999992000022009004+36700+110930FM-12+100699999V0203601N001012200019N0300001N1+00351-02231102201ADDGF101991001001999999001021MD1710121+9999REMSYN060AAXX  20091 53853 42980 13601 10035 21223 40220 57012 80002;
0092538530999992000022021004+36700+110930FM-12+100699999V0209999C000019999999N0300001N1-00641-01351102191ADDGF107991001001999999001021REMSYN054AAXX  20211 53853 42980 70000 11064 21135 40219 80002;
0112538530999992000022121004+36700+110930FM-12+100699999V0209999C000019999999N0250001N1-00291-00531102131ADDGF107991071001999999031999MD1210031+9999REMSYN060AAXX  21211 53853 42975 70000 11029 21053 40213 52003 8703/;
0122538530999992000022221004+36700+110930FM-12+100699999V0209999C000012200019N0150001N1-00361-00511102661ADDGA1001+999999999GF100991001001999999001001MD1210031+9999REMSYN054AAXX  22211 53853 42965 00000 11036 21051 40266 52003;
0112538530999992000022309004+36700+110930FM-12+100699999V0203401N004019999999N0200001N1+00511-01311102531ADDGF108991001001999999001071MD1710041+9999REMSYN060AAXX  23091 53853 42970 83404 10051 21131 40253 57004 80007;
0112538530999992000022321004+36700+110930FM-12+100699999V0209999C000019999999N0200001N1-00181-01421102901ADDGF108991001001999999001071MD1710091+9999REMSYN060AAXX  23211 53853 42970 80000 11018 21142 40290 57009 80007;
0112538530999992000022409004+36700+110930FM-12+100699999V0202201N003019999999N0250001N1+00241-01081102801ADDGF108991081001999999011999MD1710021+9999REMSYN060AAXX  24091 53853 42975 82203 10024 21108 40280 57002 8801/;
0142538530999992000022421004+36700+110930FM-12+100699999V0202901N002012200019N0200001N1-00621-00941103301ADDAY171031GA1001+999999999GF100991001001999999001001MD1710081+9999MW1001REMSYN060AAXX  24211 53853 41970 02902 11062 21094 40330 57008 70070;
0112538530999992000022509004+36700+110930FM-12+100699999V0203401N004012200019N0200001N1+00031-01351102951ADDGF102991021011008001001001MD1710081+9999REMSYN060AAXX  25091 53853 42570 23404 10003 21135 40295 57008 82100;
0122538530999992000022521004+36700+110930FM-12+100699999V0200901N003012200019N0200001N1-00521-01581103041ADDGA1001+999999999GF100991001001999999001001MD1710021+9999REMSYN054AAXX  25211 53853 42970 00903 11052 21158 40304 57002;
0122538530999992000022609004+36700+110930FM-12+100699999V0202901N005012200019N0300001N1+00531-01151102601ADDGA1001+999999999GF100991001001999999001001MD1710121+9999REMSYN054AAXX  26091 53853 42980 02905 10053 21115 40260 57012;
0112538530999992000022709004+36700+110930FM-12+100699999V0203401N003012200019N0300001N1+00831-01911102371ADDGF104991001001999999001021MD1710101+9999REMSYN060AAXX  27091 53853 42980 43403 10083 21191 40237 57010 80002;
0122538530999992000022721004+36700+110930FM-12+100699999V0209999C000012200019N0230001N1-00511-01781102791ADDGA1001+999999999GF100991001001999999001001MD1210051+9999REMSYN054AAXX  27211 53853 42973 00000 11051 21178 40279 52005;
0112538530999992000022809004+36700+110930FM-12+100699999V0209999C000012200019N0250001N1+00921-01771102721ADDGF101991011011008001001001MD1710101+9999REMSYN060AAXX  28091 53853 42575 10000 10092 21177 40272 57010 81100;
0122538530999992000022821004+36700+110930FM-12+100699999V0209999C000012200019N0200001N1-00281-01001102891ADDGA1001+999999999GF100991001001999999001001MD1710131+9999REMSYN054AAXX  28211 53853 42970 00000 11028 21100 40289 57013;
0112538530999992000022909004+36700+110930FM-12+100699999V0201101N003010120019N0200001N1+00901-01031102301ADDGF106991061041012501001001MD1710231+9999REMSYN060AAXX  29091 53853 42670 61103 10090 21103 40230 57023 86400;
0112538530999992000030109004+36700+110930FM-12+100699999V0202201N003019999999N0200001N1+01101-00391102091ADDGF107991001001999999001021MD1710101+9999REMSYN060AAXX  01091 53853 42970 72203 10110 21039 40209 57010 80002;
0080538530999992000031409004+36700+110930FM-12+100699999V0202201N008019999999N9999999N1+01441-00711999999ADDMD1710321+9999REMSYN054AAXX  14091 53853 4296/ /2208 10144 21071 57032 80002;
0122538530999992000031509004+36700+110930FM-12+100699999V0203201N003012200019N0300001N1+00961-01171101761ADDGA1001+999999999GF100991001001999999001001MD1710081+9999REMSYN054AAXX  15091 53853 42980 03203 10096 21117 40176 57008;
0122538530999992000031521004+36700+110930FM-12+100699999V0209999C000012200019N0250001N1-00251-00511101941ADDGA1001+999999999GF100991001001999999001001MD1710091+9999REMSYN054AAXX  15211 53853 42975 00000 11025 21051 40194 57009;
0112538530999992000031609004+36700+110930FM-12+100699999V0203401N003019999999N0300001N1+01151-00971101641ADDGF107991011001999999031021MD1710111+9999REMSYN060AAXX  16091 53853 42980 73403 10115 21097 40164 57011 81032;
0112538530999992000031709004+36700+110930FM-12+100699999V0202901N005019999999N0300001N1+01431-01091101211ADDGF107991001001999999001081MD1710151+9999REMSYN060AAXX  17091 53853 42980 72905 10143 21109 40121 57015 80008;
0122538530999992000031721004+36700+110930FM-12+100699999V0209999C000012200019N0250001N1+00141-00511101491ADDGA1001+999999999GF100991001001999999001001MD1210021+9999REMSYN054AAXX  17211 53853 42975 00000 10014 21051 40149 52002;
0122538530999992000031809004+36700+110930FM-12+100699999V02099999999992200019N0120001N1+01291-01341101681ADDGA1001+999999999GF100991001001999999001001MD1710081+9999REMSYN054AAXX  18091 53853 42962 03805 10129 21134 40168 57008;
0122538530999992000031821004+36700+110930FM-12+100699999V0209999C000012200019N0250001N1-00051-01531102071ADDGA1001+999999999GF100991001001999999001001MD1710021+9999REMSYN054AAXX  18211 53853 42975 00000 11005 21153 40207 57002;
0131538530999992000031921004+36700+110930FM-12+100699999V0201401N004019999999N0200001N1+00571-00851101311ADDGF108991001001999999999999MD1710161+9999REMSYN060AAXX  19211 53853 42970 81404 10057 21085 40131 57016 807//;EQDQ01+000072SCOLCG
0122538530999992000032009004+36700+110930FM-12+100699999V0209999C000012200019N0170001N1+01381-00221101081ADDGA1001+999999999GF100991001001999999001001MD1710111+9999REMSYN054AAXX  20091 53853 42967 00000 10138 21022 40108 57011;
0112538530999992000032109004+36700+110930FM-12+100699999V0201601N002019999999N0150001N1+01621-00221101331ADDGF108991001001999999001071MD1710151+9999REMSYN060AAXX  21091 53853 42965 81602 10162 21022 40133 57015 80007;
0112538530999992000032209004+36700+110930FM-12+100699999V0203401N003019999999N0120001N1+00481-00791102691ADDGF108991081001999999011999MD1710101+9999REMSYN060AAXX  22091 53853 42962 83403 10048 21079 40269 57010 8801/;
0133538530999992000032221004+36700+110930FM-12+100699999V0209999C000019999999N0160001N1-00201-01681103171ADDAA124001591GF108991001001999999001071MD1719999+9999REMSYN070AAXX  22211 53853 42966 80000 11020 21168 40317 570/4 80007 333 70015;
0122538530999992000032309004+36700+110930FM-12+100699999V0203401N008012200019N0170001N1+00941-02231102571ADDGA1001+999999999GF100991001001999999001001MD1710141+9999REMSYN054AAXX  23091 53853 42967 03408 10094 21223 40257 57014;
0112538530999992000032409004+36700+110930FM-12+100699999V0203401N005019999999N0250001N1+01221-02131102361ADDGF106991001001999999001021MD1710121+9999REMSYN060AAXX  24091 53853 42975 63405 10122 21213 40236 57012 80002;
0112538530999992000032509004+36700+110930FM-12+100699999V0203201N005019999999N0300001N1+01401-01371102501ADDGF107991001001999999001021MD1710171+9999REMSYN060AAXX  25091 53853 42980 73205 10140 21137 40250 57017 80002;
0112538530999992000032609004+36700+110930FM-12+100699999V0202701N007019999999N0300001N1+01741-02271101281ADDGF105991001001999999001021MD1710371+9999REMSYN060AAXX  26091 53853 42980 52707 10174 21227 40128 57037 80002;
0149538530999992000032621004+36700+110930FM-12+100699999V0203201N007012200019N0150001N1+01221-01481100701ADDGA1001+999999999GF100991001001999999001001MD1710031+9999OA130601801REMSYN070AAXX  26211 53853 42965 03207 10122 21148 40070 57003 333 91118 91534;
0134538530999992000032709004+36700+110930FM-12+100699999V0203401N012012200019N0050001N1+01101-02361101121ADDGA1001+999999999GF100991001001999999001001MD1219999+9999MW1071REMSYN060AAXX  27091 53853 41950 03412 10110 21236 40112 520/2 70700;
0112538530999992000032809004+36700+110930FM-12+100699999V0203201N005019999999N0300001N1+01391-00991102071ADDGF107991001001999999001021MD1710111+9999REMSYN060AAXX  28091 53853 42980 73205 10139 21099 40207 57011 80002;
0122538530999992000032821004+36700+110930FM-12+100699999V0209999C000012200019N9999999N1+00211-01731102071ADDGA1001+999999999GF100991001001999999001001MD1710051+9999REMSYN054AAXX  28211 53853 4275/ 00000 10021 21173 40207 57005;
0122538530999992000032909004+36700+110930FM-12+100699999V0202201N002012200019N0200001N1+02271-00551101011ADDGA1001+999999999GF100991001001999999001001MD1710261+9999REMSYN054AAXX  29091 53853 42970 02202 10227 21055 40101 57026;
0143538530999992000032921004+36700+110930FM-12+100699999V0209999C000012200019N0200001N1+00621-00841100761ADDAA124000591GA1001+999999999GF100991001001999999001001MD1710101+9999REMSYN064AAXX  29211 53853 42970 00000 10062 21084 40076 57010 333 70006;
0112538530999992000033009004+36700+110930FM-12+100699999V0203601N003012200019N0250001N1+02381-00341100281ADDGF102991001001999999001021MD1710121+9999REMSYN060AAXX  30091 53853 42975 23603 10238 21034 40028 57012 80002;
0112538530999992000033109004+36700+110930FM-12+100699999V0201101N004019999999N0170001N1+01871-00261100801ADDGF107991001001999999001021MD1710091+9999REMSYN060AAXX  31091 53853 42967 71104 10187 21026 40080 57009 80002;
0112538530999992000040109004+36700+110930FM-12+100699999V0201801N003010360019N0150001N1+00891+00491101491ADDGF108991021051017501021999MD1710071+9999REMSYN060AAXX  01091 53853 42765 81803 10089 20049 40149 57007 8252/;
0112538530999992000040209004+36700+110930FM-12+100699999V0203401N002019999999N0300001N1+01801-01191101601ADDGF108991001001999999001071MD1710061+9999REMSYN060AAXX  02091 53853 42980 83402 10180 21119 40160 57006 80007;
0112538530999992000040309004+36700+110930FM-12+100699999V0202901N001019999999N0300001N1+01921-01041101191ADDGF108991001001999999001071MD1710261+9999REMSYN060AAXX  03091 53853 42980 82901 10192 21104 40119 57026 80007;
0112538530999992000040409004+36700+110930FM-12+100699999V0203601N007019999999N0120001N1+01231-02501101941ADDGF106991001001999999001021MD1710011+9999REMSYN060AAXX  04091 53853 42962 63607 10123 21250 40194 57001 80002;
0112538530999992000040509004+36700+110930FM-12+100699999V0201601N003012200019N0300001N1+01341-02351101871ADDGF101991001001999999001021MD1710341+9999REMSYN060AAXX  05091 53853 42980 11603 10134 21235 40187 57034 80002;
0180538530999992000102806004+36690+110930FM-12+100699999V0203401N006010075019N0180001N1+01121+00571102691ADDAA106000191AY161061AY241061GF106991061011008001001021KA1999N+00511MD1710101+9999MW1001REMSYN082AAXX  28061 53853 11568 63406 10112 20057 40269 57010 69911 70064 86102 333 20051;
