0152569860999992000010100004+23580+103870FM-12+142399999V0201601N003012200019N0300001N1+99999+99999101931ADDAA106000091GA1001+999999999GF100991001001999999001001MD1210081+9999REMSYN054AAXX  01001 56986 32980 01603 20047 40193 52008 80102;EQDQ01  00002PRCP06
0181569860999992000010106004+23580+103870FM-12+142399999V0202901N005012200019N0300001N1+01991+00321101441ADDAA106000091GA1001+999999999GF100991001001999999001001KA1999N+00531MD1710281+0101REMSYN070AAXX  01061 56986 32980 02905 10199 20032 40144 57028 333 00102 20053;EQDQ01  00002PRCP06
0162569860999992000010112004+23580+103870FM-12+142399999V0201601N001012200019N0150001N1+01291+00611101891ADDAA106000091GA1001+999999999GF100991001001999999001001MD1210251+0011REMSYN064AAXX  01121 56986 32965 01601 10129 20061 40189 52025 333 00102;EQDQ01  00002PRCP06
0171569860999992000010118004+23580+103870FM-12+142399999V0201801N003019999999N0100001N1+00931+00871101721ADDAA106000091GF108991081041999999999999KA1999M+02071MD1710041+0101REMSYN076AAXX  01181 56986 32/60 81803 10093 20087 40172 57004 884// 333 00100 10207;EQDQ01  00002PRCP06
0122569860999992000010121004+23580+103870FM-12+142399999V0202001N001019999999N0100001N1+01081+00951999999ADDGF108991081041999999999999MD1710021+0021REMSYN070AAXX  01211 56986 42/60 82001 10108 20095 40065 57002 884// 333 00204;
0152569860999992000010200004+23580+103870FM-12+142399999V0201601N002010012019N0150001N1+01001+00891102041ADDAA106000091GF108991081041001501999999MD1210131+0021REMSYN070AAXX  02001 56986 32265 81602 10100 20089 40204 52013 884// 333 00203;EQDQ01  00002PRCP06
0171569860999992000010206004+23580+103870FM-12+142399999V0201101N004012200019N0200001N1+01391+00861101961ADDAA106000091GF102991021011008001001001KA1999N+00851MD1710221+0301REMSYN076AAXX  02061 56986 32570 21104 10139 20086 40196 57022 82100 333 00356 20085;EQDQ01  00002PRCP06
0162569860999992000010212004+23580+103870FM-12+142399999V0201601N003012200019N0100001N1+01071+00821101841ADDAA106000091GA1001+999999999GF100991001001999999001001MD1210081+0001REMSYN064AAXX  02121 56986 32960 01603 10107 20082 40184 52008 333 00052;EQDQ01  00002PRCP06
0181569860999992000010218004+23580+103870FM-12+142399999V0201601N003012200019N0100001N1+00811+00691101831ADDAA106000091GA1001+999999999GF100991001001999999001001KA1999M+01551MD1710061-0101REMSYN070AAXX  02181 56986 32960 01603 10081 20069 40183 57006 333 05151 10155;EQDQ01  00002PRCP06
0122569860999992000010221004+23580+103870FM-12+142399999V0209999C000019999999N0100001N1+00961+00851101601ADDGF108991081999001501999999MD1710131+0021REMSYN070AAXX  02211 56986 42260 80000 10096 20085 40160 57013 88/// 333 05251;
0186569860999992000010300004+23580+103870FM-12+142399999V0201801N001010024019N0100001N1+00811+00751999999ADDAA106000091GA1091+999999999GF109991091999999999999999IA2999+00409MD1210011-0301MW1471REMSYN070AAXX  03001 56986 31/60 91801 10081 20075 52001 74700 333 05352 30049;EQDQ01  00002PRCP06
0191569860999992000010306004+23580+103870FM-12+142399999V0203201N006012200019N0300001N1+01821+00761101421ADDAA106000091AY141061GF101991011011008001001001KA1999N+00701MD1710281-0401MW1001REMSYN082AAXX  03061 56986 31580 13206 10182 20076 40142 57028 70040 81100 333 05404 20070;EQDQ01  00002PRCP06
0162569860999992000010312004+23580+103870FM-12+142399999V0209999C000012200019N0100001N1+01261+00911101501ADDAA106000091GA1001+999999999GF100991001001999999001001MD1210091+0031REMSYN064AAXX  03121 56986 32960 00000 10126 20091 40150 52009 333 05302;EQDQ01  00002PRCP06
0171569860999992000010318004+23580+103870FM-12+142399999V0201101N002010012019N0100001N1+01181+01071101261ADDAA106000091GF108991081041001501999999KA1999M+02001MD1710091-0301REMSYN076AAXX  03181 56986 32260 81102 10118 20107 40126 57009 884// 333 05304 10200;EQDQ01  00002PRCP06
0122569860999992000010321004+23580+103870FM-12+142399999V0201801N002019999999N0100001N1+01131+01001101131ADDGF108991081041999999999999MD1710101+0031REMSYN070AAXX  03211 56986 42/60 81802 10113 20100 40113 57010 884// 333 05302;
0174569860999992000010400004+23580+103870FM-12+142399999V0201601N002010003019N0005001N1+00981+00921101451ADDAA106000091GA1091+999999999GF109991091999999999999999MD1210071+0021MW1471REMSYN070AAXX  04001 56986 31/05 91602 10098 20092 40145 52007 74700 333 05212;EQDQ01  00002PRCP06
0191569860999992000010406004+23580+103870FM-12+142399999V0203401N005012200019N0300001N1+01951+00871101121ADDAA106000091AY141061GF101991011011008001001001KA1999N+00861MD1710151-0101MW1001REMSYN082AAXX  04061 56986 31580 13405 10195 20087 40112 57015 70040 81100 333 05101 20086;EQDQ01  00002PRCP06
0162569860999992000010412004+23580+103870FM-12+142399999V0203401N002012200019N0100001N1+01651+00721101181ADDAA106000091GA1001+999999999GF100991001001999999001001MD1210081+0011REMSYN064AAXX  04121 56986 32960 03402 10165 20072 40118 52008 333 05104;EQDQ01  00002PRCP06
0186569860999992000010500004+23580+103870FM-12+142399999V0203201N001012200019N0300001N1+01111+00601101251ADDAA106000091GA1001+999999999GF100991001001999999001001IA2999+00369MD1210071+0001REMSYN076AAXX  05001 56986 32980 03201 10111 20060 40125 52007 333 00001 30036 57006;EQDQ01  00002PRCP06
0181569860999992000010506004+23580+103870FM-12+142399999V0203201N007012200019N0300001N1+02031-00131101051ADDAA106000091GA1001+999999999GF100991001001999999001001KA1999N+00821MD1710271-0101REMSYN070AAXX  05061 56986 32980 03207 10203 21013 40105 57027 333 05101 20082;EQDQ01  00002PRCP06
0162569860999992000010512004+23580+103870FM-12+142399999V0203201N004012200019N0100001N1+01691+00211101091ADDAA106000091GA1001+999999999GF100991001001999999001001MD1210131+0001REMSYN064AAXX  05121 56986 32960 03204 10169 20021 40109 52013 333 00000;EQDQ01  00002PRCP06
0181569860999992000010518004+23580+103870FM-12+142399999V0201401N002012200019N0100001N1+01051+00341101111ADDAA106000091GA1001+999999999GF100991001001999999001001KA1999M+02131MD1710021-0101REMSYN070AAXX  05181 56986 32960 01402 10105 20034 40111 57002 333 05101 10213;EQDQ01  00002PRCP06
0132569860999992000010521004+23580+103870FM-12+142399999V0201601N001012200019N0100001N1+00771+00361101121ADDGA1001+999999999GF100991001001999999001001MD1710061+0001REMSYN064AAXX  05211 56986 42960 01601 10077 20036 40112 57006 333 00052;
0170569860999992000010600004+23580+103870FM-12+142399999V0201601N002012200019N0300001N1+00791+00361101311ADDAA106000091GF101991011041012501001021IA2999+00209MD1210081+0001REMSYN076AAXX  06001 56986 32680 11602 10079 20036 40131 52008 81402 333 00053 30027;EQDQ01  00002PRCP06
0171569860999992000010606004+23580+103870FM-12+142399999V0202901N004019999999N0300001N1+01911-00011101101ADDAA106000091GF106991001001999999001021KA1999N+00711MD1710231+0001REMSYN076AAXX  06061 56986 32980 62904 10191 21001 40110 57023 80002 333 00051 20071;EQDQ01  00002PRCP06
0152569860999992000010612004+23580+103870FM-12+142399999V0201601N003012200019N0100001N1+01371+00201101451ADDAA106000091GF102991011041012501001021MD1210211+0021REMSYN070AAXX  06121 56986 32660 21603 10137 2002/ 40145 52021 81402 333 00253;EQDQ01  00002PRCP06
0152569860999992000010700004+23580+103870FM-12+142399999V0201601N003010360019N0200001N1+00951+00781101591ADDAA106000091GF107991021041001501041001MD1210051+0021REMSYN070AAXX  07001 56986 32270 71603 10095 20078 40159 52005 82440 333 00202;EQDQ01  00002PRCP06
0171569860999992000010706004+23580+103870FM-12+142399999V0201601N004012200019N0300001N1+01711+01221101321ADDAA106000091GF102991021011002501001021KA1999N+00821MD1710251+0101REMSYN076AAXX  07061 56986 32380 21604 10171 20122 40132 57025 82102 333 00152 20082;EQDQ01  00002PRCP06
0151569860999992000010712004+23580+103870FM-12+142399999V0202701N002019999999N0050001N1+01431+01281101491ADDAA106000191GF108991081071999999999999MD1210211+0011MW1801REMSYN082AAXX  07121 56986 11/50 82702 10143 20128 40149 52021 69911 78000 887// 333 00101;
0178569860999992000010718004+23580+103870FM-12+142399999V0209999C000010006019N0100001N1+01241+01121101281ADDAA106000791AY181061GF107991071041000751999999KA1999M+01831MD1710071-0201MW1001REMSYN088AAXX  07181 56986 11160 70000 10124 20112 40128 57007 69901 70080 874// 333 05203 10183;
0159569860999992000010721004+23580+103870FM-12+142399999V0209999C000010012019N0100001N1+01161+01111101131ADDAA124003091AY181031GF107991071041001501999999MD1710171-0201MW1801REMSYN082AAXX  07211 56986 41260 70000 10116 20111 40113 57017 78080 874// 333 05202 70031;
0165569860999992000010800004+23580+103870FM-12+142399999V0203401N003019999999N0130001N1+01171+01031101341ADDAA106003091AY181061GF105991051041999999001001MD1210141-0101MW1281REMSYN088AAXX  08001 56986 11/63 53403 10117 20103 40134 52014 60031 72880 85400 333 05102 70032;
0171569860999992000010806004+23580+103870FM-12+142399999V0203201N005012200019N0300001N1+01871+00621101061ADDAA106000091GF101991011011008001001001KA1999N+01051MD1710271-0101REMSYN076AAXX  08061 56986 32580 13205 10187 20062 40106 57027 81100 333 05102 20105;EQDQ01  00002PRCP06
0162569860999992000010812004+23580+103870FM-12+142399999V0209999C000012200019N0120001N1+01521+00601101211ADDAA106000091GA1001+999999999GF100991001001999999001001MD1210171+0021REMSYN064AAXX  08121 56986 32962 00000 10152 20060 40121 52017 333 05201;EQDQ01  00002PRCP06
0181569860999992000010818004+23580+103870FM-12+142399999V0201601N001012200019N0120001N1+00921+00471101321ADDAA106000091GA1001+999999999GF100991001001999999001001KA1999M+02031MD1710031+0001REMSYN070AAXX  08181 56986 32962 01601 10092 20047 40132 57003 333 00053 10203;EQDQ01  00002PRCP06
0149569860999992000010821004+23580+103870FM-12+142399999V0209999C000012200019N0100001N1+00881+00491101191ADDAA124000191GA1001+999999999GF100991001001999999001001MD1710101+0101REMSYN070AAXX  08211 56986 42960 00000 10088 20049 40119 57010 333 00153 70001;
0180569860999992000010900004+23580+103870FM-12+142399999V0201601N001012200019N0300001N1+00891+00411101461ADDAA106000091GA1001+999999999GF100991001001999999001001IA2999+00309MD1210121+0101REMSYN070AAXX  09001 56986 32980 01601 10089 20041 40146 52012 333 00153 30033;EQDQ01  00002PRCP06
0162569860999992000010912004+23580+103870FM-12+142399999V0202001N001012200019N0100001N1+01361+99999101381ADDAA106000091GA1001+999999999GF100991001001999999001001MD1210081+9999REMSYN064AAXX  09121 56986 32960 02001 10136 20/74 40138 52008 333 000//;EQDQ01  00002PRCP06
0181569860999992000010918004+23580+103870FM-12+142399999V0201601N002012200019N0100001N1+01031+00841101251ADDAA106000091GA1001+999999999GF100991001001999999001001KA1999M+02051MD1410001+0001REMSYN070AAXX  09181 56986 32960 01602 10103 20084 40125 54000 333 00001 10205;EQDQ01  00002PRCP06
0122569860999992000010921004+23580+103870FM-12+142399999V0201601N002012200019N9999999N1+01101+00921101061ADDGF101991011041002501001001MD1710141+0011REMSYN070AAXX  09211 56986 423/0 11602 10110 20092 40106 57014 81400 333 05102;
0152569860999992000011000004+23580+103870FM-12+142399999V0201601N003012200019N0300001N1+01091+00891101321ADDAA106000091GF101991011011008001001001MD1210071+0011REMSYN070AAXX  10001 56986 32580 11603 10109 20089 40132 52007 81100 333 05102;EQDQ01  00002PRCP06
0171569860999992000011006004+23580+103870FM-12+142399999V0200701N003012200019N0300001N1+01981+01311101061ADDAA106000091GF101991011011008001001001KA1999N+00961MD1710231-0101REMSYN076AAXX  10061 56986 32580 10703 10198 20131 40106 57023 81100 333 05100 20096;EQDQ01  00002PRCP06
0162569860999992000011012004+23580+103870FM-12+142399999V0209999C000012200019N0100001N1+01531+01261101181ADDAA106000091GA1001+999999999GF100991001001999999001001MD1210101+0011REMSYN064AAXX  10121 56986 32960 00000 10153 20126 40118 52010 333 05102;EQDQ01  00002PRCP06
0171569860999992000011018004+23580+103870FM-12+142399999V0201801N003019999999N0100001N1+01351+01231101121ADDAA106000091GF105991051041999999001001KA1999M+02181MD1710031+0001REMSYN076AAXX  10181 56986 32/60 51803 10135 20123 40112 57003 85400 333 00003 10218;EQDQ01  00002PRCP06
0152569860999992000011100004+23580+103870FM-12+142399999V0209999C000012200019N0300001N1+01151+01021101391ADDAA106000091GF101991011061999999001001MD1210131+0011REMSYN070AAXX  11001 56986 32/80 10000 10115 20102 40139 52013 81600 333 00101;EQDQ01  00002PRCP06
0171569860999992000011106004+23580+103870FM-12+142399999V0202001N002012200019N0300001N1+02051+00751101001ADDAA106000091GF101991011011008001001001KA1999N+00991MD1710271+0001REMSYN076AAXX  11061 56986 32580 12002 10205 20075 40100 57027 81100 333 00001 20099;EQDQ01  00002PRCP06
0162569860999992000011112004+23580+103870FM-12+142399999V0201601N003012200019N0120001N1+01611+00781101161ADDAA106000091GA1001+999999999GF100991001001999999001001MD1210171+0001REMSYN064AAXX  11121 56986 32962 01603 10161 20078 40116 52017 333 00001;EQDQ01  00002PRCP06
0132569860999992000011121004+23580+103870FM-12+142399999V0209999C000012200019N0100001N1+01301+00751100931ADDGA1001+999999999GF100991001001999999001001MD1710101+0011REMSYN064AAXX  11211 56986 42960 00000 10130 20075 40093 57010 333 05102;
0171569860999992000011206004+23580+103870FM-12+142399999V0203201N005012200019N0300001N1+02081+00701101001ADDAA106000091GF101991011011008001001001KA1999N+00931MD1710261+0001REMSYN076AAXX  12061 56986 32580 13205 10208 20070 40100 57026 81100 333 00000 20093;EQDQ01  00002PRCP06
0162569860999992000011212004+23580+103870FM-12+142399999V0201101N002012200019N0150001N1+01591+00401101161ADDAA106000091GA1001+999999999GF100991001001999999001001MD1210101+0001REMSYN064AAXX  12121 56986 32965 01102 10159 20040 40116 52010 333 00000;EQDQ01  00002PRCP06
0171569860999992000011218004+23580+103870FM-12+142399999V0201801N002012200019N0100001N1+01171+00991101041ADDAA106000091GF103991031041001501001001KA1999M+02181MD1710071-0101REMSYN076AAXX  12181 56986 32260 31802 10117 20099 40104 57007 83400 333 05100 10218;EQDQ01  00002PRCP06
0122569860999992000011221004+23580+103870FM-12+142399999V0201801N003012200019N0100001N1+01091+00901100921ADDGF102991021041002501001001MD1710121+0011REMSYN070AAXX  12211 56986 42360 21803 10109 20090 40092 57012 82400 333 05152;
0152569860999992000011300004+23580+103870FM-12+142399999V0201601N004012200019N0300001N1+01061+00851101081ADDAA106000091GF101991011061002501001001MD1210011+0021REMSYN070AAXX  13001 56986 32380 11604 10106 20085 40108 52001 81600 333 05200;EQDQ01  00002PRCP06
0171569860999992000011306004+23580+103870FM-12+142399999V0203201N007012200019N0300001N1+01921+00461100841ADDAA106000091GF101991011011008001001001KA1999N+00921MD1710251-0201REMSYN076AAXX  13061 56986 32580 13207 10192 20046 40084 57025 81100 333 05252 20092;EQDQ01  00002PRCP06
0162569860999992000011312004+23580+103870FM-12+142399999V0202201N002012200019N0150001N1+01521+00581101001ADDAA106000091GA1001+999999999GF100991001001999999001001MD1210141+0021REMSYN064AAXX  13121 56986 32965 02202 10152 20058 40100 52014 333 05251;EQDQ01  00002PRCP06
0168569860999992000011318004+23580+103870FM-12+142399999V0201601N003012200019N0100001N1+01011+00761100981ADDAA106000091GA1001+999999999GF100991001001999999001001MD1710021-0101REMSYN070AAXX  13181 56986 32960 01603 10101 20076 40098 57002 333 05152 71/77;EQDQ01  00002PRCP06
0112569860999992000011321004+23580+103870FM-12+142399999V0200201N003019999999N0150001N1+00181+00041999999ADDGF108991999999004501999999REMSYN074    AAXX  13211 56986 42465 80203 10018 20004 37/70 94000 885// 333 05351;
0156569860999992000011400004+23580+103870FM-12+142399999V0209999C000012200019N0200001N1+00981+00851101151ADDAA199000091GF101991011061999999001001MD1210081+0001REMSYN074    AAXX  14001 56986 32/70 10000 10098 20085 40115 52008 81600 333 00051;EQDQ01  00002PRCP99
0175569860999992000011406004+23580+103870FM-12+142399999V0203201N004012200019N0300001N1+01971+00381100831ADDAA199000091GF101991011011008001001001KA1999N+00881MD1710261+0001REMSYN080    AAXX  14061 56986 32580 13204 10197 20038 40083 57026 81100 333 00001 20088;EQDQ01  00002PRCP99
0185569860999992000011418004+23580+103870FM-12+142399999V0201101N001012200019N0002001N1+01161+00451100901ADDAA199000091GA1001+999999999GF100991001001999999001001KA1999M+02151MD1210051+0001REMSYN074    AAXX  14181 56986 32902 01101 10116 20045 4009/ 52005 333 00002 10215;EQDQ01  00002PRCP99
0136569860999992000011421004+23580+103870FM-12+142399999V0201101N001012200019N0100001N1+00991+00381100961ADDGA1001+999999999GF100991001001999999001001MD1710021+0001REMSYN068    AAXX  14211 56986 42960 01101 10099 20038 40096 57002 333 00051;
0184569860999992000011500004+23580+103870FM-12+142399999V0202201N004012200019N0300001N1+01311+00071101071ADDAA199000091GA1001+999999999GF100991001001999999001001IA2999+00309MD1210111+0101REMSYN074    AAXX  15001 56986 32980 02204 10131 20007 40107 52011 333 00103 30035;EQDQ01  00002PRCP99
0185569860999992000011506004+23580+103870FM-12+142399999V0203201N005012200019N0300001N1+02011+00381100991ADDAA199000091GA1001+999999999GF100991001001999999001001KA1999N+00801MD1710191+0201REMSYN074    AAXX  15061 56986 32980 03205 10201 20038 40099 57019 333 00200 20080;EQDQ01  00002PRCP99
0166569860999992000011512004+23580+103870FM-12+142399999V0202901N001012200019N0100001N1+01721+00261101011ADDAA199000091GA1001+999999999GF100991001001999999001001MD1210131+0021REMSYN068    AAXX  15121 56986 32960 02901 10172 20026 40101 52013 333 00200;EQDQ01  00002PRCP99
0185569860999992000011518004+23580+103870FM-12+142399999V0201801N003012200019N0100001N1+01191+00411101121ADDAA199000091GA1001+999999999GF100991001001999999001001KA1999M+02061MD1710011+0201REMSYN074    AAXX  15181 56986 32960 01803 10119 20041 40112 57001 333 00200 10206;EQDQ01  00002PRCP99
0136569860999992000011521004+23580+103870FM-12+142399999V0209999C000012200019N0100001N1+01161+00571101121ADDGA1001+999999999GF100991001001999999001001MD1710021+0021REMSYN068    AAXX  15211 56986 42960 00000 10116 20057 40112 57002 333 00202;
0174569860999992000011600004+23580+103870FM-12+142399999V02099999999992200019N0300001N1+00951+00431101431ADDAA199000091GF101991011061004501001001IA2999+00409MD1210151+0201REMSYN080    AAXX  16001 56986 32480 1/802 10095 20043 40143 52015 81600 333 00254 30041;EQDQ01  00002PRCP99
0175569860999992000011606004+23580+103870FM-12+142399999V0202901N003012200019N0300001N1+01951+00341101181ADDAA199000091GF101991011011008001001001KA1999N+00881MD1710261+0201REMSYN080    AAXX  16061 56986 32580 12903 10195 20034 40118 57026 81100 333 00251 20088;EQDQ01  00002PRCP99
0166569860999992000011612004+23580+103870FM-12+142399999V0201601N003012200019N0110001N1+01381+00541101391ADDAA199000091GA1001+999999999GF100991001001999999001001MD1210151+0021REMSYN068    AAXX  16121 56986 32961 01603 10138 20054 40139 52015 333 00253;EQDQ01  00002PRCP99
0175569860999992000011618004+23580+103870FM-12+142399999V0201801N002010021019N0130001N1+01111+00851101341ADDAA199000091GF105991051041002501001001KA1999M+02091MD1710031+0201REMSYN080    AAXX  16181 56986 32363 51802 10111 20085 40134 57003 85400 333 00251 10209;EQDQ01  00002PRCP99
0126569860999992000011621004+23580+103870FM-12+142399999V02099999999990012019N0100001N1+01181+00911101281ADDGF106991061041001501001001MD1719999+0011REMSYN074    AAXX  16211 56986 42260 600/0 10118 20091 40128 570/3 86400 333 00151;
0146569860999992000011700004+23580+103870FM-12+142399999V0201801N002010012019N0250001N1+01071+00861101591ADDAA199000091GF107991071041001501999999MD1210091+9999REMSYN064    AAXX  17001 56986 32275 71802 10107 20086 40159 52009 874//;EQDQ01  00002PRCP99
0175569860999992000011706004+23580+103870FM-12+142399999V0200901N002012200019N0300001N1+01661+01261101341ADDAA199000091GF103991031041002501001001KA1999N+00941MD1710301+0101REMSYN080    AAXX  17061 56986 32380 30902 10166 20126 40134 57030 83400 333 00153 20094;EQDQ01  00002PRCP99
0156569860999992000011712004+23580+103870FM-12+142399999V0201101N003019999999N0100001N1+01261+01171101521ADDAA199000091GF106991061041999999001001MD1210181+0011REMSYN074    AAXX  17121 56986 32/60 61103 10126 20117 40152 52018 86400 333 00151;EQDQ01  00002PRCP99
0192569860999992000011718004+23580+103870FM-12+142399999V0201101N002010001519N0000001N1+01071+01051101631ADDAA106000791AY141061GA1091+999999999GF109991091999999999999999KA1999M+01811MD1410001+0201MW1601REMSYN086    AAXX  17181 56986 11/00 91102 10107 20105 40163 54000 69901 76040 333 00200 10181;
0200569860999992000011806004+23580+103870FM-12+142399999V0201401N004010003019N0002001N1+00801+00781102071ADDAA106000191AY161061AY241061GA1091+999999999GF109991091999999999999999KA1999N+00721MD1710161+0401MW1601REMSYN086    AAXX  18061 56986 11/02 91404 10080 20078 40207 57016 69911 76064 333 00459 20072;
0181569860999992000011812004+23580+103870FM-12+142399999V0201401N006010003019N0004001N1+00671+00611102071ADDAA106000591AY161061AY241061GA1091+999999999GF109991091999999999999999MD1210091+0031MW1601REMSYN080    AAXX  18121 56986 11/04 91406 10067 20061 40207 52009 69951 76064 333 00356;
0200569860999992000011818004+23580+103870FM-12+142399999V0201101N006010006019N0007001N1+00581+00501102301ADDAA106001091AY161061AY241061GA1091+999999999GF109991091999999999999999KA1999M+01081MD1710061+0201MW1601REMSYN086    AAXX  18181 56986 11/07 91106 10058 20050 40230 57006 60011 76064 333 00255 10108;
0171569860999992000011821004+23580+103870FM-12+142399999V0201401N002019999999N0030001N1+00511+00471102341ADDAA124005691AY161031AY241031GF108991081071999999999999MD1710011+0301MW1601REMSYN086    AAXX  18211 56986 41/30 81402 10051 20047 40234 57001 76064 887// 333 00355 70055;
0177569860999992000011900004+23580+103870FM-12+142399999V0201401N003010006019N0100001N1+00451+00411102521ADDAA106005191AY161061AY241061GF108991081041000751999999MD1210131+0201MW1601REMSYN092    AAXX  19001 56986 11160 81403 10045 20041 40252 52013 60051 76064 884// 333 00254 70073;
0200569860999992000011906004+23580+103870FM-12+142399999V0201101N002010003019N0002001N1+00471+00471102361ADDAA106000191AY161061AY241061GA1091+999999999GF109991091999999999999999KA1999N+00361MD1710261+0001MW1601REMSYN086    AAXX  19061 56986 11/02 91102 10047 20047 40236 57026 69911 76064 333 00053 20036;
0167569860999992000011912004+23580+103870FM-12+142399999V0201101N003010001519N0000001N1+00481+00481102231ADDAA199000021AY141061GA1091+999999999GF109991091999999999999999MD1210031+0001MW1451REMSYN074    AAXX  19121 56986 31/00 91103 10048 20048 40223 52003 74540 333 00052;
0139569860999992000011921004+23580+103870FM-12+142399999V0201401N003019999999N0100001N1+00421+00331102311ADDAA124002091GF108991081041999999999999MD1710061-0101REMSYN076AAXX  19211 56986 42/60 81403 10042 20033 40231 57006 884// 333 05151 70021;
0183569860999992000012000004+23580+103870FM-12+142399999V0201401N005019999999N0070001N1+00401+00331102271ADDAA106001091AY161061GF108991081071999999999999IA2999+00489MD1710061-0301MW1601REMSYN094AAXX  20001 56986 11/57 81405 10040 20033 40227 57006 69991 76060 887// 333 05351 30048 70012;
0196569860999992000012006004+23580+103870FM-12+142399999V0201401N003010001519N0000001N1+00361+00361102281ADDAA106001091AY161061AY241061GA1091+999999999GF109991091999999999999999KA1999N+00301MD1710231-0101MW1601REMSYN082AAXX  20061 56986 11/00 91403 10036 20036 40228 57023 69991 76064 333 05151 20030;
0196569860999992000012018004+23580+103870FM-12+142399999V0201101N002010003019N0004001N1+00391+00391102431ADDAA106000191AY161061AY241061GA1091+999999999GF109991091999999999999999KA1999M+00481MD1710031+0001MW1601REMSYN082AAXX  20181 56986 11/04 91102 10039 20039 40243 57003 69921 76064 333 00051 10048;
0177569860999992000012021004+23580+103870FM-12+142399999V0201401N003010001519N0000001N1+99999+99999102411ADDAA124002391AY161031AY241031GA1091+999999999GF109991091999999999999999MD1710011+0001MW1601REMSYN076AAXX  20211 56986 41/00 91403 1//72 20038 40241 57001 76064 333 00000 70022;
0201569860999992000012100004+23580+103870FM-12+142399999V0200901N002010001519N0000001N1+00411+00411102511ADDAA106000191AY161061AY241061GA1091+999999999GF109991091999999999999999IA2999+00489MD1210101+0201MW1471REMSYN088AAXX  21001 56986 11/00 90902 10041 20041 40251 52010 69921 74764 333 00200 30048 70014;
0172569860999992000012106004+23580+103870FM-12+142399999V0203201N001010012019N0150001N1+00861+00761102271ADDAA199000021AY141061GF107991071041001501999999KA1999N+00301MD1710251+0101MW1001REMSYN082AAXX  21061 56986 31265 73201 10086 20076 40227 57025 70040 874// 333 00105 20030;
0182569860999992000012112004+23580+103870FM-12+142399999V0201101N001010001519N0000001N1+00701+00681102291ADDAA199000091AY141061GA1091+999999999GF109991091999999999999999MD1210101+0011MW1471REMSYN070AAXX  21121 56986 31/00 91101 10070 20068 40229 52010 74740 333 00103;EQDQ01  00002PRCP99
0196569860999992000012118004+23580+103870FM-12+142399999V0209999C000010003019N0002001N1+00631+00611102281ADDAA106000191AY161061AY241061GA1091+999999999GF109991091999999999999999KA1999M+01161MD1710031+0101MW1601REMSYN082AAXX  21181 56986 11/02 90000 10063 20061 40228 57003 69911 76064 333 00102 10116;
0177569860999992000012121004+23580+103870FM-12+142399999V0209999C000010003019N0003001N1+00671+00651102081ADDAA124000391AY161031AY241031GA1091+999999999GF109991091999999999999999MD1710111+0001MW1601REMSYN076AAXX  21211 56986 41/03 90000 10067 20065 40208 57011 76064 333 00003 70002;
0192569860999992000012200004+23580+103870FM-12+142399999V0201601N002019999999N0070001N1+00761+00721102121ADDAA106000191AY161061AY241061GF108991081071999999999999MD1710041-0201MW1601REMSYN088AAXX  22001 56986 11/57 81602 10076 20072 40212 5700/ 69911 76064 887// 333 052// 70002;EQDQ01+000002APC3  
0186569860999992000012206004+23580+103870FM-12+142399999V0201401N003019999999N0060001N1+01011+00921102081ADDAA106002091AY161061AY241061GF108991081041999999999999KA1999N+00561MD1710221-0101MW1101REMSYN088AAXX  22061 56986 11/56 81403 10101 20092 40208 57022 60021 71064 884// 333 05102 20056;
0159569860999992000012212004+23580+103870FM-12+142399999V0200901N001019999999N0100001N1+00911+00871101921ADDAA106000791AY161061GF107991071041999999999999MD1210021+0021MW1001REMSYN082AAXX  22121 56986 11/60 70901 10091 20087 40192 52002 69901 70060 874// 333 05202;
0196569860999992000012218004+23580+103870FM-12+142399999V0201101N005010003019N0003001N1+00931+00911101861ADDAA106000791AY161061AY241061GA1091+999999999GF109991091999999999999999KA1999M+01021MD1710071-0201MW1601REMSYN082AAXX  22181 56986 11/03 91105 10093 20091 40186 57007 69901 76064 333 05203 10102;
0177569860999992000012221004+23580+103870FM-12+142399999V0209999C000010003019N0002001N1+00931+00911101791ADDAA124001891AY111031AY241031GA1091+999999999GF109991091999999999999999MD1710061-0201MW1471REMSYN076AAXX  22211 56986 41/02 90000 10093 20091 40179 57006 74714 333 05203 70018;
0173569860999992000012300004+23580+103870FM-12+142399999V0201401N003019999999N0100001N1+00951+00891101881ADDAA106000191AY161061AY241061GF108991081041999999999999MD1210061-0101MW1281REMSYN088AAXX  23001 56986 11/60 81403 10095 20089 40188 52006 69911 72864 884// 333 05102 70017;
0178569860999992000012306004+23580+103870FM-12+142399999V0200901N001019999999N0100001N1+01091+00941101781ADDAA106001091AY161061GF108991081041999999999999KA1999N+00821MD1710181-0201MW1601REMSYN088AAXX  23061 56986 11/60 80901 10109 20094 40178 57018 60011 76060 884// 333 05201 20082;
0159569860999992000012312004+23580+103870FM-12+142399999V0209999C000012200019N0100001N1+00991+00901101751ADDAA106001091AY161061GF102991021041999999001001MD1210061+0071MW1001REMSYN082AAXX  23121 56986 11/60 20000 10099 20090 40175 52006 60011 70060 82400 333 05717;
0164569860999992000012318004+23580+103870FM-12+142399999V0209999C000019999999N0050001N1+01001+00941101811ADDAA199000021GF108991081041999999999999KA1999M+01401MD1710031+0001MW1101REMSYN082AAXX  23181 56986 31/50 80000 10100 20094 40181 57003 71000 884// 333 00001 10140;
0151569860999992000012321004+23580+103870FM-12+142399999V0201601N002019999999N0020001N1+00971+00911101701ADDAA124002091GF108991081061999999999999MD1710031+0001MW1101REMSYN082AAXX  23211 56986 41/20 81602 10097 20091 40170 57003 71000 886// 333 00000 70020;
0171569860999992000012406004+23580+103870FM-12+142399999V0201601N002012200019N0200001N1+01421+01181101851ADDAA199000091GF103991031041000751001001KA1999N+00771MD1710211+0201REMSYN076AAXX  24061 56986 32170 31602 10142 20118 40185 57021 83400 333 00203 20077;EQDQ01  00002PRCP99
0165569860999992000012500004+23580+103870FM-12+142399999V0201401N002010012019N0150001N1+01171+01011102151ADDAA106000791AY161061GF107991071041001501999999MD1210061+0201MW1001REMSYN088AAXX  25001 56986 11265 71402 10117 20101 40215 52006 69901 70060 874// 333 00203 79999;
0196569860999992000012506004+23580+103870FM-12+142399999V0200901N002010001519N0000001N1+01121+01101102191ADDAA106000791AY161061AY241061GA1091+999999999GF109991091999999999999999KA1999N+01001MD1710161+0301MW1601REMSYN082AAXX  25061 56986 11/00 90902 10112 20110 40219 57016 69901 76064 333 00353 20100;
0196569860999992000012518004+23580+103870FM-12+142399999V0201401N005010006019N0006001N1+00841+00821102471ADDAA106000191AY161061AY241061GA1091+999999999GF109991091999999999999999KA1999M+01261MD1210031+0201MW1601REMSYN082AAXX  25181 56986 11/06 91405 10084 20082 40247 52003 69921 76064 333 00253 10126;
0177569860999992000012521004+23580+103870FM-12+142399999V0201101N003010001519N0001001N1+00761+00741102451ADDAA124000591AY161031AY241031GA1091+999999999GF109991091999999999999999MD1710061+0201MW1601REMSYN076AAXX  25211 56986 41/01 91103 10076 20074 40245 57006 76064 333 00254 70006;
0183569860999992000012600004+23580+103870FM-12+142399999V0201101N005010003019N0004001N1+00751+00731102621ADDAA106000391AY161061AY241061GA1091+999999999GF109991091999999999999999MD1210121+0301MW1601REMSYN082AAXX  26001 56986 11/04 91105 10075 20073 40262 52012 69931 76064 333 00354 70008;
0196569860999992000012606004+23580+103870FM-12+142399999V0201101N004010001519N0001001N1+00701+00681102661ADDAA106000591AY161061AY241061GA1091+999999999GF109991091999999999999999KA1999N+00641MD1710191+0201MW1601REMSYN082AAXX  26061 56986 11/01 91104 10070 20068 40266 57019 69941 76064 333 00254 20064;
0167569860999992000012612004+23580+103870FM-12+142399999V0201401N004019999999N0050001N1+00591+00531102681ADDAA106000591AY161061AY241061GF108991081071999999999999MD1210041+0021MW1601REMSYN082AAXX  26121 56986 11/50 81404 10059 20053 40268 52004 69941 76064 887// 333 00254;
0196569860999992000012618004+23580+103870FM-12+142399999V0201401N005010006019N0006001N1+00491+00491102801ADDAA106000191AY161061AY241061GA1091+999999999GF109991091999999999999999KA1999M+00861MD1710031+0101MW1601REMSYN082AAXX  26181 56986 11/06 91405 10049 20049 40280 57003 69921 76064 333 00154 10086;
0177569860999992000012621004+23580+103870FM-12+142399999V0201401N004010003019N0004001N1+00471+00471102731ADDAA124002091AY161031AY241031GA1091+999999999GF109991091999999999999999MD1710081+0101MW1601REMSYN076AAXX  26211 56986 41/04 91404 10047 20047 40273 57008 76064 333 00153 70020;
0201569860999992000012700004+23580+103870FM-12+142399999V0201401N005010003019N0004001N1+00381+00381102881ADDAA106002091AY161061AY241061GA1091+999999999GF109991091999999999999999IA2999+00469MD1210091+0001MW1601REMSYN088AAXX  27001 56986 11/04 91405 10038 20038 40288 52009 60021 76064 333 00054 30046 70025;
0196569860999992000012706004+23580+103870FM-12+142399999V0201601N002010006019N0008001N1+00421+00421101741ADDAA106000391AY161061AY241061GA1091+999999999GF109991091999999999999999KA1999N+00311MD1710261-0101MW1601REMSYN082AAXX  27061 56986 11/08 91602 10042 20042 40174 57026 69931 76064 333 05153 20031;
0190569860999992000012718004+23580+103870FM-12+142399999V0201101N003010003019N0005001N1+99999+99999102611ADDAA106000191AY161061AY241061GA1091+999999999GF109991091999999999999999KA1999M+00511MD1710081-0301MW1601REMSYN076AAXX  27181 56986 11/05 91103 20034 40261 57008 69911 76064 333 05352 10051;
0177569860999992000012721004+23580+103870FM-12+142399999V0201601N003010006019N0007001N1+00301+00301102541ADDAA124001591AY161031AY241031GA1091+999999999GF109991091999999999999999MD1710071-0301MW1601REMSYN076AAXX  27211 56986 41/07 91603 10030 20030 40254 57007 76064 333 05352 70014;
0201569860999992000012800004+23580+103870FM-12+142399999V0200701N002010001519N0000001N1+00221+00221102641ADDAA106000891AY161061AY241061GA1091+999999999GF109991091999999999999999IA2999+00319MD1210051-0301MW1601REMSYN088AAXX  28001 56986 11/00 90702 10022 20022 40264 52005 69971 76064 333 05352 30031 70012;
0196569860999992000012806004+23580+103870FM-12+142399999V0200701N002010001519N0000001N1+00281+00281102611ADDAA106001091AY161061AY241061GA1091+999999999GF109991091999999999999999KA1999N+00161MD1710221-0201MW1601REMSYN082AAXX  28061 56986 11/00 90702 10028 20028 40261 57022 60011 76064 333 05251 20016;
0177569860999992000012812004+23580+103870FM-12+142399999V0201401N002010001519N0000001N1+00291+00291102531ADDAA106000791AY161061AY241061GA1091+999999999GF109991091999999999999999MD1210111+0021MW1601REMSYN076AAXX  28121 56986 11/00 91402 10029 20029 40253 52011 69901 76064 333 05251;
0196569860999992000012818004+23580+103870FM-12+142399999V0209999C000010006019N0008001N1+00331+00331102611ADDAA106000791AY161061AY241061GA1091+999999999GF109991091999999999999999KA1999M+00431MD1710041+0001MW1431REMSYN082AAXX  28181 56986 11/08 90000 10033 20033 40261 57004 69901 74364 333 00000 10043;
0169569860999992000012821004+23580+103870FM-12+142399999V0209999C000010003019N0005001N1+00351+00351102541ADDAA124001591AY141031GA1091+999999999GF109991091999999999999999MD1710051+0001MW1431REMSYN076AAXX  28211 56986 41/05 90000 10035 20035 40254 57005 74340 333 00001 70016;
0193569860999992000012900004+23580+103870FM-12+142399999V0201401N003010001519N0001001N1+00271+00271102841ADDAA106000791AY141061GA1091+999999999GF109991091999999999999999IA2999+00399MD1210231+0201MW1601REMSYN088AAXX  29001 56986 11/01 91403 10027 20027 40284 52023 69901 76040 333 00201 30039 70011;
0196569860999992000012906004+23580+103870FM-12+142399999V0201401N004010006019N0007001N1+00491+00491102811ADDAA106000791AY161061AY241061GA1091+999999999GF109991091999999999999999KA1999N+00211MD1710171+0201MW1601REMSYN082AAXX  29061 56986 11/07 91404 10049 20049 40281 57017 69901 76064 333 00202 20021;
0196569860999992000012918004+23580+103870FM-12+142399999V0201101N003010001519N0000001N1+00351+00351102931ADDAA106001091AY161061AY241061GA1091+999999999GF109991091999999999999999KA1999M+00581MD1710121+0301MW1601REMSYN082AAXX  29181 56986 11/00 91103 10035 20035 40293 57012 60011 76064 333 00300 10058;
0191569860999992000013000004+23580+103870FM-12+142399999V0201401N005019999999N0020001N1+00331+00311102931ADDAA106002091AY161061AY241061GF108991081071999999999999IA2999+00389MD1210091+0101MW1601REMSYN094AAXX  30001 56986 11/20 81405 10033 20031 40293 52009 60021 76064 887// 333 00101 30038 70030;
0196569860999992000013006004+23580+103870FM-12+142399999V0201401N006010001519N0000001N1+00271+00271102911ADDAA106003091AY161061AY241061GA1091+999999999GF109991091999999999999999KA1999N+00211MD1710241+0001MW1681REMSYN082AAXX  30061 56986 11/00 91406 10027 20027 40291 57024 60031 76864 333 00052 20021;
0177569860999992000013012004+23580+103870FM-12+142399999V0201101N002010006019N0006001N1+00261+00241102991ADDAA106002091AY161061AY241061GA1091+999999999GF109991091999999999999999MD1210181+0001MW1601REMSYN076AAXX  30121 56986 11/06 91102 10026 20024 40299 52018 60021 76064 333 00051;
0205569860999992000013018004+23580+103870FM-12+142399999V0201401N002019999999N0100001N1+00121+00071103161ADDAA106008991AY161061AY241061GF106991999051000751999999KA1999M+00371MD1710111+0101MW1681REMSYN088AAXX  30181 56986 11160 61402 10012 20007 40316 57011 60091 76864 885// 333 00152 10037;EQDQ01+000082SCOTLC
0197569860999992000013100004+23580+103870FM-12+142399999V0200901N003010006019N0150001N1+00091+00011103161ADDAA106008991AY171061AY241061GF108991081051000751999999IA2999-00019MD1210081+0101MW1221REMSYN100AAXX  31001 56986 11165 80903 10009 20001 40316 52008 60091 72274 885// 333 00152 31001 70223 92503;
0178569860999992000013106004+23580+103870FM-12+142399999V0201401N001010006019N0150001N1+00231+00211103141ADDAA106000791AY141061GF108991081041000751999999KA1999N-00051MD1710191+0101MW1601REMSYN088AAXX  31061 56986 11165 81401 10023 20021 40314 57019 69901 76040 884// 333 00100 21005;
0177569860999992000013112004+23580+103870FM-12+142399999V0200701N001010003019N0002001N1+00281+00281103051ADDAA106000791AY161061AY241061GA1091+999999999GF109991091999999999999999MD1210101+0001MW1471REMSYN076AAXX  31121 56986 11/02 90701 10028 20028 40305 52010 69901 74764 333 00000;
0196569860999992000013118004+23580+103870FM-12+142399999V0200401N001010006019N0006001N1+00291+00291103001ADDAA106000391AY161061AY241061GA1091+999999999GF109991091999999999999999KA1999M+00371MD1710071-0101MW1471REMSYN082AAXX  31181 56986 11/06 90401 10029 20029 40300 57007 69931 74764 333 051/2 10037;
0177569860999992000013121004+23580+103870FM-12+142399999V0201101N001010003019N0004001N1+00241+00241102871ADDAA124999999AY161031AY241031GA1091+999999999GF109991091999999999999999MD1210101-0101MW1601REMSYN076AAXX  31211 56986 41/04 91101 10024 20024 40287 52010 76064 333 05102 700/2;
0201569860999992000020100004+23580+103870FM-12+142399999V0209999C000010003019N0005001N1+00221+00221102921ADDAA106000191AY161061AY241061GA1091+999999999GF109991091999999999999999IA2999+00339MD1210031-0201MW1601REMSYN088AAXX  01001 56986 11/05 90000 10022 20022 40292 52003 69921 76064 333 05201 30033 70005;
0196569860999992000020106004+23580+103870FM-12+142399999V0209999C000010003019N0005001N1+00391+00391102771ADDAA106000191AY161061AY241061GA1091+999999999GF109991091999999999999999KA1999N+00161MD1710261-0201MW1451REMSYN082AAXX  01061 56986 11/05 90000 10039 20039 40277 57026 69911 74564 333 05202 20016;
0163569860999992000020112004+23580+103870FM-12+142399999V0201401N001010006019N0007001N1+00481+00481102601ADDAA199000021AY141061GA1091+999999999GF109991091999999999999999MD1210081+0031MW1451REMSYN070AAXX  01121 56986 31/07 91401 10048 20048 40260 52008 74540 333 05302;
0186569860999992000020118004+23580+103870FM-12+142399999V0202001N003010012019N0100001N1+00361+00341102571ADDAA106000791AY161061AY241061GF108991081041001501999999KA1999M+00591MD1710031-0301MW1281REMSYN088AAXX  01181 56986 11260 82003 10036 20034 40257 57003 69901 72864 884// 333 05301 10059;
0169569860999992000020121004+23580+103870FM-12+142399999V0201601N001010003019N0002001N1+00371+00371102391ADDAA124000391AY141031GA1091+999999999GF109991091999999999999999MD1710111-0301MW1601REMSYN076AAXX  01211 56986 41/02 91601 10037 20037 40239 57011 76040 333 05301 70002;
0201569860999992000020200004+23580+103870FM-12+142399999V0201101N002010001519N0000001N1+00371+00371102581ADDAA106000191AY161061AY241061GA1091+999999999GF109991091999999999999999IA2999+00449MD1210151-0201MW1601REMSYN088AAXX  02001 56986 11/00 91102 10037 20037 40258 52015 69911 76064 333 05202 30044 70002;
0186569860999992000020206004+23580+103870FM-12+142399999V0209999C000019999999N0060001N1+00631+00591102481ADDAA106000191AY161061AY241061GF108991081041999999999999KA1999N+00291MD1710251-0201MW1281REMSYN088AAXX  02061 56986 11/56 80000 10063 20059 40248 57025 69911 72864 884// 333 05202 20029;
0163569860999992000020212004+23580+103870FM-12+142399999V0209999C000010001519N0000001N1+00631+00591102241ADDAA199000021AY141061GA1091+999999999GF109991091999999999999999MD1210011+0021MW1471REMSYN070AAXX  02121 56986 31/00 90000 10063 20059 40224 52001 74740 333 05202;
0201569860999992000020218004+23580+103870FM-12+142399999V0209999C000012200019N0100001N1+00491+00451102271ADDAA199000091AY141061GA1001+999999999GF100991001001999999001001KA1999M+00921MD1210011-0201MW1001REMSYN076AAXX  02181 56986 31960 00000 10049 20045 40227 52001 70040 333 05201 10092;EQDQ01  00002PRCP99
0201569860999992000020300004+23580+103870FM-12+142399999V0201801N002010001519N0000001N1+00491+00491102331ADDAA106000191AY161061AY241061GA1091+999999999GF109991091999999999999999IA2999+00019MD1210151-0101MW1601REMSYN088AAXX  03001 56986 11/00 91802 10049 20049 40233 52015 69911 76064 333 05101 30001 70002;
0186569860999992000020306004+23580+103870FM-12+142399999V0203201N003019999999N0100001N1+00851+00791102091ADDAA106000191AY161061AY241061GF107991071041999999001001KA1999N+00231MD1710301-0201MW1281REMSYN088AAXX  03061 56986 11/60 73203 10085 20079 40209 57030 69911 72864 87400 333 05202 20023;
0133569860999992000020312004+23580+103870FM-12+142399999V0201601N002012200019N0100001N1+00931+00771101951ADDAA199000021GF101991011999999999001001MD1210011+0011REMSYN070AAXX  03121 56986 32/60 11602 10093 20077 40195 52001 81/00 333 05103;
0171569860999992000020318004+23580+103870FM-12+142399999V0201601N002012200019N0100001N1+00811+00651101921ADDAA199000091GF101991011041012501001001KA1999M+01281MD1710041-0201REMSYN076AAXX  03181 56986 32660 11602 10081 20065 40192 57004 81400 333 05203 10128;EQDQ01  00002PRCP99
0099569860999992000020321004+23580+103870FM-12+142399999V0201801N002019999999N9999999N1+00881+99999999999ADDAY121031MW1001REMSYN054AAXX  03211 56986 4291/ /1802 10088 2/070 31505 70002;EQDQ01+015051APOSP 
0179569860999992000020400004+23580+103870FM-12+142399999V0209999C000010003019N0005001N1+00501+00481101911ADDAA124000191GA1091+999999999GF109991091999999999999999IA2999+00189MD1210071-0301MW1461REMSYN082AAXX  04001 56986 31/05 90000 10050 20048 40191 52007 74600 333 05300 30018 70001;
0191569860999992000020406004+23580+103870FM-12+142399999V0203401N001012200019N0200001N1+01231+01001101591ADDAA199000091AY141061GF101991011011999999001001KA1999N+00421MD1710261-0201MW1001REMSYN082AAXX  04061 56986 31/70 13401 10123 20100 40159 57026 70040 81100 333 05204 20042;EQDQ01  00002PRCP99
0182569860999992000020412004+23580+103870FM-12+142399999V0203601N002010003019N0005001N1+00901+00841101791ADDAA199000091AY141061GA1091+999999999GF109991091999999999999999MD1210141+0011MW1451REMSYN070AAXX  04121 56986 31/05 93602 10090 20084 40179 52014 74540 333 05100;EQDQ01  00002PRCP99
0196569860999992000020418004+23580+103870FM-12+142399999V0201601N002010006019N0008001N1+00781+00761101861ADDAA106000791AY161061AY241061GA1091+999999999GF109991091999999999999999KA1999M+01391MD1210041+0001MW1601REMSYN082AAXX  04181 56986 11/08 91602 10078 20076 40186 52004 69901 76064 333 00000 10139;
0173569860999992000020500004+23580+103870FM-12+142399999V0201101N003010006019N0100001N1+00841+00761102071ADDAA106000191AY161061AY241061GF108991081041000751999999MD1210151+0201MW1601REMSYN088AAXX  05001 56986 11160 81103 10084 20076 40207 52015 69921 76064 884// 333 00203 70002;
0196569860999992000020506004+23580+103870FM-12+142399999V0201101N002010003019N0005001N1+00971+00931102001ADDAA106000791AY161061AY241061GA1091+999999999GF109991091999999999999999KA1999N+00711MD1710231+0301MW1601REMSYN082AAXX  05061 56986 11/05 91102 10097 20093 40200 57023 69901 76064 333 00353 20071;
0161569860999992000020512004+23580+103870FM-12+142399999V0200901N001019999999N0030001N1+00941+99999101871ADDAA106000791AY161061AY241061GF107991071061999999001001MD1210051+0021MW1281REMSYN076AAXX  05121 56986 11/30 70901 10094 40187 52005 69901 72864 87600 333 00200;
0196569860999992000020518004+23580+103870FM-12+142399999V0200901N001010003019N0002001N1+00941+00921101871ADDAA106000791AY161061AY241061GA1091+999999999GF109991091999999999999999KA1999M+01061MD1710051+0001MW1601REMSYN082AAXX  05181 56986 11/02 90901 10094 20092 40187 57005 69901 76064 333 00002 10106;
0183569860999992000020600004+23580+103870FM-12+142399999V0200901N001010001519N0000001N1+00911+00891101901ADDAA106000191AY161061AY241061GA1091+999999999GF109991091999999999999999MD1210061-0101MW1601REMSYN082AAXX  06001 56986 11/00 90901 10091 20089 40190 52006 69921 76064 333 05101 70002;
0196569860999992000020606004+23580+103870FM-12+142399999V0200201N001010003019N0003001N1+01071+01051101701ADDAA106000191AY161061AY241061GA1091+999999999GF109991091999999999999999KA1999N+00851MD1710231-0201MW1601REMSYN082AAXX  06061 56986 11/03 90201 10107 20105 40170 57023 69911 76064 333 05201 20085;
0090569860999992000020612004+23580+103870FM-12+142399999V0201101N002010003019N0002001N1+00901+99999999999ADDGA1091+999999999GF109991091999999999999999REMSYN036AAXX  06121 56986 11/02 91102 1009/;
0196569860999992000020618004+23580+103870FM-12+142399999V0200401N001010006019N0007001N1+00831+00811101791ADDAA106000191AY161061AY241061GA1091+999999999GF109991091999999999999999KA1999M+01121MD1210021-0101MW1601REMSYN082AAXX  06181 56986 11/07 90401 10083 20081 40179 52002 69911 76064 333 05151 10112;
0132569860999992000020621004+23580+103870FM-12+142399999V0202001N001010006019N0006001N1+99999+99999101721ADDGA1091+999999999GF109991091999999999999999MD1810081+9999REMSYN064AAXX  06211 56986 41/06 92001 100/1 20079 40172 58008 333 0515/;
0183569860999992000020700004+23580+103870FM-12+142399999V0201101N002010003019N0003001N1+00801+00781101851ADDAA106000391AY161061AY241061GA1091+999999999GF109991091999999999999999MD1210091-0101MW1601REMSYN082AAXX  07001 56986 11/03 91102 10080 20078 40185 52009 69931 76064 333 05151 70005;
0196569860999992000020706004+23580+103870FM-12+142399999V0201101N003010003019N0002001N1+00871+00851101951ADDAA106000191AY161061AY241061GA1091+999999999GF109991091999999999999999KA1999N+00741MD1710161+0101MW1601REMSYN082AAXX  07061 56986 11/02 91103 10087 20085 40195 57016 69911 76064 333 00152 20074;
0177569860999992000020712004+23580+103870FM-12+142399999V0201401N005010006019N0008001N1+00731+00711101881ADDAA106000891AY161061AY241061GA1091+999999999GF109991091999999999999999MD1210061+0021MW1601REMSYN076AAXX  07121 56986 11/08 91405 10073 20071 40188 52006 69971 76064 333 00252;
0196569860999992000020718004+23580+103870FM-12+142399999V0201101N006010006019N0007001N1+00591+00571101871ADDAA106001091AY161061AY241061GA1091+999999999GF109991091999999999999999KA1999M+00941MD1710151+0001MW1601REMSYN082AAXX  07181 56986 11/07 91106 10059 20057 40187 57015 60011 76064 333 00052 10094;
0177569860999992000020721004+23580+103870FM-12+142399999V0201401N005010003019N0005001N1+00561+00541101831ADDAA124004891AY161031AY241031GA1091+999999999GF109991091999999999999999MD1710071+0001MW1601REMSYN076AAXX  07211 56986 41/05 91405 10056 20054 40183 57007 76064 333 00053 70049;
0177569860999992000020800004+23580+103870FM-12+142399999V0201601N003010003019N0002001N1+00551+00501101961ADDAA124006691AY161061AY241061GA1091+999999999GF109991091999999999999999MD1210101+0001MW1601REMSYN076AAXX  08001 56986 11/02 91603 10055 20050 40196 52010 76064 333 00053 70065;
0196569860999992000020806004+23580+103870FM-12+142399999V0200901N004010003019N0005001N1+00621+00601101881ADDAA106002091AY161061AY241061GA1091+999999999GF109991091999999999999999KA1999N+00451MD1710271-0201MW1471REMSYN082AAXX  08061 56986 11/05 90904 10062 20060 40188 57027 60021 74764 333 05253 20045;
0177569860999992000020812004+23580+103870FM-12+142399999V0201101N001010001519N0000001N1+00541+00521101841ADDAA106000791AY161061AY241061GA1091+999999999GF109991091999999999999999MD1210041+0011MW1601REMSYN076AAXX  08121 56986 11/00 91101 10054 20052 40184 52004 69901 76064 333 05152;
0196569860999992000020818004+23580+103870FM-12+142399999V0209999C000010006019N0006001N1+00551+00531101831ADDAA106000791AY161061AY241061GA1091+999999999GF109991091999999999999999KA1999M+00661MD1710061-0101MW1601REMSYN082AAXX  08181 56986 11/06 90000 10055 20053 40183 57006 69901 76064 333 05100 10066;
0177569860999992000020821004+23580+103870FM-12+142399999V0201101N002010003019N0005001N1+00491+00491101801ADDAA124004191AY161031AY241031GA1091+999999999GF109991091999999999999999MD1710061-0101MW1601REMSYN076AAXX  08211 56986 41/05 91102 10049 20049 40180 57006 76064 333 05151 70041;
0183569860999992000020900004+23580+103870FM-12+142399999V0201401N001010001519N0001001N1+00491+00491101901ADDAA106000191AY161061AY241061GA1091+999999999GF109991091999999999999999MD1210081-0101MW1601REMSYN082AAXX  09001 56986 11/01 91401 10049 20049 40190 52008 69911 76064 333 05151 70023;
0196569860999992000020906004+23580+103870FM-12+142399999V0200401N002010001519N0000001N1+00591+00571101731ADDAA106000191AY161061AY241061GA1091+999999999GF109991091999999999999999KA1999N+00421MD1710221-0101MW1451REMSYN082AAXX  09061 56986 11/00 90402 10059 20057 40173 57022 69911 74564 333 05100 20042;
0177569860999992000020912004+23580+103870FM-12+142399999V0200901N001010001519N0001001N1+00581+00561101661ADDAA106000791AY161061AY241061GA1091+999999999GF109991091999999999999999MD1210101+0021MW1601REMSYN076AAXX  09121 56986 11/01 90901 10058 20056 40166 52010 69901 76064 333 05200;
0196569860999992000020918004+23580+103870FM-12+142399999V0209999C000010003019N0004001N1+00561+00541101721ADDAA106000191AY161061AY241061GA1091+999999999GF109991091999999999999999KA1999M+00681MD1710021-0101MW1601REMSYN082AAXX  09181 56986 11/04 90000 10056 20054 40172 57002 69911 76064 333 05100 10068;
0186569860999992000021006004+23580+103870FM-12+142399999V0203201N001010012019N0180001N1+01201+01001101371ADDAA106000791AY161061AY241061GF105991051041001501001001KA1999N+00511MD1710221-0201MW1001REMSYN088AAXX  10061 56986 11268 53201 10120 20100 40137 57022 69901 70064 85400 333 05206 20051;
0152569860999992000021012004+23580+103870FM-12+142399999V0202201N003012200019N0150001N1+01221-00681101331ADDAA199000091GF101991011011008001001001MD1210151+0011REMSYN070AAXX  10121 56986 32565 12203 10122 21068 40133 52015 81100 333 05106;EQDQ01  00002PRCP99
0172569860999992000021018004+23580+103870FM-12+142399999V0209999C000010003019N0002001N1+00661+00641101461ADDAA199000091AY141061GA1091+999999999GF109991091999999999999999MD1710011+9999MW1471REMSYN060AAXX  10181 56986 31/02 90000 10066 20064 40146 57001 74740;EQDQ01  00002PRCP99
0177569860999992000021021004+23580+103870FM-12+142399999V0201101N001010001519N0000001N1+00611+00591101321ADDAA124999999AY161031AY241031GA1091+999999999GF109991091999999999999999MD1710041+0001MW1601REMSYN076AAXX  10211 56986 41/00 91101 10061 20059 40132 57004 76064 333 00000 7701/;
0201569860999992000021100004+23580+103870FM-12+142399999V0201801N003010003019N0002001N1+00671+00651101541ADDAA106000191AY161061AY241061GA1091+999999999GF109991091999999999999999IA2999+00459MD1210121+0101MW1601REMSYN088AAXX  11001 56986 11/02 91803 10067 20065 40154 52012 69921 76064 333 00101 30045 70002;
0186569860999992000021106004+23580+103870FM-12+142399999V0203201N004012200019N0300001N1+01461+00861101361ADDAA106000791AY161061AY241061GF101991011011008001001001KA1999N+00511MD1710221+0101MW1001REMSYN088AAXX  11061 56986 11580 13204 10146 20086 40136 57022 69901 70064 81100 333 00103 20051;
0143569860999992000021112004+23580+103870FM-12+142399999V0201801N001012200019N9999999N1+01171+00671101391ADDAA199000021GA1001+999999999GF100991001001999999001001MD1210121+0011REMSYN064AAXX  11121 56986 3/70/ 01801 10117 20067 40139 52012 333 00151;
0171569860999992000021118004+23580+103870FM-12+142399999V0201801N003012200019N0100001N1+00911+00851101351ADDAA199000091GF102991021041999999001001KA1999M+01821MD1710071+0001REMSYN076AAXX  11181 56986 32/60 21803 10091 20085 40135 57007 82400 333 00003 10182;EQDQ01  00002PRCP99
0161569860999992000021121004+23580+103870FM-12+142399999V0201801N002010006019N0006001N1+00851+00831101171ADDAA124000191GA1091+999999999GF109991091999999999999999MD1710091+0001MW1471REMSYN076AAXX  11211 56986 41/06 91802 10085 20083 40117 57009 74700 333 00002 70001;
0169569860999992000021200004+23580+103870FM-12+142399999V0209999C000010003019N0005001N1+00791+00771101451ADDAA124000791AY141061GA1091+999999999GF109991091999999999999999MD1210071-0101MW1431REMSYN076AAXX  12001 56986 31/05 90000 10079 20077 40145 52007 74340 333 05101 79999;
0191569860999992000021206004+23580+103870FM-12+142399999V0203401N005019999999N0300001N1+01971+00691101051ADDAA199000091AY141061GF105991001001999999001021KA1999N+00741MD1710201-0101MW1001REMSYN082AAXX  12061 56986 31980 53405 10197 20069 40105 57020 70040 80002 333 05105 20074;EQDQ01  00002PRCP99
0162569860999992000021212004+23580+103870FM-12+142399999V0209999C000012200019N0120001N1+01431+01131101161ADDAA199000091GA1001+999999999GF100991001001999999001001MD1210131+0011REMSYN064AAXX  12121 56986 32962 00000 10143 20113 40116 52013 333 05103;EQDQ01  00002PRCP99
0201569860999992000021218004+23580+103870FM-12+142399999V0202001N001010001519N0000001N1+00991+00971101031ADDAA199000091AY141061GA1091+999999999GF109991091999999999999999KA1999M+02131MD1710061-0101MW1471REMSYN076AAXX  12181 56986 31/00 92001 10099 20097 40103 57006 74740 333 05101 10213;EQDQ01  00002PRCP99
0152569860999992000021221004+23580+103870FM-12+142399999V0203201N002012200019N0100001N1+01341+00801100801ADDAY141031GA1001+999999999GF100991001001999999001001MD1710081+0011MW1001REMSYN070AAXX  12211 56986 41960 03202 10134 20080 40080 57008 70040 333 05105;
0172569860999992000021300004+23580+103870FM-12+142399999V0203201N007012200019N0300001N1+01601+00561101001ADDAA199000091AY141061GF101991011061999999001001MD1210071+0011MW1001REMSYN076AAXX  13001 56986 31/80 13207 10160 20056 40100 52007 70040 81600 333 05108;EQDQ01  00002PRCP99
0152569860999992000021312004+23580+103870FM-12+142399999V0203401N002012200019N0150001N1+01881+00911100771ADDAA199000091GF101991001001999999001021MD1210161+0001REMSYN070AAXX  13121 56986 32965 13402 10188 20091 40077 52016 80002 333 00005;EQDQ01  00002PRCP99
0173569860999992000021400004+23580+103870FM-12+142399999V0209999C000019999999N0080001N1+01241+01171101261ADDAA106000791AY161061AY241061GF108991081041999999999999MD1210161+0301MW1281REMSYN088AAXX  14001 56986 11/58 80000 10124 20117 40126 52016 69901 72864 884// 333 00354 79999;
0186569860999992000021406004+23580+103870FM-12+142399999V0201401N003010012019N0120001N1+01431+01311101471ADDAA106000791AY161061AY241061GF108991081041001501999999KA1999N+01151MD1710141+0401MW1001REMSYN088AAXX  14061 56986 11262 81403 10143 20131 40147 57014 69901 70064 884// 333 00458 20115;
0177569860999992000021412004+23580+103870FM-12+142399999V0201401N003010006019N0006001N1+01401+01351101511ADDAA106000791AY161061AY241061GA1091+999999999GF109991091999999999999999MD1210191+0041MW1601REMSYN076AAXX  14121 56986 11/06 91403 10140 20135 40151 52019 69901 76064 333 00455;
0177569860999992000021421004+23580+103870FM-12+142399999V0201401N003010001519N0001001N1+01301+01281101441ADDAA124000791AY161031AY241031GA1091+999999999GF109991091999999999999999MD1710071+0201MW1601REMSYN076AAXX  14211 56986 41/01 91403 10130 20128 40144 57007 76064 333 00201 79999;
0176569860999992000021500004+23580+103870FM-12+142399999V0201101N001010001519N0001001N1+99999+99999101561ADDAA106000191AY161061AY241061GA1091+999999999GF109991091999999999999999MD1210081+9999MW1601REMSYN075AAXX  15001 56986 11/01 91101 20130 40156 52008 69911 76064 33 00201 70001;
0196569860999992000021506004+23580+103870FM-12+142399999V0201401N004010001519N0000001N1+01371+01351101531ADDAA106000191AY161061AY241061GA1091+999999999GF109991091999999999999999KA1999N+01271MD1710201+0101MW1601REMSYN082AAXX  15061 56986 11/00 91404 10137 20135 40153 57020 69921 76064 333 00151 20127;
0177569860999992000021512004+23580+103870FM-12+142399999V0201101N003010001519N0000001N1+01201+01181101501ADDAA106000191AY161061AY241061GA1091+999999999GF109991091999999999999999MD1210091+0001MW1601REMSYN076AAXX  15121 56986 11/00 91103 10120 20118 40150 52009 69911 76064 333 00052;
0215569860999992000021518004+23580+103870FM-12+142399999V0201401N005010001519N0000001N1+01041+01021101551ADDAA106000191AY161061AY241061GA1091+999999999GF109991091999999999999999KA1999M+99999MD1710031-0101MW1601REMSYN082AAXX  15181 56986 11/00 91405 10104 20102 40155 57003 69921 76064 333 05153 11145;EQDQ01 -01452ATMX  
0167569860999992000021521004+23580+103870FM-12+142399999V0201401N003019999999N0070001N1+01031+01011101441ADDAA124001091AY161031AY241031GF108991081041999999999999MD1710121-0101MW1601REMSYN082AAXX  15211 56986 41/57 81403 10103 20101 40144 57012 76064 884// 333 05153 70010;
0183569860999992000021600004+23580+103870FM-12+142399999V0201101N003010001519N0001001N1+00991+00971101611ADDAA106000591AY161061AY241061GA1091+999999999GF109991091999999999999999MD1210111-0101MW1601REMSYN082AAXX  16001 56986 11/01 91103 10099 20097 40161 52011 69961 76064 333 05153 70011;
0196569860999992000021606004+23580+103870FM-12+142399999V0200901N003010006019N0006001N1+01131+01111101541ADDAA106000191AY161061AY241061GA1091+999999999GF109991091999999999999999KA1999N+00951MD1710231-0101MW1601REMSYN082AAXX  16061 56986 11/06 90903 10113 20111 40154 57023 69911 76064 333 05152 20095;
0149569860999992000021612004+23580+103870FM-12+142399999V0201101N001010001519N0001001N1+01061+01041101531ADDAA100000591GA1091+999999999GF109991091999999999999999MD1210111+0011REMSYN070AAXX  16121 56986 11/01 91101 10106 20104 40153 52011 69960 333 05151;
0186569860999992000021618004+23580+103870FM-12+142399999V0201401N003019999999N9999999N1+01031+00971101641ADDAA106000191AY161061AY241061GF108991081071999999999999KA1999M+01211MD1710041+0001MW1601REMSYN088AAXX  16181 56986 11/7/ 81403 10103 20097 40164 57004 69911 76064 887// 333 00000 10121;
0177569860999992000021621004+23580+103870FM-12+142399999V0201101N003010003019N0003001N1+00991+00971101541ADDAA124000591AY161031AY241031GA1091+999999999GF109991091999999999999999MD1710101+0001MW1601REMSYN076AAXX  16211 56986 41/03 91103 10099 20097 40154 57010 76064 333 00000 70004;
0196569860999992000021706004+23580+103870FM-12+142399999V0200901N003010006019N0007001N1+01101+01081101541ADDAA106000791AY161061AY241061GA1091+999999999GF109991091999999999999999KA1999N+00931MD1710171+0001MW1601REMSYN082AAXX  17061 56986 11/07 90903 10110 20108 40154 57017 69901 76064 333 00000 20093;
0196569860999992000021718004+23580+103870FM-12+142399999V0200901N004010003019N0002001N1+00981+00961101361ADDAA106000191AY161061AY241061GA1091+999999999GF109991091999999999999999KA1999M+01211MD1710071-0301MW1601REMSYN082AAXX  17181 56986 11/02 90904 10098 20096 40136 57007 69911 76064 333 05351 10121;
0177569860999992000021721004+23580+103870FM-12+142399999V0200401N003010003019N0002001N1+00961+00941101251ADDAA124000591AY161031AY241031GA1091+999999999GF109991091999999999999999MD1710081-0201MW1601REMSYN076AAXX  17211 56986 41/02 90403 10096 20094 40125 57008 76064 333 05200 70006;
0183569860999992000021800004+23580+103870FM-12+142399999V0201601N003010006019N0007001N1+00961+00921101411ADDAA106001091AY161061AY241061GA1091+999999999GF109991091999999999999999MD1210101-0201MW1471REMSYN082AAXX  18001 56986 11/07 91603 10096 20092 40141 52010 60011 74764 333 05200 70013;
0186569860999992000021806004+23580+103870FM-12+142399999V0200201N002012200019N0150001N1+01521+01401101151ADDAA106007191AY181061AY241061GF104991021011999999001021KA1999N+00921MD1710231-0201MW1251REMSYN088AAXX  18061 56986 11/65 40202 10152 20140 40115 57023 60071 72584 82102 333 05204 20092;
0177569860999992000021812004+23580+103870FM-12+142399999V0201601N002010003019N0005001N1+01131+01111101131ADDAA106002091AY181061AY241061GA1091+999999999GF109991091999999999999999MD1210051+0011MW1451REMSYN076AAXX  18121 56986 11/05 91602 10113 20111 40113 52005 60021 74584 333 05101;
0196569860999992000021818004+23580+103870FM-12+142399999V0201601N003010003019N0002001N1+01131+01111999999ADDAA106002091AY181061AY241061GA1091+999999999GF109991091999999999999999KA1999M+01591MD1710031-0101MW1471REMSYN082AAXX  18181 56986 11/02 91603 10113 20111 401/6 57003 60021 74784 333 05102 10159;
0167569860999992000021821004+23580+103870FM-12+142399999V0201401N001012200019N0070001N1+00991+00971101021ADDAA124011291AY141031AY241031GF102991021041999999001001MD1710121-0201MW1281REMSYN082AAXX  18211 56986 41/57 21401 10099 20097 40102 57012 72844 82400 333 05200 70113;
0169569860999992000021900004+23580+103870FM-12+142399999V0209999C000010001519N0000001N1+00991+00971101191ADDAA124016091AY141061GA1091+999999999GF109991091999999999999999MD1210101-0201MW1451REMSYN076AAXX  19001 56986 31/00 90000 10099 20097 40119 52010 74540 333 05200 70160;
0191569860999992000021906004+23580+103870FM-12+142399999V0203401N006010360019N0300001N1+02001+01101100791ADDAA199000091AY141061GF107991041041008001041001KA1999N+00921MD1710231-0201MW1001REMSYN082AAXX  19061 56986 31580 73406 10200 20110 40079 57023 70040 84440 333 05205 20092;EQDQ01  00002PRCP99
0151569860999992000021912004+23580+103870FM-12+142399999V0202001N004010360019N0100001N1+01801+00961100781ADDAA106000791GF106991031041001501041001MD1210061+0011MW1251REMSYN082AAXX  19121 56986 11260 62004 10180 20096 40078 52006 69901 72500 83440 333 05107;
0152569860999992000021918004+23580+103870FM-12+142399999V0202201N001012200019N0120001N1+01361+01061100761ADDAA199000021GF103991021041008001041001KA1999M+02081MD1410001-0101REMSYN076AAXX  19181 56986 32562 32201 10136 20106 40076 54000 82440 333 05102 10208;
0139569860999992000021921004+23580+103870FM-12+142399999V0209999C000010360019N0150001N1+01351+01071100811ADDAA124000791GF105991011011008001041001MD1710071+0001REMSYN076AAXX  19211 56986 42565 50000 10135 20107 40081 57007 81140 333 00004 79999;
0139569860999992000022000004+23580+103870FM-12+142399999V0201601N003010360019N0300001N1+01231+01001100911ADDAA124000791GF107991011011008001041021MD1210121+0001REMSYN076AAXX  20001 56986 32580 71603 10123 20100 40091 52012 81142 333 00002 79999;
0171569860999992000022006004+23580+103870FM-12+142399999V0202901N003012200019N0300001N1+02191+01071100701ADDAA199000091GF102991021011008001001021KA1999N+01171MD1710211+0001REMSYN076AAXX  20061 56986 32580 22903 10219 20107 40070 57021 82102 333 00002 20117;EQDQ01  00002PRCP99
0152569860999992000022012004+23580+103870FM-12+142399999V0201601N001012200019N0150001N1+01701+01121100721ADDAA199000091GF102991011041012501041001MD1210041+0001REMSYN070AAXX  20121 56986 32665 21601 10170 20112 40072 52004 81440 333 00051;EQDQ01  00002PRCP99
0171569860999992000022018004+23580+103870FM-12+142399999V0202001N002010075019N0150001N1+01541+01221100791ADDAA199000091GF105991051041008001001001KA1999M+02271MD1210071+0101REMSYN076AAXX  20181 56986 32565 52002 10154 20122 40079 52007 85400 333 00102 10227;EQDQ01  00002PRCP99
0152569860999992000022100004+23580+103870FM-12+142399999V0201401N001012200019N0250001N1+01321+01151101031ADDAA199000091GF104991021011004501001021MD1210101+0011REMSYN070AAXX  21001 56986 32475 41401 10132 20115 40103 52010 82102 333 00101;EQDQ01  00002PRCP99
0171569860999992000022106004+23580+103870FM-12+142399999V0203201N004012200019N0300001N1+02171+01271100771ADDAA199000091GF102991021011002501001001KA1999N+01271MD1710201+0101REMSYN076AAXX  21061 56986 32380 23204 10217 20127 40077 57020 82100 333 00100 20127;EQDQ01  00002PRCP99
0102569860999992000022121004+23580+103870FM-12+142399999V02099999999999999999N0020001N1+01231+99999100911ADDGF108991999999999999999999REMSYN064AAXX  21211 56986 41/20 808// 10123 40091 728=0 886// 333 00152;
0182569860999992000022200004+23580+103870FM-12+142399999V0209999C000010003019N0003001N1+01051+01011101221ADDAA199000091AY141061GA1091+999999999GF109991091999999999999999MD1210081+0011MW1451REMSYN070AAXX  22001 56986 31/03 90000 10105 20101 40122 52008 74540 333 00153;EQDQ01  00002PRCP99
0191569860999992000022206004+23580+103870FM-12+142399999V0203201N004012200019N0300001N1+02171+00731100871ADDAA199000091AY141061GF101991001001999999001021KA1999N+01011MD1710191+0001MW1001REMSYN082AAXX  22061 56986 31980 13204 10217 20073 40087 57019 70040 80002 333 00000 20101;EQDQ01  00002PRCP99
0152569860999992000022212004+23580+103870FM-12+142399999V0209999C000012200019N0180001N1+01811+00901100821ADDAA199000091GF101991001001999999001021MD1210051+0001REMSYN070AAXX  22121 56986 32968 10000 10181 20090 40082 52005 80002 333 00002;EQDQ01  00002PRCP99
0122569860999992000022221004+23580+103870FM-12+142399999V0202901N001012200019N0150001N1+01031+00861100861ADDGF101991011061999999001001MD1710091+0011REMSYN070AAXX  22211 56986 42/65 12901 10103 20086 40086 57009 81600 333 05152;
0152569860999992000022300004+23580+103870FM-12+142399999V0209999C000012200019N0300001N1+00891+00791101191ADDAA199000091GF102991011061999999001021MD1210151+0001REMSYN070AAXX  23001 56986 32/80 20000 10089 20079 40119 52015 81602 333 00052;EQDQ01  00002PRCP99
0171569860999992000022306004+23580+103870FM-12+142399999V0203401N004012200019N0300001N1+02221+00711100881ADDAA199000091GF101991011061004501001021KA1999N+00781MD1710271+0001REMSYN076AAXX  23061 56986 32480 13404 10222 20071 40088 57027 81602 333 00001 20078;EQDQ01  00002PRCP99
0152569860999992000022312004+23580+103870FM-12+142399999V0201401N003012200019N0100001N1+01341+01181101241ADDAA199000091GF102991021061999999001021MD1210181+0021REMSYN070AAXX  23121 56986 32/60 21403 10134 20118 40124 52018 82602 333 00255;EQDQ01  00002PRCP99
0196569860999992000022318004+23580+103870FM-12+142399999V0209999C000010003019N0005001N1+01211+01191101151ADDAA106000791AY161061AY241061GA1091+999999999GF109991091999999999999999KA1999M+02271MD1210011+0201MW1601REMSYN082AAXX  23181 56986 11/05 90000 10121 20119 40115 52001 69901 76064 333 00201 10227;
0167569860999992000022321004+23580+103870FM-12+142399999V0209999C000019999999N0080001N1+01181+01111101121ADDAA124000391AY161031AY241031GF108991081041999999999999MD1710061+0201MW1281REMSYN082AAXX  23211 56986 41/58 80000 10118 20111 40112 57006 72864 884// 333 00202 70002;
0183569860999992000022400004+23580+103870FM-12+142399999V0200701N001010003019N0004001N1+01111+01091101541ADDAA106000391AY161061AY241061GA1091+999999999GF109991091999999999999999MD1210151+0201MW1601REMSYN082AAXX  24001 56986 11/04 90701 10111 20109 40154 52015 69931 76064 333 00202 70003;
0196569860999992000022406004+23580+103870FM-12+142399999V0201401N003010001519N0001001N1+01131+01111101531ADDAA106000191AY161061AY241061GA1091+999999999GF109991091999999999999999KA1999N+01071MD1710181+0301MW1601REMSYN082AAXX  24061 56986 11/01 91403 10113 20111 40153 57018 69911 76064 333 00361 20107;
0177569860999992000022412004+23580+103870FM-12+142399999V0201101N003010001519N0000001N1+01031+01011101361ADDAA106000191AY161061AY241061GA1091+999999999GF109991091999999999999999MD1210011+0011MW1601REMSYN076AAXX  24121 56986 11/00 91103 10103 20101 40136 52001 69911 76064 333 00153;
0179569860999992000022418004+23580+103870FM-12+142399999V0201101N003010003019N0005001N1+00911+00891101661ADDAY161061AY241061GA1091+999999999GF109991091999999999999999KA1999M+01221MD1210011+0101MW1601REMSYN076AAXX  24181 56986 11/05 91103 10091 20089 40166 52001 76064 333 00153 10122;
0192569860999992000022500004+23580+103870FM-12+142399999V0201101N003010003019N0002001N1+00871+00791999999ADDAA106000391AY161061AY241061GA1091+999999999GF109991091999999999999999MD1210191+0201ME1101949MW1611REMSYN082AAXX  25001 56986 11/02 91103 10087 20079 41194 52019 69931 76164 333 00293 70008;
0186569860999992000022506004+23580+103870FM-12+142399999V0201601N005019999999N0030001N1+00771+00691102061ADDAA106000591AY161061AY241061GF108991081071999999999999KA1999N+00741MD1710171+0301MW1601REMSYN088AAXX  25061 56986 11/30 81605 10077 20069 40206 57017 69941 76064 887// 333 00354 20074;
0159569860999992000022512004+23580+103870FM-12+142399999V0201401N006010021019N0100001N1+00711+00461102091ADDAA106000791AY161061GF108991081041002501999999MD1210131+0051MW1001REMSYN082AAXX  25121 56986 11360 81406 10071 20046 40209 52013 69901 70060 884// 333 00553;
0167569860999992000022521004+23580+103870FM-12+142399999V0201401N005019999999N0100001N1+00501+00411102231ADDAA124002091AY161031AY261031GF108991081041999999999999MD1710121+0301MW1601REMSYN082AAXX  25211 56986 41/60 81405 10050 20041 40223 57012 76066 884// 333 00354 70020;
0173569860999992000022600004+23580+103870FM-12+142399999V0201601N005010012019N0120001N1+00471+00401102471ADDAA106004191AY181061AY261061GF108991081041001501999999MD1210171+0301MW1801REMSYN088AAXX  26001 56986 11262 81605 10047 20040 40247 52017 60041 78086 884// 333 00353 70046;
0186569860999992000022606004+23580+103870FM-12+142399999V0201601N003010006019N0150001N1+00431+00291102401ADDAA106006191AY181061AY281061GF108991081041000751999999KA1999N+00361MD1710191+0101MW1801REMSYN088AAXX  26061 56986 11165 81603 10043 20029 40240 57019 60061 78088 884// 333 00153 20036;
0180569860999992000022612004+23580+103870FM-12+142399999V0202701N999999999999N0100001N1+99999+99999102251ADDAA106001091AY181061AY261061GF108991081041999999999999MD1210031+0011MW1601REMSYN076AAXX  26121 56986 11/60 87710 20031 40225 52003 60011 76086 884// 333 05154;EQDQ01+011001WOSPD 
0196569860999992000022618004+23580+103870FM-12+142399999V0201101N003010001519N0000001N1+00291+00291102291ADDAA106001091AY161061AY241061GA1091+999999999GF109991091999999999999999KA1999M+00611MD1710051-0201MW1601REMSYN082AAXX  26181 56986 11/00 91103 10029 20029 40229 57005 60011 76064 333 05253 10061;
0167569860999992000022621004+23580+103870FM-12+142399999V0201401N004019999999N0060001N1+00251+00201102221ADDAA124015291AY161031AY241031GF108991081071999999999999MD1710071-0201MW1801REMSYN082AAXX  26211 56986 41/56 81404 10025 20020 40222 57007 78064 887// 333 05253 70153;
0201569860999992000022700004+23580+103870FM-12+142399999V0201101N002010001519N0001001N1+00241+00241102251ADDAA106007191AY161061AY241061GA1091+999999999GF109991091999999999999999IA2999+00329MD1410001-0301MW1801REMSYN088AAXX  27001 56986 11/01 91102 10024 20024 40225 54000 60071 78064 333 05352 30032 70146;
0196569860999992000022706004+23580+103870FM-12+142399999V0200901N002010006019N0006001N1+00321+00321102151ADDAA106000591AY181061AY241061GA1091+999999999GF109991091999999999999999KA1999N+00191MD1710211-0301MW1601REMSYN082AAXX  27061 56986 11/06 90902 10032 20032 40215 57021 69951 76084 333 05351 20019;
0177569860999992000022712004+23580+103870FM-12+142399999V0200401N001010003019N0002001N1+00301+00301102101ADDAA106000391AY161061AY241061GA1091+999999999GF109991091999999999999999MD1210061+0021MW1601REMSYN076AAXX  27121 56986 11/02 90401 10030 20030 40210 52006 69931 76064 333 05251;
0196569860999992000022718004+23580+103870FM-12+142399999V0200701N002010003019N0005001N1+00291+00291102211ADDAA106000891AY161061AY241061GA1091+999999999GF109991091999999999999999KA1999M+00371MD1710081-0101MW1451REMSYN082AAXX  27181 56986 11/05 90702 10029 20029 40221 57008 69971 74564 333 05100 10037;
0169569860999992000022721004+23580+103870FM-12+142399999V0209999C000010006019N0006001N1+00301+00301102101ADDAA124003691AY141031GA1091+999999999GF109991091999999999999999MD1710091-0101MW1471REMSYN076AAXX  27211 56986 /1/06 90000 1003/ 20030 40210 57009 74740 333 05101 70035;
0187569860999992000022800004+23580+103870FM-12+142399999V0209999C000010003019N0005001N1+00341+00341102261ADDAA124001591AY141061GA1091+999999999GF109991091999999999999999IA2999+00399MD1210141+0001MW1441REMSYN082AAXX  28001 56986 31/05 90000 10034 20034 40226 52014 74440 333 00001 30039 70015;
0191569860999992000022806004+23580+103870FM-12+142399999V0203601N001019999999N0100001N1+00821+00701102101ADDAA199000091AY141061GF107991071041999999999999KA1999N+00221MD1710131+0101MW1001REMSYN082AAXX  28061 56986 31/60 73601 10082 20070 40210 57013 70040 874// 333 00105 20022;EQDQ01  00002PRCP99
0182569860999992000022812004+23580+103870FM-12+142399999V0201101N002010001519N0000001N1+00491+00491102211ADDAA199000091AY141061GA1091+999999999GF109991091999999999999999MD1210121+0021MW1451REMSYN070AAXX  28121 56986 31/00 91102 10049 20049 40221 52012 74540 333 00202;EQDQ01  00002PRCP99
0196569860999992000022818004+23580+103870FM-12+142399999V0200901N003010001519N0001001N1+00461+00461102421ADDAA106000191AY161061AY241061GA1091+999999999GF109991091999999999999999KA1999M+01101MD1710011+0401MW1601REMSYN082AAXX  28181 56986 11/01 90903 10046 20046 40242 57001 69911 76064 333 00402 10110;
0171569860999992000022821004+23580+103870FM-12+142399999V0201101N003010006019N0007001N1+00471+00471999999ADDAA124000391AY161031AY241031GA1091+999999999GF109991091999999999999999MD1710091+0401MW1601REMSYN070AAXX  28211 56986 41/07 91103 10047 20047 57009 76064 333 00402 70003;
0173569860999992000022900004+23580+103870FM-12+142399999V0201101N003019999999N0030001N1+00471+00471102471ADDAA106001091AY161061AY241061GF108991081071999999999999MD1210051+0301MW1601REMSYN088AAXX  29001 56986 11/30 81103 10047 20047 40247 52005 69991 76064 887// 333 00301 70010;
0186569860999992000022906004+23580+103870FM-12+142399999V0201601N003019999999N0100001N1+00531+00471102331ADDAA106002091AY161061AY241061GF108991081041999999999999KA1999N+00411MD1710271+0201MW1601REMSYN088AAXX  29061 56986 11/60 81603 10053 20047 40233 57027 60021 76064 884// 333 00253 20041;
0169569860999992000022921004+23580+103870FM-12+142399999V0200901N003010006019N0007001N1+00411+00411102211ADDAA124005691AY161031GA1091+999999999GF109991091999999999999999MD1710161-0201MW1601REMSYN076AAXX  29211 56986 41/07 90903 10041 20041 40221 57016 7606/ 333 05251 70057;
0201569860999992000030100004+23580+103870FM-12+142399999V0201101N001010006019N0008001N1+00431+00431102381ADDAA106002091AY161061AY241061GA1091+999999999GF109991091999999999999999IA2999+00489MD1210141-0101MW1601REMSYN088AAXX  01001 56986 11/08 91101 10043 20043 40238 52014 60021 76064 333 05100 30048 70064;
0186569860999992000030106004+23580+103870FM-12+142399999V0201401N002019999999N0100001N1+00551+00511102291ADDAA106003091AY161061AY241061GF108991081041999999999999KA1999N+00371MD1710151+0001MW1601REMSYN088AAXX  01061 56986 11/60 81402 10055 20051 40229 57015 60031 76064 884// 333 00000 20037;
0177569860999992000030112004+23580+103870FM-12+142399999V0200901N003010006019N0006001N1+00531+00511999999ADDAA106001091AY161061AY241061GA1091+999999999GF109991091999999999999999MD1210051+0011MW1601REMSYN076AAXX  01121 56986 11/06 90903 10053 20051 4/213 52005 60011 76064 333 05101;
0196569860999992000030118004+23580+103870FM-12+142399999V0201101N002010003019N0003001N1+00511+00491102161ADDAA106000591AY161061AY241061GA1091+999999999GF109991091999999999999999KA1999M+00641MD1710041-0201MW1601REMSYN082AAXX  01181 56986 11/03 91102 10051 20049 40216 57004 69961 76064 333 05201 10064;
0150569860999992000030121004+23580+103870FM-12+142399999V0202501N001010003019N0005001N1+00511+00491102001ADDAY131031AY231031GA1091+999999999GF109991091999999999999999MD1710131+9999MW1231REMSYN060AAXX  01211 56986 41/05 92501 10051 20049 40200 57013 72333;
0134569860999992000031403004+23580+103870FM-12+142399999V0200701N003010006019N0006001N1+01381+01241101511ADDGA1091+999999999GF109991091999999999999999MD1210051+9999MW1471REMSYN060AAXX  14031 56986 41/06 90703 10138 20124 40151 52005 74700;
0191569860999992000031406004+23580+103870FM-12+142399999V0203201N005012200019N0300001N1+02191+00901101001ADDAA199000091AY141061GF101991011011008001001001KA1999N+01121MD1710251+0101MW1001REMSYN082AAXX  14061 56986 31580 13205 10219 20090 40100 57025 70040 81100 333 00101 20112;EQDQ01  00002PRCP99
0152569860999992000031412004+23580+103870FM-12+142399999V0209999C000012200019N0120001N1+01671+01101100971ADDAA199000091GF101991011041008001001001MD1210061+0011REMSYN070AAXX  14121 56986 32562 10000 10167 20110 40097 52006 81400 333 05102;EQDQ01  00002PRCP99
0167569860999992000031421004+23580+103870FM-12+142399999V0209999C000019999999N0080001N1+01311+01221100881ADDAA124000791AY161031AY241031GF108991081041999999999999MD1710071-0101MW1281REMSYN082AAXX  14211 56986 41/58 80000 10131 20122 40088 57007 72864 884// 333 05101 79999;
0183569860999992000031500004+23580+103870FM-12+142399999V0209999C000010003019N0004001N1+01311+01261101231ADDAA106000791AY161061AY241061GA1091+999999999GF109991091999999999999999MD1210151-0101MW1601REMSYN082AAXX  15001 56986 11/04 90000 10131 20126 40123 52015 69901 76064 333 05102 79999;
0196569860999992000032406004+23580+103870FM-12+142399999V0201401N002010001519N0000001N1+01481+01481101611ADDAA106000791AY161061AY241061GA1091+999999999GF109991091999999999999999KA1999N+01461MD1710151+0101MW1601REMSYN082AAXX  24061 56986 11/00 91402 10148 20148 40161 57015 69901 76064 333 00156 20146;
0177569860999992000032412004+23580+103870FM-12+142399999V0201101N004010003019N0005001N1+01311+01291101531ADDAA106000791AY161061AY241061GA1091+999999999GF109991091999999999999999MD1210061+0001MW1601REMSYN076AAXX  24121 56986 11/05 91104 10131 20129 40153 52006 69901 76064 333 00055;
0172569860999992000032418004+23580+103870FM-12+142399999V0209999C000010006019N0100001N1+01261+01231101791ADDAA106000791AY161061AY241061GF108991081041000751999999MD1710031+0001MW1601REMSYN087AAXX  24181 56986 11160 80000 10126 20123 40179 57003 69901 76064 884// 333 00054 1017;
0167569860999992000032421004+23580+103870FM-12+142399999V0209999C000019999999N0050001N1+01211+01191101731ADDAA124000791AY161031AY241031GF108991081041999999999999MD1710081+0101MW1281REMSYN082AAXX  24211 56986 41/50 80000 10121 20119 40173 57008 72864 884// 333 00154 79999;
0183569860999992000032500004+23580+103870FM-12+142399999V0200901N003010003019N0002001N1+01191+01171101951ADDAA106000791AY161061AY241061GA1091+999999999GF109991091999999999999999MD1210161+0101MW1601REMSYN082AAXX  25001 56986 11202 90903 10119 20117 40195 52016 69901 76064 333 00154 79999;
0196569860999992000032506004+23580+103870FM-12+142399999V0200901N003010001519N0001001N1+01291+01271101941ADDAA106000191AY161061AY241061GA1091+999999999GF109991091999999999999999KA1999N+01141MD1710141+0101MW1601REMSYN082AAXX  25061 56986 11/01 90903 10129 20127 40194 57014 69911 76064 333 00152 20114;
0159569860999992000032512004+23580+103870FM-12+142399999V0201601N005019999999N0030001N1+01261+01211101981ADDAA106000791AY141061GF108991081071999999999999MD1210111+0031MW1161REMSYN082AAXX  25121 56986 11/30 81605 10126 20121 40198 52011 69901 7164/ 887// 333 00351;
0186569860999992000032518004+23580+103870FM-12+142399999V0201401N002019999999N0030001N1+01221+01171102151ADDAA106000791AY161061AY261061GF108991081071999999999999KA1999M+01461MD1710021+0301MW1601REMSYN088AAXX  25181 56986 11/30 81402 10122 20117 40215 57002 69901 76066 887// 333 00300 10146;
0167569860999992000032521004+23580+103870FM-12+142399999V0200901N003019999999N0050001N1+01191+01141102101ADDAA124000191AY161031AY241031GF108991081071999999999999MD1710021+0301MW1601REMSYN082AAXX  25211 56986 41/50 80903 10119 20114 4021/ 57002 76064 887// 333 00300 70001;
0183569860999992000032600004+23580+103870FM-12+142399999V0201101N004010006019N0006001N1+01131+01111102271ADDAA106001091AY161061AY241061GA1091+999999999GF109991091999999999999999MD1210091+0201MW1601REMSYN082AAXX  26001 56986 11/06 91104 10113 20111 40227 52009 60011 76064 333 00251 70015;
0140569860999992000032603004+23580+103870FM-12+142399999V0201601N005010012019N0150001N1+01131+01041102481ADDAY161031AY241031GF108991081041001501999999MD1210181+9999MW1601REMSYN066AAXX  26031 56986 41265 81605 10113 20104 40248 52018 76064 884//;
0186569860999992000032606004+23580+103870FM-12+142399999V0201101N005010021019N0150001N1+01101+00891102291ADDAA106000891AY161061AY241061GF108991081041002501999999KA1999N+01031MD1710181+0201MW1211REMSYN088AAXX  26061 56986 11365 81105 10110 20089 40229 57018 69981 72164 884// 333 00252 20103;
0159569860999992000032612004+23580+103870FM-12+142399999V0209999C000010006019N0100001N1+01101+00991102091ADDAA106000791AY161061GF108991081041000751999999MD1710031+0001MW1001REMSYN082AAXX  26121 56986 11160 80000 10110 20099 40209 57003 69901 70060 884// 333 00052;
0152569860999992000032618004+23580+103870FM-12+142399999V0209999C000010012019N0100001N1+01031+00941102161ADDAA199000021GF108991081041001501999999KA1999M+01331MD1710101-0101REMSYN076AAXX  26181 56986 32260 80000 10103 20094 40216 57010 884// 333 05152 10133;
0171569860999992000032706004+23580+103870FM-12+142399999V0203201N003010900019N0300001N1+01981+01401101521ADDAA199000091GF105991011011008001041021KA1999N+00991MD1710271-0501REMSYN076AAXX  27061 56986 32580 53203 10198 20140 40152 57027 81142 333 05509 20099;EQDQ01  00002PRCP99
0152569860999992000032712004+23580+103870FM-12+142399999V0201601N002010360019N0100001N1+01601+01391101611ADDAA199000091GF107991031041012501031999MD1210161+0031REMSYN070AAXX  27121 56986 32660 71602 10160 20139 40161 52016 8343/ 333 05305;EQDQ01  00002PRCP99
0171569860999992000032718004+23580+103870FM-12+142399999V0209999C000010021019N0100001N1+01351+01261101641ADDAA199000091GF108991081041002501999999KA1999M+02151MD1710051-0101REMSYN076AAXX  27181 56986 32360 80000 10135 20126 40164 57005 884// 333 05103 10215;EQDQ01  00002PRCP99
0122569860999992000032721004+23580+103870FM-12+142399999V0201601N002010021019N0100001N1+01311+01211101591ADDGF108991081041002501999999MD1710061+0011REMSYN070AAXX  27211 56986 42360 81602 10131 20121 40159 57006 884// 333 05103;
0152569860999992000032800004+23580+103870FM-12+142399999V0209999C000019999999N0100001N1+01311+01241101771ADDAA199000091GF108991081041999999999999MD1210071+0001REMSYN070AAXX  28001 56986 32/60 80000 10131 20124 40177 52007 884// 333 00003;EQDQ01  00002PRCP99
0170569860999992000032806004+23580+103870FM-12+142399999V0203201N002010120019N0150001N1+01771+01431101611ADDAA106000791GF108991081041012501999999KA1999N+01241MD1710181+0101MW1251REMSYN088AAXX  28061 56986 11665 83202 10177 20143 40161 57018 69901 72500 884// 333 00152 20124;
0133569860999992000032812004+23580+103870FM-12+142399999V0209999C000010120019N0100001N1+01701+01471101691ADDAA199000021GF107991061041012501041999MD1210221+0021REMSYN070AAXX  28121 56986 32660 70000 10170 20147 40169 52022 8644/ 333 00201;
0178569860999992000032818004+23580+103870FM-12+142399999V0201401N002010021019N0100001N1+01521+01421101711ADDAA106000791AY181061GF107991071041002501999999KA1999M+02251MD1710101+0101MW1001REMSYN088AAXX  28181 56986 11360 71402 10152 20142 40171 57010 69901 70080 874// 333 00102 10225;
0139569860999992000032821004+23580+103870FM-12+142399999V0201401N002010021019N0100001N1+01481+01351101531ADDAA124000791GF107991071041002501999999MD1710081+0001REMSYN076AAXX  28211 56986 42360 71402 10148 20135 40153 57008 874// 333 00002 79999;
0139569860999992000032900004+23580+103870FM-12+142399999V0201601N002010021019N0150001N1+01531+01351101791ADDAA124000791GF107991071041002501999999MD1210131+0101REMSYN076AAXX  29001 56986 32365 71602 10153 20135 40179 52013 874// 333 00102 79999;
0164569860999992000032918004+23580+103870FM-12+142399999V0201401N004010021019N0100001N1+01571+01181101451ADDAA106000791GF108991081041002501999999KA1999M+01801MD1710121-0201REMSYN088AAXX  29181 56986 /1360 81404 10157 20118 40145 57012 69901 70/10 884// 333 05201 10180;
0139569860999992000032921004+23580+103870FM-12+142399999V0201101N004010042019N0100001N1+01481+00981101311ADDAA124000791GF108991081041004501999999MD1710141-0301REMSYN076AAXX  29211 56986 42460 81104 10148 20098 40131 57014 884// 333 05300 79999;
0139569860999992000033000004+23580+103870FM-12+142399999V0201401N005010042019N0250001N1+01421+00541101421ADDAA124000791GF108991081041004501999999MD1210051-0401REMSYN076AAXX  30001 56986 32475 81405 10142 20054 40142 52005 884// 333 05451 79999;
0151569860999992000033012004+23580+103870FM-12+142399999V0202901N001010021019N0100001N1+01341+01151101041ADDAA106000191GF108991081041002501999999MD1210011+0051MW1801REMSYN082AAXX  30121 56986 11360 82901 10134 20115 40104 52001 69911 78000 884// 333 05553;
0188569860999992000033018004+23580+103870FM-12+142399999V0209999C000010003019N0002001N1+01271+01221101001ADDAA106007991AY181061GA1091+999999999GF109991091999999999999999KA1999M+01681MD1710211-0501MW1471REMSYN082AAXX  30181 56986 11/02 90000 10127 20122 40100 57021 60081 74780 333 05553 10168;
0178569860999992000033021004+23580+103870FM-12+142399999V0200401N002019999999N0030001N1+01251+01201999999ADDAA124007691AY141031GF108991081061999999999999MD1710141-0501MW1101REMSYN082AAXX  30211 56986 41/30 80402 10125 20120 40000 57014 71040 886// 333 05552 70076;EQDQ01+100003APOSLP
0151569860999992000033100004+23580+103870FM-12+142399999V0209999C000012200019N0050001N1+01171+01101100911ADDAA124007691GF103991031061999999001021MD1410001-0601MW1101REMSYN082AAXX  31001 56986 31/50 30000 10117 2011/ 40091 54000 710/0 83602 333 05653 70076;
0191569860999992000033106004+23580+103870FM-12+142399999V0203401N006012200019N0300001N1+02091+01091100581ADDAA199000091AY141061GF101991011011008001001021KA1999N+01121MD1710191-0501MW1001REMSYN082AAXX  31061 56986 31580 13406 10209 20109 40058 57019 70040 81102 333 05506 20112;EQDQ01  00002PRCP99
0162569860999992000033112004+23580+103870FM-12+142399999V0200401N001012200019N0300001N1+01941+01281999999ADDAA199000091GF101991999011008001001001MD1210081+0041REMSYN064AAXX  31121 56986 32580 10401 10194 20128 52008 87100 333 05406;EQDQ01+000072SCOTLCQ02  00002PRCP99
0181569860999992000033118004+23580+103870FM-12+142399999V0201801N003012200019N0100001N1+01421+01161100621ADDAA199000091GA1001+999999999GF100991001001999999001001KA1999M+02281MD1710031-0101REMSYN070AAXX  31181 56986 32960 01803 10142 20116 40062 57003 333 05102 10228;EQDQ01  00002PRCP99
0132569860999992000033121004+23580+103870FM-12+142399999V0209999C000012200019N0100001N1+01331+01171999999ADDGA1001+999999999GF100991001001999999001001MD1710111+0011REMSYN064AAXX  31211 56986 42960 00000 10133 20117 40/48 57011 333 05101;
0171569860999992000040106004+23580+103870FM-12+142399999V0203401N007012200019N0300001N1+02411+01181100251ADDAA199000091GF101991011011008001001001KA1999N+01181MD1710251-0201REMSYN076AAXX  01061 56986 32580 13407 10241 20118 40025 57025 81100 333 05203 20118;EQDQ01  00002PRCP99
0152569860999992000040112004+23580+103870FM-12+142399999V0201601N002012200019N0150001N1+01911+01411100411ADDAA199000091GF102991021011008001001001MD1210121+0011REMSYN070AAXX  01121 56986 32565 21602 10191 20141 40041 52012 82100 333 05100;EQDQ01  00002PRCP99
0122569860999992000040121004+23580+103870FM-12+142399999V0209999C000010012019N0100001N1+01641+01461100341ADDGF107991071041001501001001MD1710031+0001REMSYN070AAXX  01211 56986 42260 70000 10164 20146 40034 57003 87400 333 00003;
0152569860999992000040200004+23580+103870FM-12+142399999V0201101N001019999999N0100001N1+01571+01471100691ADDAA199000091GF106991061041999999001001MD1210161+0021REMSYN070AAXX  02001 56986 32/60 61101 10157 20147 40069 52016 86400 333 00203;EQDQ01  00002PRCP99
0171569860999992000040206004+23580+103870FM-12+142399999V0203201N004012200019N0300001N1+02511+01421100421ADDAA199000091GF102991021021008001001001KA1999N+01461MD1710141+0201REMSYN076AAXX  02061 56986 32580 23204 10251 20142 40042 57014 82200 333 00201 20146;EQDQ01  00002PRCP99
0152569860999992000040212004+23580+103870FM-12+142399999V0201601N003012200019N0150001N1+02021+01341100511ADDAA199000091GF101991011041008001001001MD1210091+0021REMSYN070AAXX  02121 56986 32565 11603 10202 20134 40051 52009 81400 333 00201;EQDQ01  00002PRCP99
0171569860999992000040218004+23580+103870FM-12+142399999V0209999C000012200019N0100001N1+01651+01441100701ADDAA199000091GF101991011061999999001001KA1999M+02661MD1210041+0301REMSYN076AAXX  02181 56986 32/60 10000 10165 20144 40070 52004 81600 333 00300 10266;EQDQ01  00002PRCP99
0152569860999992000040300004+23580+103870FM-12+142399999V0201601N003012200019N0120001N1+01691+01561100931ADDAA199000091GF101991011041002501001001MD1210201+0031REMSYN070AAXX  03001 56986 32362 11603 10169 20156 40093 52020 81400 333 00301;EQDQ01  00002PRCP99
0171569860999992000040306004+23580+103870FM-12+142399999V0203201N005012200019N0150001N1+02211+01761100761ADDAA199000091GF103991031021002501001001KA1999N+01501MD1710241+0201REMSYN076AAXX  03061 56986 32365 33205 10221 20176 40076 57024 83200 333 00253 20150;EQDQ01  00002PRCP99
0164569860999992000040312004+23580+103870FM-12+142399999V0201401N004019999999N0100001N1+01851+01761100761ADDAA199000091GF107991071091999999999999MD1210151+0021MW1171REMSYN076AAXX  03121 56986 31/60 71404 10185 20176 40076 52015 71700 879// 333 00252;EQDQ01  00002PRCP99
0171569860999992000040318004+23580+103870FM-12+142399999V0201401N004019999999N0100001N1+01711+01681100841ADDAA199000091GF108991081041999999999999KA1999M+02341MD1710061+0101REMSYN076AAXX  03181 56986 32/60 81404 10171 20168 40084 57006 884// 333 00101 10234;EQDQ01  00002PRCP99
0167569860999992000040321004+23580+103870FM-12+142399999V0201401N002019999999N0015001N1+01651+01631100761ADDAA124000791AY161031AY241031GF108991081071999999999999MD1710081+0101MW1601REMSYN082AAXX  03211 56986 41/15 81402 10165 20163 40076 57008 76064 887// 333 00101 79999;
0186569860999992000040406004+23580+103870FM-12+142399999V0201401N006010003019N0120001N1+01821+01601100851ADDAA106000791AY161061AY241061GF107991071041000251999999KA1999N+01551MD1710221+0001MW1211REMSYN088AAXX  04061 56986 11062 71406 10182 20160 40085 57022 69901 72164 874// 333 00054 20155;
0167569860999992000040412004+23580+103870FM-12+142399999V0201401N003019999999N0080001N1+01571+01511100841ADDAA106000791AY161061AY241061GF108991081041999999999999MD1210111+0001MW1601REMSYN082AAXX  04121 56986 11/58 81403 10157 20151 40084 52011 69901 76064 884// 333 00053;
