0200582410999992000010100004+32780+119450FM-12+000399999V0200901N002010003019N0002001N1+00691+00691102121ADDAA106000091AY141061GA1091+999999999GF109991091999999999999999IA2999+00209MD1210071-0301MW1451REMSYN076AAXX  01001 58241 31/02 90902 10069 20069 40212 52007 74540 333 05304 30024;EQDQ01  00002PRCP06
0165582410999992000010106004+32780+119450FM-12+000399999V0202101N002019999999N9999999N1+01111+00801101941ADDAA106000091GF107991999999022501999999KA1999N+00591MD1710161+9999REMSYN070AAXX  01061 58241 3/8// 72102 10111 20080 40194 57016 71040 333 20059;EQDQ01  00002PRCP06
0165582410999992000010200004+32780+119450FM-12+000399999V0202901N003010075019N0030001N1+00511+00371102401ADDAA106000791AY161061GF108991081051008001999999MD1210161+0301MW1101REMSYN088AAXX  02001 58241 11530 82903 10051 20037 40240 52016 69901 71060 885// 333 00352 79999;
0187582410999992000010206004+32780+119450FM-12+000399999V0202501N003012200019N0060001N1+00681+00291102421ADDAA106000091GA1001+999999999GF100991001001999999001001KA1999N+00501MD1710121+9999MW1101REMSYN070AAXX  02061 58241 31956 02503 10068 20029 40242 57012 71000 333 20050;EQDQ01  00002PRCP06
0175582410999992000010306004+32780+119450FM-12+000399999V0201101N004012200019N0220001N1+01001+00101101961ADDAA106000091GA1001+999999999GF100991001001999999001001KA1999N+00121MD1710291+9999REMSYN064AAXX  03061 58241 32972 01104 10100 20010 40196 57029 333 20012;EQDQ01  00002PRCP06
0112582410999992000010321004+32780+119450FM-12+000399999V0200701N003012200019N0110001N1+00331+00281101921ADDGF102991021051012501001001MD1710021+9999REMSYN060AAXX  03211 58241 42661 20703 10033 20028 40192 57002 82500;
0170582410999992000010400004+32780+119450FM-12+000399999V0200901N003019999999N0080001N1+00571+00521101921ADDAA106000091GF108991051999012501999999MD1410001-0301MW1101REMSYN082AAXX  04001 58241 31658 80903 10057 20052 40192 54000 71000 85/// 333 05304 3000/;EQDQ01  00002PRCP06
0165582410999992000010406004+32780+119450FM-12+000399999V0201401N002019999999N0100001N1+01371+00811101631ADDAA106000091GF108991071001999999041071KA1999N+00301MD1710261+9999REMSYN070AAXX  04061 58241 32960 81402 10137 20081 40163 57026 87047 333 20030;EQDQ01  00002PRCP06
0201582410999992000010500004+32780+119450FM-12+000399999V0202901N003010003019N0003001N1+00741+00741101531ADDAA106000891AY161061AY241061GA1091+999999999GF109991091999999999999999IA2999+00439MD1210151-0401MW1451REMSYN088AAXX  05001 58241 11/03 92903 10074 20074 40153 52015 69981 74564 333 05402 30043 70008;
0203582410999992000010506004+32780+119450FM-12+000399999V0202901N003010003019N0004001N1+00781+00781101461ADDAA106000091AY141061AY241061GA1091+999999999GF109991091999999999999999KA1999N+00711MD1710141+9999MW1451REMSYN070AAXX  05061 58241 31/04 92903 10078 20078 40146 57014 74544 333 20071;EQDQ01  00002PRCP06
0153582410999992000010521004+32780+119450FM-12+000399999V0202901N004010120019N0120001N1+00551+00551102061ADDAA124001391AY161031GF108991081051012501999999MD1210051+9999MW1001REMSYN076AAXX  05211 58241 41662 82904 10055 20055 40206 52005 70060 885// 333 70012;
0165582410999992000010600004+32780+119450FM-12+000399999V0203201N004010075019N0200001N1+00501+00281102411ADDAA106000191AY161061GF108991081051008001999999MD1210341+0901MW1001REMSYN088AAXX  06001 58241 11570 83204 10050 20028 40241 52034 69911 70060 885// 333 00952 70012;
0165582410999992000010606004+32780+119450FM-12+000399999V0200201N003010075019N0270001N1+00511+00181102441ADDAA106000091GF108991081051008001999999KA1999N+00481MD1710091+9999REMSYN070AAXX  06061 58241 32577 80203 10051 20018 40244 57009 885// 333 20048;EQDQ01  00002PRCP06
0112582410999992000010621004+32780+119450FM-12+000399999V0200401N004010120019N0250001N1-00021-00441102931ADDGF107991071051012501001001MD1210011+9999REMSYN060AAXX  06211 58241 42675 70404 11002 21044 40293 52001 87500;
0170582410999992000010700004+32780+119450FM-12+000399999V0200401N005010075019N0300001N1-00101-00791103111ADDAA106000091GF107991061051008001001021IA2999-00209MD1210181+0701REMSYN076AAXX  07001 58241 32580 70405 11010 21079 40311 52018 86502 333 00756 31025;EQDQ01  00002PRCP06
0165582410999992000010706004+32780+119450FM-12+000399999V0200701N005019999999N0300001N1+00281-00591102791ADDAA106000091GF105991001001999999001021KA1999N-00141MD1710311+9999REMSYN070AAXX  07061 58241 32980 50705 10028 21059 40279 57031 80002 333 21014;EQDQ01  00002PRCP06
0153582410999992000010721004+32780+119450FM-12+000399999V0200901N003010075019N0150001N1-00021-00051102431ADDAA124001091AY161031GF108991081051008001999999MD1710101+9999MW1601REMSYN076AAXX  07211 58241 41565 80903 11002 21005 40243 57010 76060 885// 333 70011;
0183582410999992000010800004+32780+119450FM-12+000399999V0200901N003010075019N0070001N1+00051+00051102431ADDAA106000791AY161061GF108991081051008001999999IA2999-00099MD1410001-0701MW1601REMSYN094AAXX  08001 58241 11557 80903 10005 20005 40243 54000 69901 76060 885// 333 05702 31009 70011;
0180582410999992000010806004+32780+119450FM-12+000399999V0200701N003010021019N0028001N1+00381+00361102151ADDAA106000191AY161061AY261061GF108991071071002501021999KA1999N-00141MD1710241+9999MW1611REMSYN082AAXX  08061 58241 11328 80703 10038 20036 40215 57024 69911 76166 8772/ 333 21014;
0161582410999992000010821004+32780+119450FM-12+000399999V0200401N002010021019N0140001N1+00601+00601101821ADDAA124013791AY161031AY261031GF108991071071002501021999MD1710051+9999MW1611REMSYN076AAXX  08211 58241 41364 80402 10060 20060 40182 57005 76166 8772/ 333 70136;
0179582410999992000010900004+32780+119450FM-12+000399999V0200401N001019999999N0050001N1+00621+00621101871ADDAA106003091AY161061AY271061GF108991999999002501999999IA2999+00459MD1210061+9999MW1611REMSYN082AAXX  09001 58241 11350 80401 10062 20062 40187 52006 60031 76167 333 30045 70144;
0173582410999992000011000004+32780+119450FM-12+000399999V0200401N003010075019N0018001N1+00661+00641102561ADDAA106000791AY161061AY241061GF108991081051008001999999MD1210091+0701MW1281REMSYN088AAXX  10001 58241 11518 80403 10066 20064 40256 52009 69901 72864 885// 333 00700 70012;
0165582410999992000011006004+32780+119450FM-12+000399999V0200901N005010075019N0160001N1+00821+00621102541ADDAA106000091GF108991081051008001999999KA1999N+00481MD1710111+9999REMSYN070AAXX  10061 58241 32566 80905 10082 20062 40254 57011 885// 333 20048;EQDQ01  00002PRCP06
0153582410999992000011021004+32780+119450FM-12+000399999V0200901N006010021019N0080001N1+00541+00371102301ADDAA124001391AY161031GF108991071071002501021999MD1710101+9999MW1601REMSYN076AAXX  10211 58241 41358 80906 10054 20037 40230 57010 76060 8772/ 333 70012;
0183582410999992000011100004+32780+119450FM-12+000399999V0200901N006010012019N0240001N1+00521+00381102231ADDAA106004191AY161061GF108991071071001501021999IA2999+00489MD1710071-0301MW1611REMSYN094AAXX  11001 58241 11274 80906 10052 20038 40223 57007 60041 76160 8772/ 333 05351 30048 70050;
0157582410999992000011106004+32780+119450FM-12+000399999V0200701N006010012019N0280001N1+00621+00551101821ADDAA106007191AY161061AY261061GF108991071071001501021999MD1710301+9999MW1601REMSYN072AAXX  11061 58241 11278 80706 10062 20055 40182 57030 60071 76066 8772/;
0161582410999992000011121004+32780+119450FM-12+000399999V0203401N004010075019N0200001N1+00501+00431101911ADDAA124018091AY161031AY261031GF108991081051008001999999MD1710061+9999MW1601REMSYN076AAXX  11211 58241 41570 83404 10050 20043 40191 57006 76066 885// 333 70180;
0191582410999992000011200004+32780+119450FM-12+000399999V0203201N004010021019N0110001N1+00341+00321102141ADDAA106002091AY161061AY261061GF108991071071002501021999IA2999+00439MD1210221-0101MW1601REMSYN094AAXX  12001 58241 11361 83204 10034 20032 40214 52022 60021 76066 8772/ 333 05152 30043 70151;
0172582410999992000011206004+32780+119450FM-12+000399999V0202901N003010012019N0100001N1+00361+00261102161ADDAA106000191AY161061GF108991081071001501999999KA1999N+00331MD1710061+9999MW1601REMSYN082AAXX  12061 58241 11260 82903 10036 20026 40216 57006 69911 76060 887// 333 20033;
0188582410999992000011300004+32780+119450FM-12+000399999V0203601N003010075019N0080001N1+00111+99999102491ADDAA106000091GF108991081051008001999999IA2999+00189MD1210191+0401MW1101REMSYN088AAXX  13001 58241 31558 83603 10011 21/12 40249 52019 71000 885// 333 00452 30018 70001;EQDQ01  00002PRCP06
0172582410999992000011306004+32780+119450FM-12+000399999V0200201N002010075019N0140001N1+00111-00251102451ADDAA106000791AY171061GF108991081051008001999999KA1999N+00081MD1710171+9999MW1221REMSYN082AAXX  13061 58241 11564 80202 10011 21025 40245 57017 69901 72270 885// 333 20008;
0161582410999992000011400004+32780+119450FM-12+000399999V0209999C000012200019N0200001N1-00141-00441102731ADDAA124000791GF101991001001999999001011IA2999-00149MD1210071+0201REMSYN086    AAXX  14001 58241 32970 10000 11014 21044 40273 52007 80001 333 00253 31014 79999;
0169582410999992000011406004+32780+119450FM-12+000399999V0200401N003012200019N0270001N1+00301-00401102631ADDAA199000091GF104991021011008001001021KA1999N-00191MD1710191+9999REMSYN074    AAXX  14061 58241 32577 40403 10030 21040 40263 57019 82102 333 21019;EQDQ01  00002PRCP99
0187582410999992000011500004+32780+119450FM-12+000399999V0200701N004010075019N0270001N1+00191-00091102511ADDAA106000791AY171061GF108991081051008001999999IA2999-00029MD1710011-0201MW1221REMSYN098    AAXX  15001 58241 11577 80704 10019 21009 40251 57001 69901 72270 885// 333 05203 31002 79999;
0176582410999992000011506004+32780+119450FM-12+000399999V0200701N004010021019N0200001N1+00381+00251102321ADDAA106000191AY161061GF108991081071002501999999KA1999N+00011MD1710211+9999MW1601REMSYN086    AAXX  15061 58241 11370 80704 10038 20025 40232 57021 69921 76060 887// 333 20001;
0165582410999992000011521004+32780+119450FM-12+000399999V0200201N004010075019N0180001N1+00201+00041102701ADDAA124004891AY161031AY261031GF108991081051008001999999MD1210021+9999MW1601REMSYN080    AAXX  15211 58241 41568 80204 10020 20004 40270 52002 76066 885// 333 70047;
0195582410999992000011600004+32780+119450FM-12+000399999V0203601N003010075019N0180001N1+00191+00001102871ADDAA106000791AY171061AY261061GF108991081051008001999999IA2999+00209MD1210171+0401MW1231REMSYN098    AAXX  16001 58241 11568 83603 10019 20000 40287 52017 69901 72376 885// 333 00400 30020 70047;
0176582410999992000011606004+32780+119450FM-12+000399999V0200201N004010075019N0160001N1+00351+00031102831ADDAA106000791AY161061GF108991051051008001071999KA1999N+00181MD1710191+9999MW1001REMSYN086    AAXX  16061 58241 11566 80204 10035 20003 40283 57019 69901 70060 8557/ 333 20018;
0137582410999992000011621004+32780+119450FM-12+000399999V0200201N001010900019N0100001N1-00101-00321102921ADDAA124000791GF106991021051012501001021MD1710061+9999REMSYN074    AAXX  16211 58241 42660 60201 11010 21032 40292 57006 82502 333 79999;
0161582410999992000011700004+32780+119450FM-12+000399999V0203601N003010360019N0140001N1-00071-00321103081ADDAA124000791GF107991021051012501041999IA2999-00259MD1210161+0201REMSYN086    AAXX  17001 58241 32664 73603 11007 21032 40308 52016 8254/ 333 00253 31025 79999;
0179582410999992000011706004+32780+119450FM-12+000399999V0203201N002012200019N0210001N1+00241-00301102821ADDAA199000091GA1001+999999999GF100991001001999999001001KA1999N-00141MD1710231+9999REMSYN068    AAXX  17061 58241 32971 03202 10024 21030 40282 57023 333 21014;EQDQ01  00002PRCP99
0116582410999992000011721004+32780+119450FM-12+000399999V0202701N003019999999N0110001N1+00011-00301102831ADDGF108991001001999999001071MD1710091+9999REMSYN064    AAXX  17211 58241 42961 82703 10001 21030 40283 57009 80007;
0186582410999992000011800004+32780+119450FM-12+000399999V0203201N002010075019N0080001N1+00001-00311102931ADDAA199000091GF108991081051008001999999IA2999+00009MD1210101-0201MW1101REMSYN086    AAXX  18001 58241 31558 83202 10000 21031 40293 52010 71000 885// 333 05201 31009;EQDQ01  00002PRCP99
0169582410999992000011806004+32780+119450FM-12+000399999V0202701N002010075019N0100001N1+00171-00311102711ADDAA199000091GF108991081051008001999999KA1999N+00001MD1710251+9999REMSYN074    AAXX  18061 58241 32560 82702 10017 21031 40271 57025 885// 333 20000;EQDQ01  00002PRCP99
0138582410999992000011821004+32780+119450FM-12+000399999V0203601N002012200019N0080001N1-00121-00521102991ADDGA1001+999999999GF100991001001999999001001MD1210041+9999MW1101REMSYN064    AAXX  18211 58241 41958 03602 11012 21052 40299 52004 71000;
0184582410999992000011900004+32780+119450FM-12+000399999V0203401N002012200019N0130001N1-00181-00811103321ADDAA199000091GA1001+999999999GF100991001001999999001001IA2999-00409MD1210331+0401REMSYN074    AAXX  19001 58241 32963 03402 11018 21081 40332 52033 333 00452 31040;EQDQ01  00002PRCP99
0179582410999992000011906004+32780+119450FM-12+000399999V0203201N004012200019N0300001N1+00121-01411103311ADDAA199000091GA1001+999999999GF100991001001999999001001KA1999N-00211MD1710191+9999REMSYN068    AAXX  19061 58241 32980 03204 10012 21141 40331 57019 333 21021;EQDQ01  00002PRCP99
0122582410999992000011921004+32780+119450FM-12+000399999V0201801N001012200019N0240001N1-00561-00891103561ADDGA1001+999999999GF100991001001999999001001MD1210061+9999REMSYN054AAXX  19211 58241 42974 01801 11056 21089 40356 52006;
0162582410999992000012000004+32780+119450FM-12+000399999V0201801N001012200019N0280001N1-00351-00931103681ADDAA199000091GA1001+999999999GF100991001001999999001001MD1210121+0041REMSYN064AAXX  20001 58241 32978 01801 11035 21093 40368 52012 333 00452;EQDQ01  00002PRCP99
0165582410999992000012006004+32780+119450FM-12+000399999V0201801N002012200019N0300001N1+00351-01021103751ADDAA199000091GF102991001001999999001021KA1999N-00621MD1710101+9999REMSYN070AAXX  20061 58241 32980 21802 10035 21102 40375 57010 80002 333 21062;EQDQ01  00002PRCP99
0122582410999992000012021004+32780+119450FM-12+000399999V0201601N001012200019N0220001N1-00391-00651104001ADDGA1001+999999999GF100991001001999999001001MD1410001+9999REMSYN054AAXX  20211 58241 42972 01601 11039 21065 40400 54000;
0152582410999992000012100004+32780+119450FM-12+000399999V0200901N003019999999N0260001N1-00221-00651103971ADDAA199000091GF105991021001999999041021MD1710031+0031REMSYN070AAXX  21001 58241 32976 50903 11022 21065 40397 57003 82042 333 00301;EQDQ01  00002PRCP99
0161582410999992000012121004+32780+119450FM-12+000399999V0201401N001010360019N0130001N1+00311+00181102751ADDAA124001391AY171031AY271031GF108991021071002501021999MD1710271+9999MW1681REMSYN076AAXX  21211 58241 41363 81401 10031 20018 40275 57027 76877 8272/ 333 70013;
0191582410999992000012200004+32780+119450FM-12+000399999V0209999C000010360019N0080001N1+00301+00251102751ADDAA106000591AY171061AY261061GF108991021071002501021999IA2999+00059MD1410001-1201MW1601REMSYN094AAXX  22001 58241 11358 80000 10030 20025 40275 54000 69941 76076 8272/ 333 06205 30005 70015;
0172582410999992000012206004+32780+119450FM-12+000399999V0202901N003010120019N0050001N1+00411+00291102541ADDAA106000591AY161061GF108991081051012501999999KA1999N+00111MD1710191+9999MW1101REMSYN082AAXX  22061 58241 11650 82903 10041 20029 40254 57019 69961 71060 885// 333 20011;
0169582410999992000012300004+32780+119450FM-12+000399999V0203601N002010120019N0030001N1+00161+00021102871ADDAA124000591GF108991081051012501999999IA2999+00129MD1210191+0101MW1101REMSYN088AAXX  23001 58241 31630 83602 10016 20002 40287 52019 71000 885// 333 00151 30012 70006;
0180582410999992000012306004+32780+119450FM-12+000399999V0200401N002010021019N0060001N1+00221-00031102821ADDAA106000891AY171061AY261061GF108991071071002501021999KA1999N+00141MD1710201+9999MW1791REMSYN082AAXX  23061 58241 11356 80402 10022 21003 40282 57020 69981 77976 8772/ 333 20014;
0153582410999992000012321004+32780+119450FM-12+000399999V0203601N005010360019N0040001N1+00081-00091103281ADDAA124001591AY171031GF108991031071002501021999MD1210081+9999MW1701REMSYN076AAXX  23211 58241 41340 83605 10008 21009 40328 52008 77070 8372/ 333 70015;
0189582410999992000012400004+32780+119450FM-12+000399999V0200201N006010021019N0060001N1-00071-00271103501ADDAA106002091AY171061GF108991071071002501021999IA2999-00059MD1210221+0601MW1701REMSYN100AAXX  24001 58241 11356 80206 11007 21027 40350 52022 60021 77070 8772/ 333 00652 31005 70027 92502;
0180582410999992000012406004+32780+119450FM-12+000399999V0200201N006010021019N0005001N1-00251-00321103671ADDAA106004191AY171061AY271061GF108991071071002501021999KA1999N-00261MD1710061+9999MW1731REMSYN082AAXX  24061 58241 11305 80206 11025 21032 40367 57006 60041 77377 8772/ 333 21026;
0123582410999992000012421004+32780+119450FM-12+000399999V0203401N003012200019N0240001N1-00711-01251102901ADDAA124009191GA1001+999999999GF100991001001999999001001REMSYN058AAXX  24211 58241 42974 03403 11071 21125 4029/ 333 70092;
0174582410999992000012500004+32780+119450FM-12+000399999V0200401N002012200019N0300001N1-00751-01241104262ADDAA124007991GA1001+999999999GF100991001001999999001001MD1210071+0801REMSYN076AAXX  25001 58241 32980 00402 11075 21124 40426 52007 333 00857 70080 92508;EQDQ01+104263APOSLP
0165582410999992000012506004+32780+119450FM-12+000399999V0203601N003012200019N0300001N1-00341-01091104151ADDAA199000091GF101991011011008001001001KA1999N-00791MD1710141+9999REMSYN070AAXX  25061 58241 32580 13603 11034 21109 40415 57014 81100 333 21079;EQDQ01  00002PRCP99
0168582410999992000012600004+32780+119450FM-12+000399999V0203601N003012200019N0300001N1-00621-01481104231ADDAA199000091GA1001+999999999GF100991001001999999001001MD1210111+0001REMSYN070AAXX  26001 58241 32980 03603 11062 21148 40423 52011 333 00001 92505;EQDQ01  00002PRCP99
0175582410999992000012606004+32780+119450FM-12+000399999V0202901N004012200019N0300001N1-00251-01551104091ADDAA199000091GA1001+999999999GF100991001001999999001001KA1999N-00671MD1710151+9999REMSYN064AAXX  26061 58241 32980 02904 11025 21155 40409 57015 333 21067;EQDQ01  00002PRCP99
0122582410999992000012621004+32780+119450FM-12+000399999V0203401N001012200019N0240001N1-00581-01121999999ADDGA1001+999999999GF100991001001999999001001MD1710041+9999REMSYN054AAXX  26211 58241 42974 03401 11058 21112 40/08 57004;
0167582410999992000012700004+32780+119450FM-12+000399999V0203201N001012200019N0280001N1-00461+99999999999ADDAA199000091GA1001+999999999GF100991001001999999001001MD1999999-0101REMSYN069AAXX  27001 58241 32978 03201 11046 2095 40416 52008 333 05102 92503;EQDQ01  00002PRCP99
0175582410999992000012706004+32780+119450FM-12+000399999V0202901N003012200019N0300001N1-00081-00861103961ADDAA199000091GA1001+999999999GF100991001001999999001001KA1999N-00661MD1710211+9999REMSYN064AAXX  27061 58241 32980 02903 11008 21086 40396 57021 333 21066;EQDQ01  00002PRCP99
0158582410999992000012800004+32780+119450FM-12+000399999V0209999C000012200019N0120001N1-00601-00801103811ADDAA199000091GF102991021001999999041001MD1710011-0401REMSYN076AAXX  28001 58241 32962 20000 11060 21080 40381 57001 82040 333 05451 92502;EQDQ01  00002PRCP99
0165582410999992000012806004+32780+119450FM-12+000399999V0201601N001019999999N0300001N1+00121-00891103581ADDAA199000091GF107991001001999999001021KA1999N-00771MD1710251+9999REMSYN070AAXX  28061 58241 32980 71601 10012 21089 40358 57025 80002 333 21077;EQDQ01  00002PRCP99
0112582410999992000012821004+32780+119450FM-12+000399999V0200401N001019999999N0100001N1-00091-00311103391ADDGF108991081999999999071999MD1710041+9999REMSYN060AAXX  28211 58241 42960 80401 11009 21031 40339 57004 88/7/;
0182582410999992000012900004+32780+119450FM-12+000399999V0200401N001019999999N0060001N1-00081-00231103501ADDAA199000091GF108991061001999999041071IA2999-00109MD1210111-0301MW1101REMSYN082AAXX  29001 58241 31956 80401 11008 21023 40350 52011 71000 86047 333 05305 31015;EQDQ01  00002PRCP99
0177582410999992000012906004+32780+119450FM-12+000399999V0202901N002010120019N0080001N1+00271-00131103481ADDAA199000091GF107991051051012501041999KA1999N-00121MD1710121+9999MW1101REMSYN076AAXX  29061 58241 31658 72902 10027 21013 40348 57012 71000 8554/ 333 21012;EQDQ01  00002PRCP99
0122582410999992000012921004+32780+119450FM-12+000399999V0200401N004012200019N0120001N1-00191-00921104171ADDGA1001+999999999GF100991001001999999001001MD1210151+9999REMSYN054AAXX  29211 58241 42962 00404 11019 21092 40417 52015;
0180582410999992000013000004+32780+119450FM-12+000399999V0203401N003012200019N0300001N1-00291-00921104471ADDAA199000091GA1001+999999999GF100991001001999999001001IA2999-00309MD1210301+1001REMSYN070AAXX  30001 58241 32980 03403 11029 21092 40447 52030 333 01052 31039;EQDQ01  00002PRCP99
0175582410999992000013006004+32780+119450FM-12+000399999V0203401N005012200019N0300001N1+00061-01231104401ADDAA199000091GA1001+999999999GF100991001001999999001001KA1999N-00321MD1710201+9999REMSYN064AAXX  30061 58241 32980 03405 10006 21123 40440 57020 333 21032;EQDQ01  00002PRCP99
0112582410999992000013021004+32780+119450FM-12+000399999V0200401N004012200019N0240001N1-00431-01061104571ADDGF101991001001999999001021MD1710031+9999REMSYN060AAXX  30211 58241 42974 10404 11043 21106 40457 57003 80002;
0152582410999992000013100004+32780+119450FM-12+000399999V0203601N003019999999N0300001N1-00411-01191104701ADDAA199000091GF108991001001999999001071MD1210131+0021REMSYN070AAXX  31001 58241 32980 83603 11041 21119 40470 52013 80007 333 00251;EQDQ01  00002PRCP99
0165582410999992000013106004+32780+119450FM-12+000399999V0203601N003012200019N0300001N1-00061-01401104351ADDAA199000091GF101991001001999999001021KA1999N-00481MD1710301+9999REMSYN070AAXX  31061 58241 32980 13603 11006 21140 40435 57030 80002 333 21048;EQDQ01  00002PRCP99
0112582410999992000013121004+32780+119450FM-12+000399999V0203601N001019999999N0220001N1-00421-00991104031ADDGF107991001001999999001021MD1710121+9999REMSYN060AAXX  31211 58241 42972 73601 11042 21099 40403 57012 80002;
0162582410999992000020100004+32780+119450FM-12+000399999V0203601N001012200019N0280001N1-00471-01061104091ADDAA199000091GA1001+999999999GF100991001001999999001001MD1210061+0061REMSYN064AAXX  01001 58241 32978 03601 11047 21106 40409 52006 333 05651;EQDQ01  00002PRCP99
0142582410999992000020106004+32780+119450FM-12+000399999V0202201N002012200019N0300001N1-00071-01371103791ADDAA199000091GF101991001001999999001021MD1710151+9999REMSYN060AAXX  01061 58241 32980 12202 11007 21137 40379 57015 80002;EQDQ01  00002PRCP99
0080582410999992000020121004+32780+119450FM-12+000399999V0209999C000019999999N0250001N1-00501-00911103431ADDMD1710111+9999REMSYN054AAXX  01211 58241 42975 /0000 1105/ 21091 40343 57011;
0152582410999992000020200004+32780+119450FM-12+000399999V0209999C000019999999N0250001N1-00521-00791103501ADDAA199000091GF106991011001999999041021MD1210071+0061REMSYN070AAXX  02001 58241 32975 60000 11052 21079 40350 52007 81042 333 05651;EQDQ01  00002PRCP99
0165582410999992000020206004+32780+119450FM-12+000399999V0200901N002019999999N0300001N1+00071-01071103211ADDAA199000091GF108991061001999999041071KA1999N-00591MD1710331+9999REMSYN070AAXX  02061 58241 32980 80902 10007 21107 40321 57033 86047 333 21059;EQDQ01  00002PRCP99
0112582410999992000020221004+32780+119450FM-12+000399999V0209999C000012200019N0130001N1-00211-00371103191ADDGF104991041001999999041001MD1210021+9999REMSYN060AAXX  02211 58241 42963 40000 11021 21037 40319 52002 84040;
0174582410999992000020300004+32780+119450FM-12+000399999V0209999C000012200019N0050001N1-00191-00321103281ADDAA199000091GA1001+999999999GF100991001001999999001001MD1210091+0021MW1101REMSYN070AAXX  03001 58241 31950 00000 11019 21032 40328 52009 71000 333 05203;EQDQ01  00002PRCP99
0175582410999992000020306004+32780+119450FM-12+000399999V0202701N003012200019N0200001N1+00391-00731103191ADDAA199000091GA1001+999999999GF100991001001999999001001KA1999N-00231MD1710171+9999REMSYN064AAXX  03061 58241 32970 02703 10039 21073 40319 57017 333 21023;EQDQ01  00002PRCP99
0112582410999992000020321004+32780+119450FM-12+000399999V0200701N002019999999N0100001N1-00031-00451103191ADDGF107991001001999999001021MD1710051+9999REMSYN060AAXX  03211 58241 42960 70702 11003 21045 40319 57005 80002;
0170582410999992000020400004+32780+119450FM-12+000399999V0200401N002010120019N0110001N1+00071-00441103261ADDAA199000091GF107991071051012501999999IA2999-00309MD1210071+0001REMSYN076AAXX  04001 58241 32661 70402 10007 21044 40326 52007 875// 333 00002 31034;EQDQ01  00002PRCP99
0165582410999992000020406004+32780+119450FM-12+000399999V0200901N003010150019N0200001N1+00411-00291102941ADDAA199000091GF107991071051017501999999KA1999N-00071MD1710321+9999REMSYN070AAXX  04061 58241 32770 70903 10041 21029 40294 57032 875// 333 21007;EQDQ01  00002PRCP99
0161582410999992000020421004+32780+119450FM-12+000399999V0200401N002010021019N0030001N1+00121+99999102571ADDAA124003391AY171031AY261031GF108991071071002501021999MD1710161+9999MW1611REMSYN076AAXX  04211 58241 41330 80402 10012 28009 40257 57016 76176 8772/ 333 70032;
0191582410999992000020500004+32780+119450FM-12+000399999V0203401N001010021019N0012001N1+00131+00101102661ADDAA106003091AY171061AY261061GF108991071071002501021999IA2999+00009MD1210091-0601MW1601REMSYN094AAXX  05001 58241 11312 83401 10013 20010 40266 52009 60031 76076 8772/ 333 05601 30000 70048;
0190582410999992000020506004+32780+119450FM-12+000399999V02099999999990006019N0008001N1+00181+00151102551ADDAA106000591AY161061AY241061GA1091+999999999GF109991091999999999999999KA1999N+00051MD1710141+9999MW1451REMSYN076AAXX  05061 58241 11/08 928// 10018 20015 40255 57014 69941 74564 333 20005;
0127582410999992000020521004+32780+119450FM-12+000399999V02099999999992200019N0110001N1-00061-00211999999ADDAA124002091GF103991031051012501001001MD1710081+9999REMSYN064AAXX  05211 58241 42661 325/1 11006 21021 57008 83500 333 70020;
0169582410999992000020600004+32780+119450FM-12+000399999V0202201N001019999999N0080001N1-00051-00201102711ADDAA124000591GF105991001001999999001021IA2999-00209MD1210061+0101MW1101REMSYN088AAXX  06001 58241 31958 52201 11005 21020 40271 52006 71000 80002 333 00152 31020 70004;
0165582410999992000020606004+32780+119450FM-12+000399999V0202701N002012200019N0120001N1+00521-00041102461ADDAA199000091GF102991001001999999001021KA1999N-00101MD1710221+9999REMSYN070AAXX  06061 58241 32962 22702 10052 21004 40246 57022 80002 333 21010;EQDQ01  00002PRCP99
0124582410999992000020621004+32780+119450FM-12+000399999V0202201N002012200019N0050001N1+00111+00001102251ADDGF102991001001999999001021MD1710131+9999MW1101REMSYN066AAXX  06211 58241 41950 22202 10011 20000 40225 57013 71000 80002;
0192582410999992000020700004+32780+119450FM-12+000399999V0202201N003012200019N0030001N1+00101-00041102201ADDAA199000091GA1001+999999999GF100991001001999999001001IA2999-00409MD1710051-0501MW1101REMSYN076AAXX  07001 58241 31930 02203 10010 21004 40220 57005 71000 333 05502 31046;EQDQ01  00002PRCP99
0188582410999992000020706004+32780+119450FM-12+000399999V0202901N009010075019N0110001N1+00231-00241102381ADDAA199000091GF107991071051008001999999KA1240N+00031MD1210081+9999OA130601701REMSYN082AAXX  07061 58241 32561 72909 10023 21024 40238 52008 875// 333 20003 91117 91529;EQDQ01  00002PRCP99
0122582410999992000020721004+32780+119450FM-12+000399999V0202701N002012200019N0180001N1-00121-00451102571ADDGA1001+999999999GF100991001001999999001001MD1710011+9999REMSYN054AAXX  07211 58241 42968 02702 11012 21045 40257 57001;
0162582410999992000020800004+32780+119450FM-12+000399999V0202501N003012200019N0180001N1-00061-00381102771ADDAA199000091GA1001+999999999GF100991001001999999001001MD1210201+0061REMSYN064AAXX  08001 58241 32968 02503 11006 21038 40277 52020 333 00652;EQDQ01  00002PRCP99
0165582410999992000020806004+32780+119450FM-12+000399999V0200201N005012200019N0300001N1+00331-00981102891ADDAA199000091GF101991011011008001001001KA1999N-00161MD1710101+9999REMSYN070AAXX  08061 58241 32580 10205 10033 21098 40289 57010 81100 333 21016;EQDQ01  00002PRCP99
0122582410999992000020821004+32780+119450FM-12+000399999V0209999C000012200019N0160001N1-00561-00801102931ADDGA1001+999999999GF100991001001999999001001MD1710071+9999REMSYN054AAXX  08211 58241 42966 00000 11056 21080 40293 57007;
0152582410999992000020900004+32780+119450FM-12+000399999V0200901N001019999999N0230001N1-00441-00661102981ADDAA199000091GF106991031001999999041021MD1210051+0021REMSYN070AAXX  09001 58241 32973 60901 11044 21066 40298 52005 83042 333 00254;EQDQ01  00002PRCP99
0112582410999992000020921004+32780+119450FM-12+000399999V0201401N001019999999N0130001N1+00001-00181102241ADDGF108991081001999999071999MD1710121+9999REMSYN060AAXX  09211 58241 42963 81401 10000 21018 40224 57012 8807/;
0170582410999992000021000004+32780+119450FM-12+000399999V0200901N002010075019N0180001N1+00031-00151102251ADDAA199000091GF107991071051008001999999IA2999-00109MD1210011-0701REMSYN076AAXX  10001 58241 32568 70902 10003 21015 40225 52001 875// 333 05705 31015;EQDQ01  00002PRCP99
0175582410999992000021006004+32780+119450FM-12+000399999V0202901N002012200019N0260001N1+00691-00321101961ADDAA199000091GA1001+999999999GF100991001001999999001001KA1999N-00021MD1710221+9999REMSYN064AAXX  10061 58241 32976 02902 10069 21032 40196 57022 333 21002;EQDQ01  00002PRCP99
0112582410999992000021021004+32780+119450FM-12+000399999V0202001N001012200019N0100001N1+00041-00141102101ADDGF104991001001999999001021MD1710011+9999REMSYN060AAXX  10211 58241 42960 42001 10004 21014 40210 57001 80002;
0182582410999992000021100004+32780+119450FM-12+000399999V0200401N001012200019N0070001N1+00001-00121102261ADDAA199000091GF102991001001999999001021IA2999-00309MD1210161+0001MW1101REMSYN082AAXX  11001 58241 31957 20401 10000 21012 40226 52016 71000 80002 333 00000 31037;EQDQ01  00002PRCP99
0165582410999992000021106004+32780+119450FM-12+000399999V0209999C000012200019N0250001N1+01061-00081102221ADDAA199000091GF104991001001999999001021KA1999N-00131MD1710141+9999REMSYN070AAXX  11061 58241 32975 40000 10106 21008 40222 57014 80002 333 21013;EQDQ01  00002PRCP99
0122582410999992000021121004+32780+119450FM-12+000399999V0200901N002012200019N0120001N1+00011-00051102091ADDGA1001+999999999GF100991001001999999001001MD1710151+9999REMSYN054AAXX  11211 58241 42962 00902 10001 21005 40209 57015;
0192582410999992000021200004+32780+119450FM-12+000399999V0200901N001012200019N0016001N1+00001-00061102211ADDAA199000091GA1001+999999999GF100991001001999999001001IA2999-00309MD1210121-0101MW1101REMSYN076AAXX  12001 58241 31916 00901 10000 21006 40221 52012 71000 333 05100 31038;EQDQ01  00002PRCP99
0185582410999992000021206004+32780+119450FM-12+000399999V0200901N003019999999N0250001N1+01191-00121101881ADDAA199000091AY141061GF105991001001999999001021KA1999N-00041MD1710341+9999MW1001REMSYN076AAXX  12061 58241 31975 50903 10119 21012 40188 57034 70040 80002 333 21004;EQDQ01  00002PRCP99
0134582410999992000021221004+32780+119450FM-12+000399999V0200901N002012200019N0030001N1+00141+00091101901ADDGA1001+999999999GF100991001001999999001001MD1710111+9999MW1101REMSYN060AAXX  12211 58241 41930 00902 10014 20009 40190 57011 71000;
0182582410999992000021300004+32780+119450FM-12+000399999V0200401N003010120019N0070001N1+00291+00191101921ADDAA199000091GF107991071051012501999999IA2999+00009MD1210011-0301MW1101REMSYN082AAXX  13001 58241 31657 70403 10029 20019 40192 52001 71000 875// 333 05303 31008;EQDQ01  00002PRCP99
0172582410999992000021306004+32780+119450FM-12+000399999V0200701N002010120019N0160001N1+00661+00351101721ADDAA106000191AY161061GF108991081051012501999999KA1999N+00131MD1710171+9999MW1601REMSYN082AAXX  13061 58241 11666 80702 10066 20035 40172 57017 69921 76060 885// 333 20013;
0145582410999992000021321004+32780+119450FM-12+000399999V0203201N001010150019N0080001N1+00371+00301102101ADDAA124050391GF107991071051017501999999MD1410001+9999MW1101REMSYN076AAXX  13211 58241 41758 73201 10037 20030 40210 54000 71000 875// 333 70504;
0169582410999992000021400004+32780+119450FM-12+000399999V0200201N002010075019N0012001N1+00301+00171102411ADDAA124000591GF108991081051008001999999IA2999-00089MD1210311+0501MW1101REMSYN088AAXX  14001 58241 31512 80202 10030 20017 40241 52031 71000 885// 333 00500 31008 70004;
0177582410999992000021406004+32780+119450FM-12+000399999V0202901N002012200019N0050001N1+00541+00071102361ADDAA199000091GF102991021011008001001001KA1999N+00271MD1710131+9999MW1101REMSYN076AAXX  14061 58241 31550 22902 10054 20007 40236 57013 71000 82100 333 20027;EQDQ01  00002PRCP99
0122582410999992000021421004+32780+119450FM-12+000399999V0209999C000012200019N0160001N1-00161-00291102801ADDGA1001+999999999GF100991001001999999001001MD1210021+9999REMSYN054AAXX  14211 58241 42966 00000 11016 21029 40280 52002;
0120582410999992000021500004+32780+119450FM-12+000399999V0200201N001012200019N0090001N1-00091+99999999999ADDAA199000091GA1001+999999999GF100991001001999999001001REMSYN036AAXX  15001 58241 31959 00201 11009;EQDQ01  00002PRCP99
0175582410999992000021506004+32780+119450FM-12+000399999V0202901N003012200019N0280001N1+00591-00571102771ADDAA199000091GA1001+999999999GF100991001001999999001001KA1999N-00251MD1710211+9999REMSYN064AAXX  15061 58241 32978 02903 10059 21057 40277 57021 333 21025;EQDQ01  00002PRCP99
0122582410999992000021521004+32780+119450FM-12+000399999V0200901N001012200019N0200001N1-00291-00581102701ADDGA1001+999999999GF100991001001999999001001MD1710091+9999REMSYN054AAXX  15211 58241 42970 00901 11029 21058 40270 57009;
0152582410999992000021600004+32780+119450FM-12+000399999V0201401N001019999999N0200001N1-00211-00521102831ADDAA199000091GF107991001001999999001021MD1210131+0011REMSYN070AAXX  16001 58241 32970 71401 11021 21052 40283 52013 80002 333 05151;EQDQ01  00002PRCP99
0165582410999992000021606004+32780+119450FM-12+000399999V0201601N002019999999N0300001N1+00611-00811102651ADDAA199000091GF108991001001999999001071KA1999N-00351MD1710181+9999REMSYN070AAXX  16061 58241 32980 81602 10061 21081 40265 57018 80007 333 21035;EQDQ01  00002PRCP99
0124582410999992000021620004+32780+119450FM-12+000399999V0201401N002012200019N0080001N1-00151-00311102691ADDGF102991001001999999001021MD1210011+9999MW1101REMSYN066AAXX  16201 58241 41958 21402 11015 21031 40269 52001 71000 80002;
0124582410999992000021621004+32780+119450FM-12+000399999V0201401N002012200019N0080001N1-00151-00311102691ADDGF102991001001999999001021MD1210011+9999MW1101REMSYN066AAXX  16211 58241 41958 21402 11015 21031 40269 52001 71000 80002;
0180582410999992000021700004+32780+119450FM-12+000399999V0201101N001012200019N0080001N1-00081-00301102751ADDAA199000091GA1001+999999999GF100991001001999999001001MD1210061-0101MW1101REMSYN076AAXX  17001 58241 31958 01101 11008 21030 40275 52006 71000 333 05101 31/42;EQDQ01  00002PRCP99
0165582410999992000021706004+32780+119450FM-12+000399999V0201601N004019999999N0180001N1+00941-00031102571ADDAA199000091GF108991001001999999001071KA1999N-00201MD1710141+9999REMSYN070AAXX  17061 58241 32968 81604 10094 21003 40257 57014 80007 333 21020;EQDQ01  00002PRCP99
0106582410999992000021721004+32780+119450FM-12+000399999V02099999999992200019N0200001N1+00141-00091102231ADDGF104991999999999999999999MD1710201+9999REMSYN054AAXX  17211 58241 42970 407/3 10014 21009 40223 57020;
0170582410999992000021800004+32780+119450FM-12+000399999V0201401N004019999999N0200001N1+00331+00061102111ADDAA199000091GF108991061001999999041071IA2999+00009MD1710121-0601REMSYN076AAXX  18001 58241 32970 81404 10033 20006 40211 57012 86047 333 05604 31008;EQDQ01  00002PRCP99
0172582410999992000021806004+32780+119450FM-12+000399999V0200901N006010021019N0200001N1+00581+00511101691ADDAA106006191AY161061GF108991071071002501021999KA1999N+00131MD1710411+9999MW1611REMSYN082AAXX  18061 58241 11370 80906 10058 20051 40169 57041 60061 76160 8772/ 333 20013;
0161582410999992000021821004+32780+119450FM-12+000399999V0200401N005010021019N0140001N1+00441+00421101461ADDAA124017391AY161031AY261031GF108991071071002501021999MD1710041+9999MW1611REMSYN076AAXX  18211 58241 41364 80405 10044 20042 40146 57004 76166 8772/ 333 70173;
0191582410999992000021900004+32780+119450FM-12+000399999V0200401N006010360019N0150001N1+00391+00321101571ADDAA106003091AY161061AY261061GF108991031071002501021999IA2999+00409MD1210101-0501MW1601REMSYN094AAXX  19001 58241 11365 80406 10039 20032 40157 52010 60031 76066 8372/ 333 05501 30040 70180;
0180582410999992000021906004+32780+119450FM-12+000399999V0200701N005010021019N0150001N1+00441+00391101591ADDAA106001091AY161061AY261061GF108991051071002501021999KA1999N+00391MD1710111+9999MW1601REMSYN082AAXX  19061 58241 11365 80705 10044 20039 40159 57011 69991 76066 8572/ 333 20039;
0133582410999992000021921004+32780+119450FM-12+000399999V0203601N002010120019N0170001N1+00271+00171102111ADDAA124005191GF108991081051012501999999MD1710061+9999REMSYN070AAXX  19211 58241 42667 83602 10027 20017 40211 57006 885// 333 70051;
0169582410999992000022000004+32780+119450FM-12+000399999V0203601N002010120019N0060001N1+00281+00121102301ADDAA124004391GF108991081051012501999999IA2999+00169MD1210191+0701MW1101REMSYN088AAXX  20001 58241 31656 83602 10028 20012 40230 52019 71000 885// 333 00751 30016 70044;
0165582410999992000022006004+32780+119450FM-12+000399999V0203401N002010075019N0220001N1+00541+00071102291ADDAA199000091GF105991051011008001001001KA1999N+00221MD1710071+9999REMSYN070AAXX  20061 58241 32572 53402 10054 20007 40229 57007 85100 333 20022;EQDQ01  00002PRCP99
0180582410999992000022100004+32780+119450FM-12+000399999V0209999C000012200019N0220001N1+00001-00181102721ADDAA199000091GA1001+999999999GF100991001001999999001001IA2999-00409MD1210071+0401REMSYN070AAXX  21001 58241 32972 00000 10000 21018 40272 52007 333 00453 31046;EQDQ01  00002PRCP99
0165582410999992000022106004+32780+119450FM-12+000399999V0200701N003019999999N0300001N1+00671-00791102501ADDAA199000091GF106991001001999999001021KA1999N-00261MD1710331+9999REMSYN070AAXX  21061 58241 32980 60703 10067 21079 40250 57033 80002 333 21026;EQDQ01  00002PRCP99
0112582410999992000022121004+32780+119450FM-12+000399999V0200401N001019999999N0220001N1+00101-00071102481ADDGF106991999001999999041021MD1710061+9999REMSYN060AAXX  21211 58241 42972 60401 10010 21007 40248 57006 8/042;
0180582410999992000022200004+32780+119450FM-12+000399999V0200701N003012200019N0240001N1+00221+00031102551ADDAA199000091GA1001+999999999GF100991001001999999001001IA2999+00009MD1210071-0201REMSYN070AAXX  22001 58241 32974 00703 10022 20003 40255 52007 333 05202 31007;EQDQ01  00002PRCP99
0165582410999992000022206004+32780+119450FM-12+000399999V0200901N003010075019N0300001N1+00791+00121102361ADDAA199000091GF106991061011008001001001KA1999N+00081MD1710261+9999REMSYN070AAXX  22061 58241 32580 60903 10079 20012 40236 57026 86100 333 20008;EQDQ01  00002PRCP99
0182582410999992000022300004+32780+119450FM-12+000399999V0200901N002019999999N0090001N1+00191+00051102611ADDAA199000091GF107991001001999999001021IA2999+00009MD1210071+0101MW1101REMSYN082AAXX  23001 58241 31959 70902 10019 20005 40261 52007 71000 80002 333 00100 31009;EQDQ01  00002PRCP99
0165582410999992000022306004+32780+119450FM-12+000399999V0200901N003019999999N0300001N1+00961-00101102551ADDAA199000091GF108991001001999999001071KA1999N+00091MD1710101+9999REMSYN070AAXX  23061 58241 32980 80903 10096 21010 40255 57010 80007 333 20009;EQDQ01  00002PRCP99
0112582410999992000022321004+32780+119450FM-12+000399999V0200901N003019999999N0120001N1+00251+00141103021ADDGF107991001001999999001021MD1410001+9999REMSYN060AAXX  23211 58241 42962 70903 10025 20014 40302 54000 80002;
0170582410999992000022400004+32780+119450FM-12+000399999V0200701N004012200019N0220001N1+00241-00071103261ADDAA199000091GF101991001001999999001021IA2999+00009MD1210241+0701REMSYN076AAXX  24001 58241 32972 10704 10024 21007 40326 52024 80002 333 00701 31004;EQDQ01  00002PRCP99
0165582410999992000022406004+32780+119450FM-12+000399999V0200901N004010900019N0300001N1+00831-00511103111ADDAA199000091GF108991011011008001001071KA1999N+00191MD1710211+9999REMSYN070AAXX  24061 58241 32580 80904 10083 21051 40311 57021 81107 333 20019;EQDQ01  00002PRCP99
0112582410999992000022421004+32780+119450FM-12+000399999V0200701N001019999999N0180001N1-00091-00211102991ADDGF107991001001999999001021MD1710171+9999REMSYN060AAXX  24211 58241 42968 70701 11009 21021 40299 57017 80002;
0170582410999992000022500004+32780+119450FM-12+000399999V0200201N001019999999N0200001N1+00031-00181103041ADDAA199000091GF108991001001999999001071IA2999-00309MD1210051-0201REMSYN076AAXX  25001 58241 32970 80201 10003 21018 40304 52005 80007 333 05252 31030;EQDQ01  00002PRCP99
0181582410999992000022506004+32780+119450FM-12+000399999V0202901N999999999999N0300001N1+00651-00601102671ADDAA199000091GF108991001001999999001071KA1999N-00121MD1710251+9999REMSYN070AAXX  25061 58241 32980 82993 10065 21060 40267 57025 80007 333 21012;EQDQ01+009301WOSPD Q02  00002PRCP99
0122582410999992000022521004+32780+119450FM-12+000399999V0202901N004012200019N0240001N1+00321-00261102531ADDGA1001+999999999GF100991001001999999001001MD1710011+9999REMSYN054AAXX  25211 58241 42974 02904 10032 21026 40253 57001;
0175582410999992000022606004+32780+119450FM-12+000399999V0202501N004012200019N0300001N1+01051-00631102611ADDAA199000091GA1001+999999999GF100991001001999999001001KA1999N+00271MD1710191+9999REMSYN064AAXX  26061 58241 32980 02504 10105 21063 40261 57019 333 20027;EQDQ01  00002PRCP99
0122582410999992000022621004+32780+119450FM-12+000399999V0201801N002012200019N0150001N1+00121-00141102591ADDGA1001+999999999GF100991001001999999001001MD1710051+9999REMSYN054AAXX  26211 58241 42965 01802 10012 21014 40259 57005;
0180582410999992000022700004+32780+119450FM-12+000399999V0201601N002012200019N0100001N1+00281-00051102741ADDAA199000091GA1001+999999999GF100991001001999999001001IA2999-00209MD1210151+0101REMSYN070AAXX  27001 58241 32960 01602 10028 21005 40274 52015 333 00151 31022;EQDQ01  00002PRCP99
0165582410999992000022706004+32780+119450FM-12+000399999V0202701N003019999999N0200001N1+01281-00271102481ADDAA199000091GF106991001001999999001021KA1999N+00121MD1710231+9999REMSYN070AAXX  27061 58241 32970 62703 10128 21027 40248 57023 80002 333 20012;EQDQ01  00002PRCP99
0112582410999992000022721004+32780+119450FM-12+000399999V0200701N001019999999N0180001N1+00481+00091102631ADDGF108991001001999999001071MD1210061+9999REMSYN060AAXX  27211 58241 42968 80701 10048 20009 40263 52006 80007;
0180582410999992000022800004+32780+119450FM-12+000399999V0200401N004012200019N0240001N1+00481+00121103031ADDAA199000091GA1001+999999999GF100991001001999999001001IA2999+00109MD1210391+0301REMSYN070AAXX  28001 58241 32974 00404 10048 20012 40303 52039 333 00302 30011;EQDQ01  00002PRCP99
0165582410999992000022806004+32780+119450FM-12+000399999V0200701N006012200019N0300001N1+01011-00031103161ADDAA199000091GF103991031011008001001001KA1999N+00401MD1710061+9999REMSYN070AAXX  28061 58241 32580 30706 10101 21003 40316 57006 83100 333 20040;EQDQ01  00002PRCP99
0122582410999992000022821004+32780+119450FM-12+000399999V0200701N001012200019N0170001N1-00181-00411103501ADDGA1001+999999999GF100991001001999999001001MD1710051+9999REMSYN054AAXX  28211 58241 42967 00701 11018 21041 40350 57005;
0162582410999992000022900004+32780+119450FM-12+000399999V0200701N001012200019N0190001N1+00051-00321103581ADDAA199000091GA1001+999999999GF100991001001999999001001MD1210081+0061REMSYN064AAXX  29001 58241 32969 00701 10005 21032 40358 52008 333 00654;EQDQ01  00002PRCP99
0175582410999992000022906004+32780+119450FM-12+000399999V0202901N003012200019N0300001N1+00731-00381103221ADDAA199000091GA1001+999999999GF100991001001999999001001KA1999N-00221MD1710281+9999REMSYN064AAXX  29061 58241 32980 02903 10073 21038 40322 57028 333 21022;EQDQ01  00002PRCP99
0122582410999992000022921004+32780+119450FM-12+000399999V0201601N001012200019N0140001N1-00081-00231103021ADDGA1001+999999999GF100991001001999999001001MD1710091+9999REMSYN054AAXX  29211 58241 42964 01601 11008 21023 40302 57009;
0192582410999992000030100004+32780+119450FM-12+000399999V0201401N002012200019N0080001N1+00071-00131103171ADDAA199000091GA1001+999999999GF100991001001999999001001IA2999-00409MD1210151-0401MW1101REMSYN076AAXX  01001 58241 31958 01402 10007 21013 40317 52015 71000 333 05400 31046;EQDQ01  00002PRCP99
0165582410999992000030106004+32780+119450FM-12+000399999V0201601N003012200019N0300001N1+01181-00651102761ADDAA199000091GF104991001001999999001021KA1999N-00151MD1710321+9999REMSYN070AAXX  01061 58241 32980 41603 10118 21065 40276 57032 80002 333 21015;EQDQ01  00002PRCP99
0122582410999992000030121004+32780+119450FM-12+000399999V0201101N002012200019N0080001N1+99999+99999102651ADDGA1001+999999999GF100991001001999999001001MD1710061+9999REMSYN054AAXX  01211 58241 41958 01102 10/06 20000 40265 57006;
0163582410999992000030312004+32780+119450FM-12+000399999V0209999C000019999999N0150001N1+01071+00851101761ADDAA199000091GF108991081001999999071999MA1999999101701MD1210061+9999REMSYN066AAXX  03121 58241 32965 80000 10107 20085 30170 40176 52006 8807/;EQDQ01  00002PRCP99
0165582410999992000031406004+32780+119450FM-12+000399999V0201101N005012200019N0300001N1+01581+00041102161ADDAA199000091GF102991001001999999001021KA1999N+00491MD1710231+9999REMSYN070AAXX  14061 58241 32980 21105 10158 20004 40216 57023 80002 333 20049;EQDQ01  00002PRCP99
0142582410999992000031421004+32780+119450FM-12+000399999V0200901N003010075019N0140001N1+00851+00651101531ADDAY161031GF108991081051008001999999MD1710261+9999MW1101REMSYN076AAXX  14211 58241 41564 80903 10085 20065 40153 57026 71060 885// 333 7/01/;
0165582410999992000031500004+32780+119450FM-12+000399999V0200901N001010075019N0120001N1+00911+00781101451ADDAA106000391AY161061GF108991081051008001999999MD1710081-1001MW1211REMSYN088AAXX  15001 58241 11562 80901 10091 20078 40145 57008 69931 72160 885// 333 06003 70003;
0175582410999992000032406004+32780+119450FM-12+000399999V0203201N002012200019N0300001N1+01451-00451102481ADDAA199000091GA1001+999999999GF100991001001999999001001KA1999N+00751MD1710181+9999REMSYN064AAXX  24061 58241 32980 03202 10145 21045 40248 57018 333 20075;EQDQ01  00002PRCP99
0122582410999992000032421004+32780+119450FM-12+000399999V0201601N003012200019N0180001N1+00701-00031102451ADDGA1001+999999999GF100991001001999999001001MD1710131+9999REMSYN054AAXX  24211 58241 41/68 01603 10070 21003 40245 57013;
0170582410999992000032500004+32780+119450FM-12+000399999V0201801N003019999999N0220001N1+00941+00251102591ADDAA199000091GF107991001001999999001021IA2999+00409MD1210141-0101REMSYN076AAXX  25001 58241 32972 71803 10094 20025 40259 52014 80002 333 05101 30041;EQDQ01  00002PRCP99
0165582410999992000032506004+32780+119450FM-12+000399999V0202501N002019999999N0280001N1+01781+00451102241ADDAA199000091GF108991001001999999001071KA1999N+00651MD1710241+9999REMSYN070AAXX  25061 58241 32978 82502 10178 20045 40224 57024 80007 333 20065;EQDQ01  00002PRCP99
0180582410999992000032600004+32780+119450FM-12+000399999V0202901N003012200019N0280001N1+01221+00471102231ADDAA199000091GA1001+999999999GF100991001001999999001001IA2999+00409MD1210081-0401REMSYN070AAXX  26001 58241 32978 02903 10122 20047 40223 52008 333 05403 30049;EQDQ01  00002PRCP99
0175582410999992000032606004+32780+119450FM-12+000399999V0202701N004012200019N0300001N1+02121-00401101801ADDAA199000091GA1001+999999999GF100991001001999999001001KA1999N+01021MD1710371+9999REMSYN064AAXX  26061 58241 32980 02704 10212 21040 40180 57037 333 20102;EQDQ01  00002PRCP99
0122582410999992000032621004+32780+119450FM-12+000399999V0202001N004012200019N0200001N1+01251+00411101221ADDGA1001+999999999GF100991001001999999001001MD1710181+9999REMSYN054AAXX  26211 58241 42970 02004 10125 20041 40122 57018;
0162582410999992000032700004+32780+119450FM-12+000399999V0202001N005012200019N0300001N1+01431+00441101111ADDAA199000091GA1001+999999999GF100991001001999999001001MD1710111+0111REMSYN064AAXX  27001 58241 32980 02005 10143 20044 40111 57011 333 06102;EQDQ01  00002PRCP99
0165582410999992000032706004+32780+119450FM-12+000399999V0202501N008019999999N0300001N1+99999+99999100391ADDAA199000091GF108991021001999999041071KA1999N+01221MD1710391+9999REMSYN070AAXX  27061 58241 32980 82508 1/232 20046 40039 57039 82047 333 20122;EQDQ01  00002PRCP99
0133582410999992000032721004+32780+119450FM-12+000399999V0203401N004012200019N0240001N1+01361+00031101131ADDAA124000791GF101991011001999999041001MD1210321+9999REMSYN070AAXX  27211 58241 42974 13404 10136 20003 40113 52032 81040 333 79999;
0162582410999992000032800004+32780+119450FM-12+000399999V0203401N005012200019N0300001N1+01301-00431101621ADDAA199000091GA1001+999999999GF100991001001999999001001MD1210491+0051REMSYN064AAXX  28001 58241 32980 03405 10130 21043 40162 52049 333 00551;EQDQ01  00002PRCP99
0175582410999992000032806004+32780+119450FM-12+000399999V0202901N007012200019N0300001N1+01561-00481101711ADDAA199000091GA1001+999999999GF100991001001999999001001KA1999N+01291MD1710071+9999REMSYN064AAXX  28061 58241 32980 02907 10156 21048 40171 57007 333 20129;EQDQ01  00002PRCP99
0180582410999992000032900004+32780+119450FM-12+000399999V0202001N002012200019N0240001N1+01131-00081102511ADDAA199000091GA1001+999999999GF100991001001999999001001IA2999+00009MD1210171+0901REMSYN070AAXX  29001 58241 32974 02002 10113 21008 40251 52017 333 00952 30008;EQDQ01  00002PRCP99
0175582410999992000032906004+32780+119450FM-12+000399999V0202501N003012200019N0300001N1+01701-00961102231ADDAA199000091GA1001+999999999GF100991001001999999001001KA1999N+00521MD1710271+9999REMSYN064AAXX  29061 58241 32980 02503 10170 21096 40223 57027 333 20052;EQDQ01  00002PRCP99
0122582410999992000032921004+32780+119450FM-12+000399999V0201401N003012200019N0200001N1+00821+00241101471ADDGA1001+999999999GF100991001001999999001001MD1710121+9999REMSYN054AAXX  29211 58241 42970 01403 10082 20024 40147 57012;
0162582410999992000033000004+32780+119450FM-12+000399999V0201601N004012200019N0200001N1+01111+00341101451ADDAA199000091GA1001+999999999GF100991001001999999001001MD1710021+0111REMSYN064AAXX  30001 58241 32970 01604 10111 20034 40145 57002 333 06100;EQDQ01  00002PRCP99
0165582410999992000033006004+32780+119450FM-12+000399999V0201801N006012200019N0280001N1+02301+99999100881ADDAA199000091GF101991001001999999001021KA1999N+00771MD1710381+9999REMSYN070AAXX  30061 58241 32978 11806 10230 2/032 40088 57038 80002 333 20077;EQDQ01  00002PRCP99
0122582410999992000033021004+32780+119450FM-12+000399999V0202501N004012200019N9999999N1+01661+00891100631ADDGA1001+999999999GF100991001001999999001001MD1710021+9999REMSYN054AAXX  30211 58241 429/6 02504 10166 20089 40063 57002;
0152582410999992000033100004+32780+119450FM-12+000399999V0202701N002019999999N0200001N1+01781+01061100911ADDAA199000091GF106991031001999999041021MD1210281+0051REMSYN070AAXX  31001 58241 32970 62702 10178 20106 40091 52028 83042 333 05507;EQDQ01  00002PRCP99
0165582410999992000033106004+32780+119450FM-12+000399999V0200401N006019999999N0270001N1+01951+00741101091ADDAA199000091GF108991001001999999001071KA1999N+01571MD1210021+9999REMSYN070AAXX  31061 58241 32977 80406 10195 20074 40109 52002 80007 333 20157;EQDQ01  00002PRCP99
0163582410999992000033118004+32780+119450FM-12+000399999V0200701N003019999999N0110001N1+01081+00461101801ADDAA199000091GF108991071001999999071999MA1999999101741MD1210051+9999REMSYN066AAXX  31181 58241 32961 80703 10108 20046 30174 40180 52005 8707/;EQDQ01  00002PRCP99
0112582410999992000033121004+32780+119450FM-12+000399999V0200901N004010120019N0220001N1+01081+00351101871ADDGF108991081051012501999999MD1210071+9999REMSYN060AAXX  31211 58241 42672 80904 10108 20035 40187 52007 885//;
0152582410999992000040100004+32780+119450FM-12+000399999V0201101N005010120019N0300001N1+01081+00051101981ADDAA199000091GF107991071051012501999999MD1210111+0111REMSYN070AAXX  01001 58241 32680 71105 10108 20005 40198 52011 875// 333 01157;EQDQ01  00002PRCP99
0165582410999992000040106004+32780+119450FM-12+000399999V0200901N005010120019N0300001N1+01631-00371101631ADDAA199000091GF107991071051012501999999KA1999N+01031MD1710301+9999REMSYN070AAXX  01061 58241 32680 70905 10163 21037 40163 57030 875// 333 20103;EQDQ01  00002PRCP99
0112582410999992000040121004+32780+119450FM-12+000399999V0200901N004010120019N0170001N1+01151+00931101451ADDGF108991081051012501999999MD1710061+9999REMSYN060AAXX  01211 58241 42667 80904 10115 20093 40145 57006 885//;
0165582410999992000040200004+32780+119450FM-12+000399999V0200701N003010075019N0120001N1+01081+01041101691ADDAA106000191AY161061GF108991081051008001999999MD1210241-0301MW1601REMSYN088AAXX  02001 58241 11562 80703 10108 20104 40169 52024 69911 76060 885// 333 05300 70001;
0180582410999992000040206004+32780+119450FM-12+000399999V0200901N005010075019N0150001N1+01201+01001101731ADDAA106000591AY161061AY261061GF108991081051008001999999KA1999N+01031MD1710051+9999MW1211REMSYN082AAXX  02061 58241 11565 80905 10120 20100 40173 57005 69961 72166 885// 333 20103;
0133582410999992000040221004+32780+119450FM-12+000399999V0200401N003010075019N0180001N1+00921+00731101861ADDAA124999999GF108991081051008001999999MD1710101+9999REMSYN070AAXX  02211 58241 42568 80403 10092 20073 40186 57010 885// 333 70/88;
0151582410999992000040300004+32780+119450FM-12+000399999V0200901N002010120019N0090001N1+00971+00891102061ADDAA124000591GF108991081051012501999999MD1210201+0401MW1101REMSYN082AAXX  03001 58241 31659 80902 10097 20089 40206 52020 71000 885// 333 00451 70006;
0185582410999992000040306004+32780+119450FM-12+000399999V0200901N003010075019N0300001N1+01591+01131101821ADDAA199000091AY141061GF108991081051008001999999KA1999N+00921MD1710181+9999MW1001REMSYN076AAXX  03061 58241 31580 80903 10159 20113 40182 57018 70040 885// 333 20092;EQDQ01  00002PRCP99
0153582410999992000040321004+32780+119450FM-12+000399999V0200701N002010021019N0110001N1+01111-01031101511ADDAA124002891AY161031GF108991071071002501021999MD1710081+9999MW1601REMSYN076AAXX  03211 58241 41361 80702 10111 21103 40151 57008 76060 8772/ 333 70028;
0172582410999992000040406004+32780+119450FM-12+000399999V0201601N002010075019N0200001N1+01521+01191101401ADDAA106001091AY161061GF107991051051008001041001KA1999N+01051MD1710221+9999MW1001REMSYN082AAXX  04061 58241 11570 71602 10152 20119 40140 57022 60011 70060 85540 333 20105;
