0162592980999992000010100004+23080+114420FM-12+001699999V0201601N002012200019N0110001N1+01161+01061101971ADDAA106000091GA1001+999999999GF100991001001999999001001MD1210201+0011REMSYN064AAXX  01001 59298 32961 01602 10116 20106 40197 52020 333 00100;EQDQ01  00002PRCP06
0175592980999992000010106004+23080+114420FM-12+001699999V0202701N001012200019N0130001N1+02371+01131101521ADDAA106000091GA1001+999999999GF100991001001999999001001KA1999N+01131MD1710411+9999REMSYN064AAXX  01061 59298 32963 02701 10237 20113 40152 57041 333 20113;EQDQ01  00002PRCP06
0138592980999992000010112004+23080+114420FM-12+001699999V0201601N003012200019N0120001N1+01881+01181101661ADDAA106000091GA1001+999999999GF100991001001999999001001REMSYN054AAXX  01121 59298 32562 01603 10188 20118 40166 5/022;EQDQ01  00002PRCP06
0174592980999992000010200004+23080+114420FM-12+001699999V0201601N002012200019N0080001N1+01381+01181101941ADDAA106000091GA1001+999999999GF100991001001999999001001MD1210141+0001MW1101REMSYN070AAXX  02001 59298 31958 01602 10138 20118 40194 52014 71000 333 00002;EQDQ01  00002PRCP06
0175592980999992000010206004+23080+114420FM-12+001699999V0200401N003012200019N0120001N1+02491+00861101591ADDAA106000091GA1001+999999999GF100991001001999999001001KA1999N+01341MD1710371+9999REMSYN064AAXX  02061 59298 32962 00403 10249 20086 40159 57037 333 20134;EQDQ01  00002PRCP06
0152592980999992000010212004+23080+114420FM-12+001699999V0201601N002012200019N0120001N1+01951+00981101681ADDAA106000091GA1001+999999999GF100991001001999999001001MD1210201+9999REMSYN054AAXX  02121 59298 32962 01602 10195 20098 40168 52020;EQDQ01  00002PRCP06
0122592980999992000010221004+23080+114420FM-12+001699999V0209999C000012200019N0120001N1+01361+01191101691ADDGA1001+999999999GF100991001001999999001001MD1710021+9999REMSYN054AAXX  02211 59298 42962 00000 10136 20119 40169 57002;
0175592980999992000010306004+23080+114420FM-12+001699999V0201101N003012200019N0140001N1+02391+00761101571ADDAA106000091GA1001+999999999GF100991001001999999001001KA1999N+01221MD1710351+9999REMSYN064AAXX  03061 59298 32964 01103 10239 20076 40157 57035 333 20122;EQDQ01  00002PRCP06
0152592980999992000010312004+23080+114420FM-12+001699999V0201401N002012200019N0120001N1+01871+01081101611ADDAA106000091GA1001+999999999GF100991001001999999001001MD1210131+9999REMSYN054AAXX  03121 59298 32962 01402 10187 20108 40161 52013;EQDQ01  00002PRCP06
0106592980999992000010321004+23080+114420FM-12+001699999V0200201N002019999999N0110001N1+01471+01291101581ADDGF107991999999017501999999MD1710051+9999REMSYN054AAXX  03211 59298 42761 70202 10147 20129 40158 57005;
0164592980999992000010400004+23080+114420FM-12+001699999V0209999C000019999999N0070001N1+01441+01301101741ADDAA106000091GF106991061001999999041001MD1210161+0011MW1101REMSYN076AAXX  04001 59298 31957 60000 10144 20130 40174 52016 71000 86040 333 05102;EQDQ01  00002PRCP06
0175592980999992000010406004+23080+114420FM-12+001699999V0201801N002012200019N0130001N1+02481+01281101491ADDAA106000091GA1001+999999999GF100991001001999999001001KA1999N+01401MD1710311+9999REMSYN064AAXX  04061 59298 32963 01802 10248 20128 40149 57031 333 20140;EQDQ01  00002PRCP06
0152592980999992000010412004+23080+114420FM-12+001699999V0201401N001012200019N0110001N1+01841+01271101531ADDAA106000091GA1001+999999999GF100991001001999999001001MD1210151+9999REMSYN054AAXX  04121 59298 32961 01401 10184 20127 40153 52015;EQDQ01  00002PRCP06
0112592980999992000010421004+23080+114420FM-12+001699999V0209999C000012200019N0110001N1+01471+01331101491ADDGF101991011001999999041001MD1710121+9999REMSYN060AAXX  04211 59298 42961 10000 10147 20133 40149 57012 81040;
0164592980999992000010500004+23080+114420FM-12+001699999V0209999C000019999999N0070001N1+01471+01311101621ADDAA106000091GF107991071001999999041999MD1210131+0011MW1101REMSYN076AAXX  05001 59298 31957 70000 10147 20131 40162 52013 71000 8704/ 333 05100;EQDQ01  00002PRCP06
0165592980999992000010506004+23080+114420FM-12+001699999V0200201N001012200019N0130001N1+02581+01611101201ADDAA106000091GF103991031011008001001001KA1999N+01421MD1710381+9999REMSYN070AAXX  05061 59298 32563 30201 10258 20161 40120 57038 83100 333 20142;EQDQ01  00002PRCP06
0152592980999992000010512004+23080+114420FM-12+001699999V0201401N002012200019N0130001N1+02121+01701101261ADDAA106000091GA1001+999999999GF100991001001999999001001MD1210161+9999REMSYN054AAXX  05121 59298 32963 01402 10212 20170 40126 52016;EQDQ01  00002PRCP06
0106592980999992000010521004+23080+114420FM-12+001699999V0201801N003012200019N0110001N1+01671+01571999999ADDGF102991021001999999041001MD1710041+9999REMSYN054AAXX  05211 59298 42961 21803 10167 20157 57004 82040;
0165592980999992000010606004+23080+114420FM-12+001699999V0202701N001010075019N0150001N1+02601+01711101231ADDAA106000091GF105991051021008001001001KA1999N+01501MD1710331+9999REMSYN070AAXX  06061 59298 32565 52701 10260 20171 40123 57033 85200 333 20150;EQDQ01  00002PRCP06
0152592980999992000010612004+23080+114420FM-12+001699999V0201601N002012200019N0140001N1+02141+01701101401ADDAA106000091GA1001+999999999GF100991001001999999001001MD1210181+9999REMSYN054AAXX  06121 59298 32964 01602 10214 20170 40140 52018;EQDQ01  00002PRCP06
0112592980999992000010621004+23080+114420FM-12+001699999V0200201N003010120019N0120001N1+01691+01281101621ADDGF108991081051012501999999MD1710021+9999REMSYN060AAXX  06211 59298 42662 80203 10169 20128 40162 57002 885//;
0152592980999992000010700004+23080+114420FM-12+001699999V0200201N003010120019N0130001N1+01581+01181101811ADDAA106000091GF108991081041012501999999MD1210191+0031REMSYN070AAXX  07001 59298 32663 80203 10158 20118 40181 52019 884// 333 00301;EQDQ01  00002PRCP06
0165592980999992000010706004+23080+114420FM-12+001699999V0200701N002010120019N0140001N1+01781+01201101651ADDAA106000091GF108991081051012501999999KA1999N+01561MD1710261+9999REMSYN070AAXX  07061 59298 32664 80702 10178 20120 40165 57026 885// 333 20156;EQDQ01  00002PRCP06
0142592980999992000010712004+23080+114420FM-12+001699999V0201601N002010120019N0130001N1+01691+01471101781ADDAA106000091GF108991081051012501999999MD1210161+9999REMSYN060AAXX  07121 59298 32663 81602 10169 20147 40178 52016 885//;EQDQ01  00002PRCP06
0158592980999992000010800004+23080+114420FM-12+001699999V0201101N002010120019N0120001N1+01591+01321101851ADDAA106000091GF108991081051012501999999MD1210151+0001REMSYN076AAXX  08001 59298 32662 81102 10159 20132 40185 52015 885// 333 00000 79999;EQDQ01  00002PRCP06
0165592980999992000010806004+23080+114420FM-12+001699999V0200201N003012200019N0150001N1+02011+01331101371ADDAA106000091GF102991021001999999041001KA1999N+01561MD1710391+9999REMSYN070AAXX  08061 59298 32965 20203 10201 20133 40137 57039 82040 333 20156;EQDQ01  00002PRCP06
0112592980999992000010821004+23080+114420FM-12+001699999V0201401N001019999999N0110001N1+01511+01391101511ADDGF107991071001999999041999MD1710031+9999REMSYN060AAXX  08211 59298 42961 71401 10151 20139 40151 57003 8704/;
0164592980999992000010900004+23080+114420FM-12+001699999V0201401N001019999999N0070001N1+01521+01401101691ADDAA106000091GF107991071001999999031999MD1210181+0021MW1101REMSYN076AAXX  09001 59298 31957 71401 10152 20140 40169 52018 71000 8703/ 333 05251;EQDQ01  00002PRCP06
0164592980999992000011000004+23080+114420FM-12+001699999V0209999C000019999999N0070001N1+01571+01501101661ADDAA106000091GF107991071001999999041999MD1210151+0001MW1101REMSYN076AAXX  10001 59298 31957 70000 10157 20150 40166 52015 71000 8704/ 333 00001;EQDQ01  00002PRCP06
0165592980999992000011006004+23080+114420FM-12+001699999V0201401N002019999999N0110001N1+02571+01581101421ADDAA106000091GF107991071001999999031999KA1999N+01541MD1710311+9999REMSYN070AAXX  10061 59298 32961 71402 10257 20158 40142 57031 8703/ 333 20154;EQDQ01  00002PRCP06
0152592980999992000011012004+23080+114420FM-12+001699999V0201801N003012200019N0130001N1+01941+01541101501ADDAA106000091GA1001+999999999GF100991001001999999001001MD1210071+9999REMSYN054AAXX  10121 59298 32963 01803 10194 20154 40150 52007;EQDQ01  00002PRCP06
0112592980999992000011021004+23080+114420FM-12+001699999V0209999C000010120019N0130001N1+01781+01521101591ADDGF108991081051012501999999MD1710011+9999REMSYN060AAXX  10211 59298 42663 80000 10178 20152 40159 57001 885//;
0152592980999992000011100004+23080+114420FM-12+001699999V0201401N001010120019N0110001N1+01781+01541101741ADDAA106000091GF108991081041012501999999MD1210151+0011REMSYN070AAXX  11001 59298 32661 81401 10178 20154 40174 52015 884// 333 00102;EQDQ01  00002PRCP06
0165592980999992000011106004+23080+114420FM-12+001699999V0200701N001010075019N0120001N1+02261+01621101381ADDAA106000091GF107991071041008001999999KA1999N+01731MD1710331+9999REMSYN070AAXX  11061 59298 32562 70701 10226 20162 40138 57033 874// 333 20173;EQDQ01  00002PRCP06
0142592980999992000011112004+23080+114420FM-12+001699999V0201601N002010150019N0130001N1+02121+01801101391ADDAA106000091GF107991071051017501999999MD1210091+9999REMSYN060AAXX  11121 59298 32763 71602 10212 20180 40139 52009 875//;EQDQ01  00002PRCP06
0145592980999992000011121004+23080+114420FM-12+001699999V0209999C000010120019N0120001N1+01961+01701101361ADDAA124000791GF108991081051012501999999MD1710061+9999MW1211REMSYN076AAXX  11211 59298 41662 80000 10196 20170 40136 57006 72100 885// 333 79999;
0165592980999992000011200004+23080+114420FM-12+001699999V0200401N002010120019N0110001N1+01901+01721101501ADDAA106000791AY161061GF107991071051012501999999MD1210141-0201MW1001REMSYN088AAXX  12001 59298 11661 70402 10190 20172 40150 52014 69901 70060 875// 333 05201 79999;
0165592980999992000011206004+23080+114420FM-12+001699999V0202701N001010120019N0120001N1+02561+01841101151ADDAA106000091GF107991071051012501999999KA1999N+01871MD1710341+9999REMSYN070AAXX  12061 59298 32662 72701 10256 20184 40115 57034 875// 333 20187;EQDQ01  00002PRCP06
0152592980999992000011212004+23080+114420FM-12+001699999V0209999C000012200019N0140001N1+02291+01871101231ADDAA106000091GA1001+999999999GF100991001001999999001001MD1210101+9999REMSYN054AAXX  12121 59298 32964 00000 10229 20187 40123 52010;EQDQ01  00002PRCP06
0152592980999992000011300004+23080+114420FM-12+001699999V0200401N003010120019N0130001N1+01541+01131101511ADDAA106000091GF108991081051012501999999MD1210121+0001REMSYN070AAXX  13001 59298 32663 80403 10154 20113 40151 52012 885// 333 00054;EQDQ01  00002PRCP06
0165592980999992000011306004+23080+114420FM-12+001699999V0200401N002010120019N0150001N1+01601+01101101321ADDAA106000091GF108991081051012501999999KA1999N+01511MD1710241+9999REMSYN070AAXX  13061 59298 32665 80402 10160 20110 40132 57024 885// 333 20151;EQDQ01  00002PRCP06
0142592980999992000011312004+23080+114420FM-12+001699999V0200401N003010120019N0130001N1+01591+01091101441ADDAA106000091GF108991081051012501999999MD1210151+9999REMSYN060AAXX  13121 59298 32663 80403 10159 20109 40144 52015 885//;EQDQ01  00002PRCP06
0156592980999992000011400004+23080+114420FM-12+001699999V0200901N003010120019N0110001N1+01361+01091101591ADDAA199000091GF108991081051012501999999MD1210191+0011REMSYN074    AAXX  14001 59298 32661 80903 10136 20109 40159 52019 885// 333 00152;EQDQ01  00002PRCP99
0169592980999992000011406004+23080+114420FM-12+001699999V0200401N002010120019N0130001N1+01621+01181101391ADDAA199000091GF107991071051012501999999KA1999N+01311MD1710311+9999REMSYN074    AAXX  14061 59298 32663 70402 10162 20118 40139 57031 875// 333 20131;EQDQ01  00002PRCP99
0146592980999992000011412004+23080+114420FM-12+001699999V0200901N003010120019N0130001N1+01531+01121101501ADDAA199000091GF108991081051012501999999MD1210171+9999REMSYN064    AAXX  14121 59298 32663 80903 10153 20112 40150 52017 885//;EQDQ01  00002PRCP99
0169592980999992000011506004+23080+114420FM-12+001699999V0209999C000012200019N0140001N1+02361+01491101271ADDAA199000091GF101991011011008001001001KA1999N+01301MD1710361+9999REMSYN074    AAXX  15061 59298 32564 10000 10236 20149 40127 57036 81100 333 20130;EQDQ01  00002PRCP99
0156592980999992000011512004+23080+114420FM-12+001699999V0201601N003012200019N0130001N1+01861+01541101371ADDAA199000091GA1001+999999999GF100991001001999999001001MD1210151+9999REMSYN058    AAXX  15121 59298 32963 01603 10186 20154 40137 52015;EQDQ01  00002PRCP99
0126592980999992000011521004+23080+114420FM-12+001699999V0209999C000012200019N0130001N1+01681+01511101531ADDGA1001+999999999GF100991001001999999001001MD1710031+9999REMSYN058    AAXX  15211 59298 42963 00000 10168 20151 40153 57003;
0156592980999992000011600004+23080+114420FM-12+001699999V0200701N001010120019N0110001N1+01671+01521101751ADDAA199000091GF108991081051012501999999MD1210221+0021REMSYN074    AAXX  16001 59298 32661 80701 10167 20152 40175 52022 885// 333 00203;EQDQ01  00002PRCP99
0169592980999992000011606004+23080+114420FM-12+001699999V0200901N005010120019N0130001N1+01731+01101101591ADDAA199000091GF108991081051012501999999KA1999N+01641MD1710301+9999REMSYN074    AAXX  16061 59298 32663 80905 10173 20110 40159 57030 885// 333 20164;EQDQ01  00002PRCP99
0146592980999992000011612004+23080+114420FM-12+001699999V0200201N004010120019N0130001N1+01491+00881101731ADDAA199000091GF108991081051012501999999MD1210171+9999REMSYN064    AAXX  16121 59298 32663 80204 10149 20088 40173 52017 885//;EQDQ01  00002PRCP99
0156592980999992000011700004+23080+114420FM-12+001699999V0200401N004010120019N0180001N1+01011+00601102171ADDAA199000091GF108991081051012501999999MD1210191+0041REMSYN074    AAXX  17001 59298 32668 80404 10101 20060 40217 52019 885// 333 00457;EQDQ01  00002PRCP99
0146592980999992000011712004+23080+114420FM-12+001699999V0200201N004010150019N0160001N1+01061+00531102101ADDAA199000091GF108991081051017501999999MD1210141+9999REMSYN064    AAXX  17121 59298 32766 80204 10106 20053 40210 52014 885//;EQDQ01  00002PRCP99
0157592980999992000011721004+23080+114420FM-12+001699999V0200201N005010120019N0150001N1+00821+00431102241ADDAA124000591AY161031GF108991081051012501999999MD1710081+9999MW1001REMSYN080    AAXX  17211 59298 41665 80205 10082 20043 40224 57008 70060 885// 333 70005;
0169592980999992000011800004+23080+114420FM-12+001699999V0200401N003010120019N0200001N1+00841+00451102421ADDAA106000591AY161061GF108991081051012501999999MD1210181+0301MW1601REMSYN092    AAXX  18001 59298 11670 80403 10084 20045 40242 52018 69951 76060 885// 333 00352 70005;
0176592980999992000011806004+23080+114420FM-12+001699999V0200201N004010120019N0180001N1+00961+00411102201ADDAA106000391AY161061GF108991081051012501999999KA1999N+00801MD1710331+9999MW1001REMSYN086    AAXX  18061 59298 11668 80204 10096 20041 40220 57033 69931 70060 885// 333 20080;
0153592980999992000011812004+23080+114420FM-12+001699999V0200401N004010120019N0160001N1+01021+00331102391ADDAA106000791AY161061GF108991081051012501999999MD1210191+9999MW1001REMSYN076    AAXX  18121 59298 11666 80404 10102 20033 40239 52019 69901 70060 885//;
0147592980999992000011821004+23080+114420FM-12+001699999V0200201N005012200019N0140001N1+00721+00061102471ADDAA124000391GA1001+999999999GF100991001001999999001001MD1710071+9999REMSYN068    AAXX  18211 59298 42964 00205 10072 20006 40247 57007 333 70003;
0161592980999992000011900004+23080+114420FM-12+001699999V0200701N004012200019N0130001N1+00701+00031102611ADDAA124000391GF101991011081999999031001IA2999+00489MD1210141+0201REMSYN086    AAXX  19001 59298 32963 10704 10070 20003 40261 52014 81830 333 00251 30048 70003;
0179592980999992000011906004+23080+114420FM-12+001699999V0200201N006012200019N0200001N1+01271-00171102361ADDAA199000091GA1001+999999999GF100991001001999999001001KA1999N+00671MD1710331+9999REMSYN068    AAXX  19061 59298 32970 00206 10127 21017 40236 57033 333 20067;EQDQ01  00002PRCP99
0146592980999992000011912004+23080+114420FM-12+001699999V0200401N004019999999N0150001N1+01221-00071102461ADDAA199000091GF107991071001999999041999MD1210161+9999REMSYN064    AAXX  19121 59298 32965 70404 10122 21007 40246 52016 8704/;EQDQ01  00002PRCP99
0122592980999992000011921004+23080+114420FM-12+001699999V0200201N003012200019N0120001N1+00741-00041102561ADDGA1001+999999999GF100991001001999999001001MD1710061+9999REMSYN054AAXX  19211 59298 42962 00203 10074 21004 40256 57006;
0180592980999992000012000004+23080+114420FM-12+001699999V0200201N002012200019N0130001N1+00701-00101102741ADDAA199000091GA1001+999999999GF100991001001999999001001IA2999+00309MD1210181+0101REMSYN070AAXX  20001 59298 32963 00202 10070 21010 40274 52018 333 00100 30038;EQDQ01  00002PRCP99
0175592980999992000012006004+23080+114420FM-12+001699999V0200401N003012200019N0130001N1+01581+00141102481ADDAA199000091GA1001+999999999GF100991001001999999001001KA1999N+00661MD1710321+9999REMSYN064AAXX  20061 59298 32963 00403 10158 20014 40248 57032 333 20066;EQDQ01  00002PRCP99
0107592980999992000012021004+23080+114420FM-12+001699999V0200901N001012200019N0130001N1+00841+99999999999ADDGA1001+999999999GF100991001001999999001001REMSYN053AAXX  20211 59298 42963 00901 10084 2008 40269 52004;
0162592980999992000012100004+23080+114420FM-12+001699999V0209999C000012200019N0110001N1+00891+00431102851ADDAA199000091GA1001+999999999GF100991001001999999001001MD1210161+0011REMSYN064AAXX  21001 59298 32961 00000 10089 20043 40285 52016 333 00102;EQDQ01  00002PRCP99
0142592980999992000012112004+23080+114420FM-12+001699999V0201601N001010120019N0120001N1+01651+00671102491ADDAA199000091GF108991081051012501999999MD1210151+9999REMSYN060AAXX  21121 59298 32662 81601 10165 20067 40249 52015 885//;EQDQ01  00002PRCP99
0112592980999992000012121004+23080+114420FM-12+001699999V0200401N001010120019N0120001N1+01461+00891102311ADDGF108991081051012501999999MD1710141+9999REMSYN060AAXX  21211 59298 42662 80401 10146 20089 40231 57014 885//;
0152592980999992000012200004+23080+114420FM-12+001699999V0200401N001010120019N0130001N1+01491+00861102331ADDAA199000091GF107991071051012501999999MD1210021+0051REMSYN070AAXX  22001 59298 32663 70401 10149 20086 40233 52002 875// 333 05506;EQDQ01  00002PRCP99
0165592980999992000012206004+23080+114420FM-12+001699999V0200901N002010120019N0140001N1+01891+00951102041ADDAA199000091GF107991071051012501999999KA1999N+01441MD1710331+9999REMSYN070AAXX  22061 59298 32664 70902 10189 20095 40204 57033 875// 333 20144;EQDQ01  00002PRCP99
0142592980999992000012212004+23080+114420FM-12+001699999V0200901N001019999999N0130001N1+01881+01221101961ADDAA199000091GF108991021051012501999999MD1210041+9999REMSYN060AAXX  22121 59298 32663 80901 10188 20122 40196 52004 825//;EQDQ01  00002PRCP99
0165592980999992000012300004+23080+114420FM-12+001699999V0201401N002010042019N0030001N1+01581+01531101971ADDAA106004191AY161061GF108991081051004501999999MD1210121-0401MW1601REMSYN088AAXX  23001 59298 11430 81402 10158 20153 40197 52012 60041 76060 885// 333 05401 70035;
0172592980999992000012306004+23080+114420FM-12+001699999V0200901N002010150019N0120001N1+01951+01691101711ADDAA106000191AY161061GF108991081051017501999999KA1999N+01541MD1710301+9999MW1001REMSYN082AAXX  23061 59298 11762 80902 10195 20169 40171 57030 69911 70060 885// 333 20154;
0149592980999992000012312004+23080+114420FM-12+001699999V0209999C000010120019N0100001N1+01881+01781101781ADDAA106000891AY161061GF108991081051012501999999MD1210111+9999MW1601REMSYN072AAXX  23121 59298 11660 80000 10188 20178 40178 52011 69981 76060 885//;
0161592980999992000012321004+23080+114420FM-12+001699999V0200901N002010120019N0100001N1+01771+01721101711ADDAA124061291AY181031AY281031GF108991081091012501999999MD1710071+9999MW1801REMSYN076AAXX  23211 59298 41660 80902 10177 20172 40171 57007 78088 889// 333 70613;
0173592980999992000012400004+23080+114420FM-12+001699999V0200901N001010120019N0100001N1+01761+01731101891ADDAA106018091AY181061AY281061GF108991081091012501999999MD1210181-0101MW1801REMSYN088AAXX  24001 59298 11660 80901 10176 20173 40189 52018 60181 78088 889// 333 05102 70676;
0180592980999992000012406004+23080+114420FM-12+001699999V0200401N002010042019N0080001N1+01871+01821101851ADDAA106034091AY181061AY281061GF108991081091004501999999KA1999N+01731MD1710191+9999MW1801REMSYN082AAXX  24061 59298 11458 80402 10187 20182 40185 57019 60341 78088 889// 333 20173;
0157592980999992000012412004+23080+114420FM-12+001699999V0200401N004010075019N0100001N1+01641+01541102081ADDAA106009991AY181061AY281061GF108991081091008001999999MD1210201+9999MW1801REMSYN072AAXX  24121 59298 11560 80404 10164 20154 40208 52020 60101 78088 889//;
0147592980999992000012421004+23080+114420FM-12+001699999V0200401N008019999999N0130001N1+00981+00591102511ADDAY181031GF108991999999012501999999MW1001REMSYN060AAXX  24211 59298 41663 80408 10098 20059 40251 5200/ 70080;EQDQ01+000022APCTENQ02+000002APC3  
0165592980999992000012500004+23080+114420FM-12+001699999V02099999999990120019N0130001N1+00871+00511102741ADDAA106000591AY181061GF108991081041012501999999MD1210231+0801MW1801REMSYN088AAXX  25001 59298 11663 80/07 10087 20051 40274 52023 69941 78080 884// 333 00859 70444;
0172592980999992000012506004+23080+114420FM-12+001699999V0200401N005010120019N0150001N1+01001+00491102631ADDAA106000791AY181061GF108991081051012501999999KA1999N+00851MD1710241+9999MW1001REMSYN082AAXX  25061 59298 11665 80405 10100 20049 40263 57024 69901 70080 885// 333 20085;
0149592980999992000012512004+23080+114420FM-12+001699999V0200201N006010120019N0140001N1+00841+00291102861ADDAA106000191AY161061GF107991071051012501999999MD1210221+9999MW1001REMSYN072AAXX  25121 59298 11664 70206 10084 20029 40286 52022 69911 70060 875//;
0139592980999992000012600004+23080+114420FM-12+001699999V0200401N006010120019N0140001N1+00561+00101103161ADDAA124000191GF108991081051012501999999MD1210221+0401REMSYN076AAXX  26001 59298 /2664 80406 10056 20010 40316 52022 885// 333 00453 70001;
0165592980999992000012606004+23080+114420FM-12+001699999V0200401N006019999999N0130001N1+00871+00041102901ADDAA199000091GF106991061001999999041001KA1999N+00551MD1710361+9999REMSYN070AAXX  26061 59298 32963 60406 10087 20004 40290 57036 86040 333 20055;EQDQ01  00002PRCP99
0136592980999992000012612004+23080+114420FM-12+001699999V0200401N006010120019N0130001N1+00661-00121999999ADDAA199000091GF107991071051012501999999MD1210221+9999REMSYN054AAXX  26121 59298 32663 70406 10066 21012 52022 875//;EQDQ01  00002PRCP99
0112592980999992000012621004+23080+114420FM-12+001699999V0200201N005012200019N0150001N1+00481-00411103071ADDGF103991031001999999041001MD1710061+9999REMSYN060AAXX  26211 59298 42965 30205 10048 21041 40307 57006 83040;
0175592980999992000012706004+23080+114420FM-12+001699999V0200201N005012200019N0160001N1+01031-00491102841ADDAA199000091GA1001+999999999GF100991001001999999001001KA1999N+00401MD1710431+9999REMSYN064AAXX  27061 59298 32966 00205 10103 21049 40284 57043 333 20040;EQDQ01  00002PRCP99
0152592980999992000012712004+23080+114420FM-12+001699999V0200201N003012200019N0150001N1+00901-00121102821ADDAA199000091GA1001+999999999GF100991001001999999001001MD1210121+9999REMSYN054AAXX  27121 59298 32965 00203 10090 21012 40282 52012;EQDQ01  00002PRCP99
0180592980999992000012800004+23080+114420FM-12+001699999V0200201N003012200019N0140001N1+00431-00411103091ADDAA199000091GA1001+999999999GF100991001001999999001001IA2999+00109MD1210221-0201REMSYN070AAXX  28001 59298 32964 00203 10043 21041 40309 52022 333 05200 30013;EQDQ01  00002PRCP99
0175592980999992000012806004+23080+114420FM-12+001699999V0200201N003012200019N0160001N1+01311-00031102661ADDAA199000091GA1001+999999999GF100991001001999999001001KA1999N+00371MD1710431+9999REMSYN064AAXX  28061 59298 32966 00203 10131 21003 40266 57043 333 20037;EQDQ01  00002PRCP99
0152592980999992000012812004+23080+114420FM-12+001699999V0200401N002012200019N0140001N1+01151+00121102621ADDAA199000091GA1001+999999999GF100991001001999999001001MD1210151+9999REMSYN054AAXX  28121 59298 32964 00402 10115 20012 40262 52015;EQDQ01  00002PRCP99
0092592980999992000012821004+23080+114420FM-12+001699999V0200201N002010120019N0130001N1+00861+00061102521ADDGF107991071051012501999999REMSYN054AAXX  28211 59298 42663 70202 10086 20006 40252 875//;
0152592980999992000012900004+23080+114420FM-12+001699999V0200901N002019999999N0140001N1+00901+00051102921ADDAA199000091GF107991071001999999041999MD1210171+0021REMSYN070AAXX  29001 59298 32964 70902 10090 20005 40292 52017 8704/ 333 05205;EQDQ01  00002PRCP99
0175592980999992000012906004+23080+114420FM-12+001699999V0200401N004012200019N0180001N1+01691+00221102621ADDAA199000091GA1001+999999999GF100991001001999999001001KA1999N+00821MD1710331+9999REMSYN064AAXX  29061 59298 32968 00404 10169 20022 40262 57033 333 20082;EQDQ01  00002PRCP99
0152592980999992000012912004+23080+114420FM-12+001699999V0200401N003012200019N0150001N1+99999+99999102761ADDAA199000091GA1001+999999999GF100991001001999999001001MD1210221+9999REMSYN054AAXX  29121 59298 32965 00403 10/46 20041 40276 52022;EQDQ01  00002PRCP99
0122592980999992000012921004+23080+114420FM-12+001699999V0200401N006012200019N0140001N1+00741-00011103151ADDGA1001+999999999GF100991001001999999001001MD1210041+9999REMSYN054AAXX  29211 59298 42964 00406 10074 21001 40315 52004;
0170592980999992000013000004+23080+114420FM-12+001699999V0200201N005012200019N0130001N1+00721-00041103251ADDAA199000091GF102991001001999999001011IA2999+00309MD1210101+0301REMSYN076AAXX  30001 59298 32963 20205 10072 21004 40325 52010 80001 333 00352 30039;EQDQ01  00002PRCP99
0165592980999992000013006004+23080+114420FM-12+001699999V0200201N004012200019N0180001N1+01421+00001102911ADDAA199000091GF102991021001999999041011KA1999N+00681MD1710371+9999REMSYN070AAXX  30061 59298 32968 20204 10142 20000 40291 57037 82041 333 20068;EQDQ01  00002PRCP99
0142592980999992000013012004+23080+114420FM-12+001699999V0200401N004012200019N0150001N1+01281+00241102931ADDAA199000091GF102991001001999999001011MD1210141+9999REMSYN060AAXX  30121 59298 32965 20404 10128 20024 40293 52014 80001;EQDQ01  00002PRCP99
0165592980999992000013100004+23080+114420FM-12+001699999V0200401N004010120019N0130001N1+00731+00071103121ADDAA106000191AY161061GF107991071051012501999999MD1210121-0101MW1211REMSYN088AAXX  31001 59298 11663 70404 10073 20007 40312 52012 69921 72160 875// 333 05100 70002;
0172592980999992000013106004+23080+114420FM-12+001699999V0200401N004010120019N0120001N1+00941+00251102871ADDAA106000791AY161061GF108991081051012501999999KA1999N+00721MD1710291+9999MW1601REMSYN082AAXX  31061 59298 11662 80404 10094 20025 40287 57029 69901 76060 885// 333 20072;
0149592980999992000013112004+23080+114420FM-12+001699999V0200201N003010120019N0120001N1+00741+00491103041ADDAA106000891AY161061GF108991081051012501999999MD1210171+9999MW1211REMSYN072AAXX  31121 59298 11662 80203 10074 20049 40304 52017 69981 72160 885//;
0161592980999992000013121004+23080+114420FM-12+001699999V0200401N004010120019N0100001N1+00471+00371102961ADDAA124003891AY161031AY261031GF108991081051012501999999MD1710091+9999MW1601REMSYN076AAXX  31211 59298 41660 80404 10047 20037 40296 57009 76066 885// 333 70039;
0173592980999992000020100004+23080+114420FM-12+001699999V0200201N004010120019N0110001N1+00421+00301103111ADDAA106006191AY161061AY261061GF108991081051012501999999MD1210141+0001MW1601REMSYN088AAXX  01001 59298 11661 80204 10042 20030 40311 52014 60061 76066 885// 333 00053 70072;
0172592980999992000020106004+23080+114420FM-12+001699999V0200401N005010120019N0140001N1+00871+00301102771ADDAA106000191AY161061GF107991071051012501999999KA1999N+00421MD1710341+9999MW1001REMSYN082AAXX  01061 59298 11664 70405 10087 20030 40277 57034 69911 70060 875// 333 20042;
0161592980999992000020121004+23080+114420FM-12+001699999V0200201N004010042019N0110001N1+00461+00391102651ADDAA124004691AY161031AY261031GF108991081051004501999999MD1710051+9999MW1601REMSYN076AAXX  01211 59298 41461 80204 10046 20039 40265 57005 76066 885// 333 70046;
0173592980999992000020200004+23080+114420FM-12+001699999V0200401N003010120019N0110001N1+00461+00341102761ADDAA106002091AY161061AY261061GF108991081051012501999999MD1210111-0301MW1601REMSYN088AAXX  02001 59298 11661 80403 10046 20034 40276 52011 60021 76066 885// 333 05300 70017;
0172592980999992000020206004+23080+114420FM-12+001699999V0200201N004010120019N0110001N1+00911+00531102491ADDAA106000191AY161061GF108991081051012501999999KA1999N+00441MD1710311+9999MW1001REMSYN082AAXX  02061 59298 11661 80204 10091 20053 40249 57031 69911 70060 885// 333 20044;
0153592980999992000020221004+23080+114420FM-12+001699999V0200401N003010120019N0120001N1+00901+00711102251ADDAA124001091AY161031GF108991081051012501999999MD1710111+9999MW1211REMSYN076AAXX  02211 59298 41662 80403 10090 20071 40225 57011 72160 885// 333 70010;
0165592980999992000020300004+23080+114420FM-12+001699999V0200401N003010120019N0110001N1+00891+00781102401ADDAA106001091AY161061GF108991081051012501999999MD1210151-0401MW1601REMSYN088AAXX  03001 59298 11661 80403 10089 20078 40240 52015 60011 76060 885// 333 05404 70013;
0172592980999992000020306004+23080+114420FM-12+001699999V0200401N003010120019N0210001N1+01311+00911102131ADDAA106000191AY161061GF107991071051012501999999KA1999N+00881MD1710341+9999MW1001REMSYN082AAXX  03061 59298 11671 70403 10131 20091 40213 57034 69911 70060 875// 333 20088;
0133592980999992000020321004+23080+114420FM-12+001699999V0200401N004010120019N0120001N1+01131+00851102051ADDAA124001091GF108991081051012501999999MD1710031+9999REMSYN070AAXX  03211 59298 42662 80404 10113 20085 40205 57003 885// 333 70010;
0139592980999992000020400004+23080+114420FM-12+001699999V0200701N004010120019N0120001N1+01131+00801102131ADDAA124000191GF107991071051012501999999MD1210081-0301REMSYN076AAXX  04001 59298 32662 70704 10113 20080 40213 52008 875// 333 05302 70001;
0165592980999992000020406004+23080+114420FM-12+001699999V0200201N002012200019N0140001N1+01841+01151101771ADDAA199000091GF102991021001999999031021KA1999N+01091MD1710421+9999REMSYN070AAXX  04061 59298 32964 20202 10184 20115 40177 57042 82032 333 20109;EQDQ01  00002PRCP99
0145592980999992000020421004+23080+114420FM-12+001699999V0209999C000010120019N0080001N1+01391+01281101921ADDAA124000391GF108991081051012501999999MD1710021+9999MW1101REMSYN076AAXX  04211 59298 41658 80000 10139 20128 40192 57002 71000 885// 333 70002;
0165592980999992000020500004+23080+114420FM-12+001699999V0200401N003010360019N0120001N1+01441+01081102071ADDAA106000791AY181061GF106991011041008001041001MD1210151-0101MW1001REMSYN088AAXX  05001 59298 11562 60403 10144 20108 40207 52015 69901 70080 81440 333 05103 70002;
0175592980999992000020506004+23080+114420FM-12+001699999V0200201N003012200019N0180001N1+02151+01301101711ADDAA199000091GA1001+999999999GF100991001001999999001001KA1999N+01371MD1710341+9999REMSYN064AAXX  05061 59298 32968 00203 10215 20130 40171 57034 333 20137;EQDQ01  00002PRCP99
0152592980999992000020512004+23080+114420FM-12+001699999V0200401N004012200019N0160001N1+01651+01051101781ADDAA199000091GA1001+999999999GF100991001001999999001001MD1210191+9999REMSYN054AAXX  05121 59298 32966 00404 10165 20105 40178 52019;EQDQ01  00002PRCP99
0152592980999992000020600004+23080+114420FM-12+001699999V0200201N004010120019N0170001N1+00971+00651102101ADDAA199000091GF106991061051012501001001MD1210121+0001REMSYN070AAXX  06001 59298 32667 60204 10097 20065 40210 52012 86500 333 00055;EQDQ01  00002PRCP99
0175592980999992000020606004+23080+114420FM-12+001699999V0200201N004012200019N0200001N1+01691+00811101631ADDAA199000091GA1001+999999999GF100991001001999999001001KA1999N+00941MD1710411+9999REMSYN064AAXX  06061 59298 32970 00204 10169 20081 40163 57041 333 20094;EQDQ01  00002PRCP99
0122592980999992000020612004+23080+114420FM-12+001699999V0200901N002012200019N0140001N1+01581+00971101571ADDGA1001+999999999GF100991001001999999001001MD1210091+9999REMSYN054AAXX  06121 59298 ///64 00902 10158 20097 40157 52009;
0122592980999992000020621004+23080+114420FM-12+001699999V0200201N002012200019N0150001N1+01031+00621101761ADDGA1001+999999999GF100991001001999999001001MD1710031+9999REMSYN054AAXX  06211 59298 42965 00202 10103 20062 40176 57003;
0152592980999992000020700004+23080+114420FM-12+001699999V0200201N003012200019N0180001N1+00971+00501101961ADDAA199000091GF103991001001999999001021MD1110191+0011REMSYN070AAXX  07001 59298 32968 30203 10097 20050 40196 51019 80002 333 05100;EQDQ01  00002PRCP99
0165592980999992000020706004+23080+114420FM-12+001699999V0200401N004019999999N0160001N1+01761+00571101651ADDAA199000091GF105991001001999999001021KA1999N+00931MD1710331+9999REMSYN070AAXX  07061 59298 32966 50404 10176 20057 40165 57033 80002 333 20093;EQDQ01  00002PRCP99
0122592980999992000020721004+23080+114420FM-12+001699999V0200401N004012200019N0150001N1+00931+00211101961ADDGA1001+999999999GF100991001001999999001001MD1410001+9999REMSYN054AAXX  07211 59298 42965 00404 10093 20021 40196 5400/;
0162592980999992000020800004+23080+114420FM-12+001699999V0200201N003012200019N0130001N1+00881+00231102101ADDAA199000091GA1001+999999999GF100991001001999999001001MD1210131+0011REMSYN064AAXX  08001 59298 32963 00203 10088 20023 40210 52013 333 00151;EQDQ01  00002PRCP99
0175592980999992000020806004+23080+114420FM-12+001699999V0200701N003012200019N0130001N1+01661+00111101861ADDAA199000091GA1001+999999999GF100991001001999999001001KA1999N+00851MD1710311+9999REMSYN064AAXX  08061 59298 32963 00703 10166 20011 40186 57031 333 20085;EQDQ01  00002PRCP99
0152592980999992000020812004+23080+114420FM-12+001699999V02099999999992200019N9999999N1+01471+00541101841ADDAA199000091GA1001+999999999GF100991001001999999001001MD1210121+9999REMSYN054AAXX  08121 59298 329/2 000/0 10147 20054 40184 52012;EQDQ01  00002PRCP99
0122592980999992000020821004+23080+114420FM-12+001699999V0209999C000012200019N0110001N1+01051+00891101991ADDGA1001+999999999GF100991001001999999001001MD1710031+9999REMSYN054AAXX  08211 59298 42961 00000 10105 20089 40199 57003;
0152592980999992000020900004+23080+114420FM-12+001699999V0201601N001010120019N0110001N1+01051+00851102131ADDAA199000091GF106991061051012501001001MD1210131+0001REMSYN070AAXX  09001 59298 32661 61601 10105 20085 40213 52013 86500 333 00002;EQDQ01  00002PRCP99
0152592980999992000020912004+23080+114420FM-12+001699999V0201401N002012200019N0120001N1+01501+00631101711ADDAA199000091GA1001+999999999GF100991001001999999001001MD1210081+9999REMSYN054AAXX  09121 59298 32962 01402 10150 20063 40171 52008;EQDQ01  00002PRCP99
0152592980999992000021000004+23080+114420FM-12+001699999V0201101N001010120019N0110001N1+01251+01021101821ADDAA199000091GF107991071051012501999999MD1210071+0031REMSYN070AAXX  10001 59298 32661 71101 10125 20102 40182 52007 875// 333 05302;EQDQ01  00002PRCP99
0165592980999992000021006004+23080+114420FM-12+001699999V0201601N003012200019N0130001N1+01951+01131101501ADDAA199000091GF101991011001999999041001KA1999N+01211MD1710401+9999REMSYN070AAXX  10061 59298 32963 11603 10195 20113 40150 57040 81040 333 20121;EQDQ01  00002PRCP99
0133592980999992000021021004+23080+114420FM-12+001699999V0209999C000019999999N0110001N1+01511+01401101511ADDAA124000791GF107991071001999999041999MD1710171+9999REMSYN070AAXX  10211 59298 42961 70000 10151 20140 40151 57017 8704/ 333 79999;
0139592980999992000021100004+23080+114420FM-12+001699999V0209999C000019999999N0110001N1+01531+01421101651ADDAA124000791GF107991071001999999041999MD1210141-0201REMSYN076AAXX  11001 59298 32961 70000 10153 20142 40165 52014 8704/ 333 05203 79999;
0165592980999992000021106004+23080+114420FM-12+001699999V0200701N002012200019N0140001N1+02381+01521101341ADDAA199000091GF104991041011008001001001KA1999N+01471MD1710331+9999REMSYN070AAXX  11061 59298 32564 40702 10238 20152 40134 57033 84100 333 20147;EQDQ01  00002PRCP99
0142592980999992000021112004+23080+114420FM-12+001699999V0201401N001012200019N0120001N1+02031+01631101451ADDAA199000091GF102991021001999999041001MD1210201+9999REMSYN060AAXX  11121 59298 32962 21401 10203 20163 40145 52020 82040;EQDQ01  00002PRCP99
0116592980999992000021121004+23080+114420FM-12+001699999V0209999C000012200019N0110001N1+01541+99999101471ADDGA1001+999999999GF100991001001999999001001MD1710051+9999REMSYN048AAXX  11211 59298 42961 00000 10154 40147 57005;
0164592980999992000021200004+23080+114420FM-12+001699999V0201801N002010120019N0080001N1+01491+01371101601ADDAA199000091GF107991071051012501999999MD1210131+0011MW1101REMSYN076AAXX  12001 59298 31658 71802 10149 20137 40160 52013 71000 875// 333 05100;EQDQ01  00002PRCP99
0165592980999992000021206004+23080+114420FM-12+001699999V0201601N002010120019N0150001N1+02201+01501101351ADDAA199000091GF107991071051012501999999KA1999N+01461MD1710281+9999REMSYN070AAXX  12061 59298 32665 71602 10220 20150 40135 57028 875// 333 20146;EQDQ01  00002PRCP99
0152592980999992000021212004+23080+114420FM-12+001699999V0201601N003012200019N0140001N1+01851+01361101351ADDAA199000091GA1001+999999999GF100991001001999999001001MD1210111+9999REMSYN054AAXX  12121 59298 32964 01603 10185 20136 40135 52011;EQDQ01  00002PRCP99
0122592980999992000021221004+23080+114420FM-12+001699999V0209999C000012200019N0110001N1+01421+01331101411ADDGA1001+999999999GF100991001001999999001001MD1710011+9999REMSYN054AAXX  12211 59298 42961 00000 10142 20133 40141 57001;
0162592980999992000021300004+23080+114420FM-12+001699999V0209999C000012200019N0110001N1+01461+01351101561ADDAA199000091GA1001+999999999GF100991001001999999001001MD1210151+0001REMSYN064AAXX  13001 59298 32961 00000 10146 20135 40156 52015 333 00000;EQDQ01  00002PRCP99
0165592980999992000021306004+23080+114420FM-12+001699999V0201801N001012200019N0150001N1+02411+01521101191ADDAA199000091GF101991011011008001001001KA1999N+01381MD1710371+9999REMSYN070AAXX  13061 59298 32565 11801 10241 20152 40119 57037 81100 333 20138;EQDQ01  00002PRCP99
0152592980999992000021312004+23080+114420FM-12+001699999V0201601N002012200019N0130001N1+01871+01501101231ADDAA199000091GA1001+999999999GF100991001001999999001001MD1210161+9999REMSYN054AAXX  13121 59298 32963 01602 10187 20150 40123 52016;EQDQ01  00002PRCP99
0104592980999992000021321004+23080+114420FM-12+001699999V0201601N002010120019N0080001N1+01431+01391101601ADDGF107991071051012501999999REMSYN066AAXX  13211 59298 41658 71602 10143 20139 4016/ 5/058 71/00 875//;
0172592980999992000021400004+23080+114420FM-12+001699999V0201401N002010120019N0009001N1+01421+01371101581ADDAA199000091AY141061GF108991081051012501999999MD1210221+0001MW1421REMSYN076AAXX  14001 59298 31609 81402 10142 20137 40158 52022 74240 885// 333 00000;EQDQ01  00002PRCP99
0195592980999992000021406004+23080+114420FM-12+001699999V0200401N001012200019N0110001N1+02281+01631101371ADDAA199000091AY141061GA1001+999999999GF100991001001999999001001KA1999N+01361MD1710301+9999MW1001REMSYN070AAXX  14061 59298 31961 00401 10228 20163 40137 57030 70040 333 20136;EQDQ01  00002PRCP99
0142592980999992000021412004+23080+114420FM-12+001699999V0200401N005012200019N9999999N1+01871+01141999999ADDAA199000091GF102991021051012501001001MD1210251+9999REMSYN060AAXX  14121 59298 32652 20405 10187 20114 401/5 52025 82500;EQDQ01  00002PRCP99
0112592980999992000021421004+23080+114420FM-12+001699999V0200201N005019999999N0150001N1+01441+00681101951ADDGF107991071001999999041999MD1210031+9999REMSYN060AAXX  14211 59298 42965 70205 10144 20068 40195 52003 8704/;
0146592980999992000021500004+23080+114420FM-12+001699999V0200401N004010150019N0130001N1+01821+99999102101ADDAA199000091GF107991071051017501999999MD1210151+9999REMSYN064AAXX  15001 59298 32763 70404 10182 40210 52015 875// 333 0050/;EQDQ01  00002PRCP99
0165592980999992000021506004+23080+114420FM-12+001699999V0201101N001012200019N0130001N1+01951+00861101861ADDAA199000091GF103991031001999999041001KA1999N+01371MD1710381+9999REMSYN070AAXX  15061 59298 32963 31101 10195 20086 40186 57038 83040 333 20137;EQDQ01  00002PRCP99
0115592980999992000021521004+23080+114420FM-12+001699999V0201101N001010120019N0120001N1+99999+99999999999ADDGF107991071051012501999999MD1710041+9999ME1101969REMSYN054AAXX  15211 59298 42662 71101 20110 41196 57004 875//;
0152592980999992000021600004+23080+114420FM-12+001699999V0200901N002019999999N0110001N1+01401+01061102001ADDAA199000091GF107991071001999999041001MD1210041+0011REMSYN070AAXX  16001 59298 32961 70902 10140 20106 40200 52004 87040 333 05100;EQDQ01  00002PRCP99
0165592980999992000021606004+23080+114420FM-12+001699999V0201601N002019999999N0140001N1+02211+00731101611ADDAA199000091GF105991021001999999041021KA1999N+01341MD1710421+9999REMSYN070AAXX  16061 59298 32964 51602 10221 20073 40161 57042 82042 333 20134;EQDQ01  00002PRCP99
0112592980999992000021621004+23080+114420FM-12+001699999V0200201N003010120019N0120001N1+01431+99999101871ADDGF108991081051012501999999MD1710031+9999REMSYN060AAXX  16211 59298 42662 80203 10143 28083 40187 57003 885//;
0172592980999992000021706004+23080+114420FM-12+001699999V0200701N002010120019N0120001N1+01751+01061101791ADDAA106000791AY161061GF107991071051012501999999KA1999N+01371MD1710321+9999MW1001REMSYN082AAXX  17061 59298 11662 70702 10175 20106 40179 57032 69901 70060 875// 333 20137;
0133592980999992000021721004+23080+114420FM-12+001699999V0200901N002010150019N0120001N1+01581+01181101621ADDAA124000791GF108991081051017501999999MD1710101+9999REMSYN070AAXX  17211 59298 42762 80902 10158 20118 40162 57010 885// 333 79999;
0139592980999992000021800004+23080+114420FM-12+001699999V0209999C000010120019N0110001N1+01581+01181101731ADDAA124000791GF108991081051012501999999MD1210111-0301REMSYN076AAXX  18001 59298 32661 80000 10158 20118 40173 52011 885// 333 05302 79999;
0165592980999992000021806004+23080+114420FM-12+001699999V0201801N003010120019N0120001N1+02171+01481101381ADDAA199000091GF107991071041012501999999KA1999N+01531MD1710341+9999REMSYN070AAXX  18061 59298 32662 71803 10217 20148 40138 57034 874// 333 20153;EQDQ01  00002PRCP99
0149592980999992000021812004+23080+114420FM-12+001699999V0201401N001010150019N0120001N1+01931+01581101331ADDAA106000791AY161061GF107991071051017501999999MD1210021+9999MW1001REMSYN072AAXX  18121 59298 11762 71401 10193 20158 40133 52002 69901 70060 875//;
0133592980999992000021821004+23080+114420FM-12+001699999V0201601N002010150019N0130001N1+01871+01711101091ADDAA124000791GF108991081051017501999999MD1710071+9999REMSYN070AAXX  18211 59298 42763 81602 10187 20171 40109 57007 885// 333 79999;
0139592980999992000021900004+23080+114420FM-12+001699999V0209999C000010120019N0110001N1+01871+01721101201ADDAA124000791GF108991081051012501999999MD1210111-0501REMSYN076AAXX  19001 59298 32661 80000 10187 20172 40120 52011 885// 333 05503 79999;
0165592980999992000021906004+23080+114420FM-12+001699999V0209999C000010075019N0120001N1+02411+01911100901ADDAA199000091GF107991061041008001041999KA1999N+01801MD1710401+9999REMSYN070AAXX  19061 59298 32562 70000 10241 20191 40090 57040 8644/ 333 20180;EQDQ01  00002PRCP99
0145592980999992000021921004+23080+114420FM-12+001699999V0209999C000010120019N0070001N1+01121+99999100891ADDAA124000791GF108991081051012501999999MD1710041+9999MW1601REMSYN076AAXX  19211 59298 41657 80000 10112 20196 40089 57004 76000 885// 333 79999;
0165592980999992000022000004+23080+114420FM-12+001699999V0200201N005010120019N0090001N1+01851+01791101031ADDAA106002091AY161061GF108991081051012501999999MD1210131-0201MW1601REMSYN088AAXX  20001 59298 11659 80205 10185 20179 40103 52013 60021 76060 885// 333 05200 70018;
0143592980999992000022006004+23080+114420FM-12+001699999V0200201N004010120019N0150001N1+01441+99999101221ADDAA106004191AY161061GF108991081051012501999999MD1710141+9999MW1001REMSYN066AAXX  20061 59298 11665 80204 10144 40122 57014 60041 70060 885//;
0165592980999992000022100004+23080+114420FM-12+001699999V0200401N003010042019N0130001N1+01001+00881101761ADDAA106001091AY161061GF108991081051004501999999MD1210171+0701MW1601REMSYN088AAXX  21001 59298 11463 80403 10100 20088 40176 52017 60011 76060 885// 333 00759 70062;
0172592980999992000022106004+23080+114420FM-12+001699999V0200901N002010120019N0220001N1+01181+00941101571ADDAA106000191AY161061GF108991081051012501999999KA1999N+00991MD1710261+9999MW1001REMSYN082AAXX  21061 59298 11672 80902 10118 20094 40157 57026 69911 70060 885// 333 20099;
0161592980999992000022121004+23080+114420FM-12+001699999V0200901N002010120019N0120001N1+01131+01071101481ADDAA124002091AY161031AY261031GF108991081051012501999999MD1710011+9999MW1601REMSYN076AAXX  21211 59298 41662 80902 10113 20107 40148 57001 76066 885// 333 70021;
0165592980999992000022200004+23080+114420FM-12+001699999V0200701N002010120019N0160001N1+01201+01071101591ADDAA106001091AY161061GF108991081051012501999999MD1210111-0201MW1001REMSYN088AAXX  22001 59298 11666 80702 10120 20107 40159 52011 60011 70060 885// 333 05202 70019;
0172592980999992000022206004+23080+114420FM-12+001699999V0200201N002010042019N0110001N1+01281+01211101391ADDAA106000791AY161061GF108991081071004501999999KA1999N+01101MD1710231+9999MW1601REMSYN082AAXX  22061 59298 11461 80202 10128 20121 40139 57023 69901 76060 887// 333 20110;
0080592980999992000022212004+23080+114420FM-12+001699999V0200901N003019999999N0140001N1+01201+01101999999ADDGF108991999999004501999999REMSYN042AAXX  22121 59298 11464 80903 1012/ 2011/;
0161592980999992000022221004+23080+114420FM-12+001699999V0200401N002010042019N0110001N1+01191+01111101381ADDAA124001591AY161031AY261031GF108991081051004501999999MD1710061+9999MW1601REMSYN076AAXX  22211 59298 41461 80402 10119 20111 40138 57006 76066 885// 333 70016;
0172592980999992000022306004+23080+114420FM-12+001699999V0200701N002010120019N0160001N1+01261+01111101521ADDAA106002091AY161061GF108991081051012501999999KA1999N+01181MD1710141+9999MW1001REMSYN082AAXX  23061 59298 11666 80702 10126 20111 40152 57014 60021 70060 885// 333 20118;
0149592980999992000022312004+23080+114420FM-12+001699999V0200401N004010120019N0150001N1+01211+00931101671ADDAA106000791AY161061GF108991081051012501999999MD1210151+9999MW1601REMSYN072AAXX  23121 59298 11665 80404 10121 20093 40167 52015 69901 76060 885//;
0133592980999992000022321004+23080+114420FM-12+001699999V0200401N004010120019N0160001N1+01061+00721101821ADDAA124002091GF108991081051012501999999MD1710011+9999REMSYN070AAXX  23211 59298 42666 80404 10106 20072 40182 57001 885// 333 70020;
0139592980999992000022400004+23080+114420FM-12+001699999V0200201N004010120019N0180001N1+01051+00671102011ADDAA124002091GF108991081051012501999999MD1210191+0501REMSYN076AAXX  24001 59298 32668 80204 10105 20067 40201 52019 885// 333 00552 70020;
0165592980999992000022406004+23080+114420FM-12+001699999V0200201N005010120019N0160001N1+01131+00731101861ADDAA199000091GF108991081051012501999999KA1999N+01041MD1710241+9999REMSYN070AAXX  24061 59298 32666 80205 10113 20073 40186 57024 885// 333 20104;EQDQ01  00002PRCP99
0161592980999992000022421004+23080+114420FM-12+001699999V0200401N004010042019N0130001N1+00921+00681102031ADDAA124002391AY161031AY261031GF108991081051004501999999MD1710041+9999MW1601REMSYN076AAXX  24211 59298 41463 80404 10092 20068 40203 57004 76066 885// 333 70022;
0173592980999992000022500004+23080+114420FM-12+001699999V0200401N004010120019N0300001N1+00891+00721102201ADDAA106002091AY161061AY261061GF108991081081008001999999MD1210171+0201MW1601REMSYN088AAXX  25001 59298 11580 80404 10089 20072 40220 52017 60021 76066 888// 333 00252 70033;
0172592980999992000022506004+23080+114420FM-12+001699999V0200201N005010120019N0130001N1+01011+00761102081ADDAA106000191AY161061GF108991081051012501999999KA1999N+00871MD1710191+9999MW1601REMSYN082AAXX  25061 59298 11663 80205 10101 20076 40208 57019 69911 76060 885// 333 20087;
0149592980999992000022512004+23080+114420FM-12+001699999V0200201N006010120019N0120001N1+01011+00471102171ADDAA106000791AY161061GF108991081051012501999999MD1210061+9999MW1601REMSYN072AAXX  25121 59298 11662 80206 10101 20047 40217 52006 69901 76060 885//;
0133592980999992000022521004+23080+114420FM-12+001699999V0200201N006010120019N0130001N1+00941+00341102271ADDAA124001391GF108991081051012501999999MD1710041+9999REMSYN070AAXX  25211 59298 42663 80206 10094 20034 40227 57004 885// 333 70012;
0172592980999992000022606004+23080+114420FM-12+001699999V0200401N003010120019N0130001N1+01001+00241102261ADDAA106000191AY161061GF108991081051012501999999KA1999N+00861MD1710311+9999MW1001REMSYN082AAXX  26061 59298 11663 80403 10100 20024 40226 57031 69921 70060 885// 333 20086;
0141592980999992000022612004+23080+114420FM-12+001699999V0200401N003010120019N0120001N1+01031+00261102281ADDAA106000791GF108991081051012501999999MD1210021+9999MW1601REMSYN072AAXX  26121 59298 11662 80403 10103 20026 40228 52002 69901 76000 885//;
0133592980999992000022621004+23080+114420FM-12+001699999V0200201N003010120019N0130001N1+00991+00231102271ADDAA124000391GF108991081051012501999999MD1710041+9999REMSYN070AAXX  26211 59298 42663 80203 10099 20023 40227 57004 885// 333 70002;
0165592980999992000022700004+23080+114420FM-12+001699999V0200901N003010120019N0120001N1+00801+00581102341ADDAA106000591AY161061GF108991081051012501999999MD1210071-0201MW1601REMSYN088AAXX  27001 59298 11662 80903 10080 20058 40234 52007 69951 76060 885// 333 05251 70007;
0172592980999992000022706004+23080+114420FM-12+001699999V0200701N002010120019N0120001N1+01041+00511102241ADDAA106000791AY161061GF108991081051012501999999KA1999N+00761MD1710211+9999MW1601REMSYN082AAXX  27061 59298 11662 80702 10104 20051 40224 57021 69901 76060 885// 333 20076;
0149592980999992000022712004+23080+114420FM-12+001699999V0200201N003010120019N0130001N1+00971+00551102221ADDAA106000191AY161061GF108991081051012501999999MD1210081+9999MW1001REMSYN072AAXX  27121 59298 11663 80203 10097 20055 40222 52008 69921 70060 885//;
0161592980999992000022721004+23080+114420FM-12+001699999V0200201N002010120019N0110001N1+00811+00751102061ADDAA124001091AY161031AY261031GF108991081051012501999999MD1710121+9999MW1601REMSYN076AAXX  27211 59298 41661 80202 10081 20075 40206 57012 76066 885// 333 70011;
0173592980999992000022800004+23080+114420FM-12+001699999V0200401N001010120019N0090001N1+00831+00771102271ADDAA106001091AY161061AY261061GF108991081051012501999999MD1210211-0101MW1601REMSYN088AAXX  28001 59298 11659 80401 10083 20077 40227 52021 60011 76066 885// 333 05100 70012;
0180592980999992000022806004+23080+114420FM-12+001699999V0200201N003010120019N0140001N1+01021+00921102141ADDAA106001091AY161061AY261061GF108991081051012501999999KA1999N+00801MD1710281+9999MW1601REMSYN082AAXX  28061 59298 11664 80203 10102 20092 40214 57028 69991 76066 885// 333 20080;
0133592980999992000022821004+23080+114420FM-12+001699999V0200201N004010120019N0180001N1+00951+00501102411ADDAA124001591GF108991081051012501999999MD1410001+9999REMSYN070AAXX  28211 59298 42668 80204 10095 20050 40241 54000 885// 333 70015;
0139592980999992000022900004+23080+114420FM-12+001699999V0200401N003010120019N0260001N1+00941+00541102491ADDAA124001091GF108991081051012501999999MD1219999+0201REMSYN076AAXX  29001 59298 32676 80403 10094 20054 40249 52/08 885// 333 0021/ 70009;
0165592980999992000022906004+23080+114420FM-12+001699999V0200401N004010120019N0250001N1+01121+00631102211ADDAA199000091GF108991081051012501999999KA1999N+00931MD1710321+9999REMSYN070AAXX  29061 59298 32675 80404 10112 20063 40221 57032 885// 333 20093;EQDQ01  00002PRCP99
0149592980999992000022912004+23080+114420FM-12+001699999V0200201N003010120019N0048001N1+00961+00751102381ADDAA106000891AY161061GF108991081051012501999999MD1210101+9999MW1601REMSYN072AAXX  29121 59298 11648 80203 10096 20075 40238 52010 69981 76060 885//;
0161592980999992000022921004+23080+114420FM-12+001699999V0200201N003010120019N0130001N1+00861+00781102331ADDAA124002591AY161031AY261031GF108991081051012501999999MD1710101+9999MW1601REMSYN076AAXX  29211 59298 41663 80203 10086 20078 40233 57010 76066 885// 333 70026;
0172592980999992000030106004+23080+114420FM-12+001699999V0200201N002010120019N0110001N1+01171+01051102191ADDAA106000891AY161061GF108991081051012501999999KA1999N+00861MD1710121+9999MW1601REMSYN082AAXX  01061 59298 11661 80202 10117 20105 40219 57012 69981 76060 885// 333 20086;
0161592980999992000030121004+23080+114420FM-12+001699999V0209999C000010120019N0110001N1+01061+01021102001ADDAA124016891AY181031AY281031GF108991081041012501999999MD1710101+9999MW1801REMSYN076AAXX  01211 59298 41661 80000 10106 20102 40200 57010 78088 884// 333 70167;
0165592980999992000031406004+23080+114420FM-12+001699999V0200701N002010075019N0160001N1+02331+01821101301ADDAA199000091GF106991061041008001001001KA1999N+01581MD1710291+9999REMSYN070AAXX  14061 59298 32566 60702 10233 20182 4013/ 57029 86400 333 20158;EQDQ01  00002PRCP99
0142592980999992000031412004+23080+114420FM-12+001699999V0209999C000010120019N0140001N1+02041+01681101351ADDAA199000091GF107991071051012501999999MD1210091+9999REMSYN060AAXX  14121 59298 32664 70000 10204 20168 40135 52009 875//;EQDQ01  00002PRCP99
0131592980999992000031421004+23080+114420FM-12+001699999V0201801N001019999999N0110001N1+99999+99999101381ADDGF107991071001999999041999MD1710041+9999REMSYN060AAXX  14211 59298 42961 71801 1175/ 20156 40138 57004 8704/;EQDQ01 -07503ATOT  
0168592980999992000031500004+23080+114420FM-12+001699999V0201601N003010360019N0120001N1+01692+01521101521ADDAA199000091GF106991021041012501041001MD1210141+0021REMSYN070AAXX  15001 59298 32662 61603 10169 20152 40152 52014 82440 333 05200;EQDQ01+001693ATOT  Q02  00002PRCP99
0165592980999992000032406004+23080+114420FM-12+001699999V0201101N002012200019N0160001N1+02391+01331101821ADDAA199000091GF102991021011008001001001KA1999N+01611MD1710261+9999REMSYN070AAXX  24061 59298 32566 21102 10239 20133 40182 57026 82100 333 20161;EQDQ01  00002PRCP99
0142592980999992000032412004+23080+114420FM-12+001699999V0201601N003010120019N0140001N1+02081+01561101831ADDAA199000091GF108991081041012501999999MD1210191+9999REMSYN060AAXX  24121 59298 32664 81603 10208 20156 40183 52019 884//;EQDQ01  00002PRCP99
0111592980999992000032421004+23080+114420FM-12+001699999V0201601N002019999999N0120001N1+01771+01331101971ADDGF107991071001999999041999MD1710071+9999REMSYN059AAXX  24211 59298 42962 71602 10177 2013340197 57007 8704/;
0136592980999992000032500004+23080+114420FM-12+001699999V0201401N999999999999N0120001N1+01811+01341999999ADDAA199000091MD1210201+0001REMSYN064AAXX  25001 59298 32662 /6402 10181 20134 52020 82440 333 00001;EQDQ01+010201WOSPD Q02  00002PRCP99
0165592980999992000032506004+23080+114420FM-12+001699999V0203601N001010120019N0130001N1+02261+01431101921ADDAA199000091GF108991081051012501999999KA1999N+01721MD1710281+9999REMSYN070AAXX  25061 59298 32663 83601 10226 20143 40192 57028 885// 333 20172;EQDQ01  00002PRCP99
0142592980999992000032512004+23080+114420FM-12+001699999V0200401N002010120019N0120001N1+02191+01561101901ADDAA199000091GF107991071041012501999999MD1210101+9999REMSYN060AAXX  25121 59298 32662 70402 10219 20156 4019/ 52010 874//;EQDQ01  00002PRCP99
0112592980999992000032521004+23080+114420FM-12+001699999V0200201N003010150019N0120001N1+01731+01081102161ADDGF108991081051017501999999MD1210011+9999REMSYN060AAXX  25211 59298 42762 80203 10173 20108 40216 52001 885//;
0146592980999992000032600004+23080+114420FM-12+001699999V0200201N004010120019N0130001N1+01681+99999102321ADDAA199000091GF108991081051012501999999MD1210161+0021REMSYN064AAXX  26001 59298 32663 80204 10168 40232 52016 885// 333 00251;EQDQ01  00002PRCP99
0165592980999992000032606004+23080+114420FM-12+001699999V0200401N002010120019N0140001N1+02131+01011101941ADDAA199000091GF107991071041012501999999KA1999N+01661MD1710321+9999REMSYN070AAXX  26061 59298 32664 70402 10213 20101 40194 57032 874// 333 20166;EQDQ01  00002PRCP99
0122592980999992000032621004+23080+114420FM-12+001699999V0200201N002012200019N0110001N1+01601+01461101711ADDGA1001+999999999GF100991001001999999001001MD1710091+9999REMSYN054AAXX  26211 59298 42961 00202 10160 20146 40171 57009;
0162592980999992000032700004+23080+114420FM-12+001699999V0201401N001012200019N0110001N1+01631+01401101821ADDAA199000091GA1001+999999999GF100991001001999999001001MD1210111+0051REMSYN064AAXX  27001 59298 32961 01401 10163 20140 40182 52011 333 05551;EQDQ01  00002PRCP99
0122592980999992000032721004+23080+114420FM-12+001699999V0201401N001012200019N0120001N1+01751+01511101511ADDGA1001+999999999GF100991001001999999001001MD1710041+9999REMSYN054AAXX  27211 59298 42962 01401 10175 20151 40151 57004;
0174592980999992000032800004+23080+114420FM-12+001699999V0201801N001012200019N0080001N1+01701+01421101651ADDAA199000091GA1001+999999999GF100991001001999999001001MD1210141+0021MW1101REMSYN070AAXX  28001 59298 31958 01801 10170 20142 40165 52014 71000 333 05201;EQDQ01  00002PRCP99
0165592980999992000032806004+23080+114420FM-12+001699999V0203201N002012200019N0130001N1+02961+01281101231ADDAA199000091GF102991001001999999001011KA1999N+01621MD1710361+9999REMSYN070AAXX  28061 59298 32/63 23202 10296 20128 40123 57036 80001 333 20162;EQDQ01  00002PRCP99
0152592980999992000032812004+23080+114420FM-12+001699999V0201801N003012200019N0120001N1+02621+01441101361ADDAA199000091GA1001+999999999GF100991001001999999001001MD1210281+9999REMSYN054AAXX  28121 59298 32962 01803 10262 20144 40136 52028;EQDQ01  00002PRCP99
0164592980999992000032900004+23080+114420FM-12+001699999V0201601N002012200019N0070001N1+02061+01541101901ADDAA199000091GF101991011001999999041001MD1210231+0031MW1101REMSYN076AAXX  29001 59298 31957 11602 10206 20154 40190 52023 71000 81040 333 00304;EQDQ01  00002PRCP99
0165592980999992000032906004+23080+114420FM-12+001699999V0200701N002012200019N0120001N1+03111+01221101591ADDAA199000091GF102991001001999999001021KA1999N+01901MD1710291+9999REMSYN070AAXX  29061 59298 32962 20702 10311 20122 40159 57029 80002 333 20190;EQDQ01  00002PRCP99
0122592980999992000032921004+23080+114420FM-12+001699999V0209999C000012200019N0120001N1+01821+01121101621ADDGA1001+999999999GF100991001001999999001001MD1710051+9999REMSYN054AAXX  29211 59298 42962 00000 10182 20112 40162 57005;
0152592980999992000033000004+23080+114420FM-12+001699999V0200201N002019999999N0110001N1+01841+01351101781ADDAA199000091GF107991031001999999041021MD1210161+0011REMSYN070AAXX  30001 59298 32961 70202 10184 20135 40178 52016 83042 333 05152;EQDQ01  00002PRCP99
0142592980999992000033012004+23080+114420FM-12+001699999V0201601N004012200019N0130001N1+02301+01671101231ADDAA199000091GF102991021001999999041001MD1210091+9999REMSYN060AAXX  30121 59298 32963 21604 10230 20167 40123 52009 82040;EQDQ01  00002PRCP99
0112592980999992000033021004+23080+114420FM-12+001699999V0209999C000010120019N0130001N1+01971+01641100991ADDGF107991071051012501999999MD1710111+9999REMSYN060AAXX  30211 59298 42663 70000 10197 20164 40099 57011 875//;
0152592980999992000033100004+23080+114420FM-12+001699999V0200201N002010120019N0120001N1+02061+01671101171ADDAA199000091GF107991071051012501999999MD1210171+0061REMSYN070AAXX  31001 59298 32662 70202 10206 20167 40117 52017 875// 333 05602;EQDQ01  00002PRCP99
0164592980999992000033106004+23080+114420FM-12+001699999V0201401N003010075019N0140001N1+02781+01991100811ADDAA106000791GF107991071091008001999999KA1999N+01921MD1710351+9999MW1801REMSYN082AAXX  31061 59298 11564 71403 10278 20199 40081 57035 69901 78000 879// 333 20192;
0153592980999992000033121004+23080+114420FM-12+001699999V0201401N002010120019N0110001N1+02271+02181100601ADDAA124009991AY181031GF108991081091012501999999MD1710191+9999MW1001REMSYN076AAXX  31211 59298 41661 81402 10227 20218 40060 57019 70080 889// 333 70099;
0180592980999992000040106004+23080+114420FM-12+001699999V0200401N002010075019N0140001N1+02671+02211100581ADDAA106002091AY191061AY281061GF106991061041008001001001KA1999N+02091MD1710271+9999MW1001REMSYN082AAXX  01061 59298 11564 60402 10267 20221 40058 57027 60021 70098 86400 333 20209;
0142592980999992000040112004+23080+114420FM-12+001699999V0201401N003010120019N0130001N1+02471+02161100671ADDAA199000091GF105991051041012501001001MD1210271+9999REMSYN060AAXX  01121 59298 32663 51403 10247 20216 40067 52027 85400;EQDQ01  00002PRCP99
0133592980999992000040121004+23080+114420FM-12+001699999V0201401N001010120019N0150001N1+02171+01971100931ADDAA124009491GF108991081091012501999999MD1210021+9999REMSYN070AAXX  01211 59298 42665 81401 10217 20197 40093 52002 889// 333 70093;
0139592980999992000040200004+23080+114420FM-12+001699999V0201801N002010075019N0120001N1+02251+01941101111ADDAA124001591GF107991071041008001999999MD1210181+0401REMSYN076AAXX  02001 59298 32562 71802 10225 20194 40111 52018 874// 333 00400 70016;
0165592980999992000040206004+23080+114420FM-12+001699999V0201401N003010120019N0130001N1+02491+02021100851ADDAA199000091GF107991071041012501041999KA1999N+02161MD1710261+9999REMSYN070AAXX  02061 59298 32663 71403 10249 20202 40085 57026 8744/ 333 20216;EQDQ01  00002PRCP99
0118592980999992000040221004+23080+114420FM-12+001699999V0200901N001019999999N0130001N1+02101+02041100921ADDGF108991081999004501999999MD1710041+9999REMSYN066AAXX  02211 59298 //463 80901 10210 20204 40092 57004 70098 88///;
0173592980999992000040300004+23080+114420FM-12+001699999V0201401N001010075019N0150001N1+02141+02061101091ADDAA106010991AY191061AY281061GF108991081091008001999999MD1210171+0001MW1801REMSYN088AAXX  03001 59298 11565 81401 10214 20206 40109 52017 60111 78098 889// 333 00051 70422;
0172592980999992000040306004+23080+114420FM-12+001699999V0202201N002010120019N0110001N1+02331+02231100901ADDAA106007991AY181061GF107991071091012501999999KA1999N+02051MD1710211+9999MW1911REMSYN082AAXX  03061 59298 11661 72202 10233 20223 40090 57021 60081 79180 879// 333 20205;
0157592980999992000040312004+23080+114420FM-12+001699999V0200401N003010042019N0160001N1+02101+02041100901ADDAA106016091AY191061AY281061GF108991081091004501999999MD1210161+9999MW1951REMSYN072AAXX  03121 59298 11466 80403 10210 20204 40090 52016 60161 79598 889//;
0153592980999992000040321004+23080+114420FM-12+001699999V0209999C000010120019N0120001N1+01961+01751100981ADDAA124028491AY181031GF108991081091012501999999MD1710071+9999MW1001REMSYN076AAXX  03211 59298 41662 80000 10196 20175 40098 57007 70080 889// 333 70284;
0165592980999992000040400004+23080+114420FM-12+001699999V0200201N002010120019N0150001N1+01961+01661101181ADDAA106000791AY181061GF108991081041012501999999MD1210201+0101MW1001REMSYN088AAXX  04001 59298 11665 80202 10196 20166 40118 52020 69901 70080 884// 333 00152 70284;
0165592980999992000040406004+23080+114420FM-12+001699999V0200401N003010120019N0180001N1+02201+01721100971ADDAA199000091GF108991081051012501999999KA1999N+01921MD1710281+9999REMSYN070AAXX  04061 59298 32668 80403 10220 20172 40097 57028 885// 333 20192;EQDQ01  00002PRCP99
0142592980999992000040412004+23080+114420FM-12+001699999V0201601N002019999999N0140001N1+02171+01951101041ADDAA199000091GF106991061001999999041001MD1210171+9999REMSYN060AAXX  04121 59298 32964 61602 10217 20195 40104 52017 86040;EQDQ01  00002PRCP99
