0152598490999992000010100004+19070+109880FM-12+024399999V0209999C000012200019N0300001N1+01451+01381101751ADDAA106000091GF102991011011008001041001MD1210111+0001REMSYN070AAXX  01001 59849 32580 20000 10145 20138 40175 52011 81140 333 00002;EQDQ01  00002PRCP06
0165598490999992000010106004+19070+109880FM-12+024399999V0201101N002010075019N0300001N1+02491+01641101531ADDAA106000091GF106991061011008001001001KA1999N+00841MD1710261+9999REMSYN070AAXX  01061 59849 32580 61102 10249 20164 40153 57026 86100 333 20084;EQDQ01  00002PRCP06
0152598490999992000010112004+19070+109880FM-12+024399999V0209999C000012200019N0150001N1+01881+01731101701ADDAA106000091GA1001+999999999GF100991001001999999001001MD1210221+9999REMSYN054AAXX  01121 59849 32965 00000 10188 20173 40170 52022;EQDQ01  00002PRCP06
0177598490999992000010118004+19070+109880FM-12+024399999V0209999C000010075019N0030001N1+01621+01601101701ADDAA106000091GF105991051011008001001001KA1999M+02521MD1710061+9999MW1101REMSYN076AAXX  01181 59849 31530 50000 10162 20160 40170 57006 71000 85100 333 10252;EQDQ01  00002PRCP06
0132598490999992000010121004+19070+109880FM-12+024399999V0202201N002010075019N0009001N1+01641+01621101651ADDAY141031GF107991071011008001999999MD1710061+9999MW1421REMSYN066AAXX  01211 59849 41509 72202 10164 20162 40165 57006 74240 871//;
0172598490999992000010200004+19070+109880FM-12+024399999V0209999C000010120019N0080001N1+01601+01571101871ADDAA106000091AY141061GF107991071081008001001001MD1210191+0011MW1101REMSYN076AAXX  02001 59849 31558 70000 10160 20157 40187 52019 71040 87800 333 00102;EQDQ01  00002PRCP06
0165598490999992000010206004+19070+109880FM-12+024399999V0200901N002012200019N0300001N1+02401+01351101621ADDAA106000091GF102991021011008001001001KA1999N+01551MD1710361+9999REMSYN070AAXX  02061 59849 32580 20902 10240 20135 40162 57036 82100 333 20155;EQDQ01  00002PRCP06
0152598490999992000010212004+19070+109880FM-12+024399999V0209999C000012200019N0200001N1+01871+01611101701ADDAA106000091GA1001+999999999GF100991001001999999001001MD1210191+9999REMSYN054AAXX  02121 59849 32970 00000 10187 20161 40170 52019;EQDQ01  00002PRCP06
0175598490999992000010218004+19070+109880FM-12+024399999V0209999C000012200019N0150001N1+01471+01351101631ADDAA106000091GA1001+999999999GF100991001001999999001001KA1999M+02511MD1710131+9999REMSYN064AAXX  02181 59849 32965 00000 10147 20135 40163 57013 333 10251;EQDQ01  00002PRCP06
0112598490999992000010221004+19070+109880FM-12+024399999V0209999C000012200019N0120001N1+01381+01331101521ADDGF101991011011008001001001MD1710111+9999REMSYN060AAXX  02211 59849 42562 10000 10138 20133 40152 57011 81100;
0165598490999992000010306004+19070+109880FM-12+024399999V0200401N003012200019N0300001N1+02501+01631101461ADDAA106000091GF104991041011008001001001KA1999N+01301MD1710261+9999REMSYN070AAXX  03061 59849 32580 40403 10250 20163 40146 57026 84100 333 20130;EQDQ01  00002PRCP06
0142598490999992000010312004+19070+109880FM-12+024399999V0201101N001012200019N0180001N1+02071+01701101481ADDAA106000091GF102991021011008001001001MD1210111+9999REMSYN060AAXX  03121 59849 32568 21101 10207 20170 40148 52011 82100;EQDQ01  00002PRCP06
0175598490999992000010318004+19070+109880FM-12+024399999V0209999C000012200019N0150001N1+01621+01591101471ADDAA106000091GA1001+999999999GF100991001001999999001001KA1999M+02531MD1710081+9999REMSYN064AAXX  03181 59849 32965 00000 10162 20159 40147 57008 333 10253;EQDQ01  00002PRCP06
0122598490999992000010321004+19070+109880FM-12+024399999V0209999C000012200019N0120001N1+01541+01491101401ADDGA1001+999999999GF100991001001999999001001MD1710071+9999REMSYN054AAXX  03211 59849 42962 00000 10154 20149 40140 57007;
0164598490999992000010400004+19070+109880FM-12+024399999V0209999C000010075019N0006001N1+01451+01431101541ADDAA106000091GF107991071011008001001001MD1210111+0011MW1461REMSYN076AAXX  04001 59849 31506 70000 10145 20143 40154 52011 74600 87100 333 05101;EQDQ01  00002PRCP06
0185598490999992000010406004+19070+109880FM-12+024399999V0201801N003010075019N0300001N1+02571+01641101301ADDAA106000091AY141061GF107991071011008001001001KA1999N+01451MD1710271+9999MW1001REMSYN076AAXX  04061 59849 31580 71803 10257 20164 40130 57027 70040 87100 333 20145;EQDQ01  00002PRCP06
0142598490999992000010412004+19070+109880FM-12+024399999V0201401N003010075019N0120001N1+02181+01851101411ADDAA106000091GF107991071011008001999999MD1210181+9999REMSYN060AAXX  04121 59849 32562 71403 10218 20185 40141 52018 871//;EQDQ01  00002PRCP06
0165598490999992000010418004+19070+109880FM-12+024399999V0209999C000012200019N0130001N1+01861+01751101381ADDAA106000091GF102991021011008001001001KA1999M+02641MD1710081+9999REMSYN070AAXX  04181 59849 32563 20000 10186 20175 40138 57008 82100 333 10264;EQDQ01  00002PRCP06
0122598490999992000010421004+19070+109880FM-12+024399999V0202701N002012200019N0130001N1+01651+01581101281ADDGA1001+999999999GF100991001001999999001001MD1710111+9999REMSYN054AAXX  04211 59849 42963 02702 10165 20158 40128 57011;
0162598490999992000010500004+19070+109880FM-12+024399999V0202701N001012200019N0250001N1+01581+01531101441ADDAA106000091GA1001+999999999GF100991001001999999001001MD1210141+0011REMSYN064AAXX  05001 59849 32975 02701 10158 20153 40144 52014 333 05101;EQDQ01  00002PRCP06
0165598490999992000010506004+19070+109880FM-12+024399999V0200901N003010075019N0300001N1+02661+01811101131ADDAA106000091GF105991051011008001001001KA1999N+01541MD1710351+9999REMSYN070AAXX  05061 59849 32580 50903 10266 20181 40113 57035 85100 333 20154;EQDQ01  00002PRCP06
0142598490999992000010512004+19070+109880FM-12+024399999V0201401N004012200019N0150001N1+02211+01881101241ADDAA106000091GF102991021011008001001001MD1210181+9999REMSYN060AAXX  05121 59849 32565 21404 10221 20188 40124 52018 82100;EQDQ01  00002PRCP06
0175598490999992000010518004+19070+109880FM-12+024399999V0202701N001012200019N0130001N1+01731+01661101211ADDAA106000091GA1001+999999999GF100991001001999999001001KA1999M+02741MD1710071+9999REMSYN064AAXX  05181 59849 32963 02701 10173 20166 40121 57007 333 10274;EQDQ01  00002PRCP06
0122598490999992000010521004+19070+109880FM-12+024399999V0209999C000012200019N0120001N1+01601+01551101181ADDGA1001+999999999GF100991001001999999001001MD1710031+9999REMSYN054AAXX  05211 59849 42962 00000 10160 20155 40118 57003;
0165598490999992000010606004+19070+109880FM-12+024399999V0201401N003012200019N0300001N1+02641+01771101151ADDAA106000091GF102991021011008001001001KA1999N+01481MD1710311+9999REMSYN070AAXX  06061 59849 32580 21403 10264 20177 40115 57031 82100 333 20148;EQDQ01  00002PRCP06
0142598490999992000010612004+19070+109880FM-12+024399999V0201801N003010075019N0200001N1+02261+01891101311ADDAA106000091GF106991061011008001001001MD1210171+9999REMSYN060AAXX  06121 59849 32570 61803 10226 20189 40131 52017 86100;EQDQ01  00002PRCP06
0122598490999992000010621004+19070+109880FM-12+024399999V0202701N001012200019N0120001N1+01641+01611101381ADDGA1001+999999999GF100991001001999999001001MD1710051+9999REMSYN054AAXX  06211 59849 42962 02701 10164 20161 40138 57005;
0152598490999992000010700004+19070+109880FM-12+024399999V0202701N001010075019N0250001N1+01731+01661101551ADDAA106000091GF106991061011008001001001MD1210151+0021REMSYN070AAXX  07001 59849 32575 62701 10173 20166 40155 52015 86100 333 00202;EQDQ01  00002PRCP06
0165598490999992000010706004+19070+109880FM-12+024399999V0201801N002012200019N0300001N1+02681+01671101341ADDAA106000091GF103991031011008001001001KA1999N+01611MD1710301+9999REMSYN070AAXX  07061 59849 32580 31802 10268 20167 40134 57030 83100 333 20161;EQDQ01  00002PRCP06
0142598490999992000010712004+19070+109880FM-12+024399999V0201801N003010075019N0200001N1+02161+01831101481ADDAA106000091GF107991071011008001999999MD1210181+9999REMSYN060AAXX  07121 59849 32570 71803 10216 20183 40148 52018 871//;EQDQ01  00002PRCP06
0165598490999992000010718004+19070+109880FM-12+024399999V0201401N003012200019N0120001N1+02021+01811101521ADDAA106000091GF101991011011008001001001KA1999M+02821MD1710061+9999REMSYN070AAXX  07181 59849 32562 11403 10202 20181 40152 57006 81100 333 10282;EQDQ01  00002PRCP06
0112598490999992000010721004+19070+109880FM-12+024399999V0209999C000012200019N0120001N1+01771+01701101431ADDGF102991021011008001001001MD1710111+9999REMSYN060AAXX  07211 59849 42562 20000 10177 20170 40143 57011 82100;
0122598490999992000010800004+19070+109880FM-12+024399999V0201401N002012200019N0200001N1+01911+01731101491ADDGF101991001001999999001021MD1210111+0011REMSYN070AAXX  08001 59849 /2970 11402 10191 20173 40149 52011 80002 333 05100;
0165598490999992000010806004+19070+109880FM-12+024399999V0201601N003010075019N0300001N1+02681+01651101191ADDAA106000091GF106991061011008001001001KA1999N+01671MD1710351+9999REMSYN070AAXX  08061 59849 32580 61603 10268 20165 40119 57035 86100 333 20167;EQDQ01  00002PRCP06
0142598490999992000010812004+19070+109880FM-12+024399999V0201801N004012200019N0200001N1+02131+01811101321ADDAA106000091GF101991011011008001001001MD1210151+9999REMSYN060AAXX  08121 59849 32570 11804 10213 20181 40132 52015 81100;EQDQ01  00002PRCP06
0187598490999992000010818004+19070+109880FM-12+024399999V0200101N999992200019N0180001N1+99999+99999999999ADDAA106000091GA1001+999999999GF100991001001999999001001MD1719999+2701REMSYN057AAXX  08181 59849 32968 00173 20166 401/2 570// 333 0271;EQDQ01+007303WOSPD Q02  00002PRCP06Q030007303WOSPD 
0122598490999992000010821004+19070+109880FM-12+024399999V0202501N001012200019N0120001N1+01621+01571101331ADDGA1001+999999999GF100991001001999999001001MD1410001+9999REMSYN054AAXX  08211 59849 42962 02501 10162 20157 40133 54000;
0152598490999992000010900004+19070+109880FM-12+024399999V0209999C000010075019N0300001N1+01631+01581101471ADDAA106000091GF107991071011008001041001MD1210121+0011REMSYN070AAXX  09001 59849 32580 70000 10163 20158 40147 52012 87140 333 05151;EQDQ01  00002PRCP06
0152598490999992000010912004+19070+109880FM-12+024399999V0201801N004012200019N0180001N1+02181+01871101391ADDAA106000091GA1001+999999999GF100991001001999999001001MD1210161+9999REMSYN054AAXX  09121 59849 32968 01804 10218 20187 40139 52016;EQDQ01  00002PRCP06
0175598490999992000010918004+19070+109880FM-12+024399999V0201401N003012200019N0150001N1+01991+01801101371ADDAA106000091GA1001+999999999GF100991001001999999001001KA1999M+02821MD1710021+9999REMSYN064AAXX  09181 59849 32965 01403 10199 20180 40137 57002 333 10282;EQDQ01  00002PRCP06
0135598490999992000010921004+19070+109880FM-12+024399999V0202101N999992200019N0130001N1+99999+99999101261ADDGA1001+999999999GF100991001001999999001001MD1710131+9999REMSYN048AAXX  09211 59849 42963 02171 18163 40126 57013;EQDQ01+007103WOSPD 
0152598490999992000011000004+19070+109880FM-12+024399999V0202201N001010120019N0300001N1+01681+01631101471ADDAA106000091GF107991071081008001999999MD1210181+0001REMSYN070AAXX  10001 59849 32580 72201 10168 20163 40147 52018 878// 333 00001;EQDQ01  00002PRCP06
0165598490999992000011006004+19070+109880FM-12+024399999V0201401N003012200019N0300001N1+02731+01871101211ADDAA106000091GF102991011011008001041001KA1999N+01631MD1710271+9999REMSYN070AAXX  10061 59849 32580 21403 10273 20187 40121 57027 81140 333 20163;EQDQ01  00002PRCP06
0152598490999992000011012004+19070+109880FM-12+024399999V0201401N003012200019N0250001N1+02251+01911101341ADDAA106000091GA1001+999999999GF100991001001999999001001MD1210151+9999REMSYN054AAXX  10121 59849 32975 01403 10225 20191 40134 52015;EQDQ01  00002PRCP06
0175598490999992000011018004+19070+109880FM-12+024399999V0209999C000012200019N0150001N1+01791+01711101361ADDAA106000091GA1001+999999999GF100991001001999999001001KA1999M+02801MD1710031+9999REMSYN064AAXX  10181 59849 32965 00000 10179 20171 40136 57003 333 10280;EQDQ01  00002PRCP06
0122598490999992000011021004+19070+109880FM-12+024399999V0202701N001012200019N0130001N1+01701+01651101281ADDGA1001+999999999GF100991001001999999001001MD1710091+9999REMSYN054AAXX  10211 59849 42963 02701 10170 20165 40128 57009;
0152598490999992000011100004+19070+109880FM-12+024399999V0202501N001012200019N0300001N1+01901+01481101471ADDAA106000091GF102991021011008001001001MD1210171+0001REMSYN070AAXX  11001 59849 32580 22501 10190 20148 40147 52017 82100 333 00002;EQDQ01  00002PRCP06
0165598490999992000011106004+19070+109880FM-12+024399999V0201401N003010075019N0300001N1+02771+02021101131ADDAA106000091GF106991061011008001001001KA1999N+01671MD1710391+9999REMSYN070AAXX  11061 59849 32580 61403 10277 20202 40113 57039 86100 333 20167;EQDQ01  00002PRCP06
0142598490999992000011112004+19070+109880FM-12+024399999V0201401N004010075019N0180001N1+02301+01961101251ADDAA106000091GF106991061011008001001001MD1210161+9999REMSYN060AAXX  11121 59849 32568 61404 10230 20196 40125 52016 86100;EQDQ01  00002PRCP06
0175598490999992000011118004+19070+109880FM-12+024399999V0209999C000012200019N0130001N1+01901+01821101201ADDAA106000091GA1001+999999999GF100991001001999999001001KA1999M+02791MD1710071+9999REMSYN064AAXX  11181 59849 32963 00000 10190 20182 40120 57007 333 10279;EQDQ01  00002PRCP06
0122598490999992000011121004+19070+109880FM-12+024399999V0202201N002012200019N0130001N1+01821+01741101161ADDGA1001+999999999GF100991001001999999001001MD1710051+9999REMSYN054AAXX  11211 59849 42963 02202 10182 20174 40116 57005;
0165598490999992000011206004+19070+109880FM-12+024399999V0201801N002010075019N0300001N1+02611+01971101161ADDAA106000091GF107991071011008001999999KA1999N+01731MD1710271+9999REMSYN070AAXX  12061 59849 32580 71802 10261 20197 40116 57027 871// 333 20173;EQDQ01  00002PRCP06
0142598490999992000011212004+19070+109880FM-12+024399999V0209999C000012200019N0200001N1+02281+02071101191ADDAA106000091GF102991021011008001001001MD1210091+9999REMSYN060AAXX  12121 59849 32570 20000 10228 20207 40119 52009 82100;EQDQ01  00002PRCP06
0165598490999992000011218004+19070+109880FM-12+024399999V0209999C000010075019N0120001N1+01961+01911101151ADDAA106000091GF107991071011008001999999KA1999M+02651MD1710081+9999REMSYN070AAXX  12181 59849 32562 70000 10196 20191 40115 57008 871// 333 10265;EQDQ01  00002PRCP06
0111598490999992000011221004+19070+109880FM-12+024399999V0209999C000012200019N0120001N1+01921+01871999999ADDGA1001+999999999GF100991001001999999001001ME1101309REMSYN048AAXX  12211 59849 42962 00000 10192 20187 4113/;
0126598490999992000011300004+19070+109880FM-12+024399999V0201201N001019999999N0300001N1+01811+01761101301ADDAA106000091MD1210151+0011REMSYN070AAXX  13001 59849 32580 /1201 10181 20176 40130 52015 81100 333 05101;EQDQ01  00002PRCP06
0165598490999992000011306004+19070+109880FM-12+024399999V0201401N003010075019N0300001N1+02641+01851101021ADDAA106000091GF107991071011008001001001KA1999N+01791MD1710281+9999REMSYN070AAXX  13061 59849 32580 71403 10264 20185 40102 57028 87100 333 20179;EQDQ01  00002PRCP06
0142598490999992000011312004+19070+109880FM-12+024399999V0200901N004010075019N0110001N1+02261+01951101051ADDAA106000091GF107991071011008001001001MD1210121+9999REMSYN060AAXX  13121 59849 32561 70904 10226 20195 40105 52012 87100;EQDQ01  00002PRCP06
0175598490999992000011318004+19070+109880FM-12+024399999V0202501N002012200019N0150001N1+01881+01801101141ADDAA106000091GA1001+999999999GF100991001001999999001001KA1999M+02771MD1410001+9999REMSYN064AAXX  13181 59849 32965 02502 10188 20180 40114 54000 333 10277;EQDQ01  00002PRCP06
0156598490999992000011400004+19070+109880FM-12+024399999V0202201N001010075019N0250001N1+01921+01821101271ADDAA199000091GF107991071011008001999999MD1210151+0001REMSYN074    AAXX  14001 59849 32575 72201 10192 20182 40127 52015 871// 333 00001;EQDQ01  00002PRCP99
0169598490999992000011406004+19070+109880FM-12+024399999V0201801N002010075019N0300001N1+02771+01881100991ADDAA199000091GF105991051011008001001001KA1999N+01771MD1710351+9999REMSYN074    AAXX  14061 59849 32580 51802 10277 20188 40099 57035 85100 333 20177;EQDQ01  00002PRCP99
0146598490999992000011412004+19070+109880FM-12+024399999V0201401N004012200019N0200001N1+02221+01881101091ADDAA199000091GF102991021011008001001001MD1210171+9999REMSYN064    AAXX  14121 59849 32570 21404 10222 20188 40109 52017 82100;EQDQ01  00002PRCP99
0169598490999992000011506004+19070+109880FM-12+024399999V0201401N004010075019N0300001N1+02711+01791101051ADDAA199000091GF105991051011008001001001KA1999N+01611MD1710361+9999REMSYN074    AAXX  15061 59849 32580 51404 10271 20179 40105 57036 85100 333 20161;EQDQ01  00002PRCP99
0146598490999992000011512004+19070+109880FM-12+024399999V0201401N003012200019N0250001N1+02271+01911999999ADDAA199000091GF102991021011008001001001MD1210181+9999REMSYN064    AAXX  15121 59849 32575 21403 10227 20191 40/19 52018 82100;EQDQ01  00002PRCP99
0179598490999992000011518004+19070+109880FM-12+024399999V0201401N001012200019N0150001N1+01771+01701101291ADDAA199000091GA1001+999999999GF100991001001999999001001KA1999M+02871MD1210031+9999REMSYN068    AAXX  15181 59849 32965 01401 10177 20170 40129 52003 333 10287;EQDQ01  00002PRCP99
0116598490999992000011521004+19070+109880FM-12+024399999V0202701N001012200019N0140001N1+01671+01621101301ADDGF102991021011008001001001MD1410001+9999REMSYN064    AAXX  15211 59849 42564 22701 10167 20162 40130 54000 82100;
0156598490999992000011600004+19070+109880FM-12+024399999V0209999C000012200019N0270001N1+01641+01611101541ADDAA199000091GF103991031081008001001001MD1210211+0021REMSYN074    AAXX  16001 59849 32577 30000 10164 20161 40154 52021 83800 333 00200;EQDQ01  00002PRCP99
0169598490999992000011606004+19070+109880FM-12+024399999V0200901N002012200019N0300001N1+02711+01831101281ADDAA199000091GF104991041011008001001001KA1999N+01631MD1710311+9999REMSYN074    AAXX  16061 59849 32580 40902 10271 20183 40128 57031 84100 333 20163;EQDQ01  00002PRCP99
0146598490999992000011612004+19070+109880FM-12+024399999V0201801N003010075019N0250001N1+02241+01901101391ADDAA199000091GF107991071011008001999999MD1210221+9999REMSYN064    AAXX  16121 59849 32575 71803 10224 20190 40139 52022 871//;EQDQ01  00002PRCP99
0169598490999992000011618004+19070+109880FM-12+024399999V0209999C000010075019N0180001N1+01961+01831101461ADDAA199000091GF107991071011008001001001KA1999M+02801MD1710011+9999REMSYN074    AAXX  16181 59849 32568 70000 10196 20183 40146 57001 87100 333 10280;EQDQ01  00002PRCP99
0156598490999992000011700004+19070+109880FM-12+024399999V0209999C000011050019N0230001N1+01801+01721101661ADDAA199000091GF107991011011008001001021MD1210171+0011REMSYN074    AAXX  17001 59849 32573 70000 10180 20172 40166 52017 81102 333 00102;EQDQ01  00002PRCP99
0153598490999992000011712004+19070+109880FM-12+024399999V0203601N002010090019N0060001N1+01751+01681101731ADDAA106000791AY161061GF108991081081004501999999MD1210161+9999MW1601REMSYN076    AAXX  17121 59849 11456 83602 10175 20168 40173 52016 69901 76060 888//;
0184598490999992000011718004+19070+109880FM-12+024399999V0200401N001010090019N0060001N1+01621+01591101801ADDAA106000891AY161061AY261061GF108991081081004501999999KA1999M+02731MD1410001+9999MW1601REMSYN086    AAXX  17181 59849 11456 80401 10162 20159 40180 54000 69981 76066 888// 333 10273;
0177598490999992000011800004+19070+109880FM-12+024399999V0200201N002010120019N0080001N1+01461+01431102061ADDAA106000591AY161061AY261061GF108991081081008001999999MD1210171+0401MW1601REMSYN092    AAXX  18001 59849 11558 80202 10146 20143 40206 52017 69951 76066 888// 333 00453 70013;
0176598490999992000011806004+19070+109880FM-12+024399999V0200701N002010090019N0010001N1+01371+01281101981ADDAA106000791AY161061GF108991081081004501999999KA1999N+01351MD1710251+9999MW1601REMSYN086    AAXX  18061 59849 11410 80702 10137 20128 40198 57025 69901 76060 888// 333 20135;
0161598490999992000011812004+19070+109880FM-12+024399999V0203601N002010090019N0060001N1+01211+01131102161ADDAA106000191AY161061AY261061GF108991081081004501999999MD1210191+9999MW1601REMSYN076    AAXX  18121 59849 11456 83602 10121 20113 40216 52019 69911 76066 888//;
0176598490999992000011818004+19070+109880FM-12+024399999V0203601N001010120019N0060001N1+01161+01101102301ADDAA106000191AY161061GF108991081081008001999999KA1999M+01631MD1710021+9999MW1601REMSYN086    AAXX  18181 59849 11556 83601 10116 20110 40230 57002 69921 76060 888// 333 10163;
0165598490999992000011821004+19070+109880FM-12+024399999V0203401N001010120019N0060001N1+01121+01061102201ADDAA124000591AY161031AY261031GF108991081081008001999999MD1710101+9999MW1601REMSYN080    AAXX  18211 59849 41556 83401 10112 20106 40220 57010 76066 888// 333 70006;
0177598490999992000011900004+19070+109880FM-12+024399999V0209999C000010120019N0090001N1+01121+01041102341ADDAA106000891AY161061AY261061GF108991081081008001999999MD1210131+0201MW1601REMSYN092    AAXX  19001 59849 11559 80000 10112 20104 40234 52013 69971 76066 888// 333 00253 70010;
0176598490999992000011906004+19070+109880FM-12+024399999V0200401N001010090019N0080001N1+01221+01131102231ADDAA106000591AY161061GF108991081081004501999999KA1999N+01111MD1710201+9999MW1601REMSYN086    AAXX  19061 59849 11458 80401 10122 20113 40223 57020 69941 76060 888// 333 20111;
0153598490999992000011912004+19070+109880FM-12+024399999V0200401N002010090019N0060001N1+01121+01041102301ADDAA106000591AY161061GF108991081081004501999999MD1210161+9999MW1601REMSYN076    AAXX  19121 59849 11456 80402 10112 20104 40230 52016 69941 76060 888//;
0172598490999992000011918004+19070+109880FM-12+024399999V0203401N001010120019N0100001N1+01151+00951102371ADDAA106000791AY161061GF108991081081008001999999KA1999M+01271MD1710031+9999MW1001REMSYN082AAXX  19181 59849 11560 83401 10115 20095 40237 57003 69901 70060 888// 333 10127;
0165598490999992000012000004+19070+109880FM-12+024399999V0209999C000010120019N0120001N1+01211+00981102381ADDAA106000791AY161061GF108991081081008001999999MD1210151+0001MW1001REMSYN088AAXX  20001 59849 11562 80000 10121 20098 40238 52015 69901 70060 888// 333 00001 70008;
0165598490999992000012006004+19070+109880FM-12+024399999V0209999C000010120019N0140001N1+01601+01221102131ADDAA199000091GF108991081081008001999999KA1999N+01101MD1710341+9999REMSYN070AAXX  20061 59849 32564 80000 10160 20122 40213 57034 888// 333 20110;EQDQ01  00002PRCP99
0165598490999992000012018004+19070+109880FM-12+024399999V0200401N001010120019N0140001N1+01551+01461102261ADDAA199000091GF108991081081008001999999KA1999M+01631MD1710041+9999REMSYN070AAXX  20181 59849 32564 80401 10155 20146 40226 57004 888// 333 10163;EQDQ01  00002PRCP99
0112598490999992000012021004+19070+109880FM-12+024399999V0200201N001010120019N0120001N1+01541+01491102251ADDGF108991081081008001999999MD1710011+9999REMSYN060AAXX  20211 59849 42562 80201 10154 20149 40225 57001 888//;
0152598490999992000012100004+19070+109880FM-12+024399999V0209999C000010120019N0100001N1+01511+01451102351ADDAA199000091GF108991081081008001999999MD1210141+0011REMSYN070AAXX  21001 59849 32560 80000 10151 20145 40235 52014 888// 333 00103;EQDQ01  00002PRCP99
0149598490999992000012112004+19070+109880FM-12+024399999V0209999C000010120019N0100001N1+01851+01751102081ADDAA106000191AY161061GF108991081081008001999999MD1210031+9999MW1601REMSYN072AAXX  21121 59849 11560 80000 10185 20175 40208 52003 69921 76060 888//;
0172598490999992000012118004+19070+109880FM-12+024399999V0200401N001010120019N0060001N1+01801+01751102121ADDAA106005191AY161061GF108991081081008001999999KA1999M+01971MD1710051+9999MW1611REMSYN082AAXX  21181 59849 11556 80401 10180 20175 40212 57005 60051 76160 888// 333 10197;
0161598490999992000012121004+19070+109880FM-12+024399999V0209999C000010120019N0060001N1+01791+01761101941ADDAA124006491AY161031AY261031GF108991081081008001999999MD1710171+9999MW1601REMSYN076AAXX  21211 59849 41556 80000 10179 20176 40194 57017 76066 888// 333 70063;
0173598490999992000012200004+19070+109880FM-12+024399999V0209999C000010120019N0200001N1+01801+01771102001ADDAA106003091AY161061AY261061GF108991081081008001999999MD1210051-0401MW1601REMSYN088AAXX  22001 59849 11570 80000 10180 20177 40200 52005 60031 76066 888// 333 05403 70078;
0180598490999992000012206004+19070+109880FM-12+024399999V0209999C000010120019N0280001N1+02121+01971101781ADDAA106005191AY161061AY261061GF107991071081008001999999KA1999N+01771MD1710311+9999MW1211REMSYN082AAXX  22061 59849 11578 70000 10212 20197 40178 57031 60051 72166 878// 333 20177;
0151598490999992000012212004+19070+109880FM-12+024399999V0209999C000010075019N0130001N1+99999+99999101751ADDAA106000591AY181061AY261061GF107991071011008001999999MD1210111+9999MW1001REMSYN066AAXX  22121 59849 11563 70000 20196 40175 52011 69951 70086 871//;
0172598490999992000012218004+19070+109880FM-12+024399999V0209999C000010120019N0100001N1+01921+01891101731ADDAA106002091AY161061GF108991081081008001999999KA1999M+02191MD1710091+9999MW1601REMSYN082AAXX  22181 59849 11560 80000 10192 20189 40173 57009 60021 76060 888// 333 10219;
0126598490999992000012221004+19070+109880FM-12+024399999V0200901N001019999999N0180001N1+01901+01851101621ADDAY161031GF107991999999008001999999MD1710111+9999MW1601REMSYN060AAXX  22211 59849 41568 70901 10190 20185 40162 57011 76060;
0165598490999992000012300004+19070+109880FM-12+024399999V0209999C000010090019N0080001N1+01891+01861101701ADDAA106000591AY161061GF108991081081004501999999MD1210081-0301MW1601REMSYN088AAXX  23001 59849 11458 80000 10189 20186 40170 52008 69961 76060 888// 333 05301 70076;
0172598490999992000012306004+19070+109880FM-12+024399999V0200901N001010075019N0300001N1+02381+01981101491ADDAA106000791AY161061GF107991071021008001999999KA1999N+01871MD1710251+9999MW1001REMSYN082AAXX  23061 59849 11580 70901 10238 20198 40149 57025 69901 70060 872// 333 20187;
0149598490999992000012312004+19070+109880FM-12+024399999V0209999C000010120019N0150001N1+02131+02021101581ADDAA106000791AY161061GF108991081081008001999999MD1210121+9999MW1211REMSYN072AAXX  23121 59849 11565 80000 10213 20202 40158 52012 69901 72160 888//;
0146598490999992000012318004+19070+109880FM-12+024399999V0209999C000010120019N0100001N1+02031+01981101571ADDAA199000021GF108991081081008001999999KA1999M+02401MD1710101+9999REMSYN070AAXX  23181 59849 32560 80000 10203 20198 40157 57010 888// 333 10240;
0145598490999992000012321004+19070+109880FM-12+024399999V0200901N001010120019N0080001N1+02001+01981101541ADDAA124000391GF108991081081008001999999MD1710031+9999MW1601REMSYN076AAXX  23211 59849 41558 80901 10200 20198 40154 57003 76000 888// 333 70002;
0165598490999992000012400004+19070+109880FM-12+024399999V0209999C000010090019N0020001N1+01981+01961101721ADDAA106000891AY161061GF108991081081004501999999MD1210171+0001MW1601REMSYN088AAXX  24001 59849 11420 80000 10198 20196 40172 52017 69981 76060 888// 333 00001 70008;
0180598490999992000012406004+19070+109880FM-12+024399999V0200801N001010120019N0150001N1+02161+02011101661ADDAA106004191AY161061AY261061GF108991081081008001999999KA1999N+01971MD1710211+9999MW1601REMSYN082AAXX  24061 59849 11565 80801 10216 20201 40166 57021 60041 76066 888// 333 20197;
0149598490999992000012412004+19070+109880FM-12+024399999V0209999C000010120019N0100001N1+02041+01961101811ADDAA106001091AY161061GF108991081081008001999999MD1210181+9999MW1601REMSYN072AAXX  24121 59849 11560 80000 10204 20196 40181 52018 60011 76060 888//;
0161598490999992000012421004+19070+109880FM-12+024399999V0203601N001010075019N0080001N1+01831+01801101891ADDAA124013791AY181031AY261031GF108991081021008001999999MD1410001+9999MW1801REMSYN076AAXX  24211 59849 41558 83601 10183 20180 40189 54000 78086 882// 333 70136;
0192598490999992000012500004+19070+109880FM-12+024399999V0200901N002010075019N0080001N1+01761+01691102101ADDAA106011991AY181061AY261061GF108991081021008001999999MD1010211+0401MW1801REMSYN088AAXX  25001 59849 11558 80902 10176 20169 40210 5020/ 60121 78086 882// 333 00452 70186;EQDQ01+002002APC3  
0180598490999992000012506004+19070+109880FM-12+024399999V0200901N002010120019N0090001N1+01511+01461102231ADDAA106005191AY181061AY261061GF108991081081008001999999KA1999N+01501MD1710151+9999MW1601REMSYN082AAXX  25061 59849 11559 80902 10151 20146 40223 57015 60051 76086 888// 333 20150;
0157598490999992000012512004+19070+109880FM-12+024399999V0200901N001010120019N0060001N1+01331+01261102381ADDAA106002091AY161061AY261061GF108991081081008001999999MD1210161+9999MW1601REMSYN072AAXX  25121 59849 11556 80901 10133 20126 40238 52016 60021 76066 888//;
0180598490999992000012518004+19070+109880FM-12+024399999V0200201N002010120019N0070001N1+01281+01221102511ADDAA106002091AY161061AY261061GF108991081081008001999999KA1999M+01921MD1210031+9999MW1611REMSYN082AAXX  25181 59849 11557 80202 10128 20122 40251 52003 60021 76166 888// 333 10192;
0173598490999992000012600004+19070+109880FM-12+024399999V0200901N001010120019N0060001N1+01171+01091102701ADDAA106003091AY161061AY261061GF108991081081008001999999MD1210241+0501MW1611REMSYN088AAXX  26001 59849 11556 80901 10117 20109 40270 52024 60031 76166 888// 333 00556 70118;
0180598490999992000012606004+19070+109880FM-12+024399999V0203601N003010120019N0100001N1+01231+01141102581ADDAA106000591AY161061AY261061GF108991081081008001999999KA1999N+01151MD1710261+9999MW1601REMSYN082AAXX  26061 59849 11560 83603 10123 20114 40258 57026 69961 76066 888// 333 20115;
0109598490999992000012612004+19070+109880FM-12+024399999V0203201N001010060019N0060001N1+00991+00911999999ADDAA106000191GF108991081081000751999999REMSYN060AAXX  26121 59849 //156 83201 10099 20091 69911 76066 888//;
0172598490999992000012618004+19070+109880FM-12+024399999V0202701N001010120019N0100001N1+01111+00851102711ADDAA106000191AY161061GF108991081081008001999999KA1999M+01261MD1710111+9999MW1001REMSYN082AAXX  26181 59849 11560 82701 10111 20085 40271 57011 69921 70060 888// 333 10126;
0133598490999992000012621004+19070+109880FM-12+024399999V0200401N002010120019N0120001N1+01051+00801102681ADDAA124001891GF108991081081008001999999MD1710041+9999REMSYN070AAXX  26211 59849 42562 80402 10105 20080 40268 57004 888// 333 70018;
0133598490999992000012700004+19070+109880FM-12+024399999V0200901N002010120019N0120001N1+01021+00771102891ADDAA124001091GF108991081081008001999999MD1999999+0201REMSYN070AAXX  27001 59849 32562 80902 10102 20077 40289 888// 333 00252 70009;
0165598490999992000012706004+19070+109880FM-12+024399999V0203201N001010120019N0150001N1+01111+00781102631ADDAA199000091GF108991081081008001999999KA1999N+00991MD1710271+9999REMSYN070AAXX  27061 59849 32565 83201 10111 20078 40263 57027 888// 333 20099;EQDQ01  00002PRCP99
0149598490999992000012712004+19070+109880FM-12+024399999V0202701N001010120019N0100001N1+01051+00781102651ADDAA106000791AY161061GF108991081081008001999999MD1210121+9999MW1001REMSYN072AAXX  27121 59849 11560 82701 10105 20078 40265 52012 69901 70060 888//;
0152598490999992000012718004+19070+109880FM-12+024399999V0202701N001010120019N0070001N1+01031+00931102631ADDAA106000191GF108991081081008001999999KA1999M+01121MD1710071+9999REMSYN076AAXX  27181 59849 11557 82701 10103 20093 40263 57007 69911 888// 333 10112;
0132598490999992000012721004+19070+109880FM-12+024399999V0202501N001010120019N0100001N1+01091+01011102541ADDAY161031GF108991081081008001999999MD1710091+9999MW1001REMSYN066AAXX  27211 59849 41560 82501 10109 20101 40254 57009 70060 888//;
0165598490999992000012800004+19070+109880FM-12+024399999V0202501N001010120019N0120001N1+01111+00911102701ADDAA106000191AY161061GF108991081081008001999999MD1210161-0201MW1001REMSYN088AAXX  28001 59849 11562 82501 10111 20091 40270 52016 69911 70060 888// 333 05201 70002;
0165598490999992000012806004+19070+109880FM-12+024399999V0200901N002010120019N0200001N1+01541+01231102391ADDAA199000091GF108991081081008001999999KA1999N+00991MD1710351+9999REMSYN070AAXX  28061 59849 32570 80902 10154 20123 40239 57035 888// 333 20099;EQDQ01  00002PRCP99
0142598490999992000012812004+19070+109880FM-12+024399999V0209999C000010120019N0120001N1+01541+01271102401ADDAA199000091GF108991081081008001999999MD1210191+9999REMSYN060AAXX  28121 59849 32562 80000 10154 20127 40240 52019 888//;EQDQ01  00002PRCP99
0165598490999992000012818004+19070+109880FM-12+024399999V0209999C000010120019N0110001N1+01421+01291102331ADDAA199000091GF108991081081008001999999KA1999M+01721MD1710071+9999REMSYN070AAXX  28181 59849 32561 80000 10142 20129 40233 57007 888// 333 10172;EQDQ01  00002PRCP99
0133598490999992000012821004+19070+109880FM-12+024399999V0209999C000010120019N0100001N1+01441+01331102301ADDAA124000791GF108991081081008001999999MD1710021+9999REMSYN070AAXX  28211 59849 42560 80000 10144 20133 40230 57002 888// 333 79999;
0165598490999992000012900004+19070+109880FM-12+024399999V0200401N002010120019N0080001N1+01441+01391102511ADDAA106000791AY161061GF108991081081008001999999MD1210201-0101MW1601REMSYN088AAXX  29001 59849 11558 80402 10144 20139 40251 52020 69901 76060 888// 333 05103 79999;
0172598490999992000012906004+19070+109880FM-12+024399999V0209999C000010120019N0150001N1+01461+01221102491ADDAA106000791AY161061GF108991081081008001999999KA1999N+01401MD1710211+9999MW1601REMSYN082AAXX  29061 59849 11565 80000 10146 20122 40249 57021 69901 76060 888// 333 20140;
0157598490999992000012912004+19070+109880FM-12+024399999V0203201N001010120019N0070001N1+01421+01371102581ADDAA106002091AY161061AY261061GF108991081081008001999999MD1210161+9999MW1611REMSYN072AAXX  29121 59849 11557 83201 10142 20137 40258 52016 60021 76166 888//;
0172598490999992000012918004+19070+109880FM-12+024399999V0202201N002010120019N0100001N1+01421+01311102631ADDAA106000591AY161061GF108991081081008001999999KA1999M+01551MD1710081+9999MW1001REMSYN082AAXX  29181 59849 11560 82202 10142 20131 40263 57008 69961 70060 888// 333 10155;
0138598490999992000012921004+19070+109880FM-12+024399999V0203601N002010120019N0090001N1+99999+99999102561ADDAY161031AY261031GF108991081081008001999999MD1710071+9999MW1601REMSYN064AAXX  29211 59849 41559 83602 2/126 40256 57007 76066 888// 333;
0165598490999992000013000004+19070+109880FM-12+024399999V0209999C000010120019N0140001N1+01291+01041102781ADDAA106000191AY161061GF108991081081008001999999MD1210201+0201MW1001REMSYN088AAXX  30001 59849 11564 80000 10129 20104 40278 52020 69921 70060 888// 333 00252 70026;
0172598490999992000013006004+19070+109880FM-12+024399999V0202701N001010120019N0150001N1+01341+01131102661ADDAA106000791AY161061GF108991081081008001999999KA1999N+01271MD1710221+9999MW1601REMSYN082AAXX  30061 59849 11565 82701 10134 20113 40266 57022 69901 76060 888// 333 20127;
0157598490999992000013012004+19070+109880FM-12+024399999V0209999C000010120019N0070001N1+01331+01181102741ADDAA106000191AY161061AY261061GF108991081081008001999999MD1210181+9999MW1601REMSYN072AAXX  30121 59849 11557 80000 10133 20118 40274 52018 69911 76066 888//;
0180598490999992000013018004+19070+109880FM-12+024399999V0202701N001010120019N0100001N1+01391+01181102761ADDAA106000191AY161061AY261061GF108991081081008001999999KA1999M+01461MD1710081+9999MW1601REMSYN082AAXX  30181 59849 11560 82701 10139 20118 40276 57008 69911 76066 888// 333 10146;
0133598490999992000013021004+19070+109880FM-12+024399999V0209999C000010120019N0100001N1+01341+01211102611ADDAA124000391GF108991081081008001999999MD1710141+9999REMSYN070AAXX  30211 59849 42560 80000 10134 20121 40261 57014 888// 333 70002;
0139598490999992000013100004+19070+109880FM-12+024399999V0200401N001010120019N0110001N1+01331+01061102741ADDAA124000391GF108991081081008001999999MD1210121+0001REMSYN076AAXX  31001 59849 32561 80401 10133 20106 40274 52012 888// 333 00000 70002;
0172598490999992000013106004+19070+109880FM-12+024399999V0200701N001010120019N0100001N1+01151+01011102691ADDAA106000191AY161061GF108991081081008001999999KA1999N+01141MD1710181+9999MW1601REMSYN082AAXX  31061 59849 11560 80701 10115 20101 40269 57018 69921 76060 888// 333 20114;
0149598490999992000013112004+19070+109880FM-12+024399999V0203601N002010120019N0100001N1+01081+00961102791ADDAA106000791AY161061GF108991081081008001999999MD1210151+9999MW1001REMSYN072AAXX  31121 59849 11560 83602 10108 20096 40279 52015 69901 70060 888//;
0146598490999992000013118004+19070+109880FM-12+024399999V0203201N002010120019N0100001N1+01081+00881102801ADDAA199000021GF108991081081008001999999KA1999M+01371MD1710071+9999REMSYN070AAXX  31181 59849 32560 83202 10108 20088 40280 57007 888// 333 10137;
0133598490999992000013121004+19070+109880FM-12+024399999V0203601N001010120019N0100001N1+01031+00781102641ADDAA124000391GF108991081081008001999999MD1710161+9999REMSYN070AAXX  31211 59849 42560 83601 10103 20078 40264 57016 888// 333 70002;
0157598490999992000020100004+19070+109880FM-12+024399999V0209999C000010090019N0050001N1+00891+00811102861ADDAA106000791GF108991081081004501999999MD1210201+0101MW1601REMSYN088AAXX  01001 59849 11450 80000 10089 20081 40286 52020 69901 76000 888// 333 00154 70002;
0172598490999992000020106004+19070+109880FM-12+024399999V0209999C000010120019N0110001N1+01101+00861102501ADDAA106000791AY161061GF108991081081008001999999KA1999N+00861MD1710351+9999MW1001REMSYN082AAXX  01061 59849 11561 80000 10110 20086 40250 57035 69901 70060 888// 333 20086;
0172598490999992000020118004+19070+109880FM-12+024399999V0203401N001010090019N0100001N1+01091+00971102501ADDAA106000191AY161061GF108991081081004501999999KA1999M+01221MD1710111+9999MW1001REMSYN082AAXX  01181 59849 11460 83401 10109 20097 40250 57011 69911 70060 888// 333 10122;
0133598490999992000020121004+19070+109880FM-12+024399999V0209999C000010120019N0100001N1+01071+00971102411ADDAA124000191GF108991081081008001999999MD1710091+9999REMSYN070AAXX  01211 59849 42560 80000 10107 20097 40241 57009 888// 333 70001;
0139598490999992000020200004+19070+109880FM-12+024399999V0209999C000010120019N0180001N1+01071+00971102511ADDAA124000191GF107991071081008001999999MD1210101-0301REMSYN076AAXX  02001 59849 32568 70000 10107 20097 40251 52010 878// 333 05302 70001;
0165598490999992000020206004+19070+109880FM-12+024399999V0201401N002010120019N0300001N1+02021+01191102161ADDAA199000091GF107991071081008001999999KA1999N+01031MD1710361+9999REMSYN070AAXX  02061 59849 32580 71402 10202 20119 40216 57036 878// 333 20103;EQDQ01  00002PRCP99
0112598490999992000020221004+19070+109880FM-12+024399999V0209999C000010120019N0120001N1+01401+01291102001ADDGF108991081081008001999999MD1710121+9999REMSYN060AAXX  02211 59849 42562 80000 10140 20129 40200 57012 888//;
0152598490999992000020300004+19070+109880FM-12+024399999V0209999C000010120019N0250001N1+01461+01351102141ADDAA199000091GF107991071081008001999999MD1210131+0031REMSYN070AAXX  03001 59849 32575 70000 10146 20135 40214 52013 878// 333 05304;EQDQ01  00002PRCP99
0172598490999992000020306004+19070+109880FM-12+024399999V0200901N003010075019N0300001N1+02141+01531101901ADDAA106000791AY161061GF106991061011008001001001KA1999N+01261MD1710331+9999MW1001REMSYN082AAXX  03061 59849 11580 60903 10214 20153 40190 57033 69901 70060 86100 333 20126;
0133598490999992000020321004+19070+109880FM-12+024399999V0200901N001010120019N0130001N1+01631+01511101731ADDAA124000791GF106991061081008001001001MD1710151+9999REMSYN070AAXX  03211 59849 42563 60901 10163 20151 40173 57015 86800 333 79999;
0157598490999992000020400004+19070+109880FM-12+024399999V0209999C000010120019N0120001N1+01641+01571101891ADDAA106000791GF108991081081008001999999MD1210151-0201MW1601REMSYN088AAXX  04001 59849 11562 80000 10164 20157 40189 52015 69901 76000 888// 333 05202 79999;
0172598490999992000020406004+19070+109880FM-12+024399999V0203601N001010120019N0200001N1+02081+01831101601ADDAA106000591AY161061GF108991081081008001999999KA1999N+01571MD1710351+9999MW1001REMSYN082AAXX  04061 59849 11570 83601 10208 20183 40160 57035 69951 70060 888// 333 20157;
0172598490999992000020418004+19070+109880FM-12+024399999V0209999C000010120019N0070001N1+01871+01821101711ADDAA106000191AY161061GF108991081081008001999999KA1999M+02111MD1210111+9999MW1611REMSYN082AAXX  04181 59849 11557 80000 10187 20182 40171 52011 69921 76160 888// 333 10211;
0161598490999992000020421004+19070+109880FM-12+024399999V0203601N001010090019N0060001N1+01861+01811101641ADDAA124009491AY161031AY261031GF108991081081004501999999MD1710081+9999MW1611REMSYN076AAXX  04211 59849 41456 83601 10186 20181 40164 57008 76166 888// 333 70095;
0173598490999992000020500004+19070+109880FM-12+024399999V0200401N001010120019N0080001N1+01861+01801101841ADDAA106007991AY161061AY261061GF108991081081008001999999MD1210191+0001MW1601REMSYN088AAXX  05001 59849 11558 80401 10186 20180 40184 52019 60081 76066 888// 333 00002 70098;
0172598490999992000020506004+19070+109880FM-12+024399999V0200701N002010075019N0250001N1+02331+01691101611ADDAA106000191AY161061GF106991061011008001001001KA1999N+01851MD1710321+9999MW1001REMSYN082AAXX  05061 59849 11575 60702 10233 20169 40161 57032 69911 70060 86100 333 20185;
0165598490999992000020518004+19070+109880FM-12+024399999V0203201N001010120019N0110001N1+01621+01541101791ADDAA199000091GF108991081081008001999999KA1999M+02461MD1710021+9999REMSYN070AAXX  05181 59849 32561 83201 10162 20154 40179 57002 888// 333 10246;EQDQ01  00002PRCP99
0139598490999992000020600004+19070+109880FM-12+024399999V0200901N002010120019N0100001N1+01461+01431101871ADDAA124000591GF108991081081008001999999MD1210111+0001REMSYN076AAXX  06001 59849 32560 80902 10146 20143 40187 52011 888// 333 00054 70004;
0165598490999992000020606004+19070+109880FM-12+024399999V0200701N001010120019N0280001N1+01791+01391101671ADDAA199000091GF107991071081008001999999KA1999N+01451MD1710261+9999REMSYN070AAXX  06061 59849 32578 70701 10179 20139 40167 57026 878// 333 20145;EQDQ01  00002PRCP99
0142598490999992000020612004+19070+109880FM-12+024399999V0201401N001012200019N0160001N1+01581+01421101611ADDAA199000091GF103991031011008001001001MD1210081+9999REMSYN060AAXX  06121 59849 32566 31401 10158 20142 40161 52008 83100;EQDQ01  00002PRCP99
0165598490999992000020618004+19070+109880FM-12+024399999V0201101N002010120019N0120001N1+01331+01281101761ADDAA199000091GF108991081081008001999999KA1999M+01991MD1710041+9999REMSYN070AAXX  06181 59849 32562 81102 10133 20128 40176 57004 888// 333 10199;EQDQ01  00002PRCP99
0132598490999992000020621004+19070+109880FM-12+024399999V0209999C000010120019N0005001N1+01261+01221101611ADDAY141031GF108991081081008001999999MD1710151+9999MW1461REMSYN066AAXX  06211 59849 41505 80000 10126 20122 40161 57015 74640 888//;
0172598490999992000020700004+19070+109880FM-12+024399999V0201801N001010120019N0004001N1+01191+01171101801ADDAA199000091AY141061GF108991081081008001999999MD1210171+0011MW1461REMSYN076AAXX  07001 59849 31504 81801 10119 20117 40180 52017 74640 888// 333 05153;EQDQ01  00002PRCP99
0185598490999992000020706004+19070+109880FM-12+024399999V0200701N002010075019N0300001N1+02101+01251101561ADDAA199000091AY141061GF106991061011008001001001KA1999N+01171MD1710341+9999MW1001REMSYN076AAXX  07061 59849 31580 60702 10210 20125 40156 57034 70040 86100 333 20117;EQDQ01  00002PRCP99
0165598490999992000020718004+19070+109880FM-12+024399999V0200701N001010120019N0100001N1+01471+01311101791ADDAA199000091GF108991081081008001999999KA1999M+02231MD1710021+9999REMSYN070AAXX  07181 59849 32560 80701 10147 20131 40179 57002 888// 333 10223;EQDQ01  00002PRCP99
0112598490999992000020721004+19070+109880FM-12+024399999V0209999C000010075019N0120001N1+01371+01281101731ADDGF107991071011008001001001MD1710071+9999REMSYN060AAXX  07211 59849 42562 70000 10137 20128 40173 57007 87100;
0151598490999992000020806004+19070+109880FM-12+024399999V0200901N003019999999N0300001N1+02091+01231101601ADDAA199000091GF107991999999008001999999MD1710341+9999REMSYN069AAXX  08061 59849 32580 70903 10209 20123 40160 57034 8700 333 20118;EQDQ01  00002PRCP99
0142598490999992000020812004+19070+109880FM-12+024399999V0200901N002010120019N0180001N1+01751+01331101721ADDAA199000091GF108991081081008001999999MD1210231+9999REMSYN060AAXX  08121 59849 32568 80902 10175 20133 40172 52023 888//;EQDQ01  00002PRCP99
0165598490999992000020818004+19070+109880FM-12+024399999V0209999C000010120019N0130001N1+01591+01361101781ADDAA199000091GF108991081081008001999999KA1999M+02161MD1710071+9999REMSYN070AAXX  08181 59849 32563 80000 10159 20136 40178 57007 888// 333 10216;EQDQ01  00002PRCP99
0112598490999992000020821004+19070+109880FM-12+024399999V0200401N001010120019N0110001N1+01521+01361101671ADDGF108991081081008001999999MD1710111+9999REMSYN060AAXX  08211 59849 42561 80401 10152 20136 40167 57011 888//;
0152598490999992000020900004+19070+109880FM-12+024399999V0202701N002010120019N0200001N1+01371+01281101801ADDAA199000091GF107991071081008001999999MD1210101+0011REMSYN070AAXX  09001 59849 32570 72702 10137 20128 40180 52010 878// 333 05102;EQDQ01  00002PRCP99
0135598490999992000020912004+19070+109880FM-12+024399999V0201401N002019999999N9999999N1+01841+01561101561ADDAA106000591GF107991071081999999999999MD1210131+9999REMSYN072AAXX  09121 59849 1//// 71402 10184 20156 40156 52013 69941 70060 878//;
0139598490999992000021000004+19070+109880FM-12+024399999V0202201N002012200019N0270001N1+01411+01301101661ADDAA124000591GF103991011011008001001021MD1210121-0101REMSYN076AAXX  10001 59849 32577 32202 10141 20130 40166 52012 81102 333 05100 70004;
0165598490999992000021006004+19070+109880FM-12+024399999V0202201N001010075019N0300001N1+02501+01481101261ADDAA199000091GF105991051011008001001001KA1999N+01351MD1710361+9999REMSYN070AAXX  10061 59849 32580 52201 10250 20148 40126 57036 85100 333 20135;EQDQ01  00002PRCP99
0142598490999992000021018004+19070+109880FM-12+024399999V0209999C000010120019N0150001N1+01731+01601101421ADDAA199000091GF108991081081008001999999MD1710041+9999REMSYN060AAXX  10181 59849 32565 80000 10173 20160 40142 57004 888//;EQDQ01  00002PRCP99
0112598490999992000021020004+19070+109880FM-12+024399999V0200901N001012200019N0150001N1+01631+01581101361ADDGF102991021011008001001001MD1710061+9999REMSYN060AAXX  10201 59849 42565 20901 10163 20158 40136 57006 82100;
0152598490999992000021100004+19070+109880FM-12+024399999V0209999C000010075019N0250001N1+01631+01561101571ADDAA199000091GF107991071011008001001001MD1210181+0011REMSYN070AAXX  11001 59849 32575 70000 10163 20156 40157 52018 87100 333 05102;EQDQ01  00002PRCP99
0165598490999992000021106004+19070+109880FM-12+024399999V0201401N003010075019N0300001N1+02471+01641101251ADDAA199000091GF107991061011008001001021KA1999N+01571MD1710301+9999REMSYN070AAXX  11061 59849 32580 71403 10247 20164 40125 57030 86102 333 20157;EQDQ01  00002PRCP99
0142598490999992000021112004+19070+109880FM-12+024399999V0201401N002010075019N0200001N1+02141+01601101361ADDAA199000091GF106991061011008001001001MD1210201+9999REMSYN060AAXX  11121 59849 32570 61402 10214 20160 40136 52020 86100;EQDQ01  00002PRCP99
0165598490999992000021118004+19070+109880FM-12+024399999V0209999C000010075019N0150001N1+01771+01651101381ADDAA199000091GF105991051011008001001001KA1999M+02641MD1710071+9999REMSYN070AAXX  11181 59849 32565 50000 10177 20165 40138 57007 85100 333 10264;EQDQ01  00002PRCP99
0152598490999992000021200004+19070+109880FM-12+024399999V0209999C000010120019N0250001N1+01701+01631101491ADDAA199000091GF107991071081008001999999MD1210171+0011REMSYN070AAXX  12001 59849 32575 70000 10170 20163 40149 52017 878// 333 05101;EQDQ01  00002PRCP99
0165598490999992000021206004+19070+109880FM-12+024399999V0200901N003010075019N0300001N1+02491+01661101251ADDAA199000091GF105991051011008001001001KA1999N+01631MD1710311+9999REMSYN070AAXX  12061 59849 32580 50903 10249 20166 40125 57031 85100 333 20163;EQDQ01  00002PRCP99
0142598490999992000021212004+19070+109880FM-12+024399999V0201401N005012200019N0200001N1+02161+01751101181ADDAA199000091GF104991041011008001001001MD1210141+9999REMSYN060AAXX  12121 59849 32570 41405 10216 20175 40118 52014 84100;EQDQ01  00002PRCP99
0165598490999992000021218004+19070+109880FM-12+024399999V0209999C000010075019N0180001N1+01871+01721101231ADDAA199000091GF106991061011008001001001KA1999M+02651MD1710061+9999REMSYN070AAXX  12181 59849 32568 60000 10187 20172 40123 57006 86100 333 10265;EQDQ01  00002PRCP99
0122598490999992000021221004+19070+109880FM-12+024399999V0202501N002012200019N0180001N1+01621+01541101141ADDGA1001+999999999GF100991001001999999001001MD1710091+9999REMSYN054AAXX  12211 59849 42968 02502 10162 20154 40114 57009;
0152598490999992000021300004+19070+109880FM-12+024399999V0202201N001012200019N0300001N1+01521+01471101311ADDAA199000091GF101991011011008001001001MD1210141+0021REMSYN070AAXX  13001 59849 32580 12201 10152 20147 40131 52014 81100 333 05252;EQDQ01  00002PRCP99
0165598490999992000021306004+19070+109880FM-12+024399999V0201401N003012200019N0300001N1+02711+01831101011ADDAA199000091GF101991011011008001001001KA1999N+01441MD1710341+9999REMSYN070AAXX  13061 59849 32580 11403 10271 20183 40101 57034 81100 333 20144;EQDQ01  00002PRCP99
0134598490999992000021311004+19070+109880FM-12+024399999V0200901N001010075019N0160001N1+01901+99999999999ADDAA199000091GF107991071011008001001001MD1710021+9999REMSYN052AAXX  13111 59849 32566 70901 1019/ 57002 87100 333;EQDQ01  00002PRCP99
0142598490999992000021312004+19070+109880FM-12+024399999V0201401N001012200019N0200001N1+02201+01821101071ADDAA199000091GF101991011011008001001001MD1210181+9999REMSYN060AAXX  13121 59849 32570 11401 10220 20182 40107 52018 81100;EQDQ01  00002PRCP99
0159598490999992000021318004+19070+109880FM-12+024399999V0200901N001010075019N9999999N1+01941+01801999999ADDAA199000091GF107991071011008001011011KA1999M+02821MD1710021+9999REMSYN064AAXX  13181 59849 325/6 70901 10194 2018/ 57002 87111 333 10282;EQDQ01  00002PRCP99
0112598490999992000021321004+19070+109880FM-12+024399999V0202201N001012200019N0120001N1+01921+01781101121ADDGF104991041011999999001001MD1710041+9999REMSYN060AAXX  13211 59849 42962 42201 10192 20178 40112 57004 84100;
0152598490999992000021400004+19070+109880FM-12+024399999V0202201N002010075019N0300001N1+01821+01671101471ADDAA199000091GF107991071011008001999999MD1210311+0021REMSYN070AAXX  14001 59849 32580 72202 10182 20167 40147 52031 871// 333 00203;EQDQ01  00002PRCP99
0165598490999992000021406004+19070+109880FM-12+024399999V0201101N002012200019N0300001N1+02701+01731101301ADDAA199000091GF102991021011008001001001KA1999N+01731MD1710251+9999REMSYN070AAXX  14061 59849 32580 21102 10270 20173 40130 57025 82100 333 20173;EQDQ01  00002PRCP99
0142598490999992000021412004+19070+109880FM-12+024399999V0209999C000010120019N0230001N1+02361+01911101381ADDAA199000091GF106991061081008001001001MD1210181+9999REMSYN060AAXX  14121 59849 32573 60000 10236 20191 40138 52018 86800;EQDQ01  00002PRCP99
0112598490999992000021421004+19070+109880FM-12+024399999V0203401N001010075019N0120001N1+01981+01871101491ADDGF107991071011008001999999MD1710011+9999REMSYN060AAXX  14211 59849 42562 73401 10198 20187 40149 57001 871//;
0165598490999992000021500004+19070+109880FM-12+024399999V0209999C000010120019N0100001N1+01941+01881101741ADDAA106005191AY161061GF108991081081008001999999MD1210221+0301MW1601REMSYN088AAXX  15001 59849 11560 80000 10194 20188 40174 52022 60051 76060 888// 333 00301 70048;
0172598490999992000021506004+19070+109880FM-12+024399999V0201601N002010120019N0300001N1+02311+01751101641ADDAA106001091AY161061GF107991071081008001999999KA1999N+01921MD1710261+9999MW1001REMSYN082AAXX  15061 59849 11580 71602 10231 20175 40164 57026 60011 70060 878// 333 20192;
0146598490999992000021518004+19070+109880FM-12+024399999V0202401N001010120019N0120001N1+99999+99999101691ADDAA199000091GF108991081081008001999999MD1710061+0021REMSYN064AAXX  15181 59849 32562 82401 20170 40169 57006 888// 333 00239;EQDQ01  00002PRCP99
0133598490999992000021521004+19070+109880FM-12+024399999V0200401N001010120019N0120001N1+01871+01741101581ADDAA124005891GF108991081081008001999999MD1710111+9999REMSYN070AAXX  15211 59849 42562 80401 10187 20174 40158 57011 888// 333 70059;
0139598490999992000021600004+19070+109880FM-12+024399999V0209999C000010120019N0250001N1+01871+01741101741ADDAA124001091GF107991071081008001999999MD1210151+0001REMSYN076AAXX  16001 59849 32575 70000 10187 20174 40174 52015 878// 333 00051 70011;
0165598490999992000021606004+19070+109880FM-12+024399999V0201801N004012200019N0300001N1+02491+01511101461ADDAA199000091GF102991021011008001001001KA1999N+01851MD1710301+9999REMSYN070AAXX  16061 59849 32580 21804 10249 20151 40146 57030 82100 333 20185;EQDQ01  00002PRCP99
0135598490999992000021612004+19070+109880FM-12+024399999V0201601N003010120019N0120001N1+99999+99999101501ADDAA106000791GF108991081081008001999999MD1210151+9999MW1601REMSYN066AAXX  16121 59849 11562 81603 20172 40150 52015 69901 76000 888//;
0152598490999992000021618004+19070+109880FM-12+024399999V0209999C000010120019N0120001N1+01971+01811101551ADDAA106000791AY161061GF108991081081008001999999KA1999M+02551MW1001REMSYN076AAXX  16181 59849 11562 80000 10197 20181 40155 69901 70060 888// 333 10255;
0133598490999992000021621004+19070+109880FM-12+024399999V0209999C000010120019N0150001N1+01921+01821101511ADDAA124000791GF108991081081008001999999MD1710051+9999REMSYN070AAXX  16211 59849 42565 80000 10192 20182 40151 57005 888// 333 79999;
0172598490999992000021706004+19070+109880FM-12+024399999V0201801N002010120019N0200001N1+02251+01841101481ADDAA106000191AY161061GF108991081081008001999999KA1999N+01901MD1710311+9999MW1001REMSYN082AAXX  17061 59849 11570 81802 10225 20184 40148 57031 69911 70060 888// 333 20190;
0165598490999992000021718004+19070+109880FM-12+024399999V0200901N001010120019N0160001N1+01881+01781101431ADDAA199000091GF107991071081008001999999KA1999M+02261MD1710081+9999REMSYN070AAXX  17181 59849 32566 70901 10188 20178 40143 57008 878// 333 10226;EQDQ01  00002PRCP99
0133598490999992000021721004+19070+109880FM-12+024399999V0209999C000010120019N0150001N1+01901+01821101361ADDAA124000391GF108991081081008001999999MD1710071+9999REMSYN070AAXX  17211 59849 42565 80000 10190 20182 40136 57007 888// 333 70002;
0139598490999992000021800004+19070+109880FM-12+024399999V0200901N001010075019N0180001N1+01971+01841101481ADDAA124000391GF107991071011008001999999MD1210121-0201REMSYN076AAXX  18001 59849 32568 70901 10197 20184 40148 52012 871// 333 05201 70002;
0116598490999992000021801004+19070+109880FM-12+024399999V02099999999999999999N0180001N1+01971+01841101481ADDAA199000091MD1210121+9999REMSYN060AAXX  18011 59849 32568 ///21 10197 20184 40148 52012 871//;EQDQ01  00002PRCP99
0165598490999992000021806004+19070+109880FM-12+024399999V0201401N004010075019N0300001N1+02651+01971101211ADDAA199000091GF106991061011008001001001KA1999N+01841MD1710311+9999REMSYN070AAXX  18061 59849 32580 61404 10265 20197 40121 57031 86100 333 20184;EQDQ01  00002PRCP99
0142598490999992000021812004+19070+109880FM-12+024399999V0201801N004010120019N0250001N1+02491+01911101131ADDAA199000091GF106991061081008001001001MD1210101+9999REMSYN060AAXX  18121 59849 32575 61804 10249 20191 40113 52010 86800;EQDQ01  00002PRCP99
0170598490999992000021818004+19070+109880FM-12+024399999V0202201N001012200019N0220001N1+01951+01861101141ADDAA199000091GA1001+999999999GF100991001001999999001001REMSYN054AAXX  18181 59849 32972 02201 10195 20186 40114 5700/;EQDQ01+000072APCTENQ02+000002APC3  Q03  00002PRCP99
0112598490999992000021821004+19070+109880FM-12+024399999V0209999C000012200019N0200001N1+01881+01831101041ADDGF101991011011008001001001MD1710101+9999REMSYN060AAXX  18211 59849 42570 10000 10188 20183 40104 57010 81100;
0152598490999992000021900004+19070+109880FM-12+024399999V0202201N001012200019N0300001N1+01951+01861101171ADDAA199000091GF103991011011008001041001MD1210121+0031REMSYN070AAXX  19001 59849 32580 32201 10195 20186 40117 52012 81140 333 05300;EQDQ01  00002PRCP99
0165598490999992000021906004+19070+109880FM-12+024399999V0201801N003012200019N0300001N1+03151+02061100851ADDAA199000091GF102991011011008001041001KA1999N+01831MD1710341+9999REMSYN070AAXX  19061 59849 32580 21803 10315 20206 40085 57034 81140 333 20183;EQDQ01  00002PRCP99
0181598490999992000021918004+19070+109880FM-12+024399999V0209999C000012200019N0180001N1+02141+02031100951ADDAA199000091GF102991021011008001001001KA1999M+03181MD1711062+9999REMSYN070AAXX  19181 59849 32568 20000 10214 20203 40095 57106 82100 333 10318;EQDQ01+001062APC3  Q02  00002PRCP99
0112598490999992000021921004+19070+109880FM-12+024399999V0202201N001012200019N0200001N1+02071+99999100871ADDGF102991021011008001001999MD1710081+9999REMSYN060AAXX  19211 59849 45570 22201 10207 2/195 40087 57008 8210/;
0152598490999992000022000004+19070+109880FM-12+024399999V0209999C000012200019N0300001N1+02051+01941101041ADDAA199000091GF104991011011008001041021MD1210141+0011REMSYN070AAXX  20001 59849 32580 40000 10205 20194 40104 52014 81142 333 05101;EQDQ01  00002PRCP99
0140598490999992000022006004+19070+109880FM-12+024399999V02099999999992200019N0300001N1+99999+99999100811ADDAA199000091GF104991041011008001001001MD1710251+9999REMSYN058AAXX  20061 59849 32580 4//// 20220 40081 57025 84100 333;EQDQ01  00002PRCP99
0165598490999992000022018004+19070+109880FM-12+024399999V0200701N001010075019N0150001N1+02381+02221100981ADDAA199000091GF107991071011008001999999KA1999M+03231MD1710031+9999REMSYN070AAXX  20181 59849 32565 70701 10238 20222 40098 57003 871// 333 10323;EQDQ01  00002PRCP99
0112598490999992000022021004+19070+109880FM-12+024399999V0202201N002012200019N0150001N1+02251+02111100951ADDGF101991011011008001001001MD1710031+9999REMSYN060AAXX  20211 59849 42565 12202 10225 20211 40095 57003 81100;
0152598490999992000022100004+19070+109880FM-12+024399999V0202201N001012200019N0300001N1+02221+02081101161ADDAA199000091GF104991041011008001001001MD1210181+0011REMSYN070AAXX  21001 59849 32580 42201 10222 20208 40116 52018 84100 333 00102;EQDQ01  00002PRCP99
0165598490999992000022106004+19070+109880FM-12+024399999V0201801N004010450019N0300001N1+02831+02011101031ADDAA199000091GF107991021011008001041021KA1999N+02141MD1710251+9999REMSYN070AAXX  21061 59849 32580 71804 10283 20201 40103 57025 82142 333 20214;EQDQ01  00002PRCP99
0112598490999992000022121004+19070+109880FM-12+024399999V0202201N001010450019N0180001N1+02141+02021100991ADDGF107991021011008001041999MD1710101+9999REMSYN060AAXX  21211 59849 42568 72201 10214 20202 40099 57010 8214/;
0152598490999992000022200004+19070+109880FM-12+024399999V0202201N001010450019N0300001N1+02161+02051101161ADDAA199000091GF107991011011008001041999MD1210151+0001REMSYN070AAXX  22001 59849 32580 72201 10216 20205 40116 52015 8114/ 333 00051;EQDQ01  00002PRCP99
0165598490999992000022206004+19070+109880FM-12+024399999V0209999C000010075019N0300001N1+02831+02231101031ADDAA199000091GF107991071011008001041999KA1999N+02111MD1710271+9999REMSYN070AAXX  22061 59849 32580 70000 10283 20223 40103 57027 8714/ 333 20211;EQDQ01  00002PRCP99
0152598490999992000022212004+19070+109880FM-12+024399999V0201401N002012200019N0270001N1+02601+02161100921ADDAA199000091GA1001+999999999GF100991001001999999001001MD1210061+9999REMSYN054AAXX  22121 59849 32977 01402 10260 20216 40092 52006;EQDQ01  00002PRCP99
0165598490999992000022218004+19070+109880FM-12+024399999V0202201N001012200019N0250001N1+02131+02041100981ADDAA199000091GF101991011011008001001001KA1999M+02991MD1710081+9999REMSYN070AAXX  22181 59849 32575 12201 10213 20204 40098 57008 81100 333 10299;EQDQ01  00002PRCP99
0122598490999992000022221004+19070+109880FM-12+024399999V0202201N001012200019N0200001N1+02031+01951100941ADDGA1001+999999999GF100991001001999999001001MD1710041+9999REMSYN054AAXX  22211 59849 42970 02201 10203 20195 40094 57004;
0146598490999992000022300004+19070+109880FM-12+024399999V0209999C000010120019N0300001N1+02041+01561999999ADDAA199000091GF107991071081008001001001MD1210211+0001REMSYN064AAXX  23001 59849 32580 70000 10204 20156 52021 87800 333 00051;EQDQ01  00002PRCP99
0165598490999992000022306004+19070+109880FM-12+024399999V0201101N002010075019N0300001N1+02871+02201101011ADDAA199000091GF105991051011008001001001KA1999N+01971MD1710261+9999REMSYN070AAXX  23061 59849 32580 51102 10287 20220 40101 57026 85100 333 20197;EQDQ01  00002PRCP99
0142598490999992000022312004+19070+109880FM-12+024399999V0203601N002010120019N0100001N1+02051+99999101281ADDAA199000091GF108991081081008001999999MD1210281+9999REMSYN060AAXX  23121 59849 32560 83602 10205 2/186 40128 52028 888//;EQDQ01  00002PRCP99
0172598490999992000022318004+19070+109880FM-12+024399999V0200701N002010090019N0060001N1+01811+01761101371ADDAA106000791AY161061GF108991081081004501999999KA1999M+02941MD1710011+9999MW1601REMSYN082AAXX  23181 59849 11456 80702 10181 20176 40137 57001 69901 76060 888// 333 10294;
0161598490999992000022321004+19070+109880FM-12+024399999V0200701N001010120019N0100001N1+01741+01711101391ADDAA124000391AY161031AY261031GF108991081081008001999999MD1210011+9999MW1601REMSYN076AAXX  23211 59849 41560 80701 10174 20171 40139 52001 76066 888// 333 70002;
0173598490999992000022400004+19070+109880FM-12+024399999V0200901N001010120019N0150001N1+01741+01721101641ADDAA106000591AY161061AY261061GF108991081081008001999999MD1210211+0401MW1601REMSYN088AAXX  24001 59849 11565 80901 10174 20172 40164 52021 69941 76066 888// 333 00453 70004;
0180598490999992000022406004+19070+109880FM-12+024399999V0201401N001010120019N0150001N1+01871+01721101591ADDAA106000591AY161061AY261061GF108991081081008001999999KA1999N+01731MD1710231+9999MW1211REMSYN082AAXX  24061 59849 11565 81401 10187 20172 40159 57023 69961 72166 888// 333 20173;
0173598490999992000022500004+19070+109880FM-12+024399999V0200201N001010120019N0130001N1+01461+01391101941ADDAA106002091AY161061AY261061GF108991081081008001999999MD1210271+0301MW1601REMSYN088AAXX  25001 59849 11563 80201 10146 20139 40194 52027 60021 76066 888// 333 00353 70045;
0172598490999992000022506004+19070+109880FM-12+024399999V0203601N002010120019N0120001N1+01391+01341101871ADDAA106000391AY161061GF108991081081008001999999KA1999N+01371MD1710211+9999MW1601REMSYN082AAXX  25061 59849 11562 83602 10139 20134 40187 57021 69931 76060 888// 333 20137;
0157598490999992000022512004+19070+109880FM-12+024399999V0200401N001010120019N0060001N1+01231+01161102041ADDAA106000591AY161061AY261061GF108991081081008001999999MD1210181+9999MW1601REMSYN072AAXX  25121 59849 11556 80401 10123 20116 40204 52018 69951 76066 888//;
0161598490999992000022521004+19070+109880FM-12+024399999V0203601N001010090019N0060001N1+01191+01131102071ADDAA124002391AY161031AY261031GF108991081081004501999999MD1710071+9999MW1601REMSYN076AAXX  25211 59849 41456 83601 10119 20113 40207 57007 76066 888// 333 70022;
0173598490999992000022600004+19070+109880FM-12+024399999V0203601N002010090019N0060001N1+01141+01041102271ADDAA106000891AY161061AY261061GF108991081081004501999999MD1210181+0301MW1601REMSYN088AAXX  26001 59849 11456 83602 10114 20104 40227 52018 69971 76066 888// 333 00353 70018;
0180598490999992000022606004+19070+109880FM-12+024399999V0203601N003010090019N0070001N1+01131+00951102201ADDAA106000191AY161061AY261061GF108991081081004501999999KA1999N+01091MD1710191+9999MW1601REMSYN082AAXX  26061 59849 11457 83603 10113 20095 40220 57019 69911 76066 888// 333 20109;
0140598490999992000022612004+19070+109880FM-12+024399999V0200701N002010090019N0060001N1+01801+00951102171ADDAY161061AY261061GF108991081081004501999999MD1210121+9999MW1601REMSYN066AAXX  26121 59849 11456 80702 1018/ 20095 40217 52012 76066 888//;
0172598490999992000022618004+19070+109880FM-12+024399999V0209999C000010120019N0110001N1+01161+01011102251ADDAA106000791AY161061GF108991081081008001999999KA1999M+01221MD1710051+9999MW1001REMSYN082AAXX  26181 59849 11561 80000 10116 20101 40225 57005 69901 70060 888// 333 10122;
0153598490999992000022621004+19070+109880FM-12+024399999V0209999C000010120019N0100001N1+01151+01011102061ADDAA124000591AY161031GF108991081081008001999999MD1710191+9999MW1001REMSYN076AAXX  26211 59849 41560 80000 10115 20101 40206 57019 70060 888// 333 70006;
0165598490999992000022700004+19070+109880FM-12+024399999V0209999C000010090019N0060001N1+01161+01061102161ADDAA106000791AY161061GF108991081081004501999999MD1210101-0101MW1601REMSYN088AAXX  27001 59849 11456 80000 10116 20106 40216 52010 69901 76060 888// 333 05100 70002;
0180598490999992000022706004+19070+109880FM-12+024399999V0203601N002010090019N0060001N1+01301+01211102021ADDAA106000191AY161061AY261061GF108991081081004501999999KA1999N+01111MD1710191+9999MW1601REMSYN082AAXX  27061 59849 11456 83602 10130 20121 40202 57019 69911 76066 888// 333 20111;
0170598490999992000022712004+19070+109880FM-12+024399999V0202101N999990120019N0060001N1+99999+99999102031ADDAA106000391AY161061AY261061GF108991081081008001999999MD1210121+9999MW1601REMSYN066AAXX  27121 59849 11556 87101 20118 40203 52012 69931 76066 888//;EQDQ01+010101WOSPD 
0157598490999992000022718004+19070+109880FM-12+024399999V0209999C000010120019N0060001N1+01221+01161102021ADDAA106000191AY161061AY261061GF108991081081008001999999MD1710111+9999MW1601REMSYN072AAXX  27181 59849 11556 80000 10122 20116 40202 57011 69921 76066 888//;
0153598490999992000022721004+19070+109880FM-12+024399999V0209999C000010120019N0100001N1+01231+01171101911ADDAA124000591AY161031GF108991081081008001999999MD1710111+9999MW1001REMSYN076AAXX  27211 59849 41560 80000 10123 20117 40191 57011 70060 888// 333 70006;
0165598490999992000022800004+19070+109880FM-12+024399999V0209999C000010120019N0080001N1+01251+01181102041ADDAA106000191AY161061GF108991081081008001999999MD1210131-0101MW1601REMSYN088AAXX  28001 59849 11558 80000 10125 20118 40204 52013 69911 76060 888// 333 05101 70007;
0172598490999992000022806004+19070+109880FM-12+024399999V0200701N002010120019N0200001N1+01331+01161102021ADDAA106000791AY161061GF108991081081008001999999KA1999N+01201MD1710191+9999MW1001REMSYN082AAXX  28061 59849 11570 80702 10133 20116 40202 57019 69901 70060 888// 333 20120;
0123598490999992000022812004+19070+109880FM-12+024399999V0200401N002010120019N0150001N1+01241+01131102101ADDAA199000021GF108991081081008001999999MD1210211+9999REMSYN060AAXX  28121 59849 32565 80402 10124 20113 40210 52021 888//;
0172598490999992000022818004+19070+109880FM-12+024399999V0209999C000010090019N0070001N1+01251+01181102231ADDAA106001091AY161061GF108991081081004501999999KA1999M+01411MD1710071+9999MW1601REMSYN082AAXX  28181 59849 11457 80000 10125 20118 40223 57007 60011 76060 888// 333 10141;
0161598490999992000022821004+19070+109880FM-12+024399999V0203201N001010090019N0060001N1+01261+01201102131ADDAA124002391AY161031AY261031GF108991081081004501999999MD1710091+9999MW1601REMSYN076AAXX  28211 59849 41456 83201 10126 20120 40213 57009 76066 888// 333 70022;
0173598490999992000022900004+19070+109880FM-12+024399999V0209999C000010120019N0100001N1+01261+01201102271ADDAA106001091AY161061AY261061GF108991081081008001999999MD1210131+0201MW1601REMSYN088AAXX  29001 59849 /1560 80000 10126 20120 40227 52013 60011 76066 888// 333 00200 70026;
0180598490999992000022906004+19070+109880FM-12+024399999V0201101N002010090019N0150001N1+01331+01181102081ADDAA106000591AY161061AY261061GF108991081081004501999999KA1999N+01211MD1710261+9999MW1601REMSYN082AAXX  29061 59849 11465 81102 10133 20118 40208 57026 69941 76066 888// 333 20121;
0131598490999992000022912004+19070+109880FM-12+024399999V02099999999999999999N0650001N1+01221+01151102111ADDAA106002091AY161061AY261061MD1219999+9999MW1601REMSYN072AAXX  29121 59849 /1887 ///00 10122 20115 40211 52/12 60021 76066 888//;
0161598490999992000022921004+19070+109880FM-12+024399999V0202701N002010090019N0070001N1+01141+01081102061ADDAA124009491AY161031AY261031GF108991081081004501999999MD1710131+9999MW1601REMSYN076AAXX  29211 59849 41457 82702 10114 20108 40206 57013 76066 888// 333 70093;
0173598490999992000030100004+19070+109880FM-12+024399999V0209999C000010090019N0100001N1+01171+01111102231ADDAA100161092AY161061AY261061GF108991081081004501999999MD1210161-0101MW1601REMSYN088AAXX  01001 59849 11460 80000 10117 20111 40223 52016 6161/ 76066 888// 333 05151 70108;
0180598490999992000030106004+19070+109880FM-12+024399999V0209999C000010120019N0150001N1+01401+01271102001ADDAA106001091AY161061AY261061GF108991081081008001999999KA1999N+01091MD1710251+9999MW1601REMSYN082AAXX  01061 59849 11565 80000 10140 20127 40200 57025 69991 76066 888// 333 20109;
0158598490999992000030118004+19070+109880FM-12+024399999V0209999C000010120019N9999999N1+01301+01261101981ADDAA106999999GF108991081081008001999999KA1999M+01461MD1710141+9999REMSYN082AAXX  01181 59849 1156/ 80000 10130 20126 40198 57014 600/1 7/066 888// 333 10146;
0144598490999992000030121004+19070+109880FM-12+024399999V0200901N001012100019N0080001N1+01271+01231101911ADDGA1071+210009099GF108991081081004501999999MD1710071+9999REMSYN076AAXX  01211 59849 /1458 80901 10127 20123 40191 57007 7/066 888// 333 87188;
0165598490999992000031406004+19070+109880FM-12+024399999V0201601N004012200019N0300001N1+03001+02101101061ADDAA199000091GF101991011011008001001001KA1999N+01971MD1710361+9999REMSYN070AAXX  14061 59849 32580 11604 10300 20210 40106 57036 81100 333 20197;EQDQ01  00002PRCP99
0142598490999992000031412004+19070+109880FM-12+024399999V0201601N004010120019N0230001N1+02471+02101101121ADDAA199000091GF107991071081008001001999MD1210211+9999REMSYN060AAXX  14121 59849 32573 71604 10247 20210 40112 52021 8780/;EQDQ01  00002PRCP99
0112598490999992000031421004+19070+109880FM-12+024399999V0203401N002019999999N9999999N1+02081+01991101121ADDGF107991071011999999999999MD1710051+9999REMSYN060AAXX  14211 59849 4292/ 73402 10208 20199 40112 57005 871//;
0152598490999992000031500004+19070+109880FM-12+024399999V0202201N002012200019N0300001N1+02181+02011101281ADDAA199000091GF102991021011008001001001MD1510141+0011REMSYN070AAXX  15001 59849 32580 22202 10218 20201 40128 55014 82100 333 05101;EQDQ01  00002PRCP99
0142598490999992000032412004+19070+109880FM-12+024399999V0200901N002010120019N0180001N1+02181+01851101651ADDAA199000091GF108991081081008001999999MD1210181+9999REMSYN060AAXX  24121 59849 32568 80902 10218 20185 40165 52018 888//;EQDQ01  00002PRCP99
0153598490999992000032421004+19070+109880FM-12+024399999V0209999C000010120019N0130001N1+02001+01921101721ADDAA124000891AY161031GF107991071081008001999999MD1710081+9999MW1001REMSYN076AAXX  24211 59849 41563 70000 10200 20192 40172 57008 70060 878// 333 70007;
0165598490999992000032500004+19070+109880FM-12+024399999V0200401N001010120019N0100001N1+02031+01971101921ADDAA106000191AY161061GF108991081081008001999999MD1210181+0101MW1601REMSYN088AAXX  25001 59849 11560 80401 10203 20197 40192 52018 69911 76060 888// 333 00151 70007;
0172598490999992000032506004+19070+109880FM-12+024399999V0201401N003010075019N0250001N1+02591+01981101651ADDAA106000791AY161061GF107991071011008001001001KA1999N+01951MD1710291+9999MW1001REMSYN082AAXX  25061 59849 11575 71403 10259 20198 40165 57029 69901 70060 87100 333 20195;
0123598490999992000032512004+19070+109880FM-12+024399999V0200701N002012200019N0150001N1+02241+01931101741ADDAA199000021GF104991041011008001001001MD1210181+9999REMSYN060AAXX  25121 59849 32565 40702 10224 20193 40174 52018 84100;
0165598490999992000032518004+19070+109880FM-12+024399999V0200701N001010120019N0130001N1+02071+01951101921ADDAA199000091GF108991081081008001999999KA1999M+02651MD1210011+9999REMSYN070AAXX  25181 59849 32563 80701 10207 20195 40192 52001 888// 333 10265;EQDQ01  00002PRCP99
0146598490999992000032521004+19070+109880FM-12+024399999V0203001N999999999999N0110001N1+02031+01891101881ADDAA124000791AY161031MD1710051+9999MW1001REMSYN076AAXX  25211 59849 41561 /8002 10203 20189 40188 57005 70060 888// 333 79999;EQDQ01+010201WOSPD 
0165598490999992000032600004+19070+109880FM-12+024399999V0200401N002010120019N0200001N1+02021+01831102061ADDAA106000791AY161061GF107991071081008001999999MD1210161+0101MW1001REMSYN088AAXX  26001 59849 11570 70402 10202 20183 40206 52016 69901 70060 878// 333 00100 79999;
0165598490999992000032606004+19070+109880FM-12+024399999V0200701N003010075019N0300001N1+02451+01761101781ADDAA199000091GF106991061011008001001001KA1999N+00841MD1710321+9999REMSYN070AAXX  26061 59849 32580 60703 10245 20176 40178 57032 86100 333 20084;EQDQ01  00002PRCP99
0165598490999992000032618004+19070+109880FM-12+024399999V0200201N001010120019N0140001N1+01901+01751101821ADDAA199000091GF108991081081008001999999KA1999M+02571MD1710121+9999REMSYN070AAXX  26181 59849 32564 80201 10190 20175 40182 57012 888// 333 10257;EQDQ01  00002PRCP99
0112598490999992000032621004+19070+109880FM-12+024399999V0203601N001010120019N0120001N1+01881+01771101691ADDGF108991081081008001999999MD1710121+9999REMSYN060AAXX  26211 59849 42562 83601 10188 20177 40169 57012 888//;
0152598490999992000032700004+19070+109880FM-12+024399999V0203601N002010120019N0150001N1+01891+01741101841ADDAA199000091GF108991081081008001999999MD1210131+0021REMSYN070AAXX  27001 59849 32565 83602 10189 20174 40184 52013 888// 333 05251;EQDQ01  00002PRCP99
0175598490999992000032718004+19070+109880FM-12+024399999V0202701N001012200019N0150001N1+01891+01791101591ADDAA199000091GA1001+999999999GF100991001001999999001001KA1999M+02821MD1710121+9999REMSYN064AAXX  27181 59849 32965 02701 10189 20179 40159 57012 333 10282;EQDQ01  00002PRCP99
0112598490999992000032721004+19070+109880FM-12+024399999V0202701N001012200019N0150001N1+01801+01721101471ADDGF102991021011008001001001MD1710121+9999REMSYN060AAXX  27211 59849 42565 22701 10180 20172 40147 57012 82100;
0164598490999992000032800004+19070+109880FM-12+024399999V0209999C000012200019N0080001N1+01751+01701101641ADDAA199000091GF101991011011008001001001MD1210151+0021MW1101REMSYN076AAXX  28001 59849 31558 10000 10175 20170 40164 52015 71000 81100 333 05251;EQDQ01  00002PRCP99
0175598490999992000032806004+19070+109880FM-12+024399999V0200401N002012200019N0280001N1+02881+01841101321ADDAA199000091GA1001+999999999GF100991001001999999001001KA1999N+01681MD1710311+9999REMSYN064AAXX  28061 59849 32978 00402 10288 20184 40132 57031 333 20168;EQDQ01  00002PRCP99
0152598490999992000032812004+19070+109880FM-12+024399999V0200901N002012200019N0150001N1+02441+01881101541ADDAA199000091GA1001+999999999GF100991001001999999001001MD1210281+9999REMSYN054AAXX  28121 59849 32965 00902 10244 20188 40154 52028;EQDQ01  00002PRCP99
0162598490999992000032900004+19070+109880FM-12+024399999V0209999C000012200019N0250001N1+01661+01471101801ADDAA199000091GA1001+999999999GF100991001001999999001001MD1210181+0021REMSYN064AAXX  29001 59849 32975 00000 10166 20147 40180 52018 333 00251;EQDQ01  00002PRCP99
0175598490999992000032906004+19070+109880FM-12+024399999V0201401N003012200019N0300001N1+02931+00991101521ADDAA199000091GA1001+999999999GF100991001001999999001001KA1999N+01501MD1710251+9999REMSYN064AAXX  29061 59849 32980 01403 10293 20099 40152 57025 333 20150;EQDQ01  00002PRCP99
0112598490999992000032921004+19070+109880FM-12+024399999V0203201N001012200019N0120001N1+01741+01621101401ADDGF104991041011008001001001MD1710111+9999REMSYN060AAXX  29211 59849 42562 43201 10174 20162 40140 57011 84100;
0152598490999992000033000004+19070+109880FM-12+024399999V0209999C000012200019N0300001N1+01841+01631101551ADDAA199000091GF101991011011008001001001MD1210121+0021REMSYN070AAXX  30001 59849 32580 10000 10184 20163 40155 52012 81100 333 05202;EQDQ01  00002PRCP99
0152598490999992000033006004+19070+109880FM-12+024399999V0201401N005012200019N0300001N1+02911+01711101121ADDAA199000091GF102991021011008001001001MD1710371+9999REMSYN070AAXX  30061 59849 32580 21405 10291 20171 40112 57037 82100 333 017/9;EQDQ01  00002PRCP99
0175598490999992000033018004+19070+109880FM-12+024399999V0209999C000012200019N0150001N1+02041+01901100971ADDAA199000091GA1001+999999999GF100991001001999999001001KA1999M+02981MD1710191+9999REMSYN064AAXX  30181 59849 32965 00000 10204 20190 40097 57019 333 10298;EQDQ01  00002PRCP99
0122598490999992000033021004+19070+109880FM-12+024399999V0209999C000012200019N0160001N1+01891+01811100851ADDGA1001+999999999GF100991001001999999001001MD1710131+9999REMSYN054AAXX  30211 59849 42966 00000 10189 20181 40085 57013;
0162598490999992000033100004+19070+109880FM-12+024399999V0209999C000012200019N0300001N1+01951+01821101021ADDAA199000091GA1001+999999999GF100991001001999999001001MD1210151+0051REMSYN064AAXX  31001 59849 32980 00000 10195 20182 40102 52015 333 05501;EQDQ01  00002PRCP99
0165598490999992000033106004+19070+109880FM-12+024399999V0201601N003012200019N0300001N1+03101+02021100661ADDAA199000091GF102991021011008001001001KA1999N+01821MD1710281+9999REMSYN070AAXX  31061 59849 32580 21603 10310 20202 40066 57028 82100 333 20182;EQDQ01  00002PRCP99
0175598490999992000033118004+19070+109880FM-12+024399999V0209999C000012200019N0180001N1+02261+02031100651ADDAA199000091GA1001+999999999GF100991001001999999001001KA1999M+03161MD1710141+9999REMSYN064AAXX  31181 59849 32968 00000 10226 20203 40065 57014 333 10316;EQDQ01  00002PRCP99
0122598490999992000033121004+19070+109880FM-12+024399999V0203401N001012200019N0120001N1+02121+02011100571ADDGA1001+999999999GF100991001001999999001001MD1710081+9999REMSYN054AAXX  31211 59849 /2962 03401 10212 20201 40057 57008;
0152598490999992000040100004+19070+109880FM-12+024399999V0202701N001012200019N0300001N1+02271+02041100751ADDAA199000091GF101991011011008001001001MD1210161+0021REMSYN070AAXX  01001 59849 32580 12701 10227 20204 40075 52016 81100 333 05203;EQDQ01  00002PRCP99
0165598490999992000040106004+19070+109880FM-12+024399999V0201801N005012200019N0300001N1+03311+02171100421ADDAA199000091GF102991021011008001001021KA1999N+02071MD1710331+9999REMSYN070AAXX  01061 59849 32580 21805 10331 20217 40042 57033 82102 333 20207;EQDQ01  00002PRCP99
0152598490999992000040112004+19070+109880FM-12+024399999V0201601N004012200019N0200001N1+02801+02281100421ADDAA199000091GA1001+999999999GF100991001001999999001001MD1210201+9999REMSYN054AAXX  01121 59849 32970 01604 10280 20228 40042 52020;EQDQ01  00002PRCP99
0122598490999992000040118004+19070+109880FM-12+024399999V0203201N001012200019N0500001N1+02231+02101100621ADDGA1001+999999999GF100991001001999999001001MD1710051+9999REMSYN054AAXX  01181 59849 /3299 03201 10223 2021/ 40062 57005;
0122598490999992000040121004+19070+109880FM-12+024399999V0202901N001012200019N0150001N1+02161+02051100651ADDGA1001+999999999GF100991001001999999001001MD1210031+9999REMSYN054AAXX  01211 59849 42965 02901 10216 20205 40065 52003;
0165598490999992000040206004+19070+109880FM-12+024399999V0201401N004010075019N0300001N1+03041+02171100621ADDAA199000091GF106991061011008001001001KA1999N+02121MD1710251+9999REMSYN070AAXX  02061 59849 32580 61404 10304 20217 40062 57025 86100 333 20212;EQDQ01  00002PRCP99
0122598490999992000040221004+19070+109880FM-12+024399999V0209999C000012200019N0150001N1+02171+02081100641ADDGA1001+999999999GF100991001001999999001001MD1710101+9999REMSYN054AAXX  02211 59849 42965 00000 10217 20208 40064 57010;
0162598490999992000040300004+19070+109880FM-12+024399999V0200901N001012200019N0300001N1+02331+02121100871ADDAA199000091GA1001+999999999GF100991001001999999001001MD1210221+0011REMSYN064AAXX  03001 59849 32980 00901 10233 20212 40087 52022 333 00100;EQDQ01  00002PRCP99
0146598490999992000040306004+19070+109880FM-12+024399999V0200701N003012200019N0300001N1+03211+02221100741ADDAA199000091GF102991021011008001001001MD1710291+9999REMSYN064AAXX  03061 59849 32580 20703 10321 20222 40074 57029 82100 333;EQDQ01  00002PRCP99
0165598490999992000040318004+19070+109880FM-12+024399999V0200401N002010120019N0150001N1+02451+02211100901ADDAA199000091GF108991081081008001999999KA1999M+03301MD1710021+9999REMSYN070AAXX  03181 59849 32565 80402 10245 20221 40090 57002 888// 333 10330;EQDQ01  00002PRCP99
0133598490999992000040321004+19070+109880FM-12+024399999V0200901N001010120019N0150001N1+02401+02191100841ADDAA124000791GF108991081081008001999999MD1710061+9999REMSYN070AAXX  03211 59849 42565 80901 10240 20219 40084 57006 888// 333 79999;
0157598490999992000040400004+19070+109880FM-12+024399999V0200401N001010120019N0080001N1+02301+01901101041ADDAA106000791GF108991081081008001999999MD1210171+0201MW1601REMSYN088AAXX  04001 59849 11558 80401 10230 20190 40104 52017 69901 76000 888// 333 00200 79999;
0172598490999992000040406004+19070+109880FM-12+024399999V0201401N002010075019N0300001N1+02751+02291100861ADDAA106000791AY161061GF107991071011008001999999KA1999N+02251MD1710291+9999MW1001REMSYN082AAXX  04061 59849 11580 71402 10275 20229 40086 57029 69901 70060 871// 333 20225;
0149598490999992000040412004+19070+109880FM-12+024399999V0203201N002010120019N0180001N1+02471+02241100861ADDAA106000791AY161061GF108991081081008001999999MD1210171+9999MW1601REMSYN072AAXX  04121 59849 11568 83202 10247 20224 40086 52017 69901 76060 888//;
