0152599540999992000010100004+18500+110000FM-12+005099999V0209999C000012200019N0250001N1+01761+01611101621ADDAA106000091GF102991011011008001001021MD1210061+0001REMSYN070AAXX  01001 59954 32575 20000 10176 20161 40162 52006 81102 333 00002;EQDQ01  00002PRCP06
0165599540999992000010106004+18500+110000FM-12+005099999V0200901N003012200019N0270001N1+02651+01731101471ADDAA106000091GF104991021011008001001021KA1999N+01631MD1710201+9999REMSYN070AAXX  01061 59954 32577 40903 10265 20173 40147 57020 82102 333 20163;EQDQ01  00002PRCP06
0122599540999992000010112004+18500+110000FM-12+005099999V0209999C000012200019N0200001N1+02131+01891999999ADDAA106000091GF101991011011008001001001REMSYN054AAXX  01121 59954 32570 10000 10213 20189 5/022 81100;EQDQ01  00002PRCP06
0165599540999992000010118004+18500+110000FM-12+005099999V0209999C000010075019N0150001N1+01891+01791101591ADDAA106000091GF107991071021008001999999KA1999M+02741MD1710081+9999REMSYN070AAXX  01181 59954 32565 70000 10189 20179 40159 57008 872// 333 10274;EQDQ01  00002PRCP06
0152599540999992000010200004+18500+110000FM-12+005099999V0209999C000010120019N0200001N1+01911+01751101691ADDAA106000091GF107991071081008001001001MD1210161+0011REMSYN070AAXX  02001 59954 32570 70000 10191 20175 40169 52016 87800 333 00102;EQDQ01  00002PRCP06
0165599540999992000010206004+18500+110000FM-12+005099999V0200201N002010450019N0300001N1+02731+01681101461ADDAA106000091GF107991011021008001041001KA1999N+01761MD1710341+9999REMSYN070AAXX  02061 59954 32580 70202 10273 20168 40146 57034 81240 333 20176;EQDQ01  00002PRCP06
0142599540999992000010212004+18500+110000FM-12+005099999V0209999C000012200019N0200001N1+02211+01471101541ADDAA106000091GF101991001001999999001021MD1210171+9999REMSYN060AAXX  02121 59954 32970 10000 10221 20147 40154 52017 80002;EQDQ01  00002PRCP06
0165599540999992000010218004+18500+110000FM-12+005099999V0209999C000012200019N0150001N1+01971+01671101531ADDAA106000091GF102991011011008001001021KA1999M+02791MD1710171+9999REMSYN070AAXX  02181 59954 32565 20000 10197 20167 40153 57017 81102 333 10279;EQDQ01  00002PRCP06
0112599540999992000010221004+18500+110000FM-12+005099999V0203401N001012200019N0150001N1+01771+01551999999ADDGF101991011011008001001001MD1710091+9999REMSYN060AAXX  02211 59954 42565 13401 10177 20155 4/145 57009 81100;
0165599540999992000010306004+18500+110000FM-12+005099999V0200901N006012200019N0270001N1+02581+01811101411ADDAA106000091GF101991011011008001001001KA1999N+01611MD1710221+9999REMSYN070AAXX  03061 59954 32577 10906 10258 20181 40141 57022 81100 333 20161;EQDQ01  00002PRCP06
0142599540999992000010312004+18500+110000FM-12+005099999V0200701N004012200019N0200001N1+02231+01851101431ADDAA106000091GF101991011011008001001001MD1210111+9999REMSYN060AAXX  03121 59954 32570 10704 10223 20185 40143 52011 81100;EQDQ01  00002PRCP06
0165599540999992000010318004+18500+110000FM-12+005099999V0209999C000012200019N0150001N1+01871+01711101401ADDAA106000091GF102991021011008001001001KA1999M+02631MD1710131+9999REMSYN070AAXX  03181 59954 32565 20000 10187 20171 40140 57013 82100 333 10263;EQDQ01  00002PRCP06
0112599540999992000010321004+18500+110000FM-12+005099999V0209999C000010075019N0150001N1+01791+01661101351ADDGF107991071021008001999999MD1710061+9999REMSYN060AAXX  03211 59954 42565 70000 10179 20166 40135 57006 872//;
0152599540999992000010400004+18500+110000FM-12+005099999V0203201N001011050019N0200001N1+01801+01631101461ADDAA106000091GF107991011011008001001021MD1210111+0011REMSYN070AAXX  04001 59954 32570 73201 10180 20163 40146 52011 81102 333 05101;EQDQ01  00002PRCP06
0165599540999992000010406004+18500+110000FM-12+005099999V0200901N004012200019N0250001N1+02631+01991101311ADDAA106000091GF102991021021008001041001KA1999N+01701MD1710201+9999REMSYN070AAXX  04061 59954 32575 20904 10263 20199 40131 57020 82240 333 20170;EQDQ01  00002PRCP06
0142599540999992000010412004+18500+110000FM-12+005099999V0200701N003012200019N0200001N1+02291+02031101331ADDAA106000091GF101991011011008001001001MD1210091+9999REMSYN060AAXX  04121 59954 32570 10703 10229 20203 40133 52009 81100;EQDQ01  00002PRCP06
0165599540999992000010418004+18500+110000FM-12+005099999V0209999C000010075019N0150001N1+02011+01851101391ADDAA106000091GF106991061021008001001001KA1999M+02691MD1710031+9999REMSYN070AAXX  04181 59954 32565 60000 10201 20185 40139 57003 86200 333 10269;EQDQ01  00002PRCP06
0112599540999992000010421004+18500+110000FM-12+005099999V0209999C000010075019N0150001N1+99999+99999101281ADDGF106991061021008001001001MD1710111+9999REMSYN060AAXX  04211 59954 42565 60000 10/98 20184 40128 57011 86200;
0152599540999992000010500004+18500+110000FM-12+005099999V0203201N002012200019N0170001N1+01951+01791101431ADDAA106000091GF102991021021008001001001MD1210141+0001REMSYN070AAXX  05001 59954 32567 23202 10195 20179 40143 52014 82200 333 00002;EQDQ01  00002PRCP06
0165599540999992000010506004+18500+110000FM-12+005099999V0201101N003012200019N0300001N1+02711+01981101161ADDAA106000091GF102991021021008001001001KA1999N+01881MD1710331+9999REMSYN070AAXX  05061 59954 32580 21103 10271 20198 40116 57033 82200 333 20188;EQDQ01  00002PRCP06
0142599540999992000010512004+18500+110000FM-12+005099999V0201101N001012200019N0200001N1+02261+02151101231ADDAA106000091GF101991011011008001001001MD1210161+9999REMSYN060AAXX  05121 59954 32570 11101 10226 20215 40123 52016 81100;EQDQ01  00002PRCP06
0165599540999992000010518004+18500+110000FM-12+005099999V0209999C000010075019N0150001N1+02031+01971101231ADDAA106000091GF107991071021008001999999KA1999M+02751MD1710031+9999REMSYN070AAXX  05181 59954 32565 70000 10203 20197 40123 57003 872// 333 10275;EQDQ01  00002PRCP06
0112599540999992000010521004+18500+110000FM-12+005099999V0203401N001010075019N0150001N1+01991+01901101181ADDGF107991071021008001999999MD1710051+9999REMSYN060AAXX  05211 59954 42565 73401 10199 20190 40118 57005 872//;
0165599540999992000010606004+18500+110000FM-12+005099999V0201101N004012200019N0250001N1+02601+02041101161ADDAA106000091GF104991041021008001001001KA1999N+01801MD1710231+9999REMSYN070AAXX  06061 59954 32575 41104 10260 20204 40116 57023 84200 333 20180;EQDQ01  00002PRCP06
0142599540999992000010612004+18500+110000FM-12+005099999V0201101N001010075019N0170001N1+02321+02151101291ADDAA106000091GF107991071021008001999999MD1210161+9999REMSYN060AAXX  06121 59954 32567 71101 10232 20215 40129 52016 872//;EQDQ01  00002PRCP06
0112599540999992000010621004+18500+110000FM-12+005099999V0209999C000010075019N0150001N1+01911+01831101331ADDGF106991061021008001001001MD1710071+9999REMSYN060AAXX  06211 59954 42565 60000 10191 20183 40133 57007 86200;
0152599540999992000010700004+18500+110000FM-12+005099999V0209999C000010075019N0150001N1+01891+01741101501ADDAA106000091GF107991071021008001999999MD1210161+0021REMSYN070AAXX  07001 59954 32565 70000 10189 20174 40150 52016 872// 333 00200;EQDQ01  00002PRCP06
0165599540999992000010706004+18500+110000FM-12+005099999V0200901N005010075019N0270001N1+02531+02031101371ADDAA106000091GF106991051021008001001021KA1999N+01771MD1710241+9999REMSYN070AAXX  07061 59954 32577 60905 10253 20203 40137 57024 85202 333 20177;EQDQ01  00002PRCP06
0142599540999992000010712004+18500+110000FM-12+005099999V0200901N003010120019N0200001N1+02301+02011101451ADDAA106000091GF106991061081008001001001MD1210161+9999REMSYN060AAXX  07121 59954 32570 60903 10230 20201 40145 52016 86800;EQDQ01  00002PRCP06
0165599540999992000010718004+18500+110000FM-12+005099999V0209999C000012200019N0150001N1+02071+01941101521ADDAA106000091GF102991021021008001001001KA1999M+02711MD1710051+9999REMSYN070AAXX  07181 59954 32565 20000 10207 20194 40152 57005 82200 333 10271;EQDQ01  00002PRCP06
0122599540999992000010721004+18500+110000FM-12+005099999V0209999C000012200019N0150001N1+01891+01841101421ADDGA1001+999999999GF100991001001999999001001MD1710111+9999REMSYN054AAXX  07211 59954 42965 00000 10189 20184 40142 57011;
0152599540999992000010800004+18500+110000FM-12+005099999V0209999C000010075019N0150001N1+01841+01741101551ADDAA106000091GF107991051021008001041021MD1210131+0011REMSYN070AAXX  08001 59954 32565 70000 10184 20174 40155 52013 85242 333 00151;EQDQ01  00002PRCP06
0165599540999992000010806004+18500+110000FM-12+005099999V0200901N004010075019N0250001N1+02531+99999101261ADDAA106000091GF106991061021008001001001KA1999N+01761MD1710311+9999REMSYN070AAXX  08061 59954 32575 60904 10253 201/1 40126 57031 86200 333 20176;EQDQ01  00002PRCP06
0142599540999992000010812004+18500+110000FM-12+005099999V0209999C000012200019N0200001N1+02211+01961101331ADDAA106000091GF102991011011008001001021MD1210111+9999REMSYN060AAXX  08121 59954 32570 20000 10221 20196 40133 52011 81102;EQDQ01  00002PRCP06
0165599540999992000010818004+18500+110000FM-12+005099999V0209999C000012200019N0150001N1+01971+01911101341ADDAA106000091GF101991011011008001001001KA1999M+02691MD1710081+9999REMSYN070AAXX  08181 59954 32565 10000 10197 20191 40134 57008 81100 333 10269;EQDQ01  00002PRCP06
0112599540999992000010821004+18500+110000FM-12+005099999V0209999C000012200019N0150001N1+01861+01761101331ADDGF101991011011008001001001MD1710011+9999REMSYN060AAXX  08211 59954 42565 10000 10186 20176 40133 57001 81100;
0152599540999992000010900004+18500+110000FM-12+005099999V0209999C000010450019N0180001N1+01831+01661101461ADDAA106000091GF107991011011008001041021MD1210121+0011REMSYN070AAXX  09001 59954 32568 70000 10183 20166 40146 52012 81142 333 05100;EQDQ01  00002PRCP06
0136599540999992000010912004+18500+110000FM-12+005099999V02099999999992200019N0200001N1+02281+99999101431ADDAA106000091GF102991011021008001001021MD1210181+9999REMSYN054AAXX  09121 59954 32570 20/28 10228 40143 52018 81202;EQDQ01  00002PRCP06
0183599540999992000010918004+18500+110000FM-12+005099999V0209999C000012200019N0200001N1+02021+01911101381ADDAA106000091GF101991011011008001001001KA1999M+02691REMSYN070AAXX  09181 59954 32570 10000 10202 20191 40138 5700/ 81100 333 10269;EQDQ01+000072APCTENQ02+000002APC3  Q03  00002PRCP06
0131599540999992000010921004+18500+110000FM-12+005099999V0209999C000019999999N0150001N1+99999+99999101271ADDGF107991999999008001999999MD1710111+9999REMSYN060AAXX  09211 59954 42565 70000 10887 20179 40127 57011 88///;EQDQ01+000082SCOTLC
0152599540999992000011000004+18500+110000FM-12+005099999V0209999C000012200019N0200001N1+01871+01761101441ADDAA106000091GF103991031081008001001001MD1210161+0001REMSYN070AAXX  10001 59954 32570 30000 10187 20176 40144 52016 83800 333 00000;EQDQ01  00002PRCP06
0165599540999992000011006004+18500+110000FM-12+005099999V0201401N002010120019N0300001N1+02671+02071101291ADDAA106000091GF107991071081008001999999KA1999N+01751MD1710181+9999REMSYN070AAXX  10061 59954 32580 71402 10267 20207 40129 57018 878// 333 20175;EQDQ01  00002PRCP06
0142599540999992000011012004+18500+110000FM-12+005099999V0209999C000012200019N0200001N1+02321+02191101341ADDAA106000091GF101991011021008001001001MD1210101+9999REMSYN060AAXX  10121 59954 32570 10000 10232 20219 40134 52010 81200;EQDQ01  00002PRCP06
0165599540999992000011018004+18500+110000FM-12+005099999V0209999C000010075019N0150001N1+02161+02051101351ADDAA106000091GF107991071021008001999999KA1999M+02781MD1710041+9999REMSYN070AAXX  10181 59954 32565 70000 10216 20205 40135 57004 872// 333 10278;EQDQ01  00002PRCP06
0153599540999992000011021004+18500+110000FM-12+005099999V0209999C000010075019N0150001N1+02131+02011101311ADDAA124000791AY181031GF107991071021008001999999MD1710041+9999MW1001REMSYN076AAXX  10211 59954 41565 70000 10213 20201 40131 57004 70080 872// 333 79999;
0165599540999992000011100004+18500+110000FM-12+005099999V0209999C000010120019N0150001N1+02111+01991101481ADDAA106000791AY181061GF107991071081008001999999MD1210171+0101MW1001REMSYN088AAXX  11001 59954 11565 70000 10211 20199 40148 52017 69901 70080 878// 333 00102 79999;
0165599540999992000011106004+18500+110000FM-12+005099999V0201401N004010075019N0280001N1+02731+02201101191ADDAA106000091GF106991061021008001001021KA1999N+02031MD1710311+9999REMSYN070AAXX  11061 59954 32578 61404 10273 20220 40119 57031 86202 333 20203;EQDQ01  00002PRCP06
0149599540999992000011112004+18500+110000FM-12+005099999V0200901N002010042019N0200001N1+02371+02241101261ADDAA106000191AY181061GF107991071021004501999999MD1210161+9999MW1001REMSYN072AAXX  11121 59954 11470 70902 10237 20224 40126 52016 69911 70080 872//;
0165599540999992000011118004+18500+110000FM-12+005099999V0209999C000019999999N0150001N1+02191+02131101211ADDAA106000091GF106991061001008001001999KA1999M+02771MD1710081+9999REMSYN070AAXX  11181 59954 32565 60000 10219 20213 40121 57008 8600/ 333 10277;EQDQ01  00002PRCP06
0133599540999992000011121004+18500+110000FM-12+005099999V0209999C000010075019N0200001N1+02171+02081101161ADDAA124000191GF107991071021008001999999MD1710051+9999REMSYN070AAXX  11211 59954 42570 70000 10217 20208 40116 57005 872// 333 70001;
0165599540999992000011206004+18500+110000FM-12+005099999V0201401N003010075019N0300001N1+02611+02211101151ADDAA106000091GF107991071021008001001001KA1999N+02091MD1710271+9999REMSYN070AAXX  12061 59954 32580 71403 10261 20221 40115 57027 87200 333 20209;EQDQ01  00002PRCP06
0142599540999992000011212004+18500+110000FM-12+005099999V0201101N001012200019N0200001N1+02351+02171101191ADDAA106000091GF101991011011008001001001MD1210101+9999REMSYN060AAXX  12121 59954 32570 11101 10235 20217 40119 52010 81100;EQDQ01  00002PRCP06
0165599540999992000011218004+18500+110000FM-12+005099999V0209999C000010075019N0150001N1+02131+02071101161ADDAA106000091GF106991061021008001001001KA1999M+02691MD1710071+9999REMSYN070AAXX  12181 59954 32565 60000 10213 20207 40116 57007 86200 333 10269;EQDQ01  00002PRCP06
0142599540999992000011300004+18500+110000FM-12+005099999V0209999C000010120019N0200001N1+02161+02071101231ADDAA106000091GF107991071081008001041999MD1210141+9999REMSYN060AAXX  13001 59954 32570 70000 10216 20207 40123 52014 8784/;EQDQ01  00002PRCP06
0165599540999992000011306004+18500+110000FM-12+005099999V0201401N004010075019N0300001N1+02661+02171101041ADDAA106000091GF105991051021008001041001KA1999N+02061MD1710261+9999REMSYN070AAXX  13061 59954 32580 51404 10266 20217 40104 57026 85240 333 20206;EQDQ01  00002PRCP06
0142599540999992000011312004+18500+110000FM-12+005099999V0209999C000010075019N0200001N1+02341+02181101071ADDAA106000091GF106991061021008001001001MD1210121+9999REMSYN060AAXX  13121 59954 32570 60000 10234 20218 40107 52012 86200;EQDQ01  00002PRCP06
0164599540999992000011318004+18500+110000FM-12+005099999V0209999C000010075019N0150001N1+02261+02151101111ADDAA106000191GF107991071021008001999999KA1999M+02741MD1710041+9999MW1801REMSYN082AAXX  13181 59954 11565 70000 10226 20215 40111 57004 69911 78000 872// 333 10274;
0157599540999992000011321004+18500+110000FM-12+005099999V0200901N002010075019N0150001N1+02321+02191101041ADDAA124000391AY181031GF107991071021008001999999MD1710071+9999MW1001REMSYN080    AAXX  13211 59954 41565 70902 10232 20219 40104 57007 70080 872// 333 70003;
0169599540999992000011400004+18500+110000FM-12+005099999V0209999C000012200019N0200001N1+02311+02161101221ADDAA106000191AY181061GF103991031021008001041001MD1210181+0001MW1001REMSYN092    AAXX  14001 59954 11570 30000 10231 20216 40122 52018 69921 70080 83240 333 00002 70003;
0150599540999992000011406004+18500+110000FM-12+005099999V0201401N004010075019N0250001N1+02631+02151101071ADDAA199000021GF106991061021008001001001KA1999N+02151MD1710291+9999REMSYN074    AAXX  14061 59954 32575 61404 10263 20215 40107 57029 86200 333 20215;
0146599540999992000011412004+18500+110000FM-12+005099999V0209999C000012200019N0200001N1+02341+02141101121ADDAA199000091GF102991021021008001001001MD1210121+9999REMSYN064    AAXX  14121 59954 32570 20000 10234 20214 40112 52012 82200;EQDQ01  00002PRCP99
0176599540999992000011506004+18500+110000FM-12+005099999V0201101N003012200019N0300001N1+02711+02081101091ADDAA106000791AY181061GF102991021021008001001001KA1999N+01921MD1710371+9999MW1001REMSYN086    AAXX  15061 59954 11580 21103 10271 20208 40109 57037 69901 70080 82200 333 20192;
0146599540999992000011512004+18500+110000FM-12+005099999V0209999C000012200019N0250001N1+02331+02131101201ADDAA199000091GF101991011011008001001001MD1210161+9999REMSYN064    AAXX  15121 59954 32575 10000 10233 20213 40120 52016 81100;EQDQ01  00002PRCP99
0169599540999992000011518004+18500+110000FM-12+005099999V0209999C000012200019N0200001N1+02051+02001101281ADDAA199000091GF103991031021008001001001KA1999M+02771MD1710011+9999REMSYN074    AAXX  15181 59954 32570 30000 10205 20200 40128 57001 83200 333 10277;EQDQ01  00002PRCP99
0137599540999992000011521004+18500+110000FM-12+005099999V0209999C000010075019N0200001N1+01931+01911101291ADDAA124000791GF107991071021008001999999MD1210011+9999REMSYN074    AAXX  15211 59954 42570 70000 10193 20191 40129 52001 872// 333 79999;
0143599540999992000011600004+18500+110000FM-12+005099999V0209999C000012200019N0200001N1+01981+01921101501ADDAA124000791GF102991021021008001001001MD1210201+0201REMSYN080    AAXX  16001 59954 32570 20000 10198 20192 40150 52020 82200 333 00251 79999;
0169599540999992000011606004+18500+110000FM-12+005099999V0200901N005012200019N0300001N1+02731+02131101301ADDAA199000091GF102991021021008001001001KA1999N+01861MD1710281+9999REMSYN074    AAXX  16061 59954 32580 20905 10273 20213 40130 57028 82200 333 20186;EQDQ01  00002PRCP99
0176599540999992000011618004+18500+110000FM-12+005099999V0209999C000010075019N0200001N1+02181+02041101421ADDAA106000791AY181061GF105991051021008001001001KA1999M+02791MD1710021+9999MW1001REMSYN086    AAXX  16181 59954 11570 50000 10218 20204 40142 57002 69901 70080 85200 333 10279;
0143599540999992000011700004+18500+110000FM-12+005099999V0203201N002012200019N0220001N1+02011+01921101571ADDAA124000791GF104991021021008001001021MD1210141+0101REMSYN080    AAXX  17001 59954 32572 43202 10201 20192 40157 52014 82202 333 00100 79999;
0146599540999992000011712004+18500+110000FM-12+005099999V0201901N004010075019N0200001N1+02291+01921101571ADDAA199000091GF107991071041008001999999MD1210171+9999REMSYN064    AAXX  17121 59954 32570 71904 10229 20192 40157 52017 874//;EQDQ01  00002PRCP99
0169599540999992000011718004+18500+110000FM-12+005099999V0203601N002010075019N0150001N1+02071+01781101641ADDAA199000091GF107991071021008001999999KA1999M+02711MD1710041+9999REMSYN074    AAXX  17181 59954 32565 73602 10207 20178 40164 57004 872// 333 10271;EQDQ01  00002PRCP99
0116599540999992000011721004+18500+110000FM-12+005099999V0203601N002010075019N0150001N1+01991+01701101641ADDGF107991071021008001999999MD1410001+9999REMSYN064    AAXX  17211 59954 42565 73602 10199 20170 40164 54000 872//;
0120599540999992000011800004+18500+110000FM-12+005099999V0203401N004019999999N0200001N1+01911+01611101821ADDAA199000091MD1210171+9999REMSYN064    AAXX  18001 59954 32570 /3404 10191 20161 40182 52017 81102;EQDQ01  00002PRCP99
0169599540999992000011806004+18500+110000FM-12+005099999V0203601N004012200019N0250001N1+02321+01501101651ADDAA199000091GF102991011021008001001021KA1999N+01861MD1710311+9999REMSYN074    AAXX  18061 59954 32575 23604 10232 20150 40165 57031 81202 333 20186;EQDQ01  00002PRCP99
0153599540999992000011812004+18500+110000FM-12+005099999V0203601N004010120019N0150001N1+01761+01371101881ADDAA106000791AY181061GF108991081081008001999999MD1210231+9999MW1001REMSYN076    AAXX  18121 59954 11565 83604 10176 20137 40188 52023 69901 70080 888//;
0169599540999992000011818004+18500+110000FM-12+005099999V0203601N005010450019N0200001N1+01611+01171101981ADDAA199000091GF105991031021008001041001KA1999M+02451MD1710071+9999REMSYN074    AAXX  18181 59954 32570 53605 10161 20117 40198 57007 83240 333 10245;EQDQ01  00002PRCP99
0137599540999992000011821004+18500+110000FM-12+005099999V0203601N004010120019N0150001N1+01551+01141101931ADDAA124000791GF108991081081008001999999MD1710051+9999REMSYN074    AAXX  18211 59954 42565 83604 10155 20114 40193 57005 888// 333 79999;
0143599540999992000011900004+18500+110000FM-12+005099999V0203601N005010120019N0200001N1+01531+01121102091ADDAA124000791GF106991061081008001041001MD1210161+0301REMSYN080    AAXX  19001 59954 32570 63605 10153 20112 40209 52016 86840 333 00354 79999;
0169599540999992000011906004+18500+110000FM-12+005099999V0200201N005011050019N0250001N1+01871+01201101961ADDAA199000091GF106991041081008001001021KA1999N+01421MD1710211+9999REMSYN074    AAXX  19061 59954 32575 60205 10187 20120 40196 57021 84802 333 20142;EQDQ01  00002PRCP99
0146599540999992000011912004+18500+110000FM-12+005099999V0203601N004010120019N0200001N1+01591+01131102061ADDAA199000091GF107991071081008001999999MD1210221+9999REMSYN064    AAXX  19121 59954 32570 73604 10159 20113 40206 52022 878//;EQDQ01  00002PRCP99
0165599540999992000011918004+18500+110000FM-12+005099999V0203401N003010120019N0150001N1+01611+01131102101ADDAA199000091GF108991081081008001999999KA1999M+02021MD1710061+9999REMSYN070AAXX  19181 59954 32565 83403 10161 20113 40210 57006 888// 333 10202;EQDQ01  00002PRCP99
0112599540999992000011921004+18500+110000FM-12+005099999V0203401N003010120019N0150001N1+01581+01101101961ADDGF108991081081008001999999MD1710141+9999REMSYN060AAXX  19211 59954 42565 83403 10158 2011/ 40196 57014 888//;
0152599540999992000012000004+18500+110000FM-12+005099999V0203201N002010120019N0150001N1+01581+01111102111ADDAA199000091GF107991061081008001041001MD1210151+0001REMSYN070AAXX  20001 59954 32565 73202 10158 20111 40211 52015 86840 333 00001;EQDQ01  00002PRCP99
0165599540999992000012018004+18500+110000FM-12+005099999V0209999C000010450019N0200001N1+01951+01621102121ADDAA199000091GF107991011011008001041021KA1999M+02331MD1710021+9999REMSYN070AAXX  20181 59954 32570 70000 10195 20162 40212 57002 81142 333 10233;EQDQ01  00002PRCP99
0152599540999992000012100004+18500+110000FM-12+005099999V0203601N001011050019N0150001N1+01891+01571102201ADDAA199000091GF107991011011008001001021MD1210111+0011REMSYN070AAXX  21001 59954 32565 73601 10189 20157 40220 52011 81102 333 00103;EQDQ01  00002PRCP99
0142599540999992000012112004+18500+110000FM-12+005099999V0203601N002010120019N0200001N1+02191+01811102001ADDAA199000091GF107991071081008001999999MD1210111+9999REMSYN060AAXX  21121 59954 32570 73602 10219 20181 40200 52011 878//;EQDQ01  00002PRCP99
0172599540999992000012118004+18500+110000FM-12+005099999V0200401N004010075019N0200001N1+02171+01921101951ADDAA106001091AY181061GF106991061021008001041001KA1999M+02621MD1710101+9999MW1001REMSYN082AAXX  21181 59954 11570 60404 10217 20192 40195 57010 60011 70080 86240 333 10262;
0145599540999992000012121004+18500+110000FM-12+005099999V0200901N004010075019N0150001N1+02131+01911101831ADDAA124001091GF107991071021008001999999MD1710131+9999MW1801REMSYN076AAXX  21211 59954 41565 70904 10213 20191 40183 57013 78000 872// 333 70011;
0165599540999992000012200004+18500+110000FM-12+005099999V0209999C000012200019N0200001N1+02041+01911101841ADDAA106000591AY181061GF103991031021008001001001MD1210011-0401MW1001REMSYN088AAXX  22001 59954 11570 30000 10204 20191 40184 52001 69951 70080 83200 333 05402 70016;
0146599540999992000012206004+18500+110000FM-12+005099999V0200701N007010075019N0250001N1+02601+02071101681ADDAA199000021GF106991061021008001041001KA1999N+01941MD1710281+9999REMSYN070AAXX  22061 59954 32575 60707 10260 20207 40168 57028 86240 333 20194;
0142599540999992000012212004+18500+110000FM-12+005099999V0200701N004011050019N0180001N1+02291+02031101641ADDAA199000091GF106991031021008001001021MD1210101+9999REMSYN060AAXX  22121 59954 32568 60704 10229 20203 40164 52010 83202;EQDQ01  00002PRCP99
0165599540999992000012218004+18500+110000FM-12+005099999V0209999C000010075019N0200001N1+02231+02051101631ADDAA199000091GF107991071021008001999999KA1999M+02671MD1710061+9999REMSYN070AAXX  22181 59954 32570 70000 10223 20205 40163 57006 872// 333 10267;EQDQ01  00002PRCP99
0133599540999992000012221004+18500+110000FM-12+005099999V0209999C000010120019N0200001N1+02181+02041101521ADDAA124000591GF107991071081008001001001MD1710111+9999REMSYN070AAXX  22211 59954 42570 70000 10218 20204 40152 57011 87800 333 70005;
0152599540999992000012300004+18500+110000FM-12+005099999V0209999C000010450019N0220001N1+02091+02011101601ADDAA199000091GF106991021041008001041021MD1210071+0021REMSYN070AAXX  23001 59954 32572 60000 10209 20201 40160 52007 82442 333 05201;EQDQ01  00002PRCP99
0165599540999992000012306004+18500+110000FM-12+005099999V0200901N005010075019N0300001N1+02671+02081101421ADDAA199000091GF107991071021008001999999KA1999N+02001MD1710261+9999REMSYN070AAXX  23061 59954 32580 70905 10267 20208 40142 57026 872// 333 20200;EQDQ01  00002PRCP99
0142599540999992000012312004+18500+110000FM-12+005099999V0209999C000010075019N0200001N1+02281+02111101521ADDAA199000091GF107991071021008001999999MD1210161+9999REMSYN060AAXX  23121 59954 32570 70000 10228 20211 40152 52016 872//;EQDQ01  00002PRCP99
0172599540999992000012318004+18500+110000FM-12+005099999V0209999C000010075019N0150001N1+02171+02081101511ADDAA106000791AY181061GF107991071021008001999999KA1999M+02721MD1710111+9999MW1001REMSYN082AAXX  23181 59954 11565 70000 10217 20208 40151 57011 69901 70080 872// 333 10272;
0133599540999992000012321004+18500+110000FM-12+005099999V0209999C000010075019N0150001N1+02151+02061101491ADDAA124000791GF107991071021008001999999MD1710021+9999REMSYN070AAXX  23211 59954 42565 70000 10215 20206 40149 57002 872// 333 79999;
0165599540999992000012400004+18500+110000FM-12+005099999V0209999C000010075019N0080001N1+02131+02081101641ADDAA106000591AY181061GF107991071021008001999999MD1210141+0001MW1801REMSYN088AAXX  24001 59954 11558 70000 10213 20208 40164 52014 69961 78080 872// 333 00000 70006;
0172599540999992000012406004+18500+110000FM-12+005099999V0209999C000010075019N0350001N1+02481+02151101571ADDAA106001091AY181061GF108991081021008001999999KA1999N+02051MD1710251+9999MW1001REMSYN082AAXX  24061 59954 11581 80000 10248 20215 40157 57025 60011 70080 882// 333 20205;
0149599540999992000012412004+18500+110000FM-12+005099999V0209999C000010042019N0110001N1+02221+02141101731ADDAA106002091AY181061GF108991081021004501999999MD1210201+9999MW1801REMSYN072AAXX  24121 59954 11461 80000 10222 20214 40173 52020 60021 78080 882//;
0139599540999992000012421004+18500+110000FM-12+005099999V0203601N002019999999N0150001N1+02131+01911101741ADDAA100999999GF107991999999008001999999MD1010201+9999MW1801REMSYN070AAXX  24211 59954 41565 73602 10213 20191 40174 5002/ 78000 333 64/9/;
0165599540999992000012500004+18500+110000FM-12+005099999V0203601N005010042019N0200001N1+02091+01831101881ADDAA106003091AY181061GF107991071021004501999999MD1210141+0201MW1801REMSYN088AAXX  25001 59954 11470 73605 10209 20183 40188 52014 60031 78080 872// 333 00200 70090;
0172599540999992000012506004+18500+110000FM-12+005099999V0203601N005010042019N0300001N1+02001+01561101951ADDAA106000191AY181061GF107991071021004501041999KA1999N+01901MD1710151+9999MW1001REMSYN082AAXX  25061 59954 11480 73605 10200 20156 40195 57015 69921 70080 8724/ 333 20190;
0123599540999992000012512004+18500+110000FM-12+005099999V02099999999990075019N0150001N1+01701+01371102121ADDAA199000021GF107991071021008001999999MD1210161+9999REMSYN060AAXX  25121 59954 32565 736/3 1017/ 20137 40212 52016 872//;
0172599540999992000012518004+18500+110000FM-12+005099999V0203601N005010075019N0120001N1+01661+01401102151ADDAA106000191AY181061GF108991081021008001999999KA1999M+02231MD1710061+9999MW1801REMSYN082AAXX  25181 59954 11562 83605 10166 20140 40215 57006 69921 78080 882// 333 10223;
0165599540999992000012600004+18500+110000FM-12+005099999V0203601N004010075019N0250001N1+01571+01161102351ADDAA106000191AY181061GF107991071021008001999999MD1210251+0501MW1251REMSYN088AAXX  26001 59954 11575 73604 10157 20116 40235 52025 69921 72580 872// 333 00555 70006;
0146599540999992000012606004+18500+110000FM-12+005099999V0203201N003010120019N0250001N1+01821+01211102261ADDAA199000021GF107991071081008001999999KA1999N+01481MD1710301+9999REMSYN070AAXX  26061 59954 32575 73203 10182 20121 40226 57030 878// 333 20148;
0165599540999992000012618004+18500+110000FM-12+005099999V0203401N005010450019N0180001N1+01451+00851102441ADDAA199000091GF107991021021008001041999KA1999M+01891MD1710081+9999REMSYN070AAXX  26181 59954 32568 73405 10145 20085 40244 57008 8224/ 333 10189;EQDQ01  00002PRCP99
0127599540999992000012621004+18500+110000FM-12+005099999V0200201N006010120019N0200001N1+01421+99999102351ADDAA124000191GF107991071081008001999999MD1710091+9999REMSYN064AAXX  26211 59954 42570 70206 10142 40235 57009 878// 333 70001;
0165599540999992000012706004+18500+110000FM-12+005099999V0203601N006010075019N0200001N1+01581+00961102341ADDAA199000091GF107991071021008001999999KA1999N+01271MD1710291+9999REMSYN070AAXX  27061 59954 32570 73606 10158 20096 40234 57029 872// 333 20127;EQDQ01  00002PRCP99
0142599540999992000012712004+18500+110000FM-12+005099999V0203601N003010075019N0150001N1+01451+00901102461ADDAA199000091GF107991071021008001999999MD1210201+9999REMSYN060AAXX  27121 59954 32565 73603 10145 20090 40246 52020 872//;EQDQ01  00002PRCP99
0112599540999992000012721004+18500+110000FM-12+005099999V0200201N006010075019N0150001N1+01451+00941102321ADDGF108991081021008001999999MD1710081+9999REMSYN060AAXX  27211 59954 42565 80206 10145 20094 40232 57008 882//;
0152599540999992000012800004+18500+110000FM-12+005099999V0203601N004011050019N0200001N1+01481+00981102421ADDAA199000091GF107991021021008001001021MD1210101+0021REMSYN070AAXX  28001 59954 32570 73604 10148 20098 40242 52010 82202 333 05201;EQDQ01  00002PRCP99
0137599540999992000012806004+18500+110000FM-12+005099999V0200201N004019999999N0220001N1+99999+99999999999ADDAA199000091GF107991999999999999999999REMSYN069AAXX  28061 59954 32972 70204 1220 20125 40213 57035 80002 333 20136;EQDQ01  00002PRCP99
0142599540999992000012812004+18500+110000FM-12+005099999V0200401N001019999999N0200001N1+01761+01301102201ADDAA199000091GF107991001001999999001021MD1210161+9999REMSYN060AAXX  28121 59954 32970 70401 10176 20130 40220 52016 80002;EQDQ01  00002PRCP99
0165599540999992000012818004+18500+110000FM-12+005099999V0203601N002010075019N0150001N1+01771+01401102181ADDAA199000091GF107991071021008001999999KA1999M+02261MD1710071+9999REMSYN070AAXX  28181 59954 32565 73602 10177 20140 40218 57007 872// 333 10226;EQDQ01  00002PRCP99
0112599540999992000012821004+18500+110000FM-12+005099999V0203601N003010120019N0150001N1+01821+01441102111ADDGF107991071081008001999999MD1710071+9999REMSYN060AAXX  28211 59954 42565 73603 10182 20144 40211 57007 878//;
0152599540999992000012900004+18500+110000FM-12+005099999V0203601N005010120019N0200001N1+01811+01451102281ADDAA199000091GF107991061081008001041021MD1210171+0011REMSYN070AAXX  29001 59954 32570 73605 10181 20145 40228 52017 86842 333 05103;EQDQ01  00002PRCP99
0164599540999992000012906004+18500+110000FM-12+005099999V0203401N004010075019N0200001N1+01931+01431102261ADDAA106000791GF107991071021008001999999KA1999N+01621MD1710171+9999MW1801REMSYN082AAXX  29061 59954 11570 73404 10193 20143 40226 57017 69901 78000 872// 333 20162;
0146599540999992000012918004+18500+110000FM-12+005099999V0203601N006010075019N0150001N1+01831+01411102391ADDAA199000021GF106991061021008001001001KA1999M+02071MD1710081+9999REMSYN070AAXX  29181 59954 32565 63606 10183 20141 40239 57008 86200 333 10207;
0139599540999992000013000004+18500+110000FM-12+005099999V0203601N005010450019N0200001N1+01731+01101102481ADDAA124000791GF106991021021008001041001MD1210161+0201REMSYN076AAXX  30001 59954 32570 63605 10173 20110 40248 52016 82240 333 00251 79999;
0165599540999992000013006004+18500+110000FM-12+005099999V0203601N005010075019N0200001N1+01881+01211102411ADDAA199000091GF107991071021008001041999KA1999N+01641MD1710231+9999REMSYN070AAXX  30061 59954 32570 73605 10188 20121 40241 57023 8724/ 333 20164;EQDQ01  00002PRCP99
0142599540999992000013012004+18500+110000FM-12+005099999V0203601N004011050019N0150001N1+01711+01201102481ADDAA199000091GF107991041021008001001021MD1210141+9999REMSYN060AAXX  30121 59954 32565 73604 10171 20120 40248 52014 84202;EQDQ01  00002PRCP99
0165599540999992000013018004+18500+110000FM-12+005099999V0203601N004012200019N0150001N1+01701+01251102511ADDAA199000091GF104991041021008001001001KA1999M+01971MD1710101+9999REMSYN070AAXX  30181 59954 32565 43604 10170 20125 40251 57010 84200 333 10197;EQDQ01  00002PRCP99
0112599540999992000013021004+18500+110000FM-12+005099999V0203601N004012200019N0150001N1+01661+01201102381ADDGF102991011011008001041021MD1710131+9999REMSYN060AAXX  30211 59954 42565 23604 10166 20120 40238 57013 81142;
0152599540999992000013100004+18500+110000FM-12+005099999V0203401N003012200019N0150001N1+01651+01151102491ADDAA199000091GF102991021021008001001021MD1210111+0001REMSYN070AAXX  31001 59954 32565 23403 10165 20115 40249 52011 82202 333 00051;EQDQ01  00002PRCP99
0165599540999992000013106004+18500+110000FM-12+005099999V0203601N005010075019N0250001N1+01991+01301102351ADDAA199000091GF106991061021008001001021KA1999N+01561MD1710231+9999REMSYN070AAXX  31061 59954 32575 63605 10199 20130 40235 57023 86202 333 20156;EQDQ01  00002PRCP99
0142599540999992000013112004+18500+110000FM-12+005099999V0203601N004012200019N0200001N1+01541+01001102451ADDAA199000091GF102991011021008001001021MD1210191+9999REMSYN060AAXX  31121 59954 32570 23604 10154 20100 40245 52019 81202;EQDQ01  00002PRCP99
0175599540999992000013118004+18500+110000FM-12+005099999V0203401N002012200019N0200001N1+01411+00941102481ADDAA199000091GA1001+999999999GF100991001001999999001001KA1999M+02121MD1710091+9999REMSYN064AAXX  31181 59954 32970 03402 10141 20094 40248 57009 333 10212;EQDQ01  00002PRCP99
0112599540999992000013121004+18500+110000FM-12+005099999V0203601N004012200019N0150001N1+01401+00991102351ADDGF101991011011008001001001MD1710131+9999REMSYN060AAXX  31211 59954 42565 13604 10140 20099 40235 57013 81100;
0152599540999992000020100004+18500+110000FM-12+005099999V0203401N004010075019N0180001N1+01421+00991102521ADDAA199000091GF106991061021008001041001MD1210171+0001REMSYN070AAXX  01001 59954 32568 63404 10142 20099 40252 52017 86240 333 00052;EQDQ01  00002PRCP99
0165599540999992000020106004+18500+110000FM-12+005099999V0200201N005012200019N0200001N1+01921+01161102231ADDAA199000091GF103991031041008001001001KA1999N+01321MD1710331+9999REMSYN070AAXX  01061 59954 32570 30205 10192 20116 40223 57033 83400 333 20132;EQDQ01  00002PRCP99
0165599540999992000020118004+18500+110000FM-12+005099999V0203601N002012200019N0120001N1+01491+01051102251ADDAA199000091GF102991021021008001001001KA1999M+02061MD1710081+9999REMSYN070AAXX  01181 59954 32562 23602 10149 20105 40225 57008 82200 333 10206;EQDQ01  00002PRCP99
0112599540999992000020121004+18500+110000FM-12+005099999V0203601N004010075019N0150001N1+01511+00991102151ADDGF106991061021008001001001MD1710101+9999REMSYN060AAXX  01211 59954 42565 63604 10151 20099 40215 57010 86200;
0152599540999992000020200004+18500+110000FM-12+005099999V0209999C000010120019N0200001N1+01561+01071102301ADDAA199000091GF107991071081008001999999MD1210151+0021REMSYN070AAXX  02001 59954 32570 70000 10156 20107 40230 52015 878// 333 05201;EQDQ01  00002PRCP99
0165599540999992000020206004+18500+110000FM-12+005099999V0200901N003012200019N0250001N1+02351+01171102001ADDAA199000091GF103991011021008001001021KA1999N+01411MD1710351+9999REMSYN070AAXX  02061 59954 32575 30903 10235 20117 40200 57035 81202 333 20141;EQDQ01  00002PRCP99
0112599540999992000020221004+18500+110000FM-12+005099999V0209999C000010075019N0150001N1+01721+01481101841ADDGF107991071021008001001001MD1710161+9999REMSYN060AAXX  02211 59954 42565 70000 10172 20148 40184 57016 87200;
0152599540999992000020300004+18500+110000FM-12+005099999V0209999C000010120019N0200001N1+01831+01431101931ADDAA199000091GF107991071081008001999999MD1210091+0041REMSYN070AAXX  03001 59954 32570 70000 10183 20143 40193 52009 878// 333 05403;EQDQ01  00002PRCP99
0165599540999992000020306004+18500+110000FM-12+005099999V0202201N001010450019N0300001N1+02541+01561101801ADDAA199000091GF106991011011008001041001KA1999N+01571MD1710241+9999REMSYN070AAXX  03061 59954 32580 62201 10254 20156 40180 57024 81140 333 20157;EQDQ01  00002PRCP99
0133599540999992000020321004+18500+110000FM-12+005099999V0203201N001010075019N0150001N1+01871+01621101621ADDAA124000791GF105991051021008001001001MD1710211+9999REMSYN070AAXX  03211 59954 42565 53201 10187 20162 40162 57021 85200 333 79999;
0139599540999992000020400004+18500+110000FM-12+005099999V0209999C000010450019N0220001N1+01931+01671101761ADDAA124000791GF107991011011008001041021MD1210141-0201REMSYN076AAXX  04001 59954 32572 70000 10193 20167 40176 52014 81142 333 05201 79999;
0165599540999992000020406004+18500+110000FM-12+005099999V0200401N003010120019N0250001N1+02591+01841101481ADDAA199000091GF107991061081008001041999KA1999N+01741MD1710331+9999REMSYN070AAXX  04061 59954 32575 70403 10259 20184 40148 57033 8684/ 333 20174;EQDQ01  00002PRCP99
0172599540999992000020418004+18500+110000FM-12+005099999V0200701N004010075019N0150001N1+02171+01971101641ADDAA106000791AY181061GF107991071021008001999999KA1999M+02711MD1210011+9999MW1001REMSYN082AAXX  04181 59954 11565 70704 10217 20197 40164 52001 69901 70080 872// 333 10271;
0133599540999992000020421004+18500+110000FM-12+005099999V0200701N004010120019N0150001N1+02171+01891101561ADDAA124000391GF107991071081008001999999MD1710091+9999REMSYN070AAXX  04211 59954 42565 70704 10217 20189 40156 57009 878// 333 70003;
0139599540999992000020500004+18500+110000FM-12+005099999V0200401N002010120019N0200001N1+02171+01851101721ADDAA124000391GF106991061081008001001001MD1219999+0001REMSYN076AAXX  05001 59954 32570 60402 10217 20185 40172 52/16 86800 333 00002 70003;
0165599540999992000020506004+18500+110000FM-12+005099999V0200901N007012200019N0300001N1+02571+01821101511ADDAA199000091GF103991021021008001001021KA1999N+02091MD1710261+9999REMSYN070AAXX  05061 59954 32580 30907 10257 20182 40151 57026 82202 333 20209;EQDQ01  00002PRCP99
0142599540999992000020512004+18500+110000FM-12+005099999V0200901N003012200019N0250001N1+02121+99999101561ADDAA199000091GF101991011011008001001001MD1210191+9999REMSYN060AAXX  05121 59954 32575 10903 10212 20471 40156 52019 81100;EQDQ01  00002PRCP99
0165599540999992000020518004+18500+110000FM-12+005099999V0200401N001012200019N0150001N1+01901+01581101701ADDAA199000091GF101991011011008001001001KA1999M+02681MD1710041+9999REMSYN070AAXX  05181 59954 32565 10401 10190 20158 40170 57004 81100 333 10268;EQDQ01  00002PRCP99
0152599540999992000020600004+18500+110000FM-12+005099999V0209999C000011050019N0200001N1+01741+01481101731ADDAA199000091GF107991011021008001001021MD1210151+0001REMSYN070AAXX  06001 59954 32570 70000 10174 20148 40173 52015 81202 333 00054;EQDQ01  00002PRCP99
0137599540999992000020606004+18500+110000FM-12+005099999V0200201N005019999999N0200001N1+02431+99999999999ADDAA199000091GF105991999999008001999999REMSYN069AAXX  06061 59954 32570 50205 10243 0142 40144 57033 81402 333 20171;EQDQ01  00002PRCP99
0142599540999992000020612004+18500+110000FM-12+005099999V0203601N001011050019N0150001N1+02021+01421101501ADDAA199000091GF107991011011008001001021MD1210191+9999REMSYN060AAXX  06121 59954 32565 73601 10202 20142 40150 52019 81102;EQDQ01  00002PRCP99
0165599540999992000020618004+18500+110000FM-12+005099999V0209999C000010075019N0150001N1+01771+01481101621ADDAA199000091GF107991071021008001999999KA1999M+02521MD1710091+9999REMSYN070AAXX  06181 59954 32565 70000 10177 20148 40162 57009 872// 333 10252;EQDQ01  00002PRCP99
0112599540999992000020621004+18500+110000FM-12+005099999V0209999C000011050019N0200001N1+01741+01351101471ADDGF105991011011008001001021MD1710151+9999REMSYN060AAXX  06211 59954 42570 50000 10174 20135 40147 57015 81102;
0152599540999992000020700004+18500+110000FM-12+005099999V0209999C000011050019N0200001N1+01661+01421101541ADDAA199000091GF107991011011008001001021MD1210071+0021REMSYN070AAXX  07001 59954 32570 70000 10166 20142 40154 52007 81102 333 05251;EQDQ01  00002PRCP99
0165599540999992000020706004+18500+110000FM-12+005099999V0200901N006012200019N0250001N1+02411+01401101451ADDAA199000091GF101991011011008001001021KA1999N+01581MD1710281+9999REMSYN070AAXX  07061 59954 32575 10906 10241 20140 40145 57028 81102 333 20158;EQDQ01  00002PRCP99
0165599540999992000020718004+18500+110000FM-12+005099999V0200401N003012200019N0200001N1+01951+01151101671ADDAA199000091GF102991021041008001001001KA1999M+02561MD1410001+9999REMSYN070AAXX  07181 59954 32570 20403 10195 20115 40167 54000 82400 333 10256;EQDQ01  00002PRCP99
0112599540999992000020721004+18500+110000FM-12+005099999V0203401N003012200019N0150001N1+01791+01251101571ADDGF101991011011008001001001MD1710101+9999REMSYN060AAXX  07211 59954 42565 13403 10179 20125 40157 57010 81100;
0165599540999992000020806004+18500+110000FM-12+005099999V0200901N006012200019N0200001N1+02391+01311101531ADDAA199000091GF101991011011008001001001KA1999N+01661MD1710291+9999REMSYN070AAXX  08061 59954 32570 10906 10239 20131 40153 57029 81100 333 20166;EQDQ01  00002PRCP99
0142599540999992000020812004+18500+110000FM-12+005099999V0200901N005010120019N0150001N1+01941+01401101651ADDAA199000091GF107991071081008001999999MD1210211+9999REMSYN060AAXX  08121 59954 32565 70905 10194 20140 40165 52021 878//;EQDQ01  00002PRCP99
0165599540999992000020818004+18500+110000FM-12+005099999V0209999C000010120019N0200001N1+01811+01471101721ADDAA199000091GF107991071081008001999999KA1999M+02421MD1710051+9999REMSYN070AAXX  08181 59954 32570 70000 10181 20147 40172 57005 878// 333 10242;EQDQ01  00002PRCP99
0112599540999992000020821004+18500+110000FM-12+005099999V0209999C000010120019N0150001N1+01691+01481101611ADDGF107991071081008001999999MD1710111+9999REMSYN060AAXX  08211 59954 42565 70000 10169 20148 40161 57011 878//;
0152599540999992000020900004+18500+110000FM-12+005099999V0209999C000010120019N0150001N1+01731+01511101711ADDAA199000091GF107991071081008001041021MD1210101+0001REMSYN070AAXX  09001 59954 32565 70000 10173 20151 40171 52010 87842 333 00000;EQDQ01  00002PRCP99
0142599540999992000020912004+18500+110000FM-12+005099999V02099999999990120019N0150001N1+02071+01641101521ADDAA199000091GF107991071081008001999999MD1219999+9999REMSYN060AAXX  09121 59954 32565 7//02 10207 20164 40152 52/17 878//;EQDQ01  00002PRCP99
0165599540999992000020918004+18500+110000FM-12+005099999V0209999C000012200019N0150001N1+01761+01631101541ADDAA199000091GF101991011011008001001001KA1999M+02401MD1710051+9999REMSYN070AAXX  09181 59954 32565 10000 10176 20163 40154 57005 81100 333 10240;EQDQ01  00002PRCP99
0106599540999992000020921004+18500+110000FM-12+005099999V0209999C000012200019N0150001N1+01641+99999999999ADDGF101991011011008001001001MD1710091+9999REMSYN054AAXX  09211 59954 42565 10000 10164 4/145 57009 81100;
0152599540999992000021000004+18500+110000FM-12+005099999V0209999C000011050019N0200001N1+01631+01471101581ADDAA199000091GF107991011011008001001021MD1210131+0011REMSYN070AAXX  10001 59954 32570 70000 10163 20147 40158 52013 81102 333 05151;EQDQ01  00002PRCP99
0165599540999992000021006004+18500+110000FM-12+005099999V0201101N004011050019N0250001N1+02451+01821101341ADDAA199000091GF107991021021008001001021KA1999N+01561MD1710301+9999REMSYN070AAXX  10061 59954 32575 71104 10245 20182 40134 57030 82202 333 20156;EQDQ01  00002PRCP99
0165599540999992000021018004+18500+110000FM-12+005099999V0209999C000010075019N0150001N1+01881+01681101411ADDAA199000091GF105991051021008001001001KA1999M+02601MD1710051+9999REMSYN070AAXX  10181 59954 32565 50000 10188 20168 40141 57005 85200 333 10260;EQDQ01  00002PRCP99
0112599540999992000021021004+18500+110000FM-12+005099999V0209999C000012200019N0150001N1+01801+01631101341ADDGF103991031021008001001001MD1710071+9999REMSYN060AAXX  10211 59954 42565 30000 10180 20163 40134 57007 83200;
0152599540999992000021100004+18500+110000FM-12+005099999V0209999C000019999999N0170001N1+01731+01561101501ADDAA199000091GF107991001001999999001021MD1210161+0011REMSYN070AAXX  11001 59954 32967 70000 10173 20156 40150 52016 80002 333 05101;EQDQ01  00002PRCP99
0165599540999992000021106004+18500+110000FM-12+005099999V0201401N004012200019N0250001N1+02491+01721101271ADDAA199000091GF102991011021008001001021KA1999N+01691MD1710261+9999REMSYN070AAXX  11061 59954 32575 21404 10249 20172 40127 57026 81202 333 20169;EQDQ01  00002PRCP99
0142599540999992000021112004+18500+110000FM-12+005099999V0200901N002010120019N0200001N1+02231+01921101321ADDAA199000091GF107991071081008001001001MD1210121+9999REMSYN060AAXX  11121 59954 32570 70902 10223 20192 40132 52012 87800;EQDQ01  00002PRCP99
0165599540999992000021118004+18500+110000FM-12+005099999V0209999C000012200019N0150001N1+02021+01811101341ADDAA199000091GF102991021041008001001001KA1999M+02671MD1710081+9999REMSYN070AAXX  11181 59954 32565 20000 10202 20181 40134 57008 82400 333 10267;EQDQ01  00002PRCP99
0152599540999992000021200004+18500+110000FM-12+005099999V0209999C000011050019N0200001N1+01791+01691101451ADDAA199000091GF107991011041008001001021MD1210181+0011REMSYN070AAXX  12001 59954 32570 70000 10179 20169 40145 52018 81402 333 05101;EQDQ01  00002PRCP99
0165599540999992000021206004+18500+110000FM-12+005099999V0201101N004011050019N0300001N1+02591+01841101291ADDAA199000091GF106991021021008001001021KA1999N+01711MD1710221+9999REMSYN070AAXX  12061 59954 32580 61104 10259 20184 40129 57022 82202 333 20171;EQDQ01  00002PRCP99
0165599540999992000021218004+18500+110000FM-12+005099999V0209999C000012200019N0150001N1+01901+01841101211ADDAA199000091GF101991011011008001001001KA1999M+02681MD1710121+9999REMSYN070AAXX  12181 59954 32565 10000 10190 20184 40121 57012 81100 333 10268;EQDQ01  00002PRCP99
0122599540999992000021221004+18500+110000FM-12+005099999V0209999C000012200019N0250001N1+01791+01691101141ADDGA1001+999999999GF100991001001999999001001MD1710071+9999REMSYN054AAXX  12211 59954 42975 00000 10179 20169 40114 57007;
0152599540999992000021300004+18500+110000FM-12+005099999V0209999C000010075019N0200001N1+01741+01691101311ADDAA199000091GF105991051021008001001001MD1210161+0011REMSYN070AAXX  13001 59954 32570 50000 10174 20169 40131 52016 85200 333 05151;EQDQ01  00002PRCP99
0165599540999992000021306004+18500+110000FM-12+005099999V0201101N001012200019N0300001N1+02691+01921101111ADDAA199000091GF101991011021008001001001KA1999N+01661MD1710271+9999REMSYN070AAXX  13061 59954 32580 11101 10269 20192 40111 57027 81200 333 20166;EQDQ01  00002PRCP99
0158599540999992000021311004+18500+110000FM-12+005099999V0201001N001012200019N0150001N1+01991+01881101181ADDAA199000091GF101991999021008001999999MD1710041+9999REMSYN060AAXX  13111 59954 32565 11001 10199 20188 40118 57004 872//;EQDQ01+000072SCOTLCQ02  00002PRCP99
0142599540999992000021312004+18500+110000FM-12+005099999V0209999C000012200019N0200001N1+02201+02021101101ADDAA199000091GF101991011011008001001021MD1210121+9999REMSYN060AAXX  13121 59954 32570 10000 10220 20202 40110 52012 81102;EQDQ01  00002PRCP99
0165599540999992000021318004+18500+110000FM-12+005099999V0209999C000010075019N0150001N1+01991+01881101181ADDAA199000091GF107991071021008001999999KA1999M+02711MD1710041+9999REMSYN070AAXX  13181 59954 32565 70000 10199 20188 40118 57004 872// 333 10271;EQDQ01  00002PRCP99
0112599540999992000021321004+18500+110000FM-12+005099999V0209999C000010120019N0200001N1+01931+01831101151ADDGF107991071081008001999999MD1710031+9999REMSYN060AAXX  13211 59954 42570 70000 10193 20183 40115 57003 878//;
0152599540999992000021400004+18500+110000FM-12+005099999V0209999C000010120019N0200001N1+01981+01801101401ADDAA199000091GF106991061081008001001021MD1210241+0011REMSYN070AAXX  14001 59954 32570 60000 10198 20180 40140 52024 86802 333 00102;EQDQ01  00002PRCP99
0165599540999992000021406004+18500+110000FM-12+005099999V0201401N002012200019N0300001N1+02641+02071101321ADDAA199000091GF102991011011008001001021KA1999N+01901MD1710181+9999REMSYN070AAXX  14061 59954 32580 21402 10264 20207 40132 57018 81102 333 20190;EQDQ01  00002PRCP99
0142599540999992000021412004+18500+110000FM-12+005099999V02099999999992200019N0200001N1+02261+02121101351ADDAA199000091GF102991021021008001001001MD1210151+9999REMSYN060AAXX  14121 59954 32570 200/0 10226 20212 40135 52015 82200;EQDQ01  00002PRCP99
0112599540999992000021421004+18500+110000FM-12+005099999V0209999C000010120019N0250001N1+02191+01961101451ADDGF107991071081008001999999MD1710021+9999REMSYN060AAXX  14211 59954 42575 70000 10219 20196 40145 57002 878//;
0152599540999992000021500004+18500+110000FM-12+005099999V0200901N004010075019N0200001N1+02241+01961101681ADDAA199000091GF107991071021008001041999MD1210231+0031REMSYN070AAXX  15001 59954 32570 70904 10224 20196 40168 52023 8724/ 333 00303;EQDQ01  00002PRCP99
0165599540999992000021506004+18500+110000FM-12+005099999V0200901N006010075019N0200001N1+02481+01781101601ADDAA199000091GF107991071021008001999999KA1999N+02101MD1710211+9999REMSYN070AAXX  15061 59954 32570 70906 10248 20178 40160 57021 872// 333 20210;EQDQ01  00002PRCP99
0112599540999992000021521004+18500+110000FM-12+005099999V0200701N003010075019N0200001N1+02131+01831101551ADDGF106991061021008001001001MD1710091+9999REMSYN060AAXX  15211 59954 42570 60703 10213 20183 40155 57009 86200;
0152599540999992000021600004+18500+110000FM-12+005099999V0200901N001010120019N0150001N1+02141+01771101671ADDAA199000091GF106991061081008001001001MD1210111+0001REMSYN070AAXX  16001 59954 32565 60901 10214 20177 40167 52011 86800 333 00051;EQDQ01  00002PRCP99
0165599540999992000021606004+18500+110000FM-12+005099999V0200701N005012200019N0200001N1+02471+01911101481ADDAA199000091GF102991021021008001001001KA1999N+02091MD1710291+9999REMSYN070AAXX  16061 59954 32570 20705 10247 20191 40148 57029 82200 333 20209;EQDQ01  00002PRCP99
0142599540999992000021612004+18500+110000FM-12+005099999V0209999C000012200019N0200001N1+02171+01901101481ADDAA199000091GF102991021041008001001001MD1210121+9999REMSYN060AAXX  16121 59954 32570 20000 10217 20190 40148 52012 82400;EQDQ01  00002PRCP99
0164599540999992000021618004+18500+110000FM-12+005099999V0200901N001010075019N0180001N1+02181+01951101541ADDAA106000791GF107991071021008001999999KA1999M+02621MD1710111+9999MW1251REMSYN082AAXX  16181 59954 11568 70901 10218 20195 40154 57011 69901 72500 872// 333 10262;
0145599540999992000021621004+18500+110000FM-12+005099999V0209999C000010075019N0150001N1+02121+01981101481ADDAA124000391GF108991081021008001999999MD1710061+9999MW1801REMSYN076AAXX  16211 59954 41565 80000 10212 20198 40148 57006 78000 882// 333 70003;
0172599540999992000021706004+18500+110000FM-12+005099999V0200901N004010075019N0220001N1+02451+01891101431ADDAA106000191AY181061GF107991071021008001999999KA1999N+02101MD1710301+9999MW1001REMSYN082AAXX  17061 59954 11572 70904 10245 20189 40143 57030 69911 70080 872// 333 20210;
0165599540999992000021718004+18500+110000FM-12+005099999V0209999C000012200019N0200001N1+02171+02001101391ADDAA199000091GF102991021021008001001001KA1999M+02521MD1710081+9999REMSYN070AAXX  17181 59954 32570 20000 10217 20200 40139 57008 82200 333 10252;EQDQ01  00002PRCP99
0139599540999992000021800004+18500+110000FM-12+005099999V0209999C000010075019N0200001N1+02041+01831101451ADDAA124000191GF107991071041008001999999MD1210101-0201REMSYN076AAXX  18001 59954 32570 70000 10204 20183 40145 52010 874// 333 05251 70001;
0165599540999992000021806004+18500+110000FM-12+005099999V0201401N001012200019N0250001N1+02771+02151101311ADDAA199000091GF103991031021008001001001KA1999N+01941MD1710231+9999REMSYN070AAXX  18061 59954 32575 31401 10277 20215 40131 57023 83200 333 20194;EQDQ01  00002PRCP99
0165599540999992000021818004+18500+110000FM-12+005099999V0209999C000010075019N0200001N1+02221+02141101191ADDAA199000091GF107991071021008001999999KA1999M+02781MD1710021+9999REMSYN070AAXX  18181 59954 32570 70000 10222 20214 40119 57002 872// 333 10278;EQDQ01  00002PRCP99
0152599540999992000021900004+18500+110000FM-12+005099999V0209999C000010120019N0200001N1+02231+02111101221ADDAA199000091GF107991071081008001999999MD1210131+0021REMSYN070AAXX  19001 59954 32570 70000 10223 20211 40122 52013 878// 333 05202;EQDQ01  00002PRCP99
0165599540999992000021906004+18500+110000FM-12+005099999V0202001N005010450019N0300001N1+02881+02161100991ADDAA199000091GF105991031021008001041001KA1999N+02121MD1710311+9999REMSYN070AAXX  19061 59954 32580 52005 10288 20216 40099 57031 83240 333 20212;EQDQ01  00002PRCP99
0152599540999992000022000004+18500+110000FM-12+005099999V0209999C000010075019N0200001N1+02271+02161101071ADDAA199000091GF107991071021008001999999MD1210111+0021REMSYN070AAXX  20001 59954 32570 70000 10227 20216 40107 52011 872// 333 05200;EQDQ01  00002PRCP99
0165599540999992000022006004+18500+110000FM-12+005099999V0202201N004011050019N0300001N1+02931+02211100931ADDAA199000091GF105991011021008001041021KA1999N+02221MD1710241+9999REMSYN070AAXX  20061 59954 32580 52204 10293 20221 40093 57024 81242 333 20222;EQDQ01  00002PRCP99
0165599540999992000022018004+18500+110000FM-12+005099999V0209999C000012200019N0220001N1+02411+02321101061ADDAA199000091GF104991999041008001001001KA1999M+03041MD1710071+9999REMSYN070AAXX  20181 59954 32572 40000 10241 20232 40106 57007 8/400 333 10304;EQDQ01  00002PRCP99
0152599540999992000022100004+18500+110000FM-12+005099999V0209999C000010120019N0180001N1+02391+02271101201ADDAA199000091GF107991071081008001999999MD1210171+0011REMSYN070AAXX  21001 59954 32568 70000 10239 20227 40120 52017 878// 333 00101;EQDQ01  00002PRCP99
0172599540999992000022106004+18500+110000FM-12+005099999V0201601N002010075019N0300001N1+02881+02271101121ADDAA106000791AY181061GF106991061021008001041001KA1999N+02311MD1710261+9999MW1001REMSYN082AAXX  21061 59954 11580 61602 10288 20227 40112 57026 69901 70080 86240 333 20231;
0133599540999992000022121004+18500+110000FM-12+005099999V0209999C000010075019N0200001N1+02441+02351101031ADDAA124000791GF107991071021008001999999MD1710191+9999REMSYN070AAXX  21211 59954 42570 70000 10244 20235 40103 57019 872// 333 79999;
0139599540999992000022200004+18500+110000FM-12+005099999V0209999C000010075019N0200001N1+02461+02371101191ADDAA124000791GF107991071021008001041999MD1210161+0001REMSYN076AAXX  22001 59954 32570 70000 10246 20237 40119 52016 8724/ 333 00001 79999;
0165599540999992000022206004+18500+110000FM-12+005099999V0201801N004012200019N0300001N1+03011+02301101071ADDAA199000091GF103991021021008001041021KA1999N+02411MD1710251+9999REMSYN070AAXX  22061 59954 32580 31804 10301 20230 40107 57025 82242 333 20241;EQDQ01  00002PRCP99
0142599540999992000022212004+18500+110000FM-12+005099999V0209999C000012200019N0200001N1+02551+02381101031ADDAA199000091GF101991011011008001001001MD1210121+9999REMSYN060AAXX  22121 59954 32570 10000 10255 20238 40103 52012 81100;EQDQ01  00002PRCP99
0135599540999992000022218004+18500+110000FM-12+005099999V0209999C000019999999N0200001N1+02491+02371101001ADDGF107991071081999999999999KA1999M+03051MD1710051+9999REMSYN070AAXX  22181 59954 ///70 70000 10249 20237 4010/ 57005 878// 333 10305;
0112599540999992000022221004+18500+110000FM-12+005099999V0202201N001010120019N0200001N1+02491+02391100981ADDGF107991071081008001999999MD1710111+9999REMSYN060AAXX  22211 59954 42570 72201 10249 20239 40098 57011 878//;
0184599540999992000022300004+18500+110000FM-12+005099999V0202201N001010075019N0200001N1+99999+02391101151ADDAA199000091GF107991071021008001999999MD1210171+0001REMSYN070AAXX  23001 59954 32570 72201 10551 20239 40115 52017 872// 333 00001;EQDQ01+005513ATOT  Q02  00002PRCP99Q03 +05513ATOT  
0165599540999992000022306004+18500+110000FM-12+005099999V0202001N004012200019N0300001N1+03001+02181101041ADDAA199000091GF102991021021008001001001KA1999N+02421MD1710261+9999REMSYN070AAXX  23061 59954 32580 22004 10300 20218 40104 57026 82200 333 20242;EQDQ01  00002PRCP99
0142599540999992000022312004+18500+110000FM-12+005099999V0201401N004010075019N0200001N1+02611+02391101141ADDAA199000091GF107991071021008001999999MD1210211+9999REMSYN060AAXX  23121 59954 32570 71404 10261 20239 40114 52021 872//;EQDQ01  00002PRCP99
0172599540999992000022318004+18500+110000FM-12+005099999V0201401N002010075019N0200001N1+02331+02131101241ADDAA106000791AY181061GF107991071021008001999999KA1999M+03111MD1710071+9999MW1001REMSYN082AAXX  23181 59954 11570 71402 10233 20213 40124 57007 69901 70080 872// 333 10311;
0133599540999992000022321004+18500+110000FM-12+005099999V0201601N002010075019N0150001N1+02291+02091101241ADDAA124000791GF108991081021008001999999MD1410001+9999REMSYN070AAXX  23211 59954 42565 81602 10229 20209 40124 54000 882// 333 79999;
0139599540999992000022400004+18500+110000FM-12+005099999V0203601N001010075019N0200001N1+02281+02001101441ADDAA124000791GF107991071021008001999999MD1210201+0301REMSYN076AAXX  24001 59954 32570 73601 10228 20200 40144 52020 872// 333 00352 79999;
0165599540999992000022406004+18500+110000FM-12+005099999V0203601N003010120019N0250001N1+02531+01911101401ADDAA199000091GF107991071081008001999999KA1999N+02251MD1710181+9999REMSYN070AAXX  24061 59954 32575 73603 10253 20191 40140 57018 878// 333 20225;EQDQ01  00002PRCP99
0172599540999992000022418004+18500+110000FM-12+005099999V0202901N003010075019N0200001N1+02001+01741101411ADDAA106000791AY181061GF107991071021008001999999KA1999M+02671MD1710061+9999MW1801REMSYN082AAXX  24181 59954 11570 72903 10200 20174 40141 57006 69901 78080 872// 333 10267;
0153599540999992000022421004+18500+110000FM-12+005099999V0203201N002010075019N0150001N1+01951+01691101391ADDAA124000791AY181031GF108991081021008001999999MD1710021+9999MW1801REMSYN076AAXX  24211 59954 41565 83202 10195 20169 40139 57002 78080 882// 333 79999;
0149599540999992000022500004+18500+110000FM-12+005099999V0203401N003010075019N0250001N1+02021+01571101611ADDAA106000791AY181061GF107991071041008001999999MD1210211+9999MW1001REMSYN072AAXX  25001 59954 11575 73403 10202 20157 40161 52021 69901 70080 874//;
0146599540999992000022506004+18500+110000FM-12+005099999V0203601N005010120019N0300001N1+02091+01481101581ADDAA199000021GF108991081081008001999999KA1999N+01931MD1710151+9999REMSYN070AAXX  25061 59954 32580 83605 10209 20148 40158 57015 888// 333 20193;
0131599540999992000022512004+18500+110000FM-12+005099999V0203601N003010075019N0150001N1+01691+01241101721ADDGF108991071071008001081011MD1110902+9999REMSYN060AAXX  25121 59954 11565 83603 10169 20124 40172 51090 87781;EQDQ01+000902APC3  
0165599540999992000022518004+18500+110000FM-12+005099999V0203401N004010075019N0150001N1+01671+01091101861ADDAA199000091GF108991081021008001999999KA1999M+02221MD1710051+9999REMSYN070AAXX  25181 59954 32565 83404 10167 20109 40186 57005 882// 333 10222;EQDQ01  00002PRCP99
0153599540999992000022521004+18500+110000FM-12+005099999V0203601N004010075019N0150001N1+01611+01091101811ADDAA124000191AY181031GF108991081021008001999999MD1710051+9999MW1251REMSYN076AAXX  25211 59954 41565 83604 10161 20109 40181 57005 72580 882// 333 70001;
0165599540999992000022600004+18500+110000FM-12+005099999V0200201N005010120019N0250001N1+01571+01081101991ADDAA106000191AY181061GF108991081081008001999999MD1210181+0401MW1001REMSYN088AAXX  26001 59954 11575 80205 10157 20108 40199 52018 69911 70080 888// 333 00455 70001;
0146599540999992000022606004+18500+110000FM-12+005099999V0203601N005010120019N0250001N1+01651+01031101921ADDAA199000021GF108991081081008001999999KA1999N+01521MD1710231+9999REMSYN070AAXX  26061 59954 32575 83605 10165 20103 40192 57023 888// 333 20152;
0142599540999992000022612004+18500+110000FM-12+005099999V0203601N003010120019N0150001N1+01521+00961101961ADDAA199000091GF108991081081008001999999MD1210151+9999REMSYN060AAXX  26121 59954 32565 83603 10152 20096 40196 52015 888//;EQDQ01  00002PRCP99
0086599540999992000022621004+18500+110000FM-12+005099999V0203201N003019999999N0200001N1+01551+99999101881ADDMD1710141+9999REMSYN060AAXX  26211 59954 42570 /3203 10155 20722 40188 57014 888//;
0139599540999992000022700004+18500+110000FM-12+005099999V0203201N001010075019N0200001N1+01651+01251101941ADDAA124000791GF107991071021008001041999MD1210061-0101REMSYN076AAXX  27001 59954 32570 73201 10165 20125 40194 52006 8724/ 333 05101 79999;
0165599540999992000022706004+18500+110000FM-12+005099999V0200201N003010075019N0250001N1+02071+01401101731ADDAA199000091GF107991071021008001999999KA1999N+01471MD1710201+9999REMSYN070AAXX  27061 59954 32575 70203 10207 20140 40173 57020 872// 333 20147;EQDQ01  00002PRCP99
0142599540999992000022712004+18500+110000FM-12+005099999V0203401N001010075019N0200001N1+01791+01291101731ADDAA199000091GF108991081021008001999999MD1210111+9999REMSYN060AAXX  27121 59954 32570 83401 10179 20129 40173 52011 882//;EQDQ01  00002PRCP99
0159599540999992000022718004+18500+110000FM-12+005099999V0203601N001010120019N0200001N1+01711+99999101771ADDAA199000091GF107991071081008001999999KA1999M+02151MD1710121+9999REMSYN064AAXX  27181 59954 32570 73601 10171 40177 57012 878// 333 10215;EQDQ01  00002PRCP99
0112599540999992000022721004+18500+110000FM-12+005099999V0209999C000010075019N0150001N1+01721+01371101721ADDGF107991071021008001999999MD1710051+9999REMSYN060AAXX  27211 59954 42565 70000 10172 20137 40172 57005 872//;
0152599540999992000022800004+18500+110000FM-12+005099999V0209999C000010120019N0200001N1+01761+01431101821ADDAA199000091GF107991061081008001041001MD1210101+0011REMSYN070AAXX  28001 59954 32570 70000 10176 20143 40182 52010 86840 333 05101;EQDQ01  00002PRCP99
0165599540999992000022806004+18500+110000FM-12+005099999V0203401N002010120019N0250001N1+02321+01601101701ADDAA199000091GF107991071081008001999999KA1999N+01641MD1710211+9999REMSYN070AAXX  28061 59954 32575 73402 10232 20160 40170 57021 878// 333 20164;EQDQ01  00002PRCP99
0142599540999992000022812004+18500+110000FM-12+005099999V0209999C000010120019N0180001N1+01951+01401101741ADDAA199000091GF108991081081008001999999MD1210161+9999REMSYN060AAXX  28121 59954 32568 80000 10195 20140 40174 52016 888//;EQDQ01  00002PRCP99
0166599540999992000022818004+18500+110000FM-12+005099999V0203401N001010120019N0150001N1+01731+01281999999ADDAA106000791AY181061GF108991081081008001999999KA1999M+02391MD1410001+9999MW1001REMSYN076AAXX  28181 59954 11565 83401 10173 20128 54000 69901 70080 888// 333 10239;
0172599540999992000022821004+18500+110000FM-12+005099999V0209999C000010075019N9999999N1+01621+99999101871ADDAA124001091AY181031GF108991081021008001999999MD1710131+9999MW1801REMSYN076AAXX  28211 59954 415/5 80000 10162 21135 40187 57013 78080 882// 333 70009;EQDQ01-001353ATOD  
0165599540999992000022900004+18500+110000FM-12+005099999V0209999C000010075019N0250001N1+01651+01371101991ADDAA106003091AY181061GF108991081021008001999999MD1210121+0201MW1801REMSYN088AAXX  29001 59954 11575 80000 10165 20137 40199 52012 60031 78080 882// 333 00251 70029;
0172599540999992000022906004+18500+110000FM-12+005099999V0203401N001010120019N0250001N1+01831+01341101831ADDAA106000791AY181061GF108991081081008001999999KA1999N+01561MD1710201+9999MW1001REMSYN082AAXX  29061 59954 11575 83401 10183 20134 40183 57020 69901 70080 888// 333 20156;
0149599540999992000022912004+18500+110000FM-12+005099999V0203401N001010120019N0100001N1+01671+01311101781ADDAA106000591AY181061GF108991081081008001999999MD1210071+9999MW1801REMSYN072AAXX  29121 59954 11560 83401 10167 20131 40178 52007 69961 78080 888//;
0172599540999992000022918004+18500+110000FM-12+005099999V0203401N002010120019N0120001N1+01611+01151101851ADDAA106000391AY181061GF108991081081008001999999KA1999M+01951MD1710081+9999MW1001REMSYN082AAXX  29181 59954 11562 83402 10161 20115 40185 57008 69931 70080 888// 333 10195;
0133599540999992000022921004+18500+110000FM-12+005099999V0203601N004010120019N0120001N1+01631+01131101741ADDAA124002891GF108991081081008001999999MD1710111+9999REMSYN070AAXX  29211 59954 42562 83604 10163 20113 40174 57011 888// 333 70029;
0139599540999992000030100004+18500+110000FM-12+005099999V0203601N003010120019N0200001N1+01601+01201101891ADDAA124001091GF108991081081008001999999MD1210151-0101REMSYN076AAXX  01001 59954 32570 83603 10160 20120 40189 52015 888// 333 05151 70009;
0172599540999992000030106004+18500+110000FM-12+005099999V0203601N003010075019N0300001N1+01991+01421101721ADDAA106000191AY181061GF107991071041008001999999KA1999N+01551MD1710321+9999MW1001REMSYN082AAXX  01061 59954 11580 73603 10199 20142 40172 57032 69911 70080 874// 333 20155;
0165599540999992000030118004+18500+110000FM-12+005099999V0203401N002010075019N0150001N1+01791+01371101751ADDAA199000091GF107991071021008001999999KA1999M+02031MD1710081+9999REMSYN070AAXX  01181 59954 32565 73402 10179 20137 40175 57008 872// 333 10203;EQDQ01  00002PRCP99
0133599540999992000030121004+18500+110000FM-12+005099999V0203601N003010075019N0150001N1+01831+01431101641ADDAA124000191GF108991081021008001999999MD1710111+9999REMSYN070AAXX  01211 59954 42565 83603 10183 20143 40164 57011 882// 333 70001;
0165599540999992000031406004+18500+110000FM-12+005099999V0201101N006012200019N0300001N1+02891+02261101191ADDAA199000091GF102991021021008001001021KA1999N+02381MD1710281+9999REMSYN070AAXX  14061 59954 32580 21106 10289 20226 40119 57028 82202 333 20238;EQDQ01  00002PRCP99
0141599540999992000031412004+18500+110000FM-12+005099999V0200901N003010075019N0200001N1+02571+02351101171ADDAA106000791GF107991071021008001999999MD1210141+9999MW1801REMSYN072AAXX  14121 59954 11570 70903 10257 20235 40117 52014 69901 78000 872//;
0133599540999992000031421004+18500+110000FM-12+005099999V0209999C000012200019N0150001N1+02301+02301101141ADDAA124000791GF103991031021008001001001MD1710061+9999REMSYN070AAXX  14211 59954 42565 30000 1023/ 20230 40114 57006 83200 333 79999;
0139599540999992000031500004+18500+110000FM-12+005099999V0209999C000010450019N0150001N1+02371+02281101301ADDAA124000791GF107991011021008001041999MD1210161-0101REMSYN076AAXX  15001 59954 32565 70000 10237 20228 40130 52016 8124/ 333 05151 79999;
0165599540999992000032406004+18500+110000FM-12+005099999V0200901N007010075019N0200001N1+02841+01941101561ADDAA199000091GF106991061021008001001001KA1999N+02261MD1710251+9999REMSYN070AAXX  24061 59954 32570 60907 10284 20194 40156 57025 86200 333 20226;EQDQ01  00002PRCP99
0122599540999992000032412004+18500+110000FM-12+005099999V0200201N003010075019N0150001N1+02431+01951101551ADDAA199000091GF107991071021008001999999REMSYN054AAXX  24121 59954 32565 70203 10243 20195 40155 872//;EQDQ01  00002PRCP99
0133599540999992000032421004+18500+110000FM-12+005099999V0209999C000012200019N0200001N1+02331+01991101621ADDAA124000791GF103991031081008001001001MD1710091+9999REMSYN070AAXX  24211 59954 42570 30000 10233 20199 40162 57009 83800 333 79999;
0152599540999992000032500004+18500+110000FM-12+005099999V0209999C000010075019N0150001N1+02401+02021101801ADDAA199000091GF105991051021008001001001MD1210181+0011REMSYN070AAXX  25001 59954 32565 50800 10240 20202 4018/ 52018 85200 333 00151;EQDQ01  00002PRCP99
0165599540999992000032506004+18500+110000FM-12+005099999V0200901N007012200019N0200001N1+02771+02061101631ADDAA199000091GF104991031021008001001021KA1999N+02251MD1710251+9999REMSYN070AAXX  25061 59954 32570 40907 10277 20206 40163 57025 83202 333 20225;EQDQ01  00002PRCP99
0149599540999992000032512004+18500+110000FM-12+005099999V0200401N003010120019N0150001N1+02541+01961101641ADDAA106000791AY181061GF107991071081008001999999MD1219999+9999MW1001REMSYN072AAXX  25121 59954 11565 70403 10254 20196 40164 52/// 69901 70080 878//;
0165599540999992000032518004+18500+110000FM-12+005099999V0203401N002012200019N0150001N1+02331+01911101801ADDAA199000091GF101991011011008001001001KA1999M+02861MD1710041+9999REMSYN070AAXX  25181 59954 32565 13402 10233 20191 40180 57004 81100 333 10286;EQDQ01  00002PRCP99
0153599540999992000032521004+18500+110000FM-12+005099999V0209999C000010075019N0150001N1+02201+02061101791ADDAA124001091AY181031GF107991061021008001041001MD1710011+9999MW1001REMSYN076AAXX  25211 59954 41565 70000 10220 20206 40179 57001 70080 86240 333 70011;
0165599540999992000032600004+18500+110000FM-12+005099999V0203601N004012200019N0180001N1+02351+01811101901ADDAA106001091AY181061GF104991021081008001001021MD1210111+0101MW1001REMSYN088AAXX  26001 59954 11568 43604 10235 20181 40190 52011 60011 70080 82802 333 00151 70011;
0165599540999992000032606004+18500+110000FM-12+005099999V0200701N008010075019N0200001N1+02731+01901101711ADDAA199000091GF105991051021008001001011KA1999N+02171MD1710251+9999REMSYN070AAXX  26061 59954 32570 50708 10273 20190 40171 57025 85201 333 20217;EQDQ01  00002PRCP99
0165599540999992000032618004+18500+110000FM-12+005099999V0209999C000010120019N0150001N1+02211+01861101731ADDAA199000091GF107991071081008001999999KA1999M+02841MD1710141+9999REMSYN070AAXX  26181 59954 32565 70000 10221 20186 40173 57014 878// 333 10284;EQDQ01  00002PRCP99
0112599540999992000032621004+18500+110000FM-12+005099999V0209999C000012200019N0150001N1+02091+01821101581ADDGF101991011011008001001001MD1710151+9999REMSYN060AAXX  26211 59954 42565 10000 10209 20182 40158 57015 81100;
0152599540999992000032700004+18500+110000FM-12+005099999V0203201N003011050019N0150001N1+02151+01801101741ADDAA199000091GF107991011011008001001021MD1210151+0021REMSYN070AAXX  27001 59954 32565 73203 10215 20180 40174 52015 81102 333 05252;EQDQ01  00002PRCP99
0165599540999992000032706004+18500+110000FM-12+005099999V0201101N005011050019N0200001N1+02781+01791101431ADDAA199000091GF107991021011008001001021KA1999N+01991MD1710331+9999REMSYN070AAXX  27061 59954 32570 71105 10278 20179 40143 57033 82102 333 20199;EQDQ01  00002PRCP99
0165599540999992000032718004+18500+110000FM-12+005099999V0209999C000010075019N0150001N1+02201+02011101611ADDAA199000091GF107991071021008001999999KA1999M+02941MD1710121+9999REMSYN070AAXX  27181 59954 32565 70000 10220 20201 40161 57012 872// 333 10294;EQDQ01  00002PRCP99
0112599540999992000032721004+18500+110000FM-12+005099999V0209999C000012200019N0150001N1+02091+01921101461ADDGF101991011011008001001001MD1710151+9999REMSYN060AAXX  27211 59954 42565 10000 10209 20192 40146 57015 81100;
0164599540999992000032800004+18500+110000FM-12+005099999V0209999C000012200019N0080001N1+02051+01881101571ADDAA199000091GF101991011011008001001001MD1210111+0021MW1101REMSYN076AAXX  28001 59954 31558 10000 10205 20188 40157 52011 71000 81100 333 05251;EQDQ01  00002PRCP99
0175599540999992000032806004+18500+110000FM-12+005099999V0201401N004012200019N0120001N1+02871+01921101271ADDAA199000091GA1001+999999999GF100991001001999999001001KA1999N+01961MD1710281+9999REMSYN064AAXX  28061 59954 32962 01404 10287 20192 40127 57028 333 20196;EQDQ01  00002PRCP99
0152599540999992000032812004+18500+110000FM-12+005099999V0201101N001012200019N0120001N1+02451+01941101531ADDAA199000091GA1001+999999999GF100991001001999999001001MD1210321+9999REMSYN054AAXX  28121 59954 32962 01101 10245 20194 40153 52032;EQDQ01  00002PRCP99
0132599540999992000032900004+18500+110000FM-12+005099999V0203401N002012200019N0120001N1+01871+01511101751ADDGA1001+999999999GF100991001001999999001001MD1210181+0021REMSYN064AAXX  29001 59954 ///62 03402 10187 20151 40175 52018 333 00252;
0175599540999992000032906004+18500+110000FM-12+005099999V0200901N004012200019N0150001N1+02891+01741101481ADDAA199000091GA1001+999999999GF100991001001999999001001KA1999N+01761MD1710251+9999REMSYN064AAXX  29061 59954 32965 00904 10289 20174 40148 57025 333 20176;EQDQ01  00002PRCP99
0112599540999992000032921004+18500+110000FM-12+005099999V0203201N002011050019N0120001N1+02031+01701101381ADDGF106991011011008001001021MD1710091+9999REMSYN060AAXX  29211 59954 42562 63202 10203 20170 40138 57009 81102;
0152599540999992000033000004+18500+110000FM-12+005099999V0203201N001019999999N0130001N1+02031+01701101491ADDAA199000091GF107991001001999999001021MD1210111+0031REMSYN070AAXX  30001 59954 32963 73201 10203 20170 40149 52011 80002 333 05302;EQDQ01  00002PRCP99
0165599540999992000033006004+18500+110000FM-12+005099999V0200901N004012200019N0300001N1+02941+02061101221ADDAA199000091GF102991021021008001001001KA1999N+01981MD1710261+9999REMSYN070AAXX  30061 59954 32580 20904 10294 20206 40122 57026 82200 333 20198;EQDQ01  00002PRCP99
0142599540999992000033012004+18500+110000FM-12+005099999V0200901N002012200019N0200001N1+02531+02251101001ADDAA199000091GF102991011011008001001021MD1710011+9999REMSYN060AAXX  30121 59954 32570 20902 10253 20225 40100 57001 81102;EQDQ01  00002PRCP99
0112599540999992000033021004+18500+110000FM-12+005099999V0209999C000010075019N0150001N1+02181+01981100921ADDGF107991071021008001001001MD1710061+9999REMSYN060AAXX  30211 59954 42565 70000 10218 20198 40092 57006 87200;
0165599540999992000033100004+18500+110000FM-12+005099999V0209999C000010075019N0200001N1+02271+02021101051ADDAA106000791AY181061GF107991071021008001999999MD1210131-0401MW1251REMSYN088AAXX  31001 59954 11570 70000 10227 20202 40105 52013 69901 72580 872// 333 05402 79999;
0146599540999992000033106004+18500+110000FM-12+005099999V0202001N004012200019N0300001N1+02981+02021100811ADDAA199000021GF103991031021008001001001KA1999N+02141MD1710271+9999REMSYN070AAXX  31061 59954 32580 32004 10298 20202 40081 57027 83200 333 20214;
0165599540999992000033118004+18500+110000FM-12+005099999V0209999C000010075019N0150001N1+02511+02241100721ADDAA199000091GF107991061021008001001021KA1999M+03041MD1710161+9999REMSYN070AAXX  31181 59954 32565 70000 10251 20224 40072 57016 86202 333 10304;EQDQ01  00002PRCP99
0112599540999992000033121004+18500+110000FM-12+005099999V0209999C000010075019N0150001N1+02501+02221100611ADDGF107991071021008001999999MD1710111+9999REMSYN060AAXX  31211 59954 42565 70000 10250 20222 40061 57011 872//;
0152599540999992000040100004+18500+110000FM-12+005099999V0209999C000010075019N0170001N1+02551+02241100761ADDAA199000091GF107991071021008001999999MD1210151+0031REMSYN070AAXX  01001 59954 32567 70000 10255 20224 40076 52015 872// 333 05303;EQDQ01  00002PRCP99
0165599540999992000040106004+18500+110000FM-12+005099999V0202201N004010075019N0300001N1+03151+02351100571ADDAA199000091GF105991051021008001001001KA1999N+02431MD1710281+9999REMSYN070AAXX  01061 59954 32580 52204 10315 20235 40057 57028 85200 333 20243;EQDQ01  00002PRCP99
0142599540999992000040112004+18500+110000FM-12+005099999V0202001N002010075019N0150001N1+02721+02461100591ADDAA199000091GF107991071021008001999999MD1210181+9999REMSYN060AAXX  01121 59954 32565 72002 10272 20246 40059 52018 872//;EQDQ01  00002PRCP99
0165599540999992000040118004+18500+110000FM-12+005099999V0202001N001010075019N9999999N1+02671+02471100111ADDAA199000091GF107991071021008001999999KA1999M+03171MD1710111+9999REMSYN070AAXX  01181 59954 3257/ 72001 10267 20247 40011 57011 872// 333 10317;EQDQ01  00002PRCP99
0147599540999992000040121004+18500+110000FM-12+005099999V0209999C000010075019N0150001N1+02651+02481100732ADDGF107991071021008001999999MD1210021+9999MW1801REMSYN070AAXX  01211 59954 41565 70000 10265 20248 40073 52002 78000 872// 333;EQDQ01+100733APOSLP
0146599540999992000040206004+18500+110000FM-12+005099999V0202201N003010075019N0250001N1+02901+02381100731ADDAA199000021GF107991071021008001001021KA1999N+02561MD1710261+9999REMSYN070AAXX  02061 59954 32575 72203 10290 20238 40073 57026 87202 333 20256;
0165599540999992000040218004+18500+110000FM-12+005099999V0209999C000010075019N0180001N1+02531+02411100841ADDAA199000091GF107991071041008001001001KA1999M+03111MD1710101+9999REMSYN070AAXX  02181 59954 32568 70000 10253 20241 40084 57010 87400 333 10311;EQDQ01  00002PRCP99
0112599540999992000040221004+18500+110000FM-12+005099999V0209999C000012200019N0150001N1+02451+02331100721ADDGF102991021041008001001001MD1710121+9999REMSYN060AAXX  02211 59954 42565 20000 10245 20233 40072 57012 82400;
0152599540999992000040300004+18500+110000FM-12+005099999V0203401N003012200019N0200001N1+02551+02331100921ADDAA199000091GF102991021021008001001001MD1210201+0001REMSYN070AAXX  03001 59954 32570 23403 10255 20233 40092 52020 82200 333 00051;EQDQ01  00002PRCP99
0165599540999992000040306004+18500+110000FM-12+005099999V0201801N003010120019N0250001N1+02911+02251100901ADDAA199000091GF107991071081008001999999KA1999N+02361MD1710141+9999REMSYN070AAXX  03061 59954 32575 71803 10291 20225 40090 57014 878// 333 20236;EQDQ01  00002PRCP99
0142599540999992000040312004+18500+110000FM-12+005099999V0209999C000010075019N0200001N1+02711+02421100811ADDAA199000091GF107991071021008001999999MD1210131+9999REMSYN060AAXX  03121 59954 32570 70000 10271 20242 40081 52013 872//;EQDQ01  00002PRCP99
0165599540999992000040318004+18500+110000FM-12+005099999V0209999C000010075019N0150001N1+02661+02451100911ADDAA199000091GF107991071021008001999999KA1999M+03151MD1710091+9999REMSYN070AAXX  03181 59954 32565 70000 10266 20245 40091 57009 872// 333 10315;EQDQ01  00002PRCP99
0112599540999992000040321004+18500+110000FM-12+005099999V0209999C000010075019N0150001N1+02631+02441100831ADDGF107991071021008001999999MD1710081+9999REMSYN060AAXX  03211 59954 42565 70000 10263 20244 40083 57008 872//;
0152599540999992000040400004+18500+110000FM-12+005099999V0209999C000010075019N0200001N1+02681+02441101031ADDAA199000091GF107991071021008001999999MD1210201+0011REMSYN070AAXX  04001 59954 32570 70000 10268 20244 40103 52020 872// 333 00101;EQDQ01  00002PRCP99
0165599540999992000040406004+18500+110000FM-12+005099999V0201601N002010075019N0250001N1+03031+02421100871ADDAA199000091GF106991061021008001041001KA1999N+02591MD1710251+9999REMSYN070AAXX  04061 59954 32575 61602 10303 20242 40087 57025 86240 333 20259;EQDQ01  00002PRCP99
0142599540999992000040412004+18500+110000FM-12+005099999V0201601N002010075019N0180001N1+02691+02401100811ADDAA199000091GF107991071021008001999999MD1210121+9999REMSYN060AAXX  04121 59954 32568 71602 10269 20240 40081 52012 872//;EQDQ01  00002PRCP99
