0199605220999992000010206004+34820-001780FM-12+042699999V0209999C000012200019N0200001N1-00071-00191102401ADDAA106000091GA1001+999999999GF100991001001999999001001IA2240-00409KA1120N-00121MD1410001+9999REMSYN076AAXX  02064 60522 32970 00000 11007 21019 40240 54001 333 05400 21012 95990;EQDQ01  00002PRCP06
0218605220999992000011218004+34820-001780FM-12+042699999V0209999C000012200019N0150001N1+99999+99999102871ADDAA112999999AY181061AY211061GA1011+003009079GA2031+018009089GF103991031021004501001001KA1120M+01211MD1510051+9999MW1011REMSYN088AAXX  12184 60522 11465 30000 40287 55005 60/62 70181 83200 333 10121 81710 83856 95990;
0120605220999992000011318004+34820-001780FM-12+042699999V0209999C000012200019N0060001N1+00781+00411999999ADDAA199000091GF102991999999999999999999REMSYN052    AAXX  13184 60522 32956 20000 10078 20041 4/1=/;EQDQ01  00002PRCP99
0112605220999992000020515004+34820-001780FM-12+042699999V0209999C000012200019N0200001N1+02011-00811103141ADDGF101991001001999999001011MD1610291+9999REMSYN060AAXX  05154 60522 42970 10000 10201 21081 40314 56029 80001;
0168605220999992000021812004+34820-001780FM-12+042699999V0209999C000012200019N0200001N1+01981+00251103541ADDAA199000091GA1001+999999999GF100991001001999999001001MD1810071+9999REMSYN070AAXX  18124 60522 32970 00000 10198 20025 40354 58007 333 0//00 95900;EQDQ01  00002PRCP99
0151605220999992000021815004+34820-001780FM-12+042699999V0203601N000512200019N0200001N1+02211+00251102282ADDGA1001+999999999GF100991001001999999001001MD1710251+9999REMSYN064AAXX  18154 60522 42970 03601 10221 20025 40228 57025 333 95900;EQDQ01+102283APOSLP
0122605220999992000022103004+34820-001780FM-12+042699999V0209999C000012200019N0200001N1+03001+99999102351ADDGA1001+999999999GF100991001001999999001001MD1810021+9999REMSYN054AAXX  21034 60522 42970 00000 1030/ 40235 58002 95990;
0128605220999992000022109004+34820-001780FM-12+042699999V0209999C000012200019N0200001N1+00922+00171102631ADDGA1001+999999999GF100991001001999999001001MD1210151+9999REMSYN060AAXX  21094 60522 42970 00000 10092 20017 40263 52015 95900;
0158605220999992000022112004+34820-001780FM-12+042699999V0209999C000012200019N0250001N1+01881+00371102531ADDAA199000091GA1001+999999999GF100991001001999999001001MD1810041+9999REMSYN060AAXX  21124 60522 32975 00000 10188 20037 40253 58004 95900;EQDQ01  00002PRCP99
0132605220999992000030115004+34820-001780FM-12+042699999V0203301N005112200019N0150001N1+02301-00011102231ADDGA1001+999999999GF100991001001999999001001MD1610231+9999REMSYN064AAXX  01154 60522 42965 03310 10230 21001 40223 56023 333 95900;
0170605220999992000030906004+34820-001780FM-12+042699999V0209999C000010042019N0004001N1+00341+00341103171ADDAA199000091AY141061AY241061GF108991081061004501999999MD1410001+9999MW1441REMSYN066AAXX  09064 60522 31404 80000 10034 20034 40317 54000 74444 886//;EQDQ01  00002PRCP99
0174605220999992000031312004+34820-001780FM-12+042699999V0209999C000012200019N0100001N1+01931+00651102211ADDAA199000091GA1011+007809029GF102991011011008001001021MD1810031+9999REMSYN076AAXX  13124 60522 32560 20000 10193 20065 40221 58003 81102 333 0//00 81826;EQDQ01  00002PRCP99
0134605220999992000031315004+34820-001780FM-12+042699999V0203601N003610690019N0100001N1+01301+99999999999ADDGA1011+007809089GA2051+069009009GF105991999999008001999999REMSYN064AAXX  13154 60522 42560 53607 1013/ 71/// 333 81826 85073 95900;
0174605220999992000031912004+34820-001780FM-12+042699999V02099999999999999999N0150001N1+01541+00481101781ADDAA199000091GF107991999011008001001001MD1810061+9999REMSYN076AAXX  19124 60522 32565 7/406 10154 20048 40178 58006 81100 333 0//00 55900;EQDQ01+000012SCOTLCQ02  00002PRCP99
0174605220999992000032812004+34820-001780FM-12+042699999V0202601N006212200019N0200001N1+02161-00501100941ADDAA199000091GA1021+069009009GF102991001001999999001021MD1810091+9999REMSYN076AAXX  28124 60522 32970 22612 10216 21050 40094 58009 80002 333 82073 95900;EQDQ01  00002PRCP99
0142605220999992000040312004+34820-001780FM-12+042699999V0202601N010312200019N0200001N1+01721+99999999999ADDAA199000091GA1041+007809089GF104991999999008001999999REMSYN058AAXX  03124 60522 32570 42620 10172 210// 333 84826 95900;EQDQ01  00002PRCP99
0193605220999992000070918004+34820-001780FM-12+042699999V0200801N006212200019N0150001N1+03011+01831101151ADDAA199000091GA1011+030009039GF102991011001999999031021KA1120M+03391MD1610101+9999REMSYN082AAXX  09184 60522 32965 20812 10301 20183 40115 56010 81032 333 10339 81360 95900;EQDQ01  00002PRCP99
0180605220999992000122112004+34820-001780FM-12+042699999V0202401N005112200019N0150001N1+01351+00521101301ADDAA199000091GA1011+007809089GF102991011021008001001021MD1810111+9999REMSYN082AAXX  21124 60522 32565 22410 10135 20052 40130 58011 81202 333 0//00 81826 95900;EQDQ01  00002PRCP99
