0175633400999992000011406004+09050+036600FM-12+195099999V0201801N004012200019N0300001N1+01741+00481999999ADDAA199000091GA1001+999999999GF100991001001999999001001KA1120N+01071REMSYN078    AAXX  14061 63340 32980 01804 10174 20048 333 20107 555 22103 32068 10264;EQDQ01  00002PRCP99
0116633400999992000011412004+09050+036600FM-12+195099999V0201401N004012200019N0400001N1+02601+00191999999ADDGA1021+007809029GF102991021011008001001001REMSYN062    AAXX  14121 63340 42582 21404 10260 20019 82100 333 82826;
0126633400999992000011415004+09050+036600FM-12+195099999V0201101N002012200019N0400001N1+02461+00121999999ADDGA1021+008409089GF102991021011008001001001REMSYN072    AAXX  14151 63340 42582 21102 10246 20012 82100 333 82828 555 10272;
0128633400999992000011503004+09050+036600FM-12+195099999V0201701N006012200019N0260001N1+01401+00121999999ADDGA1041+010809029GF104991041011012501001001MW1051REMSYN068    AAXX  15031 63340 41676 41706 10140 20012 705// 84100 333 84836;
0187633400999992000011506004+09050+036600FM-12+195099999V0202001N003012200019N0300001N1+01701+00381999999ADDAA199000091GA1021+011109089GF102991021011012501001001KA1120N+01301REMSYN090    AAXX  15061 63340 32680 22003 10170 20038 82100 333 20130 82837 555 22105 32074 10272;EQDQ01  00002PRCP99
0100633400999992000011509004+09050+036600FM-12+195099999V0201901N003012200019N0300001N1+02321+00231999999ADDGA1001+999999999GF100991001001999999001001REMSYN046    AAXX  15091 63340 42980 01903 10232 20023;
0116633400999992000011512004+09050+036600FM-12+195099999V0200401N002012200019N0400001N1+02581+00451999999ADDGA1031+007809029GF103991031011008001001001REMSYN062    AAXX  15121 63340 42582 30402 10258 20045 83100 333 83826;
0207633400999992000011606004+09050+036600FM-12+195099999V0209999C000012200019N0250001N1+01701+00431999999ADDAA199000091AY101061GA1041+024009039GF104991041001999999031001KA1120N+01301MW1051REMSYN096    AAXX  16061 63340 31975 40000 10170 20043 7050/ 84030 333 20130 84358 555 22094 32084 10270;EQDQ01  00002PRCP99
0144633400999992000011609004+09050+036600FM-12+195099999V0202001N003012200019N0200001N1+02201+00771999999ADDAY111031AY211031GA1031+008409029GF103991031011008001001001MW1051REMSYN068    AAXX  16091 63340 41570 32003 10220 20077 70511 83100 333 83828;
0144633400999992000011612004+09050+036600FM-12+195099999V0203601N004012200019N0200001N1+02241+00421999999ADDAY111061AY211061GA1031+008109029GF103991031011008001001001MW1051REMSYN068    AAXX  16121 63340 41570 33604 10224 20042 70511 83100 333 83827;
0154633400999992000011615004+09050+036600FM-12+195099999V0201601N001012200019N0240001N1+02281+00301999999ADDAY111031AY211031GA1031+008709089GF103991031011008001001001MW1051REMSYN078    AAXX  16151 63340 41574 31601 10228 20030 70511 83100 333 83829 555 10259;
0195633400999992000011706004+09050+036600FM-12+195099999V0203601N002012200019N0250001N1+01741+00441999999ADDAA199000091AY111061GA1001+999999999GF100991001001999999001001KA1120N+01261MW1051REMSYN084    AAXX  17061 63340 31975 03602 10174 20044 7051/ 333 20126 555 22095 32068 10259;EQDQ01  00002PRCP99
0128633400999992000011712004+09050+036600FM-12+195099999V0203601N004012200019N0200001N1+02501+00251999999ADDAY101061AY201061GA1001+999999999GF100991001001999999001001MW1051REMSYN052    AAXX  17121 63340 41970 03604 10250 20025 70500;
0134633400999992000011803004+09050+036600FM-12+195099999V0203401N00401045001CN0200001N1+01401+00301999999ADDGA1031+008409069GF106991031051008001031001MW1051REMSYN074    AAXX  18031 63340 41570 63404 10140 20030 705// 83530 333 83628 84359;
0229633400999992000011806004+09050+036600FM-12+195099999V0202701N003012200019N0200001N1+01801+00611999999ADDAA199000091AY121061GA1021+008109089GA2031+030009039GF104991021011008001031001KA1120N+01401MW1051REMSYN102    AAXX  18061 63340 31570 42703 10180 20061 7052/ 82130 333 20140 82827 83360 555 22106 32081 10267;EQDQ01  00002PRCP99
0144633400999992000011812004+09050+036600FM-12+195099999V0203601N004012200019N0240001N1+02501+00591999999ADDAY111061AY211061GA1021+007809029GF102991021011008001001001MW1051REMSYN068    AAXX  18121 63340 41574 23604 10250 20059 70511 82100 333 82826;
0154633400999992000011815004+09050+036600FM-12+195099999V0203601N002012200019N0250001N1+02201+00611999999ADDAY111031AY211031GA1021+008109089GF102991021011008001001001MW1051REMSYN078    AAXX  18151 63340 41575 23602 10220 20061 70511 82100 333 82827 555 10256;
0195633400999992000011906004+09050+036600FM-12+195099999V0200201N002012200019N0150001N1+01581+00641999999ADDAA199000091AY111061GA1001+999999999GF100991001001999999001001KA1120N+01121MW1051REMSYN084    AAXX  19061 63340 31965 00202 10158 20064 7051/ 333 20112 555 22083 32072 10256;EQDQ01  00002PRCP99
0144633400999992000011909004+09050+036600FM-12+195099999V0201701N003012200019N0200001N1+02361+00561999999ADDAY111031AY201031GA1011+009009029GF101991011011008001001001MW1051REMSYN068    AAXX  19091 63340 41570 11703 10236 20056 70510 81100 333 81830;
0096633400999992000012309004+09050+036600FM-12+195099999V0201601N004012200019N0300001N1+02341+00691999999ADDGA1001+999999999GF100991001001999999001001REMSYN042AAXX  23091 63340 42980 01604 10234 20069;
0112633400999992000012312004+09050+036600FM-12+195099999V0200501N003012200019N0300001N1+02701+00651999999ADDGA1031+008109029GF103991031011008001001001REMSYN058AAXX  23121 63340 42580 30503 10270 20065 83100 333 83827;
0122633400999992000012315004+09050+036600FM-12+195099999V0200701N003012200019N0400001N1+02381+00651999999ADDGA1031+007509089GF103991031021008001001001REMSYN068AAXX  23151 63340 42582 30703 10238 20065 83200 333 83825 555 10284;
0112633400999992000012403004+09050+036600FM-12+195099999V0201801N003012200019N0300001N1+01201+00651999999ADDGA1011+007809029GF101991011011012501001001REMSYN058AAXX  24031 63340 43680 11803 10120 20065 81100 333 81826;
0131633400999992000012503004+09050+036600FM-12+195099999V0209999C000012200019N0300001N1+01401+00201999999ADDGA1031+018009079GF103991031999999999031001REMSYN058AAXX  25031 63340 43980 30000 10140 20020 83030 333 83356;EQDQ01+000002SCOLCG
0191633400999992000012506004+09050+036600FM-12+195099999V0209999C000012200019N0240001N1+01881+00661999999ADDAA199000091AY101061GA1001+999999999GF100991001001999999001001KA1120N+01381MW1051REMSYN080AAXX  25061 63340 31974 00000 10188 20066 7050/ 333 20138 555 22090 32060 10280;EQDQ01  00002PRCP99
0096633400999992000012509004+09050+036600FM-12+195099999V0201201N003012200019N0400001N1+02381+00301999999ADDGA1001+999999999GF100991001001999999001001REMSYN042AAXX  25091 63340 42982 01203 10238 20030;
0112633400999992000012512004+09050+036600FM-12+195099999V0201301N004012200019N0400001N1+02701+00381999999ADDGA1021+007809029GF102991021011008001001001REMSYN058AAXX  25121 63340 42582 21304 10270 20038 82100 333 82826;
0096633400999992000012603004+09050+036600FM-12+195099999V0201801N002012200019N0300001N1+01361-00081999999ADDGA1001+999999999GF100991001001999999001001REMSYN042AAXX  26031 63340 43980 01802 10136 21008;
0171633400999992000012606004+09050+036600FM-12+195099999V0201901N002012200019N0300001N1+01801+00261999999ADDAA199000091GA1001+999999999GF100991001001999999001001KA1120N+01191REMSYN074AAXX  26061 63340 32980 01902 10180 20026 333 20119 555 22100 32080 10286;EQDQ01  00002PRCP99
0096633400999992000012609004+09050+036600FM-12+195099999V0201801N001012200019N0400001N1+02401-00151999999ADDGA1001+999999999GF100991001001999999001001REMSYN042AAXX  26091 63340 42982 01801 10240 21015;
0112633400999992000012612004+09050+036600FM-12+195099999V0200901N003012200019N0400001N1+02541-00021999999ADDGA1021+008109029GF102991021011008001001001REMSYN058AAXX  26121 63340 42582 20903 10254 21002 82100 333 82827;
0112633400999992000012812004+09050+036600FM-12+195099999V0202801N004012200019N0300001N1+02461+00631999999ADDGA1021+007809029GF102991021011008001001001REMSYN058AAXX  28121 63340 42580 22804 10246 20063 82100 333 82826;
0172633400999992000012815004+09050+036600FM-12+195099999V0200301N002012200019N0250001N1+02201+00471999999ADDAY111031AY201031GA1011+008109089GA2031+060009009GF103991011011008001001011MW1051REMSYN080AAXX  28151 63340 41575 30302 10220 20047 70510 81101 333 81827 83070 555 10257;
0185633400999992000012906004+09050+036600FM-12+195099999V0209999C000012200019N0150001N1+01661+00661999999ADDAA199000091AY111061GA1001+999999999GF100991001001999999001001KA1120N+01051MW1051REMSYN074AAXX  29061 63340 31965 00000 10166 20066 7051/ 333 20105 555 22102 32073;EQDQ01  00002PRCP99
0124633400999992000012909004+09050+036600FM-12+195099999V0202101N003012200019N0200001N1+02401+00421999999ADDAY101031AY201031GA1001+999999999GF100991001001999999001001MW1051REMSYN048AAXX  29091 63340 41970 02103 10240 20042 70500;
0140633400999992000012912004+09050+036600FM-12+195099999V0203501N003012200019N0200001N1+02501+00591999999ADDAY101061AY201061GA1021+008409029GF102991021011008001001001MW1051REMSYN064AAXX  29121 63340 41570 23503 10250 20059 70500 82100 333 82828;
0150633400999992000012915004+09050+036600FM-12+195099999V0203501N003012200019N0200001N1+02281+00521999999ADDAY111031AY201031GA1021+008109089GF102991021011008001001001MW1051REMSYN074AAXX  29151 63340 41570 23503 10228 20052 70510 82100 333 82827 555 10270;
0108633400999992000013003004+09050+036600FM-12+195099999V0203601N003012200019N0170001N1+01181-00271999999ADDGA1001+999999999GF100991001001999999001001MW1051REMSYN048AAXX  30031 63340 41967 03603 10118 21027 705//;
0140633400999992000013009004+09050+036600FM-12+195099999V0201701N004012200019N0150001N1+02361+00421999999ADDAY101031AY201031GA1011+008709029GF101991011011008001001001MW1051REMSYN064AAXX  30091 63340 41565 11704 10236 20042 70500 81100 333 81829;
0140633400999992000013012004+09050+036600FM-12+195099999V0200201N004012200019N0150001N1+02581+00251999999ADDAY111061AY201061GA1031+007509029GF103991031011008001001001MW1051REMSYN064AAXX  30121 63340 41565 30204 10258 20025 70510 83100 333 83825;
0150633400999992000013015004+09050+036600FM-12+195099999V0200101N003012200019N0150001N1+02301+00251999999ADDAY121031AY211031GA1031+007809089GF103991031011008001031001MW1051REMSYN074AAXX  30151 63340 41565 30103 10230 20025 70521 83130 333 83826 555 10270;
0124633400999992000013103004+09050+036600FM-12+195099999V0203601N002012200019N0200001N1+01281+00051999999ADDGA1011+060009019GF101991001001999999001011MW1051REMSYN064AAXX  31031 63340 41970 13602 10128 20005 705// 80001 333 81070;
0124633400999992000013109004+09050+036600FM-12+195099999V0201601N005012200019N0200001N1+02301+00571999999ADDAY101031AY201031GA1001+999999999GF100991001001999999001001MW1051REMSYN048AAXX  31091 63340 41970 01605 10230 20057 70500;
0140633400999992000013112004+09050+036600FM-12+195099999V0201601N003012200019N0250001N1+02441+00541999999ADDAY111061AY201061GA1031+009009029GF103991031011008001001001MW1051REMSYN064AAXX  31121 63340 41575 31603 10244 20054 70510 83100 333 83830;
0150633400999992000013115004+09050+036600FM-12+195099999V0209999C000012200019N0300001N1+02561+00531999999ADDAY111031AY201031GA1031+009009089GF103991031011008001001001MW1051REMSYN074AAXX  31151 63340 42580 30000 10256 20053 70510 83100 333 83830 555 10270;
0150633400999992000020115004+09050+036600FM-12+195099999V0203601N003012200019N0200001N1+02301+00421999999ADDAY111031AY201031GA1021+008109089GF102991021011008001001001MW1051REMSYN074AAXX  01151 63340 41570 23603 10230 20042 70510 82100 333 82827 555 10270;
0183633400999992000020206004+09050+036600FM-12+195099999V0200201N002012200019N0150001N1+01801+00751999999ADDAA199000091GA1001+999999999GF100991001001999999001001KA1120N+01251MW1051REMSYN080AAXX  02061 63340 31965 00202 10180 20075 705// 333 20125 555 22098 32070 10270;EQDQ01  00002PRCP99
0140633400999992000020209004+09050+036600FM-12+195099999V0201801N003012200019N0200001N1+02461+00861999999ADDAY111031AY201031GA1021+009009029GF102991021011008001001001MW1051REMSYN064AAXX  02091 63340 41570 21803 10246 20086 70510 82100 333 82830;
0140633400999992000020212004+09050+036600FM-12+195099999V0203001N003012200019N0200001N1+02341+00841999999ADDAY111061AY201061GA1031+008409029GF103991031011008001001001MW1051REMSYN064AAXX  02121 63340 41570 33003 10234 20084 70510 83100 333 83828;
0150633400999992000020215004+09050+036600FM-12+195099999V0209999C000012200019N0200001N1+02301+00521999999ADDAY111031AY211031GA1031+008409089GF103991031011008001001001MW1051REMSYN074AAXX  02151 63340 41570 30000 10230 20052 70511 83100 333 83828 555 10253;
0185633400999992000020306004+09050+036600FM-12+195099999V0203601N002012200019N0100001N1+01701+00621999999ADDAA199000091AY111061GA1001+999999999GF100991001001999999001001KA1120N+01211MW1051REMSYN074AAXX  03061 63340 31960 03602 10170 20062 7051/ 333 20121 555 22083 32070;EQDQ01  00002PRCP99
0140633400999992000020312004+09050+036600FM-12+195099999V0200701N003010078019N0200001N1+02371+00711999999ADDAY111061AY211061GA1051+007809029GF105991051021008001001001MW1051REMSYN064AAXX  03121 63340 41570 50703 10237 20071 70511 85200 333 85826;
0140633400999992000020315004+09050+036600FM-12+195099999V0202401N003010078019N0200001N1+02401+00681999999ADDAY111031AY211031GA1051+007809029GF105991051021008001001001MW1051REMSYN064AAXX  03151 63340 41570 52403 10240 20068 70511 85200 333 85826;
0130633400999992000020403004+09050+036600FM-12+195099999V0203401N003012200019N0240001N1+01261+00361999999ADDGA1021+010809089GF104991021011012501031001MW1051REMSYN070AAXX  04031 63340 41674 43403 10126 20036 705// 82130 333 82836 83361;
0140633400999992000020409004+09050+036600FM-12+195099999V0201001N003012200019N0200001N1+02441+00741999999ADDAY111031AY211031GA1011+009009029GF101991011011008001001001MW1051REMSYN064AAXX  04091 63340 41570 11003 10244 20074 70511 81100 333 81830;
0140633400999992000020412004+09050+036600FM-12+195099999V0201201N004012200019N0200001N1+02701+00381999999ADDAY121061AY211061GA1041+007809029GF104991041021008001001001MW1051REMSYN064AAXX  04121 63340 41570 41204 10270 20038 70521 84200 333 84826;
0150633400999992000020415004+09050+036600FM-12+195099999V0200201N003012200019N0250001N1+02461+00561999999ADDAY121031AY211031GA1021+007809089GF102991021021008001001001MW1051REMSYN074AAXX  04151 63340 41575 20203 10246 20056 70521 82200 333 82826 555 10280;
0124633400999992000020503004+09050+036600FM-12+195099999V0203601N002012200019N0250001N1+01361+00581999999ADDGA1021+066009019GF102991001001999999001011MW1051REMSYN064AAXX  05031 63340 41975 23602 10136 20058 705// 80001 333 82072;
0203633400999992000020506004+09050+036600FM-12+195099999V0203401N002012200019N0200001N1+01761+00861999999ADDAA199000091AY111061GA1011+008109089GF101991011011008001001001KA1120N+01251MW1051REMSYN092AAXX  05061 63340 31570 13402 10176 20086 7051/ 81100 333 20125 81827 555 22097 32068 10280;EQDQ01  00002PRCP99
0140633400999992000020509004+09050+036600FM-12+195099999V0201501N003012200019N0250001N1+02421+00401999999ADDAY111031AY211031GA1011+008109029GF101991011011008001001001MW1051REMSYN064AAXX  05091 63340 41575 11503 10242 20040 70511 81100 333 81827;
0112633400999992000020512004+09050+036600FM-12+195099999V0200801N003012200019N0300001N1+02681+00221999999ADDGA1021+008709029GF102991021011008001001001REMSYN058AAXX  05121 63340 42580 20803 10268 20022 82100 333 82829;
0122633400999992000020515004+09050+036600FM-12+195099999V0209999C000012200019N0300001N1+02521+00091999999ADDGA1021+011109089GF103991031011008001001001REMSYN068AAXX  05151 63340 42580 30000 10252 20009 83100 333 82837 555 10282;
0191633400999992000020606004+09050+036600FM-12+195099999V0201701N002012200019N0200001N1+01821+00551999999ADDAA199000091AY101061GA1001+999999999GF100991001001999999001001KA1120N+01251MW1051REMSYN080AAXX  06061 63340 31970 01702 10182 20055 7050/ 333 20125 555 22100 32075 10282;EQDQ01  00002PRCP99
0140633400999992000020609004+09050+036600FM-12+195099999V0201801N003012200019N0250001N1+02541+00551999999ADDAY101031AY201031GA1011+008109029GF101991011011008001001001MW1051REMSYN064AAXX  06091 63340 41575 11803 10254 20055 70500 81100 333 81827;
0150633400999992000020615004+09050+036600FM-12+195099999V0203401N002012200019N0250001N1+02501+00691999999ADDAY111031AY211031GA1021+008409089GF102991021021008001001001MW1051REMSYN074AAXX  06151 63340 41575 23402 10250 20069 70511 82200 333 82828 555 10282;
0140633400999992000020709004+09050+036600FM-12+195099999V0201701N003012200019N0200001N1+02401+00571999999ADDAY101031AY201031GA1011+009009029GF101991011011008001001001MW1051REMSYN064AAXX  07091 63340 41570 11703 10240 20057 70500 81100 333 81830;
0140633400999992000020712004+09050+036600FM-12+195099999V0202601N003010075019N0250001N1+02581+00511999999ADDAY111061AY201061GA1051+007509029GF105991051021008001001001MW1051REMSYN064AAXX  07121 63340 41575 52603 10258 20051 70510 85200 333 85825;
0150633400999992000020715004+09050+036600FM-12+195099999V0203601N003012200019N0200001N1+02301+00471999999ADDAY111031AY211031GA1031+008109089GF103991031011008001001001MW1051REMSYN074AAXX  07151 63340 41570 33603 10230 20047 70511 83100 333 83827 555 10276;
0150633400999992000020815004+09050+036600FM-12+195099999V0203401N003012200019N0200001N1+02341+00581999999ADDAY111031AY211031GA1031+009009089GF103991031011008001001001MW1051REMSYN074AAXX  08151 63340 41570 33403 10234 20058 70511 83100 333 83830 555 10270;
0177633400999992000021206004+09050+036600FM-12+195099999V0209999C000012200019N0300001N1+01901+00781999999ADDAA199000091GA1001+999999999GF100991001001999999001001KA1120N+00901REMSYN080AAXX  12061 63340 32980 00000 10190 20078 333 20090 555 22099 31/// 32092 10290;EQDQ01  00002PRCP99
0112633400999992000021212004+09050+036600FM-12+195099999V0203601N004012200019N0300001N1+02551+00781999999ADDGA1031+009009029GF103991031021008001001001REMSYN058AAXX  12121 63340 42580 33604 10255 20078 83200 333 83830;
0118633400999992000021403004+09050+036600FM-12+195099999V0203601N006010075019N0300001N1+01451+00521999999ADDGA1051+007509069GF106991051051008001031001REMSYN064AAXX  14031 63340 42580 63606 10145 20052 85530 333 85625 86360;
0112633400999992000021406004+09050+036600FM-12+195099999V0201301N004012200019N0300001N1+02401+00991999999ADDGA1021+008409029GF102991021011008001001001REMSYN058AAXX  14061 63340 42580 21304 10240 20099 82100 333 82828;
0112633400999992000021412004+09050+036600FM-12+195099999V0200901N003012200019N0300001N1+02701+00521999999ADDGA1031+008409029GF103991031021008001001001REMSYN058AAXX  14121 63340 42580 30903 10270 20052 83200 333 83828;
0122633400999992000021415004+09050+036600FM-12+195099999V0201801N003012200019N0300001N1+02601+00491999999ADDGA1031+008109069GF103991031041008001001001REMSYN068AAXX  14151 63340 42580 31803 10260 20049 83400 333 83627 555 10288;
0096633400999992000021503004+09050+036600FM-12+195099999V0209999C000012200019N0300001N1+01601+00911999999ADDGA1001+999999999GF100991001001999999001001REMSYN042AAXX  15031 63340 43980 00000 10160 20091;
0203633400999992000021506004+09050+036600FM-12+195099999V0202401N001012200019N0060001N1+01901+00681999999ADDAA199000091AY101061GA1011+008109089GF102991011011008001031001KA1120N+01141MW1051REMSYN092AAXX  15061 63340 31556 22401 10190 20068 7050/ 81130 333 20114 81827 555 22102 32070 10288;EQDQ01  00002PRCP99
0140633400999992000021509004+09050+036600FM-12+195099999V0201801N004012200019N0060001N1+99999+99999999999ADDAY101031AY201031GA1021+008109089GF103991021021008001031001MW1051REMSYN064AAXX  15091 63340 41556 31804 20055 70500 82230 333 82827 83359;
0131633400999992000021512004+09050+036600FM-12+195099999V0201501N004012200019N0300001N1+02701+00381999999ADDGA1031+008409029GF199999031021008001001001REMSYN058AAXX  15121 63340 42580 21504 10270 20038 83200 333 83828;EQDQ01+000022SCOTCV
0096633400999992000021603004+09050+036600FM-12+195099999V0209999C000012200019N0300001N1+01321+01021999999ADDGA1001+999999999GF100991001001999999001001REMSYN042AAXX  16031 63340 42980 00000 10132 20102;
0191633400999992000021606004+09050+036600FM-12+195099999V0201801N002012200019N0200001N1+01921+01111999999ADDAA199000091AY101061GA1001+999999999GF100991001001999999001001KA1120N+01321MW1051REMSYN080AAXX  16061 63340 31970 01802 10192 20111 7050/ 333 20132 555 22096 32099 10292;EQDQ01  00002PRCP99
0090633400999992000021609004+09050+036600FM-12+195099999V02099999999992200019N0300001N1+99999+99999999999ADDGA1001+999999999GF100991001001999999001001REMSYN036AAXX  16091 63340 42980 082/2 22/0/;
0112633400999992000021612004+09050+036600FM-12+195099999V0200901N003012200019N0300001N1+02651-00231999999ADDGA1011+009009029GF101991011011008001001001REMSYN058AAXX  16121 63340 42580 10903 10265 21023 81100 333 81830;
0122633400999992000021615004+09050+036600FM-12+195099999V0200901N002012200019N0300001N1+02701-00381999999ADDGA1031+060009009GF103991001001999999001011REMSYN068AAXX  16151 63340 42980 30902 10270 21038 80001 333 83070 555 10286;
0112633400999992000021703004+09050+036600FM-12+195099999V0201801N004012200019N0300001N1+01251-00451999999ADDGA1011+060009019GF101991001001999999001011REMSYN058AAXX  17031 63340 43980 11804 10125 21045 80001 333 81070;
0177633400999992000021706004+09050+036600FM-12+195099999V0201401N003012200019N0300001N1+01801-00041999999ADDAA199000091GA1001+999999999GF100991001001999999001001KA1120N+01221REMSYN080AAXX  17061 63340 32980 01403 10180 21004 333 20122 555 22099 31/// 32094 10286;EQDQ01  00002PRCP99
0096633400999992000021709004+09050+036600FM-12+195099999V0201501N004012200019N0300001N1+02351-00501999999ADDGA1001+999999999GF100991001001999999001001REMSYN042AAXX  17091 63340 42980 01504 10235 21050;
0096633400999992000021712004+09050+036600FM-12+195099999V0201501N002012200019N0300001N1+02701-00331999999ADDGA1001+999999999GF100991001001999999001001REMSYN042AAXX  17121 63340 42980 01502 10270 21033;
0106633400999992000021715004+09050+036600FM-12+195099999V0201401N002012200019N0300001N1+02551-00411999999ADDGA1001+999999999GF100991001001999999001001REMSYN052AAXX  17151 63340 42980 01402 10255 21041 555 10282;
0100633400999992000021803004+09050+036600FM-12+195099999V0201001N004012200019N0300001N1+01301-00631999999ADDGA1001+999999999GF100991001001999999001001REMSYN046AAXX  18031 63340 43980 01004 10130 21063 333;
0177633400999992000021806004+09050+036600FM-12+195099999V0201501N004012200019N0300001N1+01751-00301999999ADDAA199000091GA1001+999999999GF100991001001999999001001KA1120N+01241REMSYN080AAXX  18061 63340 32980 01504 10175 21030 333 20124 555 22100 31/// 32105 10282;EQDQ01  00002PRCP99
0112633400999992000021809004+09050+036600FM-12+195099999V0201401N006012200019N0300001N1+02351-00591999999ADDGA1021+060009019GF102991001001999999001011REMSYN058AAXX  18091 63340 42980 21406 10235 21059 80001 333 82070;
0096633400999992000021812004+09050+036600FM-12+195099999V0201501N004012200019N0300001N1+02751+00001999999ADDGA1001+999999999GF100991001001999999001001REMSYN042AAXX  18121 63340 42980 01504 10275 20000;
0106633400999992000021815004+09050+036600FM-12+195099999V0201501N004012200019N0300001N1+02541-00771999999ADDGA1001+999999999GF100991001001999999001001REMSYN052AAXX  18151 63340 42980 01504 10254 21077 555 10282;
0096633400999992000021903004+09050+036600FM-12+195099999V0201801N004012200019N0300001N1+01201-00731999999ADDGA1001+999999999GF100991001001999999001001REMSYN042AAXX  19031 63340 43980 01804 10120 21073;
0177633400999992000021906004+09050+036600FM-12+195099999V0201801N004012200019N0300001N1+01701-00521999999ADDAA199000091GA1001+999999999GF100991001001999999001001KA1120N+01151REMSYN080AAXX  19061 63340 32980 01804 10170 21052 333 20115 555 22106 31/// 32099 10282;EQDQ01  00002PRCP99
0096633400999992000021909004+09050+036600FM-12+195099999V0201501N006012200019N0300001N1+02351-00591999999ADDGA1001+999999999GF100991001001999999001001REMSYN042AAXX  19091 63340 42980 01506 10235 21059;
0096633400999992000021912004+09050+036600FM-12+195099999V0201501N002012200019N0300001N1+02701-00381999999ADDGA1001+999999999GF100991001001999999001001REMSYN042AAXX  19121 63340 42980 01502 10270 21038;
0096633400999992000022103004+09050+036600FM-12+195099999V0201501N004012200019N0300001N1+01651-00521999999ADDGA1001+999999999GF100991001001999999001001REMSYN042AAXX  21031 63340 42980 01504 10165 21052;
0153633400999992000022106004+09050+036600FM-12+195099999V0201801N002012200019N0300001N1+01801+00121999999ADDAA199000091GA1001+999999999GF100991001001999999001001KA1120N+01361REMSYN056AAXX  21061 63340 32980 01802 10180 20012 333 20136 555;EQDQ01  00002PRCP99
0100633400999992000022109004+09050+036600FM-12+195099999V0201801N002012200019N0300001N1+02451-00311999999ADDGA1001+999999999GF100991001001999999001001REMSYN046AAXX  21091 63340 42980 01802 10245 21031 333;
0096633400999992000022112004+09050+036600FM-12+195099999V0201801N004012200019N0300001N1+02701+00071999999ADDGA1001+999999999GF100991001001999999001001REMSYN042AAXX  21121 63340 42980 01804 10270 20007;
0106633400999992000022115004+09050+036600FM-12+195099999V0201301N001012200019N0300001N1+02601-00081999999ADDGA1001+999999999GF100991001001999999001001REMSYN052AAXX  21151 63340 42980 01301 10260 21008 555 10290;
0096633400999992000022203004+09050+036600FM-12+195099999V0209999C000012200019N0300001N1+01401+00561999999ADDGA1001+999999999GF100991001001999999001001REMSYN042AAXX  22031 63340 43980 00000 10140 20056;
0217633400999992000022206004+09050+036600FM-12+195099999V0201801N001012200019N0060001N1+01801+00751999999ADDAA199000091AY101061AY201061GA1021+999999079GF102991001001999999001011KA1120N+01351MW1051REMSYN098AAXX  22061 63340 31956 21801 10180 20075 70500 80001 333 20135 8270/ 555 22103 31/// 32071 10290;EQDQ01  00002PRCP99
0140633400999992000022209004+09050+036600FM-12+195099999V0201501N003012200019N0060001N1+02451+00051999999ADDAY101031AY201031GA1011+009909029GF101991011011012501001001MW1051REMSYN064AAXX  22091 63340 41656 11503 10245 20005 70500 81100 333 81833;
0146633400999992000022212004+09050+036600FM-12+195099999V0201801N002012200019N0080001N1+02801+00561999999ADDAY121061AY201061GA1031+009009089GF104991031021008001031001MW1051REMSYN070AAXX  22121 63340 41558 41802 10280 20056 70520 83230 333 83830 84360;
0120633400999992000022300004+09050+036600FM-12+195099999V0201801N002019999999N0080001N1+02801+00561999999ADDAY121061AY201061GA1031+009009089MW1051REMSYN070AAXX  23001 63340 41558 /1802 10280 20056 70520 83230 333 83830 84360;
0118633400999992000022303004+09050+036600FM-12+195099999V0203101N001012200019N0300001N1+01602+01201999999ADDGA1031+007509069GF104991031051008001001011REMSYN064AAXX  23031 63340 42580 43101 10160 20120 83501 333 83625 82070;
0212633400999992000022306004+09050+036600FM-12+195099999V0209999C000012200019N0040001N1+01901+00541999999ADDAA199000021AY121061GA1021+007809069GA2031+030009039GF104991021051008001031011KA1120N+01451MW1951REMSYN104AAXX  23061 63340 31540 40000 10190 20054 7952/ 82531 333 20145 82626 83360 555 22080 31/// 32076 10292;
0140633400999992000022309004+09050+036600FM-12+195099999V0201501N002012200019N0060001N1+02601+00191999999ADDAY121031AY221031GA1031+030009079GF104991031001999999031011MW1051REMSYN064AAXX  23091 63340 41956 41502 10260 20019 70522 83031 333 83360;
0146633400999992000022312004+09050+036600FM-12+195099999V0202401N00201012001CN0100001N1+02701+00071999999ADDAY121061AY221061GA1021+008409089GF105991051081008001001001MW1051REMSYN070AAXX  23121 63340 41560 52402 10270 20007 70522 85800 333 82828 84630;
0146633400999992000022315004+09050+036600FM-12+195099999V0203101N002012200019N0100001N1+02601+00341999999ADDAY121031AY211031GA1021+009009069GF103991021041008001031001MW1051REMSYN070AAXX  23151 63340 41560 33102 10260 20034 70521 82430 333 82630 83360;
0112633400999992000022403004+09050+036600FM-12+195099999V0200201N001012200019N0300001N1+01551-00241999999ADDGA1031+007809059GF103991031051008001031001REMSYN058AAXX  24031 63340 42580 30201 10155 21024 83530 333 83626;
0217633400999992000022406004+09050+036600FM-12+195099999V0200501N002012200019N0100001N1+01801+00261999999ADDAA199000091AY101061AY201061GA1031+060009009GF103991001001999999001011KA1120N+01461MW1051REMSYN098AAXX  24061 63340 31960 30502 10180 20026 70500 80001 333 20146 83070 555 22084 31/// 32079 10280;EQDQ01  00002PRCP99
0124633400999992000022409004+09050+036600FM-12+195099999V0201501N004012200019N0100001N1+02541-00021999999ADDAY101031AY201031GA1001+999999999GF100991001001999999001001MW1051REMSYN048AAXX  24091 63340 41960 01504 10254 21002 70500;
0140633400999992000022412004+09050+036600FM-12+195099999V0201501N002012200019N0100001N1+02781+00231999999ADDAY101061AY201061GA1011+009009029GF101991011011008001001001MW1051REMSYN064AAXX  24121 63340 41560 11502 10278 20023 70500 81100 333 81830;
0096633400999992000022503004+09050+036600FM-12+195099999V0202701N002012200019N0300001N1+01501+00081999999ADDGA1001+999999999GF100991001001999999001001REMSYN042AAXX  25031 63340 43980 02702 10150 20008;
0199633400999992000022506004+09050+036600FM-12+195099999V0203001N002012200019N0060001N1+01901+00141999999ADDAA199000091AY101061AY201061GA1001+999999999GF100991001001999999001001KA1120N+01461MW1051REMSYN080AAXX  25061 63340 31956 03002 10190 20014 70500 333 20146 555 22096 32093 10295;EQDQ01  00002PRCP99
0124633400999992000022509004+09050+036600FM-12+195099999V0201501N004012200019N0100001N1+02501+00421999999ADDAY101031AY201031GA1001+999999999GF100991001001999999001001MW1051REMSYN048AAXX  25091 63340 41960 01504 10250 20042 70500;
0146633400999992000022512004+09050+036600FM-12+195099999V0201501N00201012001CN0150001N1+02701+00381999999ADDAY121061AY201061GA1031+008709089GF106991051081008001031001MW1051REMSYN070AAXX  25121 63340 41565 61502 10270 20038 70520 85830 333 83829 84630;
0112633400999992000022603004+09050+036600FM-12+195099999V0203601N002012200019N0300001N1+01651+00431999999ADDGA1031+008409059GF103991031051008001031001REMSYN058AAXX  26031 63340 42580 33602 10165 20043 83530 333 83628;
0199633400999992000022606004+09050+036600FM-12+195099999V0203601N002012200019N0300001N1+01901+00421999999ADDAA199000091AY101061AY201061GA1001+999999999GF100991001001999999001001KA1120N+01451MW1051REMSYN080AAXX  26061 63340 31980 03602 10190 20042 70500 333 20145 555 22089 32080 10272;EQDQ01  00002PRCP99
0128633400999992000022609004+09050+036600FM-12+195099999V0200901N002012200019N0150001N1+02501+00311999999ADDAY101031AY201031GA1001+999999999GF100991001001999999001001MW1051REMSYN052AAXX  26091 63340 41965 00902 10250 20031 70500 333;
0140633400999992000022612004+09050+036600FM-12+195099999V0200901N003012200019N0150001N1+02701+00281999999ADDAY101061AY201061GA1021+009009029GF102991021011008001001001MW1051REMSYN064AAXX  26121 63340 41565 20903 10270 20028 70500 82100 333 82830;
0122633400999992000022615004+09050+036600FM-12+195099999V0203601N002012200019N0300001N1+02601+00341999999ADDGA1031+009009089GF103991031021008001001001REMSYN068AAXX  26151 63340 42580 33602 10260 20034 83200 333 83830 555 10284;
0112633400999992000022803004+09050+036600FM-12+195099999V0209999C000012200019N0300001N1+01301+00051999999ADDGA1031+008109059GF103991031051008001031001REMSYN058AAXX  28031 63340 42580 30000 10130 20005 83530 333 83627;
0189633400999992000022806004+09050+036600FM-12+195099999V0201801N002012200019N0100001N1+01901+00421999999ADDAA199000091AY101061AY201061GA1011+008409029GF101991011011008001001001KA1120N+01281MW1051REMSYN070AAXX  28061 63340 31560 11802 10190 20042 70500 81100 333 20128 81828;EQDQ01  00002PRCP99
0140633400999992000022809004+09050+036600FM-12+195099999V0200901N003012200019N0150001N1+02451+00191999999ADDAY101031AY201031GA1011+009009029GF102991011011008001031001MW1051REMSYN064AAXX  28091 63340 41565 20903 10245 20019 70500 81130 333 81830;
0140633400999992000022812004+09050+036600FM-12+195099999V0201401N002012200019N0150001N1+02801+00271999999ADDAY101061AY201061GA1031+009009029GF103991031011008001001011MW1051REMSYN064AAXX  28121 63340 41565 31402 10280 20027 70500 83101 333 83830;
0150633400999992000022815004+09050+036600FM-12+195099999V0209999C000012200019N0150001N1+02501+00311999999ADDAY101031AY201031GA1031+009009089GF103991031021008001031001MW1051REMSYN074AAXX  28151 63340 41565 30000 10250 20031 70500 83230 333 83830 555 10294;
0112633400999992000022903004+09050+036600FM-12+195099999V0203601N002012200019N0300001N1+01201+00181999999ADDGA1011+060009019GF101991001001999999001011REMSYN058AAXX  29031 63340 42980 13602 10120 20018 80001 333 81070;
0199633400999992000022906004+09050+036600FM-12+195099999V0201501N002012200019N0050001N1+01751+00571999999ADDAA199000091AY101061AY201061GA1001+999999999GF100991001001999999001001KA1120N+01151MW1051REMSYN080AAXX  29061 63340 31950 01502 10175 20057 70500 333 20115 555 22086 32087 10294;EQDQ01  00002PRCP99
0140633400999992000022912004+09050+036600FM-12+195099999V0203501N004012200019N0150001N1+02701+00071999999ADDAY101061AY201061GA1031+009009029GF103991031021008001001001MW1051REMSYN064AAXX  29121 63340 41565 33504 10270 20007 70500 83200 333 83830;
0096633400999992000030103004+09050+036600FM-12+195099999V0203601N002012200019N0300001N1+01301+00551999999ADDGA1001+999999999GF100991001001999999001001REMSYN042AAXX  01031 63340 42980 03602 10130 20055;
0146633400999992000030212004+09050+036600FM-12+195099999V0200501N003012200019N0150001N1+02701+00381999999ADDAY121061AY201061GA1031+009009089GF104991031021008001001021MW1051REMSYN070AAXX  02121 63340 41565 40503 10270 20038 70520 83202 333 83830 83070;
0112633400999992000030303004+09050+036600FM-12+195099999V0200301N002012200019N0300001N1+01401+00321999999ADDGA1021+008409059GF103991021051008001001011REMSYN058AAXX  03031 63340 42580 30302 10140 20032 82501 333 82628;
0112633400999992000030603004+09050+036600FM-12+195099999V0203601N002012200019N0300001N1+01601+00481999999ADDGA1031+008409059GF103991031051008001031001REMSYN058AAXX  06031 63340 43580 33602 10160 20048 83530 333 83628;
0169633400999992000030606004+09050+036600FM-12+195099999V0200501N002012200019N0150001N1+02101+00461999999ADDAA199000091AY101061GA1001+999999999GF100991001001999999001001KA1999N+01571MW1051REMSYN058AAXX  06061 63340 31965 00502 10210 20046 7050/ 333 20157;EQDQ01  00002PRCP99
0140633400999992000030612004+09050+036600FM-12+195099999V0200501N002012200019N0250001N1+02751+00641999999ADDAY101061AY201061GA1041+008409029GF104991041021008001001001MW1051REMSYN064AAXX  06121 63340 41575 40502 10275 20064 70500 84200 333 84828;
0134633400999992000030615004+09050+036600FM-12+195099999V0201801N002012200019N0200001N1+02501+00591999999ADDAY101031AY201031GA1011+008409029GF101991999999008001999999MW1051REMSYN058AAXX  06151 63340 41570 11802 10250 20059 70500 333 81828;
0140633400999992000030621004+09050+036600FM-12+195099999V0200501N002012200019N0250001N1+02751+00641999999ADDAY101031AY201031GA1041+008409029GF104991041021008001001001MW1051REMSYN064AAXX  06211 63340 41575 40502 10275 20064 70500 84200 333 84828;
0112633400999992000030703004+09050+036600FM-12+195099999V0203601N002012200019N0300001N1+01501+00751999999ADDGA1021+008409059GF102991021051008001001001REMSYN058AAXX  07031 63340 42580 23602 1015/ 20075 82500 333 82628;
0191633400999992000030706004+09050+036600FM-12+195099999V0200701N002012200019N0300001N1+02051+00751999999ADDAA199000091AY101061GA1001+999999999GF100991001001999999001001KA1120N+01551MW1051REMSYN080AAXX  07061 63340 31980 00702 10205 20075 7050/ 333 20155 555 22093 32074 10295;EQDQ01  00002PRCP99
0140633400999992000030709004+09050+036600FM-12+195099999V0201801N002012200019N0200001N1+02551+00781999999ADDAY101031AY201031GA1021+008409029GF102991021011008001001001MW1051REMSYN064AAXX  07091 63340 41570 21802 10255 20078 70500 82100 333 82828;
0209633400999992000030806004+09050+036600FM-12+195099999V0203601N004012200019N0200001N1+01951+00221999999ADDAA199000091AY101061GA1021+009009089GF102991021011008001001001KA1120N+01501MW1051REMSYN098AAXX  08061 63340 31570 23604 10195 20022 7050/ 82100 333 20150 82830 555 22092 31/// 32091 10288;EQDQ01  00002PRCP99
0146633400999992000030809004+09050+036600FM-12+195099999V0202501N002012200019N0200001N1+02701+00651999999ADDAY101031AY201031GA1011+009009089GF103991011081008001031001MW1051REMSYN070AAXX  08091 63340 41570 32502 10270 20065 70500 81830 333 81830 83360;
0146633400999992000030812004+09050+036600FM-12+195099999V0202701N00301045001CN0200001N1+02751+00611999999ADDAY101061AY201061GA1031+006009089GF105991031021008001031001MW1051REMSYN070AAXX  08121 63340 41570 52703 10275 20061 70500 83230 333 83820 84360;
0172633400999992000030815004+09050+036600FM-12+195099999V0203101N003010450019N0200001N1+02401+00421999999ADDAY121031AY201031GA1031+008409089GA2041+009009069GF105991041081008001031001MW1051REMSYN080AAXX  08151 63340 41570 53103 10240 20042 70520 84830 333 83828 84630 555 10290;
0095633400999992000030903004+09050+036600FM-12+195099999V0203601N001012200019N0300001N1+01151+00111999999ADDGF102991001001999999001011REMSYN057AAXX  09031 63340 42980 23601 10115 20011 80001 333 8200;
0191633400999992000030906004+09050+036600FM-12+195099999V0202701N002012200019N0200001N1+01801+00521999999ADDAA199000091AY101061GA1001+999999999GF100991001001999999001001KA1120N+01151MW1051REMSYN080AAXX  09061 63340 31970 02702 10180 20052 7050/ 333 20115 555 22091 32090 10290;EQDQ01  00002PRCP99
0124633400999992000030909004+09050+036600FM-12+195099999V0202401N002012200019N0200001N1+02451+00631999999ADDAY101031AY201031GA1001+999999999GF100991001001999999001001MW1051REMSYN048AAXX  09091 63340 41970 02402 10245 20063 70500;
0140633400999992000030912004+09050+036600FM-12+195099999V0200501N002012200019N0200001N1+02701+00521999999ADDAY101061AY201061GA1021+009009029GF102991021011008001001001MW1051REMSYN064AAXX  09121 63340 41570 20502 10270 20052 70500 82100 333 82830;
0150633400999992000030915004+09050+036600FM-12+195099999V0202701N002012200019N0200001N1+02601+00491999999ADDAY101031AY201031GA1021+009009089GF102991021011008001001001MW1051REMSYN074AAXX  09151 63340 41570 22702 10260 20049 70500 82100 333 82830 555 10290;
0112633400999992000031003004+09050+036600FM-12+195099999V0203501N002012200019N0300001N1+01201+00701999999ADDGA1021+060009019GF102991001001999999001011REMSYN058AAXX  10031 63340 42980 23502 10120 20070 80001 333 82070;
0191633400999992000031006004+09050+036600FM-12+195099999V0202501N002012200019N0050001N1+01751+00571999999ADDAA199000091AY101061GA1001+999999999GF100991001001999999001001KA1120N+01201MW1051REMSYN080AAXX  10061 63340 31950 02502 10175 20057 7050/ 333 20120 555 22103 32087 10290;EQDQ01  00002PRCP99
0124633400999992000031009004+09050+036600FM-12+195099999V0201801N003012200019N0150001N1+02451+00511999999ADDAY101031AY201031GA1001+999999999GF100991001001999999001001MW1051REMSYN048AAXX  10091 63340 41965 01803 10245 20051 70500;
0150633400999992000031015004+09050+036600FM-12+195099999V0203401N002012200019N0200001N1+02501+00311999999ADDAY101031AY201031GA1021+009009089GF102991021011008001001001MW1051REMSYN074AAXX  10151 63340 41570 23402 10250 20031 70500 82100 333 82830 555 10290;
0124633400999992000031103004+09050+036600FM-12+195099999V0203601N002012200019N0200001N1+01401+00201999999ADDGA1021+009009059GF102991021051008001001001MW1051REMSYN064AAXX  11031 63340 41570 23602 10140 20020 705// 82500 333 82630;
0219633400999992000031106004+09050+036600FM-12+195099999V0201801N002012200019N0200001N1+01821+00591999999ADDAA199000091AY101061GA1011+008409089GA2031+030009039GF103991999999008001999999KA1120N+01301MW1051REMSYN092AAXX  11061 63340 31570 31802 10182 20059 7050/ 333 20130 81828 83360 555 22105 31/// 32089;EQDQ01  00002PRCP99
0140633400999992000031109004+09050+036600FM-12+195099999V0201501N003012200019N0200001N1+02501+00461999999ADDAY101031AY201031GA1011+009009029GF101991011011008001001001MW1051REMSYN064AAXX  11091 63340 41570 11503 10250 20046 70500 81100 333 81830;
0140633400999992000031112004+09050+036600FM-12+195099999V0201501N002012200019N0200001N1+02351+00571999999ADDAY101061AY201061GA1031+009009029GF103991031021008001001001MW1051REMSYN064AAXX  11121 63340 41570 31502 10235 20057 70500 83200 333 83830;
0164633400999992000031115004+09050+036600FM-12+195099999V0203601N00201012001CN0250001N1+02501+00461999999ADDAY101031GA1031+008409089GA2041+008409069GF105991051081008001001001MW1021REMSYN080AAXX  11151 63340 41575 53602 10250 20046 7020/ 85800 333 83828 84628 555 10294;
0108633400999992000031303004+09050+036600FM-12+195099999V0209999C000012200019N0060001N1+01501+00691999999ADDGA1001+999999999GF100991001001999999001001MW1051REMSYN048AAXX  13031 63340 41956 00000 10150 20069 705//;
0169633400999992000031306004+09050+036600FM-12+195099999V0201801N002012200019N0050001N1+01901+00661999999ADDAA199000091AY101061GA1001+999999999GF100991001001999999001001KA1999N+01431MW1051REMSYN058AAXX  13061 63340 31950 01802 10190 20066 7050/ 333 20143;EQDQ01  00002PRCP99
0172633400999992000031315004+09050+036600FM-12+195099999V0203601N002012200019N0150001N1+02601+00341999999ADDAY121031AY201031GA1021+009009089GA2031+009609069GF104991041081008001001001MW1051REMSYN080AAXX  13151 63340 41565 43602 10260 20034 70520 84800 333 82830 83632 555 10288;
0112633400999992000031403004+09050+036600FM-12+195099999V0203601N002012200019N0150001N1+01551+00291999999ADDGA1001+999999999GF100991001001999999001001MW1051REMSYN052AAXX  14031 63340 41965 03602 10155 20029 705// 333;
0191633400999992000031406004+09050+036600FM-12+195099999V0209999C000012200019N0040001N1+02001+00561999999ADDAA199000091AY101061GA1001+999999999GF100991001001999999001001KA1120N+01551MW1051REMSYN080AAXX  14061 63340 31940 00000 10200 20056 7050/ 333 20155 555 22099 31/// 32099;EQDQ01  00002PRCP99
0190633400999992000031409004+09050+036600FM-12+195099999V0209999C000012200019N0040001N1+02001+00561999999ADDAA199000091AY101031GA1001+999999999GF100991001001999999001001KA1120N+01551MW1051REMSYN079AAXX  14091 63340 31940 00000 10200 20056 7050/ 333 20155 555 22099 1/// 32099;EQDQ01  00002PRCP99
0124633400999992000031503004+09050+036600FM-12+195099999V0200301N002012200019N0150001N1+01551+00291999999ADDGA1011+009009059GF101991011051008001001001MW1051REMSYN064AAXX  15031 63340 41565 10302 10155 20029 705// 81500 333 81630;
0209633400999992000031506004+09050+036600FM-12+195099999V0200301N002012200019N0200001N1+02001+00491999999ADDAA199000091AY101061GA1021+009009069GF102991021051008001031001KA1120N+01501MW1051REMSYN098AAXX  15061 63340 31570 20302 10200 20049 7050/ 82530 333 20150 82630 555 22012 31/// 32097 10296;EQDQ01  00002PRCP99
0146633400999992000031512004+09050+036600FM-12+195099999V0203601N00401012001CN0250001N1+02701+00381999999ADDAY111061AY201061GA1031+009009089GF105991051081008001001001MW1051REMSYN070AAXX  15121 63340 41575 53604 10270 20038 70510 85800 333 83830 84632;
0172633400999992000031515004+09050+036600FM-12+195099999V0203601N002012200019N0250001N1+02601+00191999999ADDAY121031AY201031GA1021+009009089GA2031+009609069GF104991041081008001001001MW1051REMSYN080AAXX  15151 63340 41575 43602 10260 20019 70520 84800 333 82830 83632 555 10290;
0096633400999992000031603004+09050+036600FM-12+195099999V0209999C000012200019N0150001N1+01501+00691999999ADDGA1001+999999999GF100991001001999999001001REMSYN042AAXX  16031 63340 43965 00000 10150 20069;
0176633400999992000031606004+09050+036600FM-12+195099999V0201801N002012200019N0060001N1+01901+00761999999ADDAA199000091GA1001+999999999GF100991001001999999001001KA1120N+01451REMSYN079AAXX  16061 63340 31956 01802 10190 20076 750/ 333 20145 555 22098 32087 10290;EQDQ01  00002PRCP99
0146633400999992000031612004+09050+036600FM-12+195099999V0202701N00201012001CN0250001N1+02651+00701999999ADDAY111061AY201061GA1031+009009089GF105991051081008001001001MW1051REMSYN070AAXX  16121 63340 41575 52702 10265 20070 70510 85800 333 83830 84632;
0172633400999992000031615004+09050+036600FM-12+195099999V0203401N00301009601CN0250001N1+02601+00491999999ADDAY121031AY201031GA1021+009009089GA2031+009609069GF105991041081008001001011MW1051REMSYN080AAXX  16151 63340 41575 53403 10260 20049 70520 84801 333 82830 83632 555 10302;
0205633400999992000031706004+09050+036600FM-12+195099999V0201801N002010300019N0300001N1+01901+00881999999ADDAA199000091GA1021+008409069GA2041+030009039GF105991021051008001031001KA1120N+01601REMSYN092AAXX  17061 63340 32580 51802 10190 20088 82530 333 20160 82628 84360 555 22096 32080 10302;EQDQ01  00002PRCP99
0112633400999992000031709004+09050+036600FM-12+195099999V0201801N003012200019N0300001N1+02501+00711999999ADDGA1021+008409029GF102991021011008001001001REMSYN058AAXX  17091 63340 42580 21803 10250 20071 82100 333 82828;
0112633400999992000031712004+09050+036600FM-12+195099999V0201801N002012200019N0300001N1+02901+00601999999ADDGA1031+009009029GF103991031021008001001001REMSYN058AAXX  17121 63340 42580 31802 10290 20060 83200 333 83830;
0096633400999992000031803004+09050+036600FM-12+195099999V0203601N002012200019N0300001N1+01501-00241999999ADDGA1001+999999999GF100991001001999999001001REMSYN042AAXX  18031 63340 42980 03602 10150 21024;
0140633400999992000031812004+09050+036600FM-12+195099999V0201501N002012200019N0200001N1+02751+00421999999ADDAY111061AY201061GA1041+009009029GF104991041021008001001001MW1051REMSYN064AAXX  18121 63340 42570 41502 10275 20042 70510 84200 333 84830;
0112633400999992000032012004+09050+036600FM-12+195099999V0203101N002012200019N0300001N1+02801+00511999999ADDGA1041+007809029GF104991041021008001001001REMSYN058AAXX  20121 63340 42580 43102 10280 20051 84200 333 84826;
0144633400999992000032015004+09050+036600FM-12+195099999V0203401N002010090019N0300001N1+02651+00431999999ADDGA1031+008409089GA2041+009009069GF105991051081008001001001REMSYN074AAXX  20151 63340 42580 53402 10265 20043 85800 333 83828 84630 555 10288;
0112633400999992000032103004+09050+036600FM-12+195099999V0201801N001012200019N0300001N1+01651+00171999999ADDGA1021+008409059GF103991021051008001001011REMSYN058AAXX  21031 63340 43580 31801 10165 20017 82501 333 82628;
0189633400999992000032106004+09050+036600FM-12+195099999V0201801N002012200019N0300001N1+02001+00561999999ADDAA199000091GA1021+060009009GF102991001001999999001011KA1120N+01571REMSYN092AAXX  21061 63340 32980 21802 10200 20056 80001 333 20157 82070 555 22092 31/// 32087 10288;EQDQ01  00002PRCP99
0171633400999992000032206004+09050+036600FM-12+195099999V0201801N003012200019N0300001N1+02051-00061999999ADDAA199000091GA1001+999999999GF100991001001999999001001KA1120N+01461REMSYN074AAXX  22061 63340 32980 01803 10205 21006 333 20146 555 22096 32105 10296;EQDQ01  00002PRCP99
0100633400999992000032209004+09050+036600FM-12+195099999V0201501N006012200019N0300001N1+02501-00401999999ADDGA1001+999999999GF100991001001999999001001REMSYN046AAXX  22091 63340 42980 01506 10250 21040 333;
0112633400999992000032212004+09050+036600FM-12+195099999V0201501N002012200019N0300001N1+02801-00131999999ADDGA1021+009009029GF102991021011008001001001REMSYN058AAXX  22121 63340 42580 21502 10280 21013 82100 333 82830;
0122633400999992000032215004+09050+036600FM-12+195099999V0200501N002012200019N0300001N1+02701-00241999999ADDGA1031+009009089GF103991031011008001001001REMSYN068AAXX  22151 63340 42580 30502 10270 21024 83100 333 83830 555 10304;
0096633400999992000032303004+09050+036600FM-12+195099999V0201801N002012200019N0300001N1+01501-00241999999ADDGA1001+999999999GF100991001001999999001001REMSYN042AAXX  23031 63340 43980 01802 10150 21024;
0197633400999992000032306004+09050+036600FM-12+195099999V0201801N004012200019N0200001N1+02051-00061999999ADDAA199000091AY101061GA1001+999999999GF100991001001999999001001KA1120N+01441MW1051REMSYN086AAXX  23061 63340 31970 01804 10205 21006 7050/ 333 20144 555 22104 31/// 32091 10304;EQDQ01  00002PRCP99
0124633400999992000032309004+09050+036600FM-12+195099999V0201801N005012200019N0200001N1+02651-00231999999ADDAY101031AY201031GA1001+999999999GF100991001001999999001001MW1051REMSYN048AAXX  23091 63340 41970 01805 10265 21023 70500;
0112633400999992000032312004+09050+036600FM-12+195099999V0203601N004012200019N0300001N1+02851-00211999999ADDGA1011+010209029GF101991011011012501001001REMSYN058AAXX  23121 63340 42680 13604 10285 21021 81100 333 81834;
0144633400999992000032315004+09050+036600FM-12+195099999V0203601N002012200019N0300001N1+02801-00481999999ADDGA1011+010209089GA2031+060009009GF103991011011012501001021REMSYN074AAXX  23151 63340 42680 33602 10280 21048 81102 333 81834 83070 555 10306;
0140633400999992000032403004+09050+036600FM-12+195099999V0203601N00201045001CN0300001N1+01801+00851999999ADDGA1041+008409069GA2041+008409069GF106991041051008001031001REMSYN070AAXX  24031 63340 42580 63602 10180 20085 84530 333 84628 84628 86359;
0225633400999992000032406004+09050+036600FM-12+195099999V0203401N002010084019N0200001N1+01901+00881999999ADDAA199000091AY101061GA1051+008409069GA2071+027009039GF107991041051008001031001KA1120N+01651MW1051REMSYN098AAXX  24061 63340 31570 73402 10190 20088 7050/ 84530 333 20165 85628 87359 555 22105 32090 10306;EQDQ01  00002PRCP99
0146633400999992000032412004+09050+036600FM-12+195099999V0200901N00201045001CN0200001N1+02751+00731999999ADDAY121061AY221061GA1041+009009089GF105991041021008001031001MW1051REMSYN070AAXX  24121 63340 41570 50902 10275 20073 70522 84230 333 84830 83360;
0194633400999992000032415004+09050+036600FM-12+195099999V0203601N004010090019N0200001N1+02351+00601999999ADDAY121031AY221031GA1031+008409089GA2031+009009069GA3051+030009039GF106991051081008001031001MW1051REMSYN086AAXX  24151 63340 41570 63604 10235 20060 70522 85830 333 83828 83630 85360 555 10292;
0130633400999992000032503004+09050+036600FM-12+195099999V0203601N001010078019N0050001N1+01601+00481999999ADDGA1071+007809069GF108991071051008001011999MW1051REMSYN070AAXX  25031 63340 41550 83601 10160 20048 705// 8751/ 333 87626 88459;
0231633400999992000032506004+09050+036600FM-12+195099999V0203101N001012200019N0050001N1+02001+00301999999ADDAA199000091AY121061GA1011+008409089GA2031+030009039GF103991011011008001031001KA1120N+01601MW1051REMSYN104AAXX  25061 63340 31550 33101 10200 20030 7052/ 81130 333 20160 81828 83360 555 22068 31/// 32073 10292;EQDQ01  00002PRCP99
0140633400999992000032512004+09050+036600FM-12+195099999V0201801N002012200019N0150001N1+02751+00731999999ADDAY121061AY211061GA1041+008409029GF104991041021008001001001MW1051REMSYN064AAXX  25121 63340 41565 41802 10275 20073 70521 84200 333 84828;
0216633400999992000032515004+09050+036600FM-12+195099999V0203601N004010087019N0100001N1+01851+01211999999ADDAY191031AY221031GA1031+008409089GA2021+008709099GA3051+009009069GA4061+027009039GF107991061091008001061001MW1971REMSYN092AAXX  25151 63340 41560 73604 10185 20121 79792 86960 333 82929 83828 85630 86359 555 10286;
0216633400999992000032706004+09050+036600FM-12+195099999V0203501N002012200019N0150001N1+01901+00041999999ADDAA124001091AY121061GA1021+030009039GF102991021051008001031001KA1120N+01001MD1999999-0031MW1051REMSYN110AAXX  27061 63340 11565 23502 10190 20004 60014 7052/ 82530 333 20100 59003 82360 555 22094 31065 32046 10332;
0114633400999992000032709004+09050+036600FM-12+195099999V0203101N002012200019N0200001N1+02401+00291999999ADDAY101031AY201031GF102991021081008001031001MW1051REMSYN054AAXX  27091 63340 41570 23102 10240 20029 70500 82830;
0172633400999992000032715004+09050+036600FM-12+195099999V0200501N002012200019N0200001N1+02501+00461999999ADDAY121031AY201031GA1021+008409069GA2031+030009039GF103991021041008001031001MW1051REMSYN080AAXX  27151 63340 41570 30502 10250 20046 70520 82430 333 82628 83360 555 10290;
0118633400999992000032803004+09050+036600FM-12+195099999V0203601N001012200019N0300001N1+01451+00521999999ADDGA1011+008409069GF104991011051008001001041REMSYN064AAXX  28031 63340 42580 43601 10145 20052 81504 333 81628 84070;
0150633400999992000032815004+09050+036600FM-12+195099999V0200501N002012200019N0200001N1+02601+00341999999ADDAY101031AY201031GA1031+009009089GF103991031021008001001001MW1051REMSYN074AAXX  28151 63340 41570 30502 10260 20034 70500 83200 333 83830 555 10296;
0197633400999992000032906004+09050+036600FM-12+195099999V0201501N002012200019N0100001N1+02001+00441999999ADDAA199000091AY101061GA1001+999999999GF100991001001999999001001KA1120N+01581MW1051REMSYN086AAXX  29061 63340 31960 01502 10200 20044 7050/ 333 20158 555 22099 31/// 32090 10296;EQDQ01  00002PRCP99
0140633400999992000032909004+09050+036600FM-12+195099999V0201801N002012200019N0200001N1+02651+00291999999ADDAY101031AY201031GA1011+010209029GF101991011011012501001001MW1051REMSYN064AAXX  29091 63340 41670 11802 10265 20029 70500 81100 333 81834;
0172633400999992000032915004+09050+036600FM-12+195099999V0203601N00201012001CN0200001N1+02651+00291999999ADDAY121031AY201031GA1031+008409089GA2041+999999069GF105991051081008001001001MW1051REMSYN080AAXX  29151 63340 41570 53602 10265 20029 70520 85800 333 83828 8460/ 555 10300;
0118633400999992000033003004+09050+036600FM-12+195099999V0201801N001010084019N0300001N1+01801+00751999999ADDGA1051+008409069GF107991051051008001071001REMSYN064AAXX  30031 63340 42580 71801 10180 20075 85570 333 85628 87360;
0140633400999992000033012004+09050+036600FM-12+195099999V0203101N002012200019N0200001N1+02801+00811999999ADDAY111061AY201061GA1041+008409029GF104991041021008001001001MW1051REMSYN064AAXX  30121 63340 41570 43102 10280 20081 70510 84200 333 84828;
0172633400999992000033015004+09050+036600FM-12+195099999V0203401N002012200019N0200001N1+02601+00311999999ADDAY111031AY201031GA1021+008409089GA2031+009009069GF103991031081008001001001MW1051REMSYN080AAXX  30151 63340 41570 33402 10260 20031 70510 83800 333 82828 83630 555 10292;
0118633400999992000033103004+09050+036600FM-12+195099999V0201801N003010084019N0300001N1+01401+01071999999ADDGA1051+008409069GF106991051051008001071001REMSYN064AAXX  31031 63340 43580 61803 10140 20107 85570 333 85628 86360;
