0187650190999992000010109004+10600+007450FM-12+0642DNKA V0200901N005110900019N0080001N1+02521+00131101081ADDAY121031AY221031GA1071+090009089GF107991001001999999001081MA1999999094081MD1999999-0041MW1051REMSYN082AAXX  01094 65019 41958 70910 10252 20013 39408 40108 70522 80008 333 59004 87280;
0080650190999992000010309004+10600+007450FM-12+0642DNKA V0200601N005119999999N0180001N1+02401-00761999999ADDGF107991999999999999999999REMSYN042AAXX  03094 65019 41968 70610 10240 21076;
0166650190999992000010509004+10600+007450FM-12+0642DNKA V0200601N005110900019N0150001N1+02081+00311101391ADDAY121031AY221031GA1071+090009089GF107991001001999999001081MD1999999+0011MW1051REMSYN076AAXX  05094 65019 41965 70610 10208 20031 40139 70522 80008 333 58001 87280;
0187650190999992000010515004+10600+007450FM-12+0642DNKA V0200901N002610900019N0160001N1+02761+00591100651ADDAY121031AY221031GA1071+090009089GF107991001001999999001081MA1999999093741MD1999999-0011MW1051REMSYN082AAXX  05154 65019 41966 70905 10276 20059 39374 40065 70522 80008 333 59001 87280;
0187650190999992000010709004+10600+007450FM-12+0642DNKA V0200801N006710900019N0026001N1+02201+00331101371ADDAY121031AY221031GA1071+090009089GF107991001001999999001081MA1999999094161MD1999999-0061MW1051REMSYN082AAXX  07094 65019 41926 70813 10220 20033 39416 40137 70522 80008 333 59006 87280;
0187650190999992000010809004+10600+007450FM-12+0642DNKA V0200901N005110900019N0100001N1+02251+00431101531ADDAY121031AY221031GA1071+090009089GF107991001001999999001081MA1999999094321MD1999999+0121MW1051REMSYN082AAXX  08094 65019 41960 70910 10225 20043 39432 40153 70522 80008 333 58012 87280;
0187650190999992000011109004+10600+007450FM-12+0642DNKA V02099999999990900019N0028001N1+99999+99999101471ADDAY121031AY221031GA1071+090009089GF107991001001999999001081MA1999999094261MD1999999+0011MW1051REMSYN082AAXX  11094 65019 41928 7096/ 10/25 20003 39426 40147 70522 80008 333 58001 87280;
0236650190999992000011118004+10600+007450FM-12+0642DNKA V0200301N003110900019N0040001N1+02551+00501101701ADDAA106000091AY121061AY221061GA1071+090009089GF107991001001999999001081KA1120M+03101MA1999999093991MD1999999+0071MW1051REMSYN088AAXX  11184 65019 31940 70306 10255 20050 39399 40170 70522 80008 333 10310 58007 87280;EQDQ01  00002PRCP06
0187650190999992000011209004+10600+007450FM-12+0642DNKA V0200901N006710900019N0025001N1+02311-00031101241ADDAY121031AY221031GA1071+090009089GF107991001001999999001081MA1999999094191MD1999999-0071MW1051REMSYN082AAXX  12094 65019 41925 70913 10231 21003 39419 40124 70522 80008 333 59007 87280;
0217650190999992000011212004+10600+007450FM-12+0642DNKA V0200901N004610900019N0030001N1+02851+00601100931ADDAA106000091AY121061AY221061GA1071+090009089GF107991001001999999001081MA1999999094021MD1999999-0031MW1051REMSYN082AAXX  12124 65019 31930 70909 10285 20060 39402 40093 70522 80008 333 59003 87280;EQDQ01  00002PRCP06
0187650190999992000011309004+10600+007450FM-12+0642DNKA V0201001N004110900019N0060001N1+02601+00321101051ADDAY121031AY221031GA1071+090009089GF107991001001999999001081MA1999999094041MD1999999-0151MW1051REMSYN082AAXX  13094 65019 41956 71008 10260 20032 39404 40105 70522 80008 333 59015 87280;
0191650190999992000011609004+10600+007450FM-12+064299999V0200901N005110900019N0100001N1+02651+00351101191ADDAY121031AY221031GA1071+090009089GF107991001001999999001081MA1999999094161MD1999999+0081MW1051REMSYN086    AAXX  16094 65019 41960 70910 10265 20035 39416 40119 70522 80008 333 58008 87280;
0221650190999992000011612004+10600+007450FM-12+064299999V0200901N006212100019N0150001N1+03321+00461100941ADDAA199000091AY121061AY221061GA1071+210009089GF107991001001999999001081MA1999999094031MD1999999+0081MW1051REMSYN086    AAXX  16124 65019 31965 70912 10332 20046 39403 40094 70522 80008 333 58008 87288;EQDQ01  00002PRCP99
0189650190999992000012012004+10600+007450FM-12+0642DNKA V0201001N005110900019N0200001N1+03411+00341100981ADDAA199000091GA1071+090009089GF107991001001999999001081MA1999999094131MD1999999+0101REMSYN076AAXX  20124 65019 32970 71010 10341 20034 39413 40098 80008 333 58010 87280;EQDQ01  00002PRCP99
0159650190999992000012015004+10600+007450FM-12+0642DNKA V0200901N005110900019N0200001N1+03401+00541100701ADDGA1071+090009089GF107991001001999999001081MA1999999093851MD1999999-0051REMSYN076AAXX  20154 65019 42970 70910 10340 20054 39385 40070 80008 333 59005 87280;
0159650190999992000012109004+10600+007450FM-12+0642DNKA V02099999999990900019N0200001N1+02841+00131101161ADDGA1071+090009089GF107991001001999999001081MA1999999094251MD1999999-0031REMSYN076AAXX  21094 65019 42970 7010/ 10284 20013 39425 40116 80008 333 59003 87280;
0189650190999992000012112004+10600+007450FM-12+0642DNKA V0200901N005110900019N0200001N1+03341+00461100781ADDAA199000091GA1071+090009089GF107991001001999999001081MA1999999094031MD1999999-0101REMSYN076AAXX  21124 65019 32970 70910 10334 20046 39403 40078 80008 333 59010 87280;EQDQ01  00002PRCP99
0159650190999992000012115004+10600+007450FM-12+0642DNKA V0201001N003610900019N0200001N1+03481+00321100661ADDGA1071+090009089GF107991001001999999001081MA1999999093811MD1999999-0041REMSYN076AAXX  21154 65019 42970 71007 10348 20032 39381 40066 80008 333 59004 87280;
0187650190999992000012509004+10600+007450FM-12+0642DNKA V0201401N004110900019N0150001N1+02901+00951101221ADDAY121031AY221031GA1071+090009089GF107991001001999999001081MA1999999094311MD1999999+0191MW1051REMSYN082AAXX  25094 65019 41965 71408 10290 20095 39431 40122 70522 80008 333 58019 87280;
0217650190999992000012512004+10600+007450FM-12+0642DNKA V0200901N006210900019N0180001N1+03461+00271100921ADDAA199000091AY121061AY221061GA1071+090009089GF107991001001999999001081MA1999999094071MD1999999+0151MW1051REMSYN082AAXX  25124 65019 31968 70912 10346 20027 39407 40092 70522 80008 333 58015 87280;EQDQ01  00002PRCP99
0236650190999992000012518004+10600+007450FM-12+0642DNKA V0200301N004610900019N0180001N1+03051-00031100901ADDAA199000091AY121061AY221061GA1071+090009089GF107991001001999999001081KA1120M+03601MA1999999093991MD1999999+0121MW1051REMSYN088AAXX  25184 65019 31968 70309 10305 21003 39399 40090 70522 80008 333 10360 58012 87280;EQDQ01  00002PRCP99
0159650190999992000012609004+10600+007450FM-12+0642DNKA V0201001N005710900019N0200001N1+03011-00381101231ADDGA1071+090009089GF107991001001999999001081MA1999999094321MD1999999+0011REMSYN076AAXX  26094 65019 42970 71011 10301 21038 39432 40123 80008 333 58001 87280;
0187650190999992000012709004+10600+007450FM-12+0642DNKA V0200901N009310900019N0120001N1+02901-00621101171ADDAY121031AY221031GA1071+090009089GF107991001001999999001081MA1999999094321MD1999999+0001MW1051REMSYN082AAXX  27094 65019 41962 70918 10290 21062 39432 40117 70522 80008 333 58000 87280;
0217650190999992000021412004+10600+007450FM-12+0642DNKA V0200601N005110900019N0015001N1+02831-00381101021ADDAA199000091AY121061AY221061GA1071+090009089GF107991001001999999001081MA1999999094111MD1999999-0171MW1051REMSYN082AAXX  14124 65019 31915 70610 10283 21038 39411 40102 70522 80008 333 59017 87280;EQDQ01  00002PRCP99
0187650190999992000022509004+10600+007450FM-12+0642DNKA V0200901N007210900019N0017001N1+02901-00581101201ADDAY121031AY221031GA1071+090009089GF107991001001999999001081MA1999999094291MD1999999+0111MW1051REMSYN082AAXX  25094 65019 41917 70914 10290 21058 39429 40120 70522 80008 333 58011 87280;
0193650190999992000022609004+10600+007450FM-12+0642DNKA V0200601N022610900019N0005001N1+02261-00601101521ADDAY121031AY221031GA1071+090009029GF107991001001999999001081MA1999999094511MD1999999+0221MW1061REMSYN088AAXX  26094 65019 41905 70644 10226 21060 39451 40152 70622 80008 333 58022 87280 97711;
0187650190999992000022615004+10600+007450FM-12+0642DNKA V0200901N006710900019N0020001N1+02921-00141100971ADDAY121031AY221031GA1071+090009089GF107991001001999999001081MA1999999094061MD1999999+0181MW1051REMSYN082AAXX  26154 65019 41920 70913 10292 21014 39406 40097 70522 80008 333 58018 87280;
0187650190999992000030209004+10600+007450FM-12+0642DNKA V0200801N007210900019N0011001N1+02271-01041101711ADDAY121031AY221031GA1071+090009089GF107991001001999999001081MA1999999094501MD1999999-0121MW1051REMSYN082AAXX  02094 65019 41911 70814 10227 21104 39450 40171 70522 80008 333 59012 87280;
0187650190999992000030309004+10600+007450FM-12+0642DNKA V0200601N007710900019N0020001N1+02501-00951101501ADDAY121031AY221031GA1071+090009089GF107991001001999999001081MA1999999094491MD1999999-0011MW1051REMSYN082AAXX  03094 65019 41920 70615 10250 21095 39449 40150 70522 80008 333 59001 87280;
0187650190999992000030409004+10600+007450FM-12+0642DNKA V0201001N007710900019N0080001N1+02801-01171101271ADDAY121031AY221031GA1071+090009089GF107991001001999999001081MA1999999094361MD1999999-0131MW1051REMSYN082AAXX  04094 65019 41958 71015 10280 21117 39436 40127 70522 80008 333 59013 87280;
0236650190999992000030418004+10600+007450FM-12+0642DNKA V0200901N003110900019N0080001N1+03001-00561100941ADDAA199000091AY121061AY221061GA1071+090009089GF107991001001999999001081KA1120M+03501MA1999999094031MD1999999-0011MW1051REMSYN088AAXX  04184 65019 31958 70906 10300 21056 39403 40094 70522 80008 333 10350 59001 87280;EQDQ01  00002PRCP99
0187650190999992000030509004+10600+007450FM-12+0642DNKA V0201201N007710900019N0009001N1+99999+99999101451ADDAY141031AY241031GA1071+090009089GF107991001001999999001081MA1999999094441MD1999999-0091MW1061REMSYN082AAXX  05094 65019 41909 71215 10265 21720 39444 40145 70644 80008 333 59009 87280;
0203650190999992000030609004+10600+007450FM-12+0642DNKA V0200801N005110900019N0025001N1+02651-01201101391ADDAY121031AY221031GA1071+090009089GF107991001001999999001081MA1999999094381MW1051OA150399999REMSYN082AAXX  06094 65019 41925 70810 10265 21120 39438 40139 70522 80008 333 55006 87280;EQDQ01  00002WGOSPD
0187650190999992000030615004+10600+007450FM-12+0642DNKA V0200801N005110900019N0035001N1+03331-00791100901ADDAY121031AY221031GA1071+090009089GF107991001001999999001081MA1999999094051MD1999999+0021MW1051REMSYN082AAXX  06154 65019 41935 70810 10333 21079 39405 40090 70522 80008 333 58002 87280;
0187650190999992000031209004+10600+007450FM-12+0642DNKA V0201001N011310900019N0035001N1+02601-01131101361ADDAY121031AY221031GA1071+090009089GF107991001001999999001081MA1999999094351MD1999999-0021MW1051REMSYN082AAXX  12094 65019 41935 71022 10260 21113 39435 40136 70522 80008 333 59002 87280;
0187650190999992000031309004+10600+007450FM-12+0642DNKA V0200601N007710900019N0011001N1+02561-00561101331ADDAY121031AY221031GA1071+090009089GF107991001001999999001081MA1999999094321MD1999999-0031MW1061REMSYN082AAXX  13094 65019 41911 70615 10256 21056 39432 40133 70622 80008 333 59003 87280;
0187650190999992000031809004+10600+007450FM-12+0642DNKA V0202101N005110900019N0080001N1+02771+01971100961ADDAY121031AY221031GA1071+090009089GF107991001001999999001081MA1999999093961MD1999999+0041MW1051REMSYN082AAXX  18094 65019 41958 72110 10277 20197 39396 40096 70522 80008 333 58004 87280;
0187650190999992000031909004+10600+007450FM-12+0642DNKA V0202001N006710900019N0100001N1+02901+01871100861ADDAY121031AY221031GA1071+090009089GF107991001001999999001081MA1999999093951MD1999999-0011MW1051REMSYN082AAXX  19094 65019 41960 72013 10290 20187 39395 40086 70522 80008 333 59001 87280;
0159650190999992000032109004+10600+007450FM-12+0642DNKA V0200801N006210900019N0200001N1+02991+01461100891ADDGA1071+090009089GF107991001001999999001081MA1999999093981MD1999999+0041REMSYN076AAXX  21094 65019 4/970 70812 10299 20146 39398 40089 80008 333 58004 87280;
0159650190999992000032209004+10600+007450FM-12+0642DNKA V0200401N005110900019N0200001N1+03141-01221100791ADDGA1071+090009089GF107991001001999999001081MA1999999093941MD1999999-0041REMSYN076AAXX  22094 65019 42970 70410 10314 21122 39394 40079 80008 333 59004 87280;
0099650190999992000032211004+10600+007450FM-15+0642DNKA V0203601N00361220001CN0099001N1+03601-01401999999ADDMA1101291999999MW1001REMMET047DNKA 221100Z 36007KT CAVOK 36/M14 Q1013 NOSIG ;EQDQ01+000000PRSWM2
0187650190999992000032909004+10600+007450FM-12+0642DNKA V0200901N002610900019N0150001N1+03171+00121100991ADDAY121031AY221031GA1071+090009089GF107991001001999999001081MA1999999094081MD1999999-0061MW1051REMSYN082AAXX  29094 65019 41965 70905 10317 20012 39408 40099 70522 80008 333 59006 87280;
0143650190999992000032912004+10600+007450FM-12+0642DNKA V02099999999999999999N0160001N1+03481+00141100761ADDAA199000091GF107991001001999999999081MA1999999093931REMSYN060AAXX  29124 65019 31966 708// 10348 20014 39393 40076 800/8;EQDQ01  00002PRCP99
0215650190999992000033006004+10600+007450FM-12+0642DNKA V0200601N002610900019N0180001N1+02811-00051101071ADDAA199000091AY121061AY221061GA1071+090009089GF107991001001999999001081KA1120N+02001MD1999999-0051MW1051REMSYN082AAXX  30064 65019 31968 70605 10281 21005 40107 70522 80008 333 20200 59005 87280;EQDQ01  00002PRCP99
0187650190999992000033009004+10600+007450FM-12+0642DNKA V0200701N007710900019N0100001N1+03251-00691100921ADDAY121031AY221031GA1071+090009089GF107991001001999999001081MA1999999094011MD1999999-0071MW1051REMSYN082AAXX  30094 65019 41960 70715 10325 21069 39401 40092 70522 80008 333 59007 87280;
0159650190999992000040212004+10600+007450FM-12+0642DNKA V0202401N004610900019N0220001N1+02951+01891100901ADDGA1071+090009089GF107991001001999999001081MA1999999093991MD1999999+0121REMSYN076AAXX  02124 65019 42972 72409 10295 20189 39399 40090 80008 333 58012 87280;
0167650190999992000040514004+10600+007450FM-15+0642DNKA V0202101N003110900019N0112651N1+03501+01301999999ADDGD12991+0051099GD23991+0900099GF107991999999999999999999MA1101291999999MW1001REMMET059DNKA 051400Z 21006KT 9999 FEW017 BKN300 35/13 Q1013 NOSIG ;EQDQ01+000000PRSWM2
0183650190999992000082712004+10600+007440FM-12+0642DNKA V0201501N004610300019N0200001N1+02761+01971101171ADDAA106001091GA1021+004209059GA2041+030009049GF107991021051004501071081MD1999999-0051REMSYN088AAXX  27124 65019 12470 71509 10276 20197 40117 60011 82578 333 59005 82514 84460 87280;
0092650190999992000082716004+10600+007440FM-15+0642DNKA V0209999C00001220001CN0099001N1+99999+99999999999ADDMA1101391999999MW1001REMMET040DNKA 271600Z 00000KT CAVOK Q1014 NOSIG ;EQDQ01+000000PRSWM2
0242650190999992000090106004+10600+007440FM-12+0642DNKA V0209999C000019999999N0180001N1+02381+02191101151ADDAA199000091AY121061AY221061GA1031+030009039GF107991031001999999031081KA1120N+02201MA1999999094141MD1999999+0001MW1101REMSYN094AAXX  01064 65019 31968 70000 10238 20219 39414 40115 71022 83038 333 20220 58000 83360 87280;EQDQ01  00002PRCP99
0196650190999992000090412004+10600+007440FM-12+0642DNKA V0202701N005111050019N0200001N1+02961+01961100791ADDAA199000091GA1041+000259089GF107991041021004501001081MD1999999-0011REMSYN082AAXX  04124 65019 32470 72710 10296 20196 32408 40079 84208 333 59001 84890 87280;EQDQ01+024081APOSP Q02  00002PRCP99
0195650190999992000090506004+10600+007440FM-12+0642DNKA V0209999C000019999999N0200001N1+02171+01981101371ADDAA124000791GA1041+030009079GF107991041001999999031081KA1120N+02121MA1999999094161MD1999999+0071REMSYN088AAXX  05064 65019 12970 70000 10217 20198 39416 40137 69904 84038 333 20212 58007 84360;
0167650190999992000092113004+10600+007440FM-15+0642DNKA V0203601N002610900019N0112651N1+03101+02001999999ADDGD12991+0039099GD23991+0900099GF107991999999999999999999MA1101491999999MW1001REMMET059DNKA 211300Z 36005KT 9999 FEW013 BKN300 31/20 Q1015 NOSIG ;EQDQ01+000000PRSWM2
0195650190999992000093012004+10600+007440FM-12+0642DNKA V0202401N002610033019N0200001N1+03001+02161101121ADDAA199000091GA1051+003309089GF107991051021004501001081MA1999999094211MD1999999+0001REMSYN082AAXX  30124 65019 32470 72405 10300 20216 39421 40112 85208 333 58000 85811 87280;EQDQ01  00002PRCP99
0161650190999992000100100004+10600+007440FM-12+0642DNKA V0209999C000010300019N0200001N1+02001+01841101411ADDAA106000191GA1051+030009049GF107991051001999999071081MD1999999-0061REMSYN082AAXX  01004 65019 12970 70000 10200 20184 40141 69911 85078 333 59006 85460 86280;
0229650190999992000100106004+10600+007440FM-12+0642DNKA V0209999C000019999999N0170001N1+02051+99999101471ADDAA118011991AY121061AY221061GA1031+030009039GF107991031001999999031081KA1120N+01951MA1999999094261MD1999999-0051MW1101REMSYN100AAXX  01064 65019 11967 70000 10205 20219 39426 40147 60123 71022 83038 333 20195 59005 83360 86280;
0195650190999992000100112004+10600+007440FM-12+0642DNKA V0202301N00361105001CN0200001N1+02921+02071101251ADDAA199000091GA1041+003309089GF107991041021004501001081MA1999999094341MD1999999+0131REMSYN082AAXX  01124 65019 32470 72307 10292 20207 39434 40125 84208 333 58013 84811 86280;EQDQ01  00002PRCP99
0264650190999992000100118004+10600+007440FM-12+0642DNKA V0200201N00311045001CN0200001N1+02271+01861101121ADDAA106003091AY181061AY261061GA1021+003009069GF107991021041004501021081KA1120M+03111MA1999999999999MD1999999+0061MW1291REMSYN100AAXX  01184 65019 12470 70206 10227 20186 39211 40112 60031 72986 82428 333 10311 58006 82610 86460;EQDQ01+092113APOSP Q02 092113APOSP 
0223650190999992000100206004+10600+007440FM-12+0642DNKA V0209999C000010300019N0170001N1+02091+01951101481ADDAA106003091AY121061AY221061GA1061+030009019GF107991001001999999071081KA1120N+02001MA1999999094271MD1999999+0011MW1101REMSYN094AAXX  02064 65019 11967 70000 10209 20195 39427 40148 60031 71022 80078 333 20200 58001 86460;
0138650190999992000100308004+10600+007440FM-15+0642DNKA V0202201N005110030019N0112651N1+99999+99999999999ADDGD13991+0030099GF107991999999999999999999MA1101801999999MW1001REMMET045DNKA 030800Z 22010KT 9999 BKN010 Q1018 NOSIG;EQDQ01+000000PRSWM2
0138650190999992000100310004+10600+007440FM-15+0642DNKA V0202701N004110030019N0112651N1+02601+02101999999ADDGD13991+0030099GF107991999999999999999999MA1101591999999MW1001REMMET045DNKA 031000Z 27008KT 9999 BKN010 26/21 Q1016;EQDQ01+000000PRSWM2
0144650190999992000100311004+10600+007440FM-15+0642DNKA V0202701N003610030019N0112651N1+02701+02101999999ADDGD13991+0030099GF107991999999999999999999MA1101691999999MW1001REMMET051DNKA 031100Z 27007KT 9999 BKN010 27/21 Q1017 NOSIG;EQDQ01+000000PRSWM2
0189650190999992000100312004+10600+007440FM-12+0642DNKA V0202401N005110033019N0200001N1+02851+02011101081ADDAA199000091GA1061+003309029GF107991061001004501031081MA1999999094171MD1999999-0121REMSYN076AAXX  03124 65019 32470 72410 10285 20201 39417 40108 86038 333 59012 86811;EQDQ01  00002PRCP99
0270650190999992000100318004+10600+007440FM-12+0642DNKA V0202601N003610450019N0200001N1+02701+02071100991ADDAA199000091AY121061AY221061GA1021+003609069GA2011+006609099GF107991021091004501031081KA1120M+03001MA1999999093981MD1999999-0051MW1131REMSYN106AAXX  03184 65019 31470 72607 10270 20207 39398 40099 71322 82938 333 10300 59005 82612 81922 94624 95703;EQDQ01  00002PRCP99
0236650190999992000100406004+10600+007440FM-12+0642DNKA V0202701N002110300019N0200001N1+02091+01901101261ADDAA199000091GA1021+003009069GA2041+030009069GF107991021051004501031081KA1120N+02001MA1999999094051MD1999999-0061REMSYN094AAXX  04064 65019 32470 72704 10209 20190 39405 40126 82538 333 20200 59006 82610 84660 87280;EQDQ01  00002PRCP99
0195650190999992000100412004+10600+007440FM-12+0642DNKA V0202401N00261105001CN0200001N1+02941+01941100981ADDAA199000091GA1041+003609089GF107991041021004501001081MA1999999094071MD1999999-0101REMSYN082AAXX  04124 65019 32470 72405 10294 20194 39407 40098 84208 333 59010 84812 86280;EQDQ01  00002PRCP99
0214650190999992000100418004+10600+007440FM-12+0642DNKA V0202701N00361105001CN0200001N1+02731+02121101011ADDAA199000091GA1021+003609069GF107991021051004501001081KA1120M+03101MA1999999094701MD1999999-0021REMSYN088AAXX  04184 65019 32470 72707 10273 20212 39470 40101 82508 333 10310 59002 82612 87280;EQDQ01  00002PRCP99
0236650190999992000100506004+10600+007440FM-12+0642DNKA V0202401N002610300019N0120001N1+02281+02121101361ADDAA199000091AY121061AY221061GA1051+030009079GF107991071001999999031081KA1120N+02201MA1999999094151MD1999999+0101MW1101REMSYN088AAXX  05064 65019 31962 72405 10228 20212 39415 40136 71022 87038 333 20220 58010 85360;EQDQ01  00002PRCP99
0273650190999992000100518004+10600+007440FM-12+0642DNKA V0209999C000010078019N0150001N1+02991+01651101351ADDAA106008991AY191061AY261061GA1041+003009069GA2011+007809099GA3071+090009029GF107991051091004501071021KA1120M+03101MA1999999094141MD1999999+0141MW1951REMSYN112AAXX  05184 65019 11465 70000 10299 20165 39414 40135 60091 79596 85972 333 10310 58014 84610 81926 87280 94699;
0195650190999992000100612004+10600+007440FM-12+0642DNKA V0209999C00001045001CN0200001N1+02751+02031101051ADDAA199000091GA1011+003609089GF107991011021004501031081MA1999999094141MD1999999+0111REMSYN082AAXX  06124 65019 32470 70000 10275 20203 39414 40105 81238 333 58011 81812 86360;EQDQ01  00002PRCP99
0242650190999992000100706004+10600+007440FM-12+0642DNKA V0209999C000019999999N0160001N1+02151+02011101491ADDAA199000091AY121061AY221061GA1031+030009039GF107991031001999999031081KA1120N+02131MA1999999094281MD1999999+0211MW1101REMSYN094AAXX  07064 65019 31966 70000 10215 20201 39428 40149 71022 83038 333 20213 58021 83360 87280;EQDQ01  00002PRCP99
0189650190999992000100712004+10600+007440FM-12+0642DNKA V0202101N004110036019N0200001N1+02851+02141101151ADDAA199000091GA1061+003609029GF107991061021004501031081MA1999999094241MD1999999+0101REMSYN076AAXX  07124 65019 32470 72108 10285 20214 39424 40115 86238 333 58010 86812;EQDQ01  00002PRCP99
0195650190999992000100812004+10600+007440FM-12+0642DNKA V0201801N00261045001CN0200001N1+02851+02121101131ADDAA199000091GA1041+003609089GF107991041021004501031081MA1999999094221MD1999999-0021REMSYN082AAXX  08124 65019 32470 71805 10285 20212 39422 40113 84238 333 59002 84812 87480;EQDQ01  00002PRCP99
0279650190999992000100918004+10600+007440FM-12+0642DNKA V0209999C000010300019N0200001N1+02501+02111101221ADDAA106000791AY161061AY221061GA1031+003009069GA2011+007809099GA3061+030009049GF107991041091004501071021KA1120M+02801MA1999999094211MD1999999+0161MW1131REMSYN118AAXX  09184 65019 11470 70000 10250 20211 39421 40122 69901 71362 84972 333 10280 58016 83610 81926 86460 94614 95702;
0208650190999992000101006004+10600+007440FM-12+0642DNKA V0202401N00261045001CN0180001N1+02031+01901101441ADDAA124005191AY161061AY221061GA1011+003609089GF107991011021004501071081KA1120N+01991MD1999999+0041MW1601REMSYN094AAXX  10064 65019 11468 72405 10203 20190 40144 60054 76062 81278 333 20199 58004 81812 86460;
0195650190999992000101212004+10600+007440FM-12+0642DNKA V0209999C00001105001CN0200001N1+03151+02201101081ADDAA199000091GA1011+003909089GF107991011011004501001081MA1999999054171MD1999999+0031REMSYN082AAXX  12124 65019 32470 70000 10315 20220 35417 40108 81108 333 58003 81813 87280;EQDQ01  00002PRCP99
0201650190999992000101306004+10600+007440FM-12+0642DNKA V0209999C000019999999N0200001N1+02121+01951101461ADDAA106001091GA1041+030009039GF107991041001999999031081KA1120N+02051MA1999999094251MD1999999-0041REMSYN094AAXX  13064 65019 12970 70000 10212 20195 39425 40146 60011 84038 333 20205 59004 84360 87280;
0236650190999992000110406004+10600+007440FM-12+0642DNKA V0201601N003110900019N0180001N1+01851+00281101241ADDAA199000091AY121061AY221061GA1071+090009089GF107991001001999999001081KA1120N+01681MA1999999094031MD1999999+0011MW1051REMSYN088AAXX  04064 65019 31968 71606 10185 20028 39403 40124 70522 80008 333 20168 58001 87280;EQDQ01  00002PRCP99
0217650190999992000110612004+10600+007440FM-12+0642DNKA V0200801N004110900019N0020001N1+03051+00611100961ADDAA199000091AY121061AY221061GA1071+090009089GF107991001001999999001081MA1999999094051MD1999999+0011MW1051REMSYN082AAXX  06124 65019 31920 70808 10305 20061 39405 40096 70522 80008 333 58001 87280;EQDQ01  00002PRCP99
0217650190999992000111012004+10600+007440FM-12+0642DNKA V0200801N004110900019N0160001N1+03201+00551100831ADDAA199000091AY121061AY221061GA1071+090009089GF107991001001999999001081MA1999999083821MD1999999+0031MW1051REMSYN082AAXX  10124 65019 31966 70808 10320 20055 38382 40083 70522 80008 333 58003 87280;EQDQ01  00002PRCP99
0217650190999992000111412004+10600+007440FM-12+0642DNKA V0200901N002610900019N0180001N1+03181+00701100881ADDAA199000091AY121061AY221061GA1071+090009089GF107991001001999999001081MA1999999093971MD1999999+0031MW1051REMSYN082AAXX  14124 65019 31968 70905 10318 20070 39397 40088 70522 80008 333 58003 87280;EQDQ01  00002PRCP99
0189650190999992000111812004+10600+007440FM-12+0642DNKA V0200601N002110900019N0200001N1+03201+00481100921ADDAA199000091GA1071+090009089GF107991001001999999001081MA1999999084021MD1999999-0041REMSYN076AAXX  18124 65019 32970 70604 10320 20048 38402 40092 80008 333 59004 87280;EQDQ01  00002PRCP99
0208650190999992000112006004+10600+007440FM-12+0642DNKA V0209999C000010900019N0200001N1+01651+01011101281ADDAA199000091GA1071+090009089GF107991001001999999001081KA1120N+01601MA1999999094201MD1999999-0041REMSYN082AAXX  20064 65019 32970 70000 10165 20101 39420 40128 80008 333 20160 59004 87280;EQDQ01  00002PRCP99
0208650190999992000112106004+10600+007440FM-12+0642DNKA V0200601N002110900019N0200001N1+01801+00831101511ADDAA199000091GA1071+090009089GF107991001001999999001081KA1120N+01641MA1999999094301MD1999999+0031REMSYN082AAXX  21064 65019 32970 70604 10180 20083 39430 40151 80008 333 20164 58003 87280;EQDQ01  00002PRCP99
0189650190999992000112112004+10600+007440FM-12+0642DNKA V0200901N003110900019N0200001N1+03381+00491101021ADDAA199000091GA1071+090009089GF107991001001999999001081MA1999999094171MD1999999+0041REMSYN076AAXX  21124 65019 32970 70906 10338 20049 39417 40102 80008 333 58004 87280;EQDQ01  00002PRCP99
0189650190999992000112212004+10600+007440FM-12+0642DNKA V0201201N002610900019N0200001N1+03321+00531101041ADDAA199000091GA1071+090009089GF107991001001999999001081MA1999999094181MD1999999+0021REMSYN076AAXX  22124 65019 32970 71205 10332 20053 39418 40104 80008 333 58002 87280;EQDQ01  00002PRCP99
0217650190999992000120812004+10600+007440FM-12+0642DNKA V0200901N005110900019N0025001N1+02641+00401101391ADDAA199000091AY121061AY221061GA1071+090009089GF107991001001999999001081MA1999999094391MD1999999+0061MW1051REMSYN082AAXX  08124 65019 31925 70910 10264 20040 39439 40139 70522 80008 333 58006 87280;EQDQ01  00002PRCP99
0217650190999992000121312004+10600+007440FM-12+0642DNKA V0200901N004110900019N0030001N1+02671+00481101241ADDAA199000091AY121061AY221061GA1071+090009089GF107991001001999999001081MA1999999094231MD1999999-0111MW1051REMSYN082AAXX  13124 65019 31930 70908 10267 20048 39423 40124 70522 80008 333 59011 87280;EQDQ01  00002PRCP99
0217650190999992000121412004+10600+007440FM-12+0642DNKA V0200501N005110900019N0020001N1+02541+00441101231ADDAA199000091AY121061AY221061GA1071+090009089GF107991001001999999001081MA1999999094221MD1999999-0011MW1051REMSYN082AAXX  14124 65019 31920 70510 10254 20044 39422 40123 70522 80008 333 59001 87280;EQDQ01  00002PRCP99
0236650190999992000121606004+10600+007440FM-12+0642DNKA V0200601N002610900019N0020001N1+01431+00441101511ADDAA199000091AY121061AY221061GA1071+090009089GF107991001001999999001081KA1120N+01411MA1999999094201MD1999999-0101MW1051REMSYN088AAXX  16064 65019 31920 70605 10143 20044 39420 40151 70522 80008 333 20141 59010 87280;EQDQ01  00002PRCP99
0236650190999992000121906004+10600+007440FM-12+0642DNKA V0201001N003110900019N0180001N1+01481+00571101491ADDAA199000091AY121061AY221061GA1071+090009089GF107991001001999999001081KA1120N+01401MA1999999094181MD1999999+0011MW1051REMSYN088AAXX  19064 65019 31968 71006 10148 20057 39418 40149 70522 80008 333 20140 58001 87280;EQDQ01  00002PRCP99
0217650190999992000121912004+10600+007440FM-12+0642DNKA V0209999C000010900019N0180001N1+03232+00681100991ADDAA199000091AY121061AY221061GA1071+090009089GF107991001001999999001081MA1999999094081MD1999999+0001MW1051REMSYN082AAXX  19124 65019 31968 70000 10323 20068 39408 40099 70522 80008 333 58000 87280;EQDQ01  00002PRCP99
0217650190999992000122212004+10600+007440FM-12+0642DNKA V0200801N002610900019N0120001N1+03341+00791101021ADDAA199000091AY121061AY221061GA1071+090009089GF107991001001999999001081MA1999999094171MD1999999+0051MW1051REMSYN082AAXX  22124 65019 31962 70805 10334 20079 39417 40102 70522 80008 333 58005 87280;EQDQ01  00002PRCP99
0189650190999992000122612004+10600+007440FM-12+0642DNKA V0200901N002610900019N0200001N1+03101+00401101231ADDAA199000091GA1071+090009089GF107991001001999999001081MA1999999094321MD1999999+0041REMSYN076AAXX  26124 65019 32970 70905 10310 20040 39432 40123 80008 333 58004 87280;EQDQ01  00002PRCP99
0217650190999992000122712004+10600+007440FM-12+0642DNKA V0200801N005710900019N0160001N1+03131+00371101201ADDAA199000091AY121061AY221061GA1071+090009089GF107991001001999999001081MA1999999094291MD1999999-0031MW1051REMSYN082AAXX  27124 65019 31966 70811 10313 20037 39429 40120 70522 80008 333 59003 87280;EQDQ01  00002PRCP99
0236650190999992000122718004+10600+007440FM-12+0642DNKA V0200301N003110900019N0180001N1+02701+00451101191ADDAA199000091AY121061AY221061GA1071+090009089GF107991001001999999001081KA1120M+03341MA1999999094181MD1999999-0011MW1051REMSYN088AAXX  27184 65019 31968 70306 10270 20045 39418 40119 70522 80008 333 10334 59001 87280;EQDQ01  00002PRCP99
0217650190999992000122912004+10600+007440FM-12+0642DNKA V0200301N005110900019N0160001N1+03141+00501101201ADDAA199000091AY121061AY221061GA1071+090009089GF107991001001999999001081MA1999999094291MD1999999-0011MW1051REMSYN082AAXX  29124 65019 31966 70310 10314 20050 39429 40120 70522 80008 333 59001 87280;EQDQ01  00002PRCP99
