0188675880999992000011806004+99999+999999FM-12+999999999V0209999C00001045001CN0300001N1+02151+02011999999ADDAA199000091GA1011+002109079GF108991011061002501071999KA1120N+02001OA150600401REMSYN080    AAXX  1806  67588 32380 80000 10215 20201 8167/ 333 20200 55042 81707 88460;EQDQ01  00002PRCP99
0103675880999992000020306004+99999+999999FM-12+999999999V0209999C000010042019N0300001N1+02121+02011999999ADDAA124006191GF107991051051004501031999REMSYN054AAXX  0306  67588 12480 70000 10212 20201 60064 8553/;
0257675880999992000020406004+99999+999999FM-12+999999999V0209999C000010270019N0150001N1+02071+01891999999ADDAA199000091AY121061AY221061GA1041+006009069GA2081+027009049GF108991041051008001071999KA1240M+02801KA2120N+01861MW1151OA150600501REMSYN098AAXX  0406  67588 31565 80000 10207 20189 71522 8457/ 333 20186 55056 84620 88459 555 10280 7//92;EQDQ01  00002PRCP99
0227675880999992000020706004+99999+999999FM-12+999999999V0203401N00101045001CN0050001N1+01861+01791999999ADDAA124005191AY191061AY261061GA1011+004509099GA2031+006009069GF108991011091004501071999KA1120N+01861MW1951OA150600401REMSYN100AAXX  0706  67588 11450 83401 10186 20179 60054 79596 8197/ 333 20186 55042 70054 81915 83620 88458;
0196675880999992000021506004+99999+999999FM-12+999999999V0203501N00101045001CN0300001N1+01961+01871999999ADDAA124007191GA1011+007509089GF108991011021012501071999KA1120N+01901OA150699999REMSYN088AAXX  1506  67588 12680 83501 10196 20187 60074 8127/ 333 20190 55005 70067 81825 88459;EQDQ01  00002WGOSPD
0199675880999992000021606004+99999+999999FM-12+999999999V0209999C000010240019N0200001N1+01931+01791999999ADDAA124024991AY161061AY261061GA1081+024009019GF108991081001999999071999KA1120N+01751MW1611OA150600301REMSYN088AAXX  1606  67588 11970 80000 10193 20179 60254 76166 8807/ 333 20175 55032 70254 88458;
0205675880999992000021706004+99999+999999FM-12+999999999V0209999C00001045001CN0200001N1+01861+01821999999ADDAA124007991AY161061AY261061GA1011+003009069GF108991011051004501071999KA1120N+01741MW1611OA150600201REMSYN094AAXX  1706  67588 11470 80000 10186 20182 60084 76166 8157/ 333 20174 55027 70080 81610 88459;
0212675880999992000022506004+99999+999999FM-12+999999999V0200101N086012200019N0001001N1+99999+99999999999ADDAA124000791AY161061AY261061GA1081+024009019GF199999081001012501071999KA1120N+01801MW1211OA150699999REMSYN082AAXX  2506  67588 /1601 10186 20179 69904 72166 8807/ 333 20180 55078 79999 88458;EQDQ01  00702WGOSPD
0171675880999992000022806004+99999+999999FM-12+999999999V0209999C000010300019N0300001N1+02051+01941999999ADDAA124027991GA1071+030009079GF107991021051004501031999KA1120N+01751OA150600401REMSYN082AAXX  2806  67588 12480 70000 10205 20194 60284 8253/ 333 20175 55047 70275 87360;
0171675880999992000030606004+99999+999999FM-12+999999999V0209999C000010060019N0300001N1+02051+01921999999ADDAA124000791GA1081+006009059GF108991081051008001999999KA1120N+01901OA150600001REMSYN082AAXX  0606  67588 12580 80000 10205 20192 69904 885// 333 20190 55000 70000 88620;
0177675880999992000030906004+99999+999999FM-12+999999999V0209999C00001045001CN0300001N1+02051+01841999999ADDAA124002091GA1041+004509069GF107991041051004501031999KA1120N+01811OA150600301REMSYN088AAXX  0906  67588 12480 70000 10205 20184 60024 8453/ 333 20181 55036 70018 84615 87360;
0227675880999992000031406004+99999+999999FM-12+999999999V0209999C00001030001CN0300001N1+02001+01901999999ADDAA124007991AY161061AY261061GA1061+030009049GA2011+999999099GF107991011091999999071091KA1120N+01841MW1011OA150600101REMSYN100AAXX  1406  67588 11980 70000 10200 20190 60084 70166 81979 333 20184 55010 70080 819// 86460 87280;
0184675880999992000031506004+99999+999999FM-12+999999999V0200601N001010360019N0300001N1+02121+01961999999ADDAA199000091GA1051+036009039GF106991051001999999031081KA1120N+01761OA150600501REMSYN076AAXX  1506  67588 32980 60601 10212 20196 85038 333 20176 55057 85362 86280;EQDQ01  00002PRCP99
0171675880999992000031606004+99999+999999FM-12+999999999V0209999C000010900019N0300001N1+01931+01831999999ADDAA124019191GA1071+090009089GF107991001001999999001081KA1120N+01571OA150600301REMSYN082AAXX  1606  67588 12980 70000 10193 20183 60194 80008 333 20157 55031 70190 87280;
0190675880999992000032106004+99999+999999FM-12+999999999V0201101N001012200019N0300001N1+02151+01861999999ADDAA124010991GA1021+006009059GF103991021051004501031011KA1120N+01601OA150699999REMSYN082AAXX  2106  67588 12480 31101 10215 20186 60114 82531 333 20160 55002 70105 82620;EQDQ01  00002WGOSPD
0168675880999992000040312004+99999+999999FM-12+999999999V0201201N00101045001CN0300001N1+02721+02081999999ADDAY121061AY211061GA1011+007509099GA2031+009009089GF106991011091012501031001MW1171REMSYN076AAXX  0312  67588 41680 61201 10272 20208 71721 81930 333 81925 83830 85360;
0199675880999992000040406004+99999+999999FM-12+999999999V0201501N001010045019N0300001N1+01851+01781999999ADDAA124032091AY141061AY221061GA1071+004509059GF107991051071004501999999KA1120N+01601MW1011OA150600601REMSYN088AAXX  0406  67588 11480 71501 10185 20178 60324 70142 857// 333 20160 55060 70318 87615;
0177675880999992000040506004+99999+999999FM-12+999999999V0209999C00001220001CN0300001N1+02061+01881999999ADDAA124009991GA1011+006009069GF105991011051008001001061KA1120N+01621OA150600801REMSYN088AAXX  0506  67588 12580 50000 10206 20188 60104 81506 333 20162 55080 70095 81620 85280;
0188675880999992000040606004+99999+999999FM-12+999999999V0200101N999992200019N0001001N1+99999+99999999999ADDAA199000091GA1031+006009059GF199999031051001501001011KA1120N+01631OA150699999REMSYN064AAXX  0606  67588 31201 10195 20179 83501 333 20163 55098 83620;EQDQ01  00002PRCP99Q02  00902WGOSPD
0199675880999992000092806004-14160+033670FM-12+110099999V0201001N000512200019N0200001N1+02051+01501999999ADDAA124000191AY101061AY201061GA1031+009009019GF103991001001999999001011KA1120N+01431MW1051OA150600601REMSYN088AAXX  28064 67588 11970 31001 10205 20150 69914 70500 80001 333 20143 55065 70001 83030;
0177675880999992000103106004-14160+033670FM-12+110099999V0200701N000510060019N0300001N1+02021+01831999999ADDAA124016091GA1051+006009069GF108991051051008001071999KA1120N+01861OA150600401REMSYN088AAXX  31064 67588 12580 80701 10202 20183 60164 8557/ 333 20186 55041 70155 85620 88459;
0190675880999992000111606004-14160+033670FM-12+110099999V0201201N000512200019N0300001N1+02351+01911999999ADDAA124014091GA1041+006009059GF104991041051008001031001KA1120N+01831OA150699999REMSYN082AAXX  16064 67588 12580 41201 10235 20191 60144 84530 333 20183 55006 70138 84620;EQDQ01  00002WGOSPD
0193675880999992000120506004-14160+033670FM-12+110099999V0200101N000510360019N0300001N1+02311+02041999999ADDAA124000791GA1031+007509069GA2041+036009039GF106991031051008001031081KA1120N+01901OA150600301REMSYN088AAXX  05064 67588 12580 60101 10231 20204 69904 83538 333 20190 55032 83625 84362 86280;
0229675880999992000120606004-14160+033670FM-12+110099999V0201001N000510075019N0300001N1+02211+02021999999ADDAA199000091GA1051+007509069GA2071+030009039GF107991051051008001071999KA1240M+02751KA2120N+01961OA150600501REMSYN092AAXX  06064 67588 32580 71001 10221 20202 8557/ 333 20196 55059 85625 87360 555 10275 7//22;EQDQ01  00002PRCP99
0207675880999992000120806004-14160+033670FM-12+110099999V0200501N000512200019N0300001N1+02351+01961999999ADDAA199000091GA1021+006009089GF102991021011008001031001KA1240M+02851KA2120N+01721OA150600801REMSYN086AAXX  08064 67588 32580 20501 10235 20196 82130 333 20172 55080 82820 555 10285 7//92;EQDQ01  00002PRCP99
0250675880999992000121306004-14160+033670FM-12+110099999V0209999C000010240019N0200001N1+01991+01861999999ADDAA124001091AY191061AY261061GA1011+007509099GA2081+024009049GF108991011091008001071999KA1240M+03071KA2120N+01951MW1951OA150600601REMSYN110AAXX  13064 67588 11570 80000 10199 20186 60014 79596 8197/ 333 20195 55065 70011 81925 88458 555 10307 7//96;
0171675880999992000121406004-14160+033670FM-12+110099999V0209999C000010300019N0300001N1+02001+01791999999ADDAA124003091GA1081+030009019GF108991051051008001071999KA1120N+01751OA150600001REMSYN082AAXX  14064 67588 12580 80000 10200 20179 60034 8557/ 333 20175 55000 70030 88460;
0171675880999992000121506004-14160+033670FM-12+110099999V0209999C000010300019N0300001N1+02011+01821999999ADDAA124000591GA1081+030009019GF108991081001999999071999KA1120N+01841OA150600001REMSYN082AAXX  15064 67588 12980 80000 10201 20182 69964 8807/ 333 20184 55000 70006 88460;
0199675880999992000122406004-14160+033670FM-12+110099999V0209999C00001045001CN0200001N1+01951+01901999999ADDAA124008991AY161061AY261061GA1011+006009069GF108991011061008001071999KA1120N+01841MW1621OA150600201REMSYN088AAXX  24064 67588 11570 80000 10195 20190 60094 76266 8167/ 333 20184 55026 81620 88458;
0171675880999992000122806004-14160+033670FM-12+110099999V0201101N000510060019N0300001N1+02211+01901999999ADDAA124003091GA1061+006009059GF106991061051008001001011KA1120N+01801OA150600801REMSYN082AAXX  28064 67588 12580 61101 10221 20190 60034 86501 333 20180 55080 70029 86620;
0190675880999992000122906004-14160+033670FM-12+110099999V0209999C000010060019N0300001N1+02061+01911999999ADDAA124014091GA1071+006009059GF107991071051008001999999KA1120M+99999OA150600701REMSYN082AAXX  29064 67588 12580 70000 10206 20191 60144 875// 333 10196 55072 70143 87620;EQDQ01 +01962ATMX  
0177675880999992000123006004-14160+033670FM-12+110099999V0209999C000010075019N0300001N1+02201+02061999999ADDAA124010991GA1051+007509069GF107991051051008001001081KA1120N+01871OA150600601REMSYN088AAXX  30064 67588 12580 70000 10220 20206 60114 85508 333 20187 55062 70112 85625 87280;
0160675880999992000123106004-14160+033670FM-12+110099999V0209999C00001105001CN0300001N1+02211+01991999999ADDAA124004191GA1031+007509089GF106991031021008001001081KA1120N+01771REMSYN082AAXX  31064 67588 12580 60000 10221 20199 60044 83208 333 20177 70040 83825 86280;
