0225676630999992000010512004-14450+028470FM-12+1207FLKW V0203601N001510300019N0300001N1+02481+01841999999ADDAY161061AY221061GA1011+013509099GA2041+013509089GA3051+030009049GF107991041021012501031081MD1999999+0081ME1314739MW1601REMSYN094AAXX  05124 67663 41680 73603 10248 20184 48473 76062 84238 333 58008 81945 84845 85460 87280;
0257676630999992000011012004-14450+028470FM-12+1207FLKW V0202801N002610090019N0300001N1+02731+01611999999ADDAY121061AY221061GA1011+009009099GA2051+009009089GA3031+009609069GA4041+030009039GF107991061081012501031021MD1999999-0031ME1314589MW1801REMSYN110AAXX  10124 67663 41680 72805 10273 20161 48458 78022 86832 333 59003 81930 85830 83632 84360 555 66033 98040;
0203676630999992000011112004-14450+028470FM-12+1207FLKW V0202001N005710096019N0300001N1+02341+01661999999ADDAY161061AY221061GA1041+009009069GA2041+009609069GF107991051081012501071999MD1999999+0051ME1314709MW1601REMSYN088AAXX  11124 67663 41680 72011 10234 20166 48470 76062 8587/ 333 58005 84630 84632 87460;
0258676630999992000012506004-14450+028470FM-12+1207FLKW V0200601N00101045001CN0200001N1+02021+01741999999ADDAA124001091AY191061AY291061GA1021+002109079GA2011+007509099GF107991021061002501071999KA1120M+02751KA2120N+01831MD1999999+0211ME1315259MW1951REMSYN106AAXX  25064 67663 11370 70602 10202 20174 48525 60014 79599 8267/ 333 10275 20183 58021 82707 81925 87460;
0202676630999992000012806004-14450+028470FM-12+1207FLKW V0203301N000510300019N0300001N1+02011+01911999999ADDAA124002091GA1071+030009019GF107991071001999999071999KA1120M+02631KA2120N+01901MD1999999-0261ME1314969REMSYN088AAXX  28064 67663 12980 73301 10201 20191 48496 60024 8707/ 333 10263 20190 59026 87460;
0269676630999992000012812004-14450+028470FM-12+1207FLKW V0202201N004110090019N0300001N1+02711+02041999999ADDAY121061AY221061GA1011+009009099GA2051+009009089GA3031+030009039GA4021+090009009GF106991051021012501031021MD1999999-0321ME1314659MW1151REMSYN122AAXX  28124 67663 41680 62208 10271 20204 48465 71522 85232 333 59032 81930 85830 83360 82080 555 66043 77/// 8884/ 98030;
0268676630999992000013106004-14450+028470FM-12+1207FLKW V0200901N000510021019N0300001N1+01971+01941999999ADDAA124000891AY141061AY221061GA1061+002109079GA2031+030009039GF107991061061002501031999KA1120M+02761KA2120N+01851MD1999999+0131ME1315119MW1281REMSYN116AAXX  31064 67663 11380 70901 10197 20194 48511 69984 72842 8663/ 333 10276 20185 58013 86707 83360 555 00/// 20011;
0265676630999992000020106004-14450+028470FM-12+1207FLKW V0202601N00051030001CN0300001N1+02081+01821999999ADDAA199000091GA1021+005409069GA2011+012009099GA3051+030009039GF106991021051004501081081KA1120M+02861KA2120N+01861MD1999999-0031ME1315099REMSYN100AAXX  01064 67663 32480 62601 10208 20182 48509 82588 333 10286 20186 59003 81940 82618 85360 86280;EQDQ01  00002PRCP99
0240676630999992000020206004-14450+028470FM-12+1207FLKW V0203601N004110030019N0300001N1+01921+01761999999ADDAA124011991GA1051+003009069GA2071+030009039GF107991051051004501031999KA1120M+02671KA2120N+01801MD1999999+0041ME1315119REMSYN110AAXX  02064 67663 12480 73608 10192 20176 48511 60124 8553/ 333 10267 20180 58004 85610 87360 555 00/// 20000;
0144676630999992000020209004-14450+028470FM-12+1207FLKW V0202001N00311009001CN0300001N1+02311+01841095161ADDGA1041+004509089GF107991071081004501999999MD1999999+0041REMSYN076AAXX  02094 67663 42480 72006 10231 20184 49516 878// 333 58004 84815 87618;
0202676630999992000021806004-14450+028470FM-12+1207FLKW V0203601N000510300019N0300001N1+01831+01761999999ADDAA124021191GA1071+030009079GF107991071001999999071999KA1120M+02461KA2120N+01681MD1999999-0051ME1315039REMSYN088AAXX  18064 67663 12980 73601 10183 20176 48503 60214 8707/ 333 10246 20168 59005 87360;
0225676630999992000022009004-14450+028470FM-12+1207FLKW V0202501N004110060019N0300001N1+02341+01791999999ADDAY121031AY221031GA1011+005409099GA2031+005409089GA3041+006009069GF107991051081004501031999MD1999999-0111ME1315139MW1031REMSYN094AAXX  20094 67663 42480 72508 10234 20179 48513 70322 8583/ 333 59011 81918 83818 84620 86360;
0269676630999992000022012004-14450+028470FM-12+1207FLKW V0202701N002110075019N0300001N1+02531+01861999999ADDAY121061AY221061GA1011+007509099GA2061+007509089GA3021+030009039GA4011+090009009GF106991061021008001031021MD1999999-0121ME1314949MW1021REMSYN122AAXX  20124 67663 42580 62704 10253 20186 48494 70222 86232 333 59012 81925 86825 82360 81080 555 66012 77/// 88870 98030;
0318676630999992000022106004-14450+028470FM-12+1207FLKW V0202601N001510060019N0300001N1+02201+01821999999ADDAA124002091AY191061AY231061GA1011+006009099GA2051+006009069GA3051+030009039GA4011+090009009GF106991051051008001031021KA1120M+02791KA2120N+01831MD1999999-0111ME1314959MW1031REMSYN134AAXX  21064 67663 11580 62603 10220 20182 48495 60024 70393 85532 333 10279 20183 59011 81920 85620 85360 81080 555 00/// 20007 41272;
0182676630999992000022109004-14450+028470FM-12+1207FLKW V0202601N001510300019N0300001N1+02651+01831999999ADDGA1011+009009099GA2031+009009089GA3051+030009039GF105991031011012501031021MD1999999-0131REMSYN082AAXX  21094 67663 42680 52603 10265 20183 83132 333 59013 81930 83830 85360 81080;
0252676630999992000022206004-14450+028470FM-12+1207FLKW V0202601N002110300019N0300001N1+02021+01641999999ADDAA124000791GA1011+008409099GA2031+008409069GA3051+030009049GF107991031051008001071081KA1120M+02741KA2120N+01821MD1999999+0021ME1314959REMSYN106AAXX  22064 67663 12580 72604 10202 20164 48495 69904 83578 333 10274 20182 58002 81928 83628 85460 86280;
0231676630999992000022306004-14450+028470FM-12+1207FLKW V0200101N047822200019N0300001N1+99999+99999999999ADDAA124000791GA1081+004809019GF199999081051004501999999KA1120M+02811KA2120N+01791MD1999999-0381ME1315419REMSYN082AAXX  23064 67663 12480 10193 20174 48541 69904 885// 333 10281 20179 59038 88016;EQDQ01+004783WOSPD Q02+000012SCOTCV
0253676630999992000022806004-14450+028470FM-12+1207FLKW V0200401N000510300019N0300001N1+02031+01941999999ADDAA199000091GA1031+006009069GA2071+030009039GF107991031051008001081999KA1120M+02571KA2120N+01571MD1999999+0051ME1315159REMSYN104AAXX  28064 67663 32580 70401 10203 20194 48515 8358/ 333 10257 20157 58005 83620 87360 555 00/// 20044;EQDQ01  00002PRCP99
0241676630999992000022812004-14450+028470FM-12+1207FLKW V0201801N002612200019N0300001N1+02001+01701999999ADDGA1011+013509099GA2031+013509089GA3021+030009039GA4011+090009009GF104991031021012501031021MD1999999-0081ME1314929REMSYN116AAXX  28124 67663 42680 41805 10200 20170 48492 83232 333 59008 81945 83845 82360 81080 555 66016 77/// 8887/ 98020;
0290676630999992000022906004-14450+028470FM-12+1207FLKW V0200801N002110060019N0300001N1+02131+01961999999ADDAA124015091AY121061AY221061GA1051+006009069GA2031+030009039GA3031+090009009GF106991051051008001031021KA1120M+02941KA2120N+01901MD1999999+0041ME1315309MW1031REMSYN122AAXX  29064 67663 12580 60804 10213 20196 48530 60154 70322 85532 333 10294 20190 58004 85620 83360 83080 555 00/// 20000;
0280676630999992000030306004-14450+028470FM-12+1207FLKW V0201801N00101045001CN0300001N1+02071+01901999999ADDAA124002091AY121061AY221061GA1021+002409079GA2011+006609099GA3041+006609069GF107991021061002501071999KA1120M+02751KA2120N+01901MD1999999-0061ME1315029MW1151REMSYN112AAXX  03064 67663 11380 71802 10207 20190 48502 60024 71522 8267/ 333 10275 20190 59006 82708 81922 84622 85460;
0223676630999992000030906004-14450+028470FM-12+1207FLKW V0200901N001010300019N0300001N1+01881+01801999999ADDAA124003091AY161061AY261061GA1081+030009049GF108991081001999999021999IA2999+01739KA1120M+02601KA2120N+01741MW1601REMSYN098AAXX  09064 67663 11980 80902 10188 20180 60034 76066 8802/ 333 10260 20174 88460 555 00173 20036;
0203676630999992000032712004-14450+028470FM-12+1207FLKW V0200801N004110090019N0250001N1+02701+01801999999ADDAY181061AY281061GA1011+009009099GA2051+009009089GF106991051021012501031001MD1999999-0061ME1314969MW1801REMSYN088AAXX  27124 67663 41675 60808 10270 20180 48496 78088 85230 333 59006 81930 85830 81360;
0197676630999992000033009004-14450+028470FM-12+1207FLKW V0200201N00151008101CN0300001N1+02551+01791999999ADDGA1011+007509099GA2041+007509089GA3021+008109069GF107991061081008001031001MD1999999+0091ME1315399REMSYN088AAXX  30094 67663 42580 70203 10255 20179 48539 86830 333 58009 81925 84825 82627 81360;
0219676630999992000033012004-14450+028470FM-12+1207FLKW V0200901N000510105019N0300001N1+02821+01741999999ADDGA1011+010509099GA2061+010509089GA3011+030009039GF106991061021012501031001MD1999999-0061ME1315109REMSYN110AAXX  30124 67663 42680 60901 10282 20174 48510 86230 333 59006 81935 86835 81360 555 66059 77/// 8880/ 98020;
0197676630999992000033112004-14450+028470FM-12+1207FLKW V0200901N001510075019N0300001N1+02831+01841999999ADDGA1011+007509099GA2061+007509089GF106991061021008001001001MD1999999-0111ME1315079REMSYN104AAXX  31124 67663 42580 60903 10283 20184 48507 86200 333 59011 81925 86825 555 66036 77/// 8881/ 98020;
0153676630999992000041812004-14450+028470FM-12+1207FLKW V0200901N00511015001CN0300001N1+02611+01591999999ADDGA1041+009009089GF106991061081012501001001MD1999999+0011ME1315149REMSYN076AAXX  18124 67663 42680 60910 10261 20159 48514 86800 333 58001 84830 83632;
0203676630999992000042606004-14450+028470FM-12+1207FLKW V0200801N001512200019N0300001N1+01971+01381999999ADDAA199000091GA1001+999999999GF100991001001999999001001KA1120M+02841KA2120N+01351MD1999999-0021ME1315329REMSYN070AAXX  26064 67663 32980 00803 10197 20138 48532 333 10284 20135 59002;EQDQ01  00002PRCP99
0147676630999992000042612004-14450+028470FM-12+1207FLKW V0200501N001510135019N0300001N1+01721+01161999999ADDGA1061+013509029GF106991061021012501001001MD1999999-0121ME1315179REMSYN070AAXX  26124 67663 42680 60503 10172 20116 48517 86200 333 59012 86845;
0215676630999992000050506004-14450+028470FM-12+1207FLKW V0200901N001012200019N0300001N1+02021+01631999999ADDAA199000091GA1021+007209029GF102991021021008001001001KA1120M+03051KA2120N+01551MD1999999-0241ME1315209REMSYN082AAXX  05064 67663 32580 20902 10202 20163 48520 82200 333 10305 20155 59024 82824;EQDQ01  00002PRCP99
0221676630999992000051006004-14450+028470FM-12+1207FLKW V0200901N001510024019N0300001N1+01691+01541999999ADDAA199000091GA1051+002409079GF106991051061002501001001KA1120M+02321KA2120N+01361MD1999999-0141ME1315389REMSYN088AAXX  10064 67663 32380 60903 10169 20154 48538 85600 333 10232 20136 59014 85708 85620;EQDQ01  00002PRCP99
0268676630999992000051012004-14450+028470SY-MT+1207FLKW V0200901N003610105019N0300001N1+02201+01441999999ADDGA1071+010509999GA2021+011109999GF199999061081012501001021MD1999999+0061ME1315349MW1001REMSYN082AAXX  10124 67663 42680 60907 10220 20144 48534 86802 333 58006 85835 83637 82080;MET046FLKW 101200Z 09007KT 9999 BKN035 SCT037 22/14;EQDQ01+000062SCOTCVQ02+000000PRSWM2
0221676630999992000051106004-14450+028470FM-12+1207FLKW V0200901N004110030019N0300001N1+01651+01161999999ADDAA199000091GA1051+003009069GF107991051051004501031999KA1120M+02401KA2120N+01571MD1999999+0101ME1315479REMSYN088AAXX  11064 67663 32480 70908 10165 20116 48547 8553/ 333 10240 20157 58010 85610 87360;EQDQ01  00002PRCP99
0275676630999992000051112004-14450+028470SY-MT+1207FLKW V0200901N00461220001CN0300001N1+02341+01401999999ADDGA1071+007509999GA2021+008409999GA3021+030009999GF106991031081012501031001MD1999999-0061ME1315289MW1001REMSYN082AAXX  11124 67663 42680 60909 10234 20140 48528 83830 333 59006 85825 83628 82360;MET053FLKW 111200Z 09009KT 9999 BKN025 SCT028 FEW100 23/14;EQDQ01+000000PRSWM2
0292676630999992000051206004-14450+028470SY-MT+1207FLKW V0200801N005710021019N0300001N1+01621+01561999999ADDAA199000091GA1071+002109999GF107991071061002501999999KA1120M+02501KA2120N+01351MD1999999-0111ME1315379MW1001REMSYN092AAXX  12064 67663 32380 70811 10162 20156 48537 876// 333 10250 20135 59011 87707 555 00///;MET039FLKW 120600Z 08011KT 9999 BKN007 16/16;EQDQ01+000000PRSWM2Q02  00002PRCP99
0215676630999992000051506004-14450+028470FM-12+1207FLKW V0200801N004112200019N0300001N1+01521+01131999999ADDAA199000091GA1031+030009079GF103991031001999999031001KA1120M+02301KA2120N+01351MD1999999+0021ME1315569REMSYN082AAXX  15064 67663 32980 30808 10152 20113 48556 83030 333 10230 20135 58002 83360;EQDQ01  00002PRCP99
0175676630999992000051512004-14450+028470FM-12+1207FLKW V0202001N000512200019N0300001N1+02501+01271999999ADDGA1041+009609089GA2021+030009039GF104991041011012501031021MD1999999+0081ME1315519REMSYN082AAXX  15124 67663 42680 42001 10250 20127 48551 84132 333 58008 84832 82360 82080;
0288676630999992000051706004-14450+028470SY-MT+1207FLKW V0200801N001010360019N0300001N1+01381+01091999999ADDAA199000091GA1061+036009039GF106991061001999999031021KA1120M+02471KA2120N+01121MD1999999-0081ME1315569MW1001REMSYN088AAXX  17064 67663 32980 60802 10138 20109 48556 86032 333 10247 20112 59008 86362 82080;MET039FLKW 170600Z 08002KT CAVOK 14/11 NOSIG;EQDQ01+000000PRSWM2Q02  00002PRCP99
0218676630999992000051712004-14450+028470SY-MT+1207FLKW V0200801N003612200019N0300001N1+02401+00451999999ADDGA1031+036009039GF103991031001999999031021MD1999999-0081ME1315409MW1001REMSYN076AAXX  17124 67663 42980 30807 10240 20045 48540 83032 333 59008 83362 81080;MET034FLKW 171200Z 08007KT CAVOK 24/06 ;EQDQ01+000000PRSWM2
0153676630999992000051912004-14450+028470FM-12+1207FLKW V0201101N00101012001CN0300001N1+02261+01281999999ADDGA1041+007509089GF106991061081008001001001MD1999999-0021ME1315529REMSYN076AAXX  19124 67663 42580 61102 10226 20128 48552 86800 333 59002 84825 83628;
0147676630999992000052612004-14450+028470FM-12+1207FLKW V0201401N002612200019N0300001N1+02811+00751999999ADDGA1031+010509029GF103991031011012501001001MD1999999-0061ME1315229REMSYN070AAXX  26124 67663 42680 31405 10281 20075 48522 83100 333 59006 83835;
0147676630999992000052912004-14450+028470FM-12+1207FLKW V0200301N001012200019N0300001N1+02761+00871999999ADDGA1011+013509029GF101991011011012501001001MD1999999+0041ME1315249REMSYN070AAXX  29124 67663 42680 10302 10276 20087 48524 81100 333 58004 81845;
0203676630999992000060106004-14450+028470FM-12+1207FLKW V0200701N001512200019N0300001N1+01651+00811999999ADDAA199000091GA1001+999999999GF100991001001999999001001KA1120M+02571KA2120N+01071MD1999999+0131ME1315579REMSYN070AAXX  01064 67663 32980 00703 10165 20081 48557 333 10257 20107 58013;EQDQ01  00002PRCP99
0147676630999992000060109004-14450+028470FM-12+1207FLKW V0201001N003112200019N0300001N1+02211+00611999999ADDGA1041+009009029GF104991041011012501001001MD1999999-0021ME1315519REMSYN070AAXX  01094 67663 42680 41006 10221 20061 48551 84100 333 59002 84830;
0147676630999992000060112004-14450+028470FM-12+1207FLKW V0200801N003610105019N0300001N1+02201+01191999999ADDGA1061+010509029GF106991061011012501001001MD1999999-0111ME1315279REMSYN070AAXX  01124 67663 42680 60807 10220 20119 48527 86100 333 59011 86835;
0213676630999992000060206004-14450+028470FM-12+1207FLKW V0200801N004112200019N0300001N1+01371+00811999999ADDAA199000091GA1001+999999999GF100991001001999999001001KA1120M+02341KA2120N+00951MD1999999-0211ME1315329REMSYN080AAXX  02064 67663 32980 00808 10137 20081 48532 333 10234 20095 59021 555 00///;EQDQ01  00002PRCP99
0253676630999992000060506004-14450+028470FM-12+1207FLKW V0200901N000510009019N0250001N1+01451+01431999999ADDAA199000091AY141061AY221061GA1061+000909079GF106991061061002501001001KA1120M+02511KA2120N+01141MD1999999-0021ME1315629MW1281REMSYN098AAXX  05064 67663 31375 60901 10145 20143 48562 72842 86600 333 10251 20114 59002 86703 555 00///;EQDQ01  00002PRCP99
0166676630999992000060612004-14450+028470FM-12+1207FLKW V0200901N005110105019N0300001N1+01911+01201999999ADDGA1081+010509059GF108991999051012501071999MD1999999+0011ME1315499REMSYN070AAXX  06124 67663 42680 80910 10191 20120 48549 8857/ 333 58001 88635;EQDQ01+000082SCOTLC
0215676630999992000060806004-14450+028470FM-12+1207FLKW V0200901N001510300019N0300001N1+01421+01321999999ADDAA199000091GA1071+030009079GF107991041001999999031001KA1120M+02341KA2120N+01221MD1999999+0051ME1315539REMSYN082AAXX  08064 67663 32980 70903 10142 20132 48553 84030 333 10234 20122 58005 87360;EQDQ01  00002PRCP99
0147676630999992000060809004-14450+028470FM-12+1207FLKW V0200701N000510090019N0300001N1+02051+01261999999ADDGA1051+009009059GF105991051051012501001001MD1999999+0081ME1315659REMSYN070AAXX  08094 67663 42680 50701 10205 20126 48565 85500 333 58008 85630;
0153676630999992000060812004-14450+028470FM-12+1207FLKW V0200901N00151045001CN0300001N1+02421+01141999999ADDGA1011+012009089GF105991011011012501031001MD1999999+0091ME1315889REMSYN076AAXX  08124 67663 42680 50903 10242 20114 48588 81130 333 58009 81840 85361;
0215676630999992000061209004-14450+028470FM-12+1207FLKW V0200901N004112200019N0300001N1+01561+01211999999ADDAA199000091GA1031+033009079GF103991031001999999031001KA1120M+02611KA2120N+01051MD1999999+0021ME1315619REMSYN082AAXX  12094 67663 32980 30908 10156 20121 48561 83030 333 10261 20105 58002 83361;EQDQ01  00002PRCP99
0153676630999992000061212004-14450+028470FM-12+1207FLKW V0200801N00261045001CN0300001N1+02211+01151999999ADDGA1041+009009089GF107991041021012501031001MD1999999+0121ME1315489REMSYN076AAXX  12124 67663 42680 70805 10221 20115 48548 84230 333 58012 84830 86361;
0215676630999992000061306004-14450+028470FM-12+1207FLKW V0201001N001510330019N0300001N1+01551+01111999999ADDAA199000091GA1071+033009079GF107991071001999999031999KA1120M+02361KA2120N+01361MD1999999+0191ME1315779REMSYN082AAXX  13064 67663 32980 71003 10155 20111 48577 8703/ 333 10236 20136 58019 87361;EQDQ01  00002PRCP99
0153676630999992000061312004-14450+028470FM-12+1207FLKW V0201001N003610120019N0300001N1+02091+00681999999ADDGA1051+012009089GF106991051021012501031001MD1999999+0141ME1315719REMSYN076AAXX  13124 67663 42680 61007 10209 20068 48571 85230 333 58014 85840 83361;
0153676630999992000061412004-14450+028470FM-12+1207FLKW V0200901N00261015001CN0300001N1+02151+00761999999ADDGA1041+012609089GF107991071081012501999999MD1999999-0171ME1315569REMSYN076AAXX  14124 67663 42680 70905 10215 20076 48556 878// 333 59017 84842 85645;
0203676630999992000061506004-14450+028470FM-12+1207FLKW V0200901N000512200019N0300001N1+01481+01141999999ADDAA199000091GF101991011001999999031001KA1120M+02231KA2120N+01041MD1999999-0211ME1315549REMSYN086AAXX  15064 67663 32980 10901 10148 20114 48554 81030 333 10223 20104 59021 555 00///;EQDQ01  00002PRCP99
0147676630999992000061509004-14450+028470FM-12+1207FLKW V0200801N005710066019N0300001N1+02051+01021999999ADDGA1061+006609029GF106991061021008001001001MD1999999-0241ME1315599REMSYN070AAXX  15094 67663 42580 60811 10205 20102 48559 86200 333 59024 86822;
0153676630999992000061512004-14450+028470FM-12+1207FLKW V0200901N00311015001CN0300001N1+02161+01051999999ADDGA1031+009009089GF107991071081012501999999MD1999999-0121ME1315449REMSYN076AAXX  15124 67663 42680 70906 10216 20105 48544 878// 333 59012 83830 86633;
0147676630999992000061909004-14450+028470FM-12+1207FLKW V0201101N004112200019N0400001N1+02361+01021999999ADDGA1011+036009079GF101991011001999999031001MD1999999-0041ME1315629REMSYN070AAXX  19094 67663 42982 11108 10236 20102 48562 81030 333 59004 81362;
0181676630999992000061912004-14450+028470FM-12+1207FLKW V0203601N001010210019N0300001N1+02641+00791999999ADDAY111061AY211061GA1051+021009089GF106991051021022501031001MD1999999+0041ME1315499MW1051REMSYN082AAXX  19124 67663 41880 63602 10264 20079 48549 70511 85230 333 58004 85857 81362;
0225676630999992000062006004-14450+028470FM-12+1207FLKW V0200901N004110030019N0300001N1+01501+01421999999ADDAA199000091GA1071+003009069GF107991071051004501999999KA1120M+02491KA2120N+01351MD1999999+0081ME1315459REMSYN092AAXX  20064 67663 32480 70908 10150 20142 48545 875// 333 10249 20135 58008 87610 555 00///;EQDQ01  00002PRCP99
0153676630999992000062012004-14450+028470FM-12+1207FLKW V0201201N002110105019N0300001N1+02021+01271999999ADDGA1051+010509069GF107991051051012501031001MD1999999-0021ME1315429REMSYN076AAXX  20124 67663 42680 71204 10202 20127 48542 85530 333 59002 85635 86360;
0147676630999992000062112004-14450+028470FM-12+1207FLKW V0201801N001012200019N0300001N1+02451+01121999999ADDGA1011+012009029GF101991011011012501001001MD1999999-0091ME1315379REMSYN070AAXX  21124 67663 42680 11802 10245 20112 48537 81100 333 59009 81840;
0215676630999992000062206004-14450+028470FM-12+1207FLKW V0201801N001010300019N0300001N1+01461+01261999999ADDAA199000091GA1061+030009079GF106991061001999999031001KA1120M+02491KA2120N+01111MD1999999+0051ME1315509REMSYN082AAXX  22064 67663 32980 61802 10146 20126 48550 86030 333 10249 20111 58005 86360;EQDQ01  00002PRCP99
0135676630999992000062209004-14450+028470FM-12+1207FLKW V0200901N002112200019N0300001N1+02171+01221999999ADDGA1001+999999999GF100991001001999999001001MD1999999-0051ME1315529REMSYN058AAXX  22094 67663 42980 00904 10217 20122 48552 333 59005;
0215676630999992000062306004-14450+028470FM-12+1207FLKW V0201001N001012200019N0300001N1+01521+01281999999ADDAA199000091GA1021+030009079GF102991021001999999031001KA1120M+02661KA2120N+01161MD1999999-0101ME1315399REMSYN082AAXX  23064 67663 32980 21002 10152 20128 48539 82030 333 10266 20116 59010 82360;EQDQ01  00002PRCP99
0153676630999992000062309004-14450+028470FM-12+1207FLKW V0200301N005112200019N0300001N1+02321+01211999999ADDGA1021+009009089GF102991021011012501081001MD1999999+0021ME1315569REMSYN076AAXX  23094 67663 42680 20310 10232 20121 48556 82180 333 58002 82830 81360;
0147676630999992000062312004-14450+028470FM-12+1207FLKW V0201101N001010120019N0300001N1+02521+00931999999ADDGA1051+012009029GF105991051021012501001001MD1999999+0091ME1315419REMSYN070AAXX  23124 67663 42680 51102 10252 20093 48541 85200 333 58009 85840;
0203676630999992000062606004-14450+028470FM-12+1207FLKW V0201001N001512200019N0300001N1+01491+01091999999ADDAA199000091GA1001+999999999GF100991001001999999001001KA1120M+02401KA2120N+01031MD1999999+0201ME1315799REMSYN070AAXX  26064 67663 32980 01003 10149 20109 48579 333 10240 20103 58020;EQDQ01  00002PRCP99
0147676630999992000062609004-14450+028470FM-12+1207FLKW V0201801N001012200019N0300001N1+02451+01121999999ADDGA1011+012009029GF101991011011012501001001MD1999999-0091ME1315379REMSYN070AAXX  26094 67663 42680 11802 10245 20112 48537 81100 333 59009 81840;
0218676630999992000062612004-14450+028470SY-MT+1207FLKW V0200801N002610135019N0300001N1+02171+00891999999ADDGA1051+013509089GF105991051021012501031001MD1999999+0101ME1315619MW1001REMSYN076AAXX  26124 67663 42680 50805 10217 20089 48561 85230 333 58010 85845 81360;MET034FLKW 261200Z 08005KT BKN045 22/09;EQDQ01+000000PRSWM2
0147676630999992000062709004-14450+028470FM-12+1207FLKW V0200801N006212200019N0300001N1+02001+00901999999ADDGA1041+007509029GF104991041011012501001001MD1999999-0061ME1315829REMSYN070AAXX  27094 67663 42680 40812 10200 20090 48582 84100 333 59006 84825;
0147676630999992000062812004-14450+028470FM-12+1207FLKW V0200901N001510105019N0300001N1+02161+00881999999ADDGA1061+010509029GF106991061021012501001001MD1999999+0071ME1315709REMSYN070AAXX  28124 67663 42680 60903 10216 20088 48570 86200 333 58007 86835;
0203676630999992000062906004-14450+028470FM-12+1207FLKW V0200901N001012200019N0300001N1+01361+00861999999ADDAA199000091GA1001+999999999GF100991001001999999001001KA1120M+02181KA2120N+00761MD1999999+0021ME1315739REMSYN070AAXX  29064 67663 32980 00902 10136 20086 48573 333 10218 20076 58002;EQDQ01  00002PRCP99
0181676630999992000062909004-14450+028470FM-12+1207FLKW V0201101N00101012001CN0300001N1+01891+00941999999ADDAY111031AY211031GA1031+007509089GF106991061081008001001001MD1999999-0081ME1315829MW1031REMSYN082AAXX  29094 67663 42580 61102 10189 20094 48582 70311 86800 333 59008 83825 84630;
0215676630999992000063006004-14450+028470FM-12+1207FLKW V0200901N002610060019N0300001N1+01351+00971999999ADDAA199000091GA1071+006009059GF107991071051008001001001KA1120M+02161KA2120N+00831MD1999999-0061ME1315669REMSYN082AAXX  30064 67663 32580 70905 10135 20097 48566 87500 333 10216 20083 59006 87620;EQDQ01  00002PRCP99
0221676630999992000070506004-14450+028470FM-12+1207FLKW V0200801N001512200019N0300001N1+01071+00901999999ADDAA199000091GA1021+006009069GF102991021051008001031001KA1120M+01931KA2120N+00551MD1999999-0051ME1315609REMSYN088AAXX  05064 67663 32580 20803 10107 20090 48560 82530 333 10193 20055 59005 82620 81360;EQDQ01  00002PRCP99
0153676630999992000070509004-14450+028470FM-12+1207FLKW V0200901N00511012001CN0300001N1+01651+00681999999ADDGA1011+007509089GF105991051081008001001001MD1999999+0141ME1315829REMSYN076AAXX  05094 67663 42580 50910 10165 20068 48582 85800 333 58014 81825 85627;
0233676630999992000070512004-14450+028470SY-MT+1207FLKW V0201001N002112200019N0300001N1+01941+00501999999ADDGA1011+009009029GA2031+090009019GF103991011011012501001021MD1999999+0121ME1315679MW1001REMSYN076AAXX  05124 67663 42680 31004 10194 20050 48567 81102 333 58012 81830 83080;MET033FLKW 051200Z 10004KT CAVOK 19/05;EQDQ01+000000PRSWM2
0215676630999992000070606004-14450+028470FM-12+1207FLKW V0201001N002110060019N0300001N1+01101+00641999999ADDAA199000091GA1071+006009059GF107991071051999999999999KA1120M+02071KA2120N+00491MD1999999+0091ME1315699REMSYN082AAXX  06064 67663 32980 71004 10110 20064 48569 875// 333 10207 20049 58009 87620;EQDQ01  00002PRCP99
0153676630999992000070709004-14450+028470FM-12+1207FLKW V0200901N001010075019N0300001N1+01601+00741999999ADDGA1051+007509089GF108991081021008001999999MD1999999+0011ME1315869REMSYN076AAXX  07094 67663 42580 80902 10160 20074 48586 882// 333 58001 85825 88628;
0153676630999992000070712004-14450+028470FM-12+1207FLKW V0200801N005710084019N0300001N1+01741+00781999999ADDGA1051+008409089GF107991071081008001999999MD1999999+0041ME1315709REMSYN076AAXX  07124 67663 42580 70811 10174 20078 48570 878// 333 58004 85828 87360;
0215676630999992000071006004-14450+028470FM-12+1207FLKW V0209999C000012200019N0300001N1+01281+00961999999ADDAA199000091GA1021+030009079GF102991021001999999031001KA1120M+02111KA2120N+00751MD1999999-0221ME1315509REMSYN082AAXX  10064 67663 32980 20000 10128 20096 48550 82030 333 10211 20075 59022 82360;EQDQ01  00002PRCP99
0215676630999992000071007004-14450+028470FM-12+1207FLKW V0209999C000012200019N0300001N1+01281+00961999999ADDAA199000091GA1021+030009079GF102991021001999999031001KA1120M+02111KA2120N+00751MD1999999-0221ME1315509REMSYN082AAXX  10074 67663 32980 20000 10128 20096 48550 82030 333 10211 20075 59022 82360;EQDQ01  00002PRCP99
0153676630999992000071012004-14450+028470FM-12+1207FLKW V0201501N001510090019N0300001N1+01991+00701999999ADDGA1051+009009089GF106991051021012501031001MD1999999+0031ME1315469REMSYN076AAXX  10124 67663 42680 61503 10199 20070 48546 85230 333 58003 85830 83360;
0153676630999992000071015004-14450+028470FM-12+1207FLKW V0201001N00151045001CN0300001N1+01961+00821999999ADDGA1041+010509089GF106991041021012501031001MD1999999+0011ME1315409REMSYN076AAXX  10154 67663 42680 61003 10196 20082 48540 84230 333 58001 84835 85360;
0147676630999992000071109004-14450+028470FM-12+1207FLKW V0201001N002110300019N0300001N1+01941+00941999999ADDGA1061+030009079GF106991061001999999031001MD1999999-0051ME1315659REMSYN070AAXX  11094 67663 42980 61004 10194 20094 48565 86030 333 59005 86360;
0153676630999992000071112004-14450+028470FM-12+1207FLKW V0200801N00261045001CN0300001N1+02201+00741999999ADDGA1041+009009089GF105991041021012501031001MD1999999-0091ME1315439REMSYN076AAXX  11124 67663 42680 50805 10220 20074 48543 84230 333 59009 84830 82360;
0135676630999992000071209004-14450+028470FM-12+1207FLKW V0200701N002612200019N0300001N1+02031+01021999999ADDGA1001+999999999GF100991001001999999001001MD1999999+0001ME1315669REMSYN058AAXX  12094 67663 42980 00705 10203 20102 48566 333 58000;
0254676630999992000071406004-14450+028470SY-MT+1207FLKW V0200901N001519999999N0300001N1+01551+01211999999ADDAA199000091GF105991051001999999031001KA1120M+02561KA2120N+01251MD1999999-0191ME1315319MW1001REMSYN076AAXX  14064 67663 32980 50903 10155 20121 48531 85030 333 10256 20125 59019;MET033FLKW 140600Z 09003KT CAVOK 16/12;EQDQ01+000000PRSWM2Q02  00002PRCP99
0196676630999992000071412004-14450+028470SY-MT+1207FLKW V0209999C000012200019N0300001N1+02551+00771999999ADDGF105991051021012501001001MD1999999+0061ME1315349MW1001REMSYN070AAXX  14124 67663 42680 50000 10255 20077 48534 85200 333 58006 85845;MET034FLKW 141200Z 00000KT BKN045 26/08;EQDQ01+000000PRSWM2
0203676630999992000071706004-14450+028470FM-12+1207FLKW V0200801N001012200019N0300001N1+01561+00771999999ADDAA199000091GA1001+999999999GF100991001001999999001001KA1120M+02761KA2120N+01121MD1999999+0331ME1315659REMSYN070AAXX  17064 67663 32980 00802 10156 20077 48565 333 10276 20112 58033;EQDQ01  00002PRCP99
0175676630999992000073112004-14450+028470FM-12+1207FLKW V0201201N001512200019N0200001N1+02521+00981999999ADDAY101061AY201061GA1011+012009029GF101991011011012501001001MD1999999+0041ME1315279MW1051REMSYN076AAXX  31124 67663 41670 11203 10252 20098 48527 70500 81100 333 58004 81840;
0231676630999992000080106004-14450+028470FM-12+1207FLKW V0200901N001012200019N0200001N1+01451+01151999999ADDAA199000091AY101061AY201061GA1001+999999999GF100991001001999999001001KA1120M+02521KA2120N+01101MD1999999-0031ME1315359MW1051REMSYN076AAXX  01064 67663 31970 00902 10145 20115 48535 70500 333 10252 20110 59003;EQDQ01  00002PRCP99
0243676630999992000080206004-14450+028470FM-12+1207FLKW V0201001N004110024019N0200001N1+01451+01271999999ADDAA199000091AY121061AY221061GA1071+002409069GF107991071061002501999999KA1120M+02471KA2120N+01101MD1999999+0101ME1315459MW1051REMSYN088AAXX  02064 67663 31370 71008 10145 20127 48545 70522 876// 333 10247 20110 58010 87708;EQDQ01  00002PRCP99
0175676630999992000080312004-14450+028470FM-12+1207FLKW V0200901N001512200019N0200001N1+02391+00761999999ADDAY101061AY201061GA1011+012009029GF101991011011012501001001MD1999999-0041ME1315369MW1051REMSYN076AAXX  03124 67663 41670 10903 10239 20076 48536 70500 81100 333 59004 81840;
0249676630999992000080406004-14450+028470FM-12+1207FLKW V0209999C000012200019N0200001N1+01461+01231999999ADDAA199000091AY111061AY211061GA1031+013509089GF103991031051008001031001KA1120M+02461KA2120N+01081MD1999999-0091ME1315469MW1051REMSYN094AAXX  04064 67663 31570 30000 10146 20123 48546 70511 83530 333 10246 20108 59009 83845 81360;EQDQ01  00002PRCP99
0175676630999992000080409004-14450+028470FM-12+1207FLKW V0200901N003112200019N0200001N1+02221+01161999999ADDAY111031AY211031GA1041+009609029GF104991041011022501001001MD1999999-0091ME1315519MW1051REMSYN076AAXX  04094 67663 41870 40906 10222 20116 48551 70511 84100 333 59009 84832;
0175676630999992000080412004-14450+028470FM-12+1207FLKW V0201401N002110120019N0200001N1+02561+01041999999ADDAY121061AY221061GA1051+012009029GF105991051021012501001001MD1999999+0001ME1315399MW1051REMSYN076AAXX  04124 67663 41670 51404 10256 20104 48539 70522 85200 333 58000 85840;
0231676630999992000080706004-14450+028470FM-12+1207FLKW V0200901N003112200019N0250001N1+01461+00721999999ADDAA199000091AY101061AY201061GA1001+999999999GF100991001001999999001001KA1120M+02911KA2120N+01211MD1999999+0051ME1315569MW1051REMSYN076AAXX  07064 67663 31975 00906 10146 20072 48556 70500 333 10291 20121 58005;EQDQ01  00002PRCP99
0231676630999992000080906004-14450+028470FM-12+1207FLKW V0200901N001012200019N0250001N1+01201+00901999999ADDAA199000091AY101061AY201061GA1001+999999999GF100991001001999999001001KA1120M+02191KA2120N+00771MD1999999-0071ME1315559MW1051REMSYN076AAXX  09064 67663 31975 00902 10120 20090 48555 70500 333 10219 20077 59007;EQDQ01  00002PRCP99
0203676630999992000081509004-14450+028470FM-12+1207FLKW V0200901N003110090019N0200001N1+01741+00451999999ADDAY121031AY221031GA1021+008109089GA2041+009009069GF105991051081008001001021MD1999999+0061ME1315859MW1091REMSYN088AAXX  15094 67663 41570 50906 10174 20045 48585 70922 85802 333 58006 82827 84630 81080;
0175676630999992000081612004-14450+028470FM-12+1207FLKW V0200901N006210105019N0200001N1+02051+00641999999ADDAY121061AY221061GA1061+010509029GF106991061021012501001001MD1999999-0111ME1315579MW1051REMSYN076AAXX  16124 67663 41670 60912 10205 20064 48557 70522 86200 333 59011 86835;
0243676630999992000081706004-14450+028470FM-12+1207FLKW V0200901N001510300019N0250001N1+01501+00831999999ADDAA199000091AY111061AY211061GA1051+030009079GF105991051001999999031001KA1120M+02241KA2120N+00901MD1999999-0071ME1315569MW1051REMSYN088AAXX  17064 67663 31975 50903 10150 20083 48556 70511 85030 333 10224 20090 59007 85360;EQDQ01  00002PRCP99
0175676630999992000081712004-14450+028470FM-12+1207FLKW V0200901N001510120019N0250001N1+02251+00841999999ADDAY121061AY221061GA1051+012009029GF105991051021012501001001MD1999999-0131ME1315459MW1051REMSYN076AAXX  17124 67663 41675 50903 10225 20084 48545 70522 85200 333 59013 85840;
0243676630999992000082106004-14450+028470FM-12+1207FLKW V0200801N001510300019N0200001N1+01521+01131999999ADDAA199000091AY121061AY221061GA1071+030009079GF107991071001999999031001KA1120M+02321KA2120N+01201MD1999999-0041ME1315559MW1051REMSYN088AAXX  21064 67663 31970 70803 10152 20113 48555 70522 87030 333 10232 20120 59004 87360;EQDQ01  00002PRCP99
0243676630999992000082206004-14450+028470FM-12+1207FLKW V0200901N001010900019N0200001N1+01561+01171999999ADDAA199000091AY121061AY221061GA1071+090009089GF107991001001999999001081KA1120M+02551KA2120N+01181MD1999999-0101ME1315459MW1051REMSYN088AAXX  22064 67663 31970 70902 10156 20117 48545 70522 80008 333 10255 20118 59010 87280;EQDQ01  00002PRCP99
0181676630999992000082212004-14450+028470FM-12+1207FLKW V0201001N00051105001CN0150001N1+02561+01041999999ADDAY121061AY221061GA1021+012009089GF107991021011012501001081MD1999999-0091ME1315349MW1051REMSYN082AAXX  22124 67663 41665 71001 10256 20104 48534 70522 82108 333 59009 82840 87280;
0249676630999992000082306004-14450+028470FM-12+1207FLKW V0201001N001512200019N0150001N1+01621+01151999999ADDAA199000091AY101061AY201061GA1011+030009039GF102991011001999999031021KA1120M+02651KA2120N+01261MD1999999+0081ME1315549MW1051REMSYN094AAXX  23064 67663 31965 21003 10162 20115 48554 70500 81032 333 10265 20126 58008 81360 82080;EQDQ01  00002PRCP99
0181676630999992000082313004-14450+028470FM-12+1207FLKW V0201001N00511105001CN0150001N1+02701+01051999999ADDAY111999AY211999GA1031+012009089GF107991031011012501001081MD1999999+0081ME1315419MW1051REMSYN082AAXX  23134 67663 41665 71010 10270 20105 48541 70511 83108 333 58008 83840 87280;
0163676630999992000082609004-14450+028470FM-12+1207FLKW V0200701N004612200019N0200001N1+02151+00521999999ADDAY101031AY201031GA1001+999999999GF100991001001999999001001MD1999999+0191ME1315659MW1051REMSYN064AAXX  26094 67663 41970 00709 10215 20052 48565 70500 333 58019;
0163676630999992000082706004-14450+028470FM-12+1207FLKW V0200901N005112200019N0100001N1+02261+00411999999ADDAY101061AY201061GA1001+999999999GF100991001001999999001001MD1999999+0041ME1315729MW1051REMSYN064AAXX  27064 67663 41960 00910 10226 20041 48572 70500 333 58004;
0231676630999992000082806004-14450+028470FM-12+1207FLKW V0200901N001512200019N0200001N1+01571+00471999999ADDAA199000091AY101061AY201061GA1001+999999999GF100991001001999999001001KA1120M+02531KA2120N+00961MD1999999-0101ME1315529MW1051REMSYN076AAXX  28064 67663 31970 00903 10157 20047 48552 70500 333 10253 20096 59010;EQDQ01  00002PRCP99
0163676630999992000082909004-14450+028470FM-12+1207FLKW V0200901N001012200019N0150001N1+02271+00261999999ADDAY101031AY201031GA1001+999999999GF100991001001999999001001MD1999999-0141ME1315609MW1051REMSYN064AAXX  29094 67663 41965 00902 10227 20026 48560 70500 333 59014;
0163676630999992000082912004-14450+028470FM-12+1207FLKW V0201801N001012200019N0150001N1+02531+00251999999ADDAY101061AY201061GA1001+999999999GF100991001001999999001001MD1999999-0111ME1315339MW1051REMSYN064AAXX  29124 67663 41965 01802 10253 20025 48533 70500 333 59011;
0231676630999992000083006004-14450+028470FM-12+1207FLKW V0201001N001512200019N0150001N1+01711+00721999999ADDAA199000091AY101061AY201061GA1001+999999999GF100991001001999999001001KA1120M+02581KA2120N+01001MD1999999-0091ME1315399MW1051REMSYN076AAXX  30064 67663 31965 01003 10171 20072 48539 70500 333 10258 20100 59009;EQDQ01  00002PRCP99
0163676630999992000083009004-14450+028470FM-12+1207FLKW V0200901N002112200019N0150001N1+02471+00641999999ADDAY101031AY201031GA1001+999999999GF100991001001999999001001MD1999999-0141ME1315489MW1051REMSYN064AAXX  30094 67663 41965 00904 10247 20064 48548 70500 333 59014;
0163676630999992000083012004-14450+028470FM-12+1207FLKW V0201801N001512200019N0150001N1+02701+00101999999ADDAY101061AY201061GA1001+999999999GF100991001001999999001001MD1999999-0181ME1315109MW1051REMSYN064AAXX  30124 67663 41965 01803 10270 20010 48510 70500 333 59018;
0231676630999992000083106004-14450+028470FM-12+1207FLKW V0200901N001012200019N0150001N1+01831+00451999999ADDAA199000091AY101061AY201061GA1001+999999999GF100991001001999999001001KA1120M+02801KA2120N+01161MD1999999-0101ME1315319MW1051REMSYN076AAXX  31064 67663 31965 00902 10183 20045 48531 70500 333 10280 20116 59010;EQDQ01  00002PRCP99
0163676630999992000083109004-14450+028470FM-12+1207FLKW V0201701N001012200019N0150001N1+02621+00521999999ADDAY101031AY201031GA1001+999999999GF100991001001999999001001MD1999999-0101ME1315409MW1051REMSYN064AAXX  31094 67663 41965 01702 10262 20052 48540 70500 333 59010;
0231676630999992000090106004-14450+028470FM-12+1207FLKW V0200801N002112200019N0100001N1+01981+00011999999ADDAA199000091AY101061AY201061GA1001+999999999GF100991001001999999001001KA1120M+02921KA2120N+01201MD1999999-0011ME1315329MW1051REMSYN076AAXX  01064 67663 31960 00804 10198 20001 48532 70500 333 10292 20120 59001;EQDQ01  00002PRCP99
0163676630999992000090109004-14450+028470FM-12+1207FLKW V0201001N006212200019N0100001N1+02801+00101999999ADDAY101031AY201031GA1001+999999999GF100991001001999999001001MD1999999+0021ME1315439MW1051REMSYN064AAXX  01094 67663 41960 01012 10280 20010 48543 70500 333 58002;
0163676630999992000090409004-14450+028470FM-12+1207FLKW V0200801N002112200019N0100001N1+02801+00861999999ADDAY101031AY201031GA1001+999999999GF100991001001999999001001MD1999999+0031ME1315169MW1051REMSYN064AAXX  04094 67663 41960 00804 10280 20086 48516 70500 333 58003;
0163676630999992000090509004-14450+028470FM-12+1207FLKW V0200901N004112200019N0100001N1+02861+00441999999ADDAY101031AY201031GA1001+999999999GF100991001001999999001001MD1999999+0351ME1315339MW1051REMSYN064AAXX  05094 67663 41960 00908 10286 20044 48533 70500 333 58035;
0175676630999992000090609004-14450+028470FM-12+1207FLKW V0200901N003110900019N0100001N1+02631+01071999999ADDAY121031AY221031GA1061+090009089GF106991001001999999001081MD1999999+0161ME1315309MW1051REMSYN076AAXX  06094 67663 41960 60906 10263 20107 48530 70522 80008 333 58016 86280;
0231676630999992000090706004-14450+028470FM-12+1207FLKW V0200801N001512200019N0100001N1+02071+01041999999ADDAA199000091AY101061AY201061GA1001+999999999GF100991001001999999001001KA1120M+03011KA2120N+01511MD1999999-0111ME1315209MW1051REMSYN076AAXX  07064 67663 31960 00803 10207 20104 48520 70500 333 10301 20151 59011;EQDQ01  00002PRCP99
0231676630999992000090806004-14450+028470FM-12+1207FLKW V0200901N002612200019N0100001N1+02201+00941999999ADDAA199000091AY101061AY201061GA1001+999999999GF100991001001999999001001KA1120M+03131KA2120N+01561MD1999999-0121ME1315099MW1051REMSYN076AAXX  08064 67663 31960 00905 10220 20094 48509 70500 333 10313 20156 59012;EQDQ01  00002PRCP99
0163676630999992000090812004-14450+028470FM-12+1207FLKW V0201001N002112200019N0100001N1+03011+01021999999ADDAY101061AY201061GA1001+999999999GF100991001001999999001001MD1999999+0081ME1314949MW1051REMSYN064AAXX  08124 67663 41960 01004 10301 20102 48494 70500 333 58008;
0163676630999992000091109004-14450+028470FM-12+1207FLKW V0200901N003112200019N0100001N1+02721+00761999999ADDAY101031AY201031GA1001+999999999GF100991001001999999001001MD1999999-0241ME1315399MW1051REMSYN064AAXX  11094 67663 41960 00906 10272 20076 48539 70500 333 59024;
0175676630999992000091209004-14450+028470FM-12+1207FLKW V0200901N001510090019N0100001N1+02401+01221999999ADDAY111031AY211031GA1061+009009029GF106991061021012501001001MD1999999+0121ME1315469MW1051REMSYN076AAXX  12094 67663 41660 60903 10240 20122 48546 70511 86200 333 58012 86830;
0231676630999992000091306004-14450+028470FM-12+1207FLKW V0200901N002112200019N0100001N1+01951+01071999999ADDAA199000091AY101061AY201061GA1001+999999999GF100991001001999999001001KA1120M+02761KA2120N+01281MD1999999-0051ME1315359MW1051REMSYN076AAXX  13064 67663 31960 00904 10195 20107 48535 70500 333 10276 20128 59005;EQDQ01  00002PRCP99
0175676630999992000091312004-14450+028470FM-12+1207FLKW V0200701N002112200019N0100001N1+02931+00351999999ADDAY101061AY201061GA1011+013509029GF101991011011012501001001MD1999999-0051ME1315209MW1051REMSYN076AAXX  13124 67663 41660 10704 10293 20035 48520 70500 81100 333 59005 81845;
0163676630999992000091409004-14450+028470FM-12+1207FLKW V0200401N003612200019N0100001N1+02721+00841999999ADDAY101031AY201031GA1001+999999999GF100991001001999999001001MD1999999-0151ME1315339MW1051REMSYN064AAXX  14094 67663 41960 00407 10272 20084 48533 70500 333 59015;
0175676630999992000091609004-14450+028470FM-12+1207FLKW V0200801N006710084019N0100001N1+02451+01311999999ADDAY111031AY211031GA1051+008409059GF105991051041008001001001MD1999999+0081ME1315459MW1051REMSYN076AAXX  16094 67663 41560 50813 10245 20131 48545 70511 85400 333 58008 85628;
0231676630999992000091806004-14450+028470FM-12+1207FLKW V0200801N001012200019N0100001N1+02131+00811999999ADDAA199000091AY101061AY201061GA1001+999999999GF100991001001999999001001KA1120M+03151KA2120N+01481MD1999999-0101ME1315219MW1051REMSYN076AAXX  18064 67663 31960 00802 10213 20081 48521 70500 333 10315 20148 59010;EQDQ01  00002PRCP99
0175676630999992000091909004-14450+028470FM-12+1207FLKW V0200901N005712200019N0100001N1+02741+00741999999ADDAY101031AY201031GA1011+010509029GF102991011011012501001011MD1999999+0101ME1315439MW1051REMSYN076AAXX  19094 67663 41660 20911 10274 20074 48543 70500 81101 333 58010 81835;
0181676630999992000091912004-14450+028470FM-12+1207FLKW V0200901N001512200019N0100001N1+03011+00571999999ADDAY101061AY201061GA1021+018009089GF103991021011017501001021MD1999999+0101ME1315239MW1051REMSYN082AAXX  19124 67663 41760 30903 10301 20057 48523 70500 82102 333 58010 82856 82080;
0175676630999992000092012004-14450+028470FM-12+1207FLKW V0200901N005112200019N0100001N1+02871+00921999999ADDAY101061AY201061GA1041+012009029GF104991041021012501001001MD1999999-0031ME1315199MW1051REMSYN076AAXX  20124 67663 41660 40910 10287 20092 48519 70500 84200 333 59003 84840;
0243676630999992000092106004-14450+028470FM-12+1207FLKW V0200801N006212200019N0100001N1+02021+00911999999ADDAA199000091AY101061AY201061GA1021+090009019GF102991001001999999001021KA1120M+02901KA2120N+01461MD1999999+0011ME1315429MW1051REMSYN088AAXX  21064 67663 31960 20812 10202 20091 48542 70500 80002 333 10290 20146 58001 82080;EQDQ01  00002PRCP99
0175676630999992000092109004-14450+028470FM-12+1207FLKW V0200801N003112200019N0100001N1+02551+00941999999ADDAY101031AY201031GA1031+012009029GF103991031011012501001001MD1999999+0011ME1315429MW1051REMSYN076AAXX  21094 67663 41660 30806 10255 20094 48542 70500 83100 333 58001 83840;
0175676630999992000092112004-14450+028470FM-12+1207FLKW V0200901N003610120019N0100001N1+02751+00841999999ADDAY121061AY221061GA1051+012009029GF105991051021012501001001MD1999999+0011ME1315199MW1051REMSYN076AAXX  21124 67663 41660 50907 10275 20084 48519 70522 85200 333 58001 85840;
0243676630999992000092206004-14450+028470FM-12+1207FLKW V0200901N003112200019N0100001N1+01981+00811999999ADDAA199000091AY101061AY201061GA1031+090009019GF103991001001999999001021KA1120M+02831KA2120N+01371MD1999999+0061ME1315479MW1051REMSYN088AAXX  22064 67663 31960 30906 10198 20081 48547 70500 80002 333 10283 20137 58006 83080;EQDQ01  00002PRCP99
0181676630999992000092212004-14450+028470FM-12+1207FLKW V0200401N001512200019N0100001N1+02741+00751999999ADDAY111061AY211061GA1031+013509089GF104991031011012501001021MD1999999+0111ME1315299MW1051REMSYN082AAXX  22124 67663 41660 40403 10274 20075 48529 70511 83102 333 58011 83845 82080;
0231676630999992000092506004-14450+028470FM-12+1207FLKW V0209999C000012200019N0100001N1+02041+00951999999ADDAA199000091AY101061AY201061GA1001+999999999GF100991001001999999001001KA1120M+02951KA2120N+01501MD1999999+0031ME1315369MW1051REMSYN076AAXX  25064 67663 31960 00000 10204 20095 48536 70500 333 10295 20150 58003;EQDQ01  00002PRCP99
0175676630999992000092512004-14450+028470FM-12+1207FLKW V0201801N004112200019N0100001N1+03001+00581999999ADDAY101061AY201061GA1041+024009029GF104991041021022501001001MD1999999-0131ME1315039MW1051REMSYN076AAXX  25124 67663 41860 41808 10300 20058 48503 70500 84200 333 59013 84858;
0163676630999992000092609004-14450+028470FM-12+1207FLKW V0201201N002612200019N0100001N1+02921+00801999999ADDAY101031AY201031GA1001+999999999GF100991001001999999001001MD1999999+0041ME1315309MW1051REMSYN064AAXX  26094 67663 41960 01205 10292 20080 48530 70500 333 58004;
0181676630999992000092612004-14450+028470FM-12+1207FLKW V0200801N00311220001CN0100001N1+03111+00281999999ADDAY101061AY201061GA1031+018009089GF106991031011017501001061MD1999999+0001ME1315049MW1051REMSYN082AAXX  26124 67663 41760 60806 10311 20028 48504 70500 83106 333 58000 83856 86080;
0243676630999992000092706004-14450+028470FM-12+1207FLKW V0201101N001512200019N0100001N1+02311+00611999999ADDAA199000091AY101061AY201061GA1021+090009019GF102991001001999999001021KA1120M+03171KA2120N+01551MD1999999+0061ME1315299MW1051REMSYN088AAXX  27064 67663 31960 21103 10231 20061 48529 70500 80002 333 10317 20155 58006 82080;EQDQ01  00002PRCP99
0181676630999992000092712004-14450+028470FM-12+1207FLKW V0200901N001512200019N0100001N1+03131+00641999999ADDAY111061AY211061GA1021+027009089GF103991021011012501001021MD1999999+0291ME1315339MW1051REMSYN082AAXX  27124 67663 41660 30903 10313 20064 48533 70511 82102 333 58029 82859 83080;
0181676630999992000092715004-14450+028470FM-12+1207FLKW V0201201N003112200019N0150001N1+03411+00671999999ADDAY101031AY201031GA1031+021009089GF103991031011022501001011MD1999999+0071ME1315059MW1051REMSYN082AAXX  27154 67663 41865 31206 10341 20067 48505 70500 83101 333 58007 83857 81080;
0243676630999992000092806004-14450+028470FM-12+1207FLKW V0200901N005712200019N0100001N1+02191+00941999999ADDAA199000091AY101061AY201061GA1011+090009019GF101991001001999999001021KA1120M+03141KA2120N+01641MD1999999+0341ME1315619MW1051REMSYN088AAXX  28064 67663 31960 10911 10219 20094 48561 70500 80002 333 10314 20164 58034 81080;EQDQ01  00002PRCP99
0163676630999992000092809004-14450+028470FM-12+1207FLKW V0200801N003112200019N0100001N1+02701+00901999999ADDAY101031AY201031GA1001+999999999GF100991001001999999001001MD1999999+0011ME1315529MW1051REMSYN064AAXX  28094 67663 41960 00806 10270 20090 48552 70500 333 58001;
0175676630999992000092812004-14450+028470FM-12+1207FLKW V0201301N002112200019N0100001N1+02941+00561999999ADDAY101061AY201061GA1031+021009029GF103991031011022501001001MD1999999-0061ME1315259MW1051REMSYN076AAXX  28124 67663 41860 31304 10294 20056 48525 70500 83100 333 59006 83857;
0231676630999992000092906004-14450+028470FM-12+1207FLKW V0200801N001512200019N0100001N1+02101+00701999999ADDAA199000091AY101061AY201061GA1001+999999999GF100991001001999999001001KA1120M+03001KA2120N+01321MD1999999-0011ME1315509MW1051REMSYN076AAXX  29064 67663 31960 00803 10210 20070 48550 70500 333 10300 20132 59001;EQDQ01  00002PRCP99
0175676630999992000092912004-14450+028470FM-12+1207FLKW V0200901N001512200019N0200001N1+03001+00151999999ADDAY101061AY201061GA1011+090009019GF101991001001999999001011MD1999999-0091ME1315179MW1051REMSYN076AAXX  29124 67663 41970 10903 10300 20015 48517 70500 80001 333 59009 81080;
0194676630999992000100112004-14450+028470FM-12+1207FLKW V0200701N003612200019N0180001N1+03351+01061999999ADDAY101061AY201061GA1021+024009029GF102991999011999999001001MD1999999-0051ME1315289MW1051REMSYN076AAXX  01124 67663 41968 20707 10335 20106 48528 70500 81100 333 59005 82858;EQDQ01+000012SCOTLC
0243676630999992000100306004-14450+028470FM-12+1207FLKW V0200901N005112200019N0100001N1+02381+01171999999ADDAA199000091AY101061AY201061GA1021+090009019GF102991001001999999001021KA1120M+03121KA2120N+01751MD1999999+0011ME1315329MW1051REMSYN088AAXX  03064 67663 31960 20910 10238 20117 48532 70500 80002 333 10312 20175 58001 82080;EQDQ01  00002PRCP99
0175676630999992000100309004-14450+028470FM-12+1207FLKW V0200601N002112200019N0100001N1+02871+01261999999ADDAY101031AY201031GA1011+018009029GF102991011011017501001021MD1999999-0031ME1315259MW1051REMSYN076AAXX  03094 67663 41760 20604 10287 20126 48525 70500 81102 333 59003 81856;
0163676630999992000100312004-14450+028470FM-12+1207FLKW V0200901N009312200019N0100001N1+02951+01081999999ADDAY101061AY201061GA1001+999999999GF100991001001999999001001MD1999999+0071ME1315139MW1051REMSYN064AAXX  03124 67663 41960 00918 10295 20108 48513 70500 333 58007;
0231676630999992000100506004-14450+028470FM-12+1207FLKW V0200901N002112200019N0100001N1+02401+01031999999ADDAA199000091AY101061AY201061GA1001+999999999GF100991001001999999001001KA1120M+03151KA2120N+01631MD1999999+0011ME1315279MW1051REMSYN076AAXX  05064 67663 31960 00904 10240 20103 48527 70500 333 10315 20163 58001;EQDQ01  00002PRCP99
0175676630999992000100512004-14450+028470FM-12+1207FLKW V0201001N004112200019N0100001N1+03281+00421999999ADDAY101061AY201061GA1031+024009029GF103991031011022501001001MD1999999-0111ME1315109MW1051REMSYN076AAXX  05124 67663 41860 31008 10328 20042 48510 70500 83100 333 59011 83858;
0231676630999992000100606004-14450+028470FM-12+1207FLKW V0200801N005112200019N0100001N1+02451+00871999999ADDAA199000091AY101061AY201061GA1001+999999999GF100991001001999999001001KA1120M+03301KA2120N+01801MD1999999+0071ME1315369MW1051REMSYN076AAXX  06064 67663 31960 00810 10245 20087 48536 70500 333 10330 20180 58007;EQDQ01  00002PRCP99
0243676630999992000100906004-14450+028470FM-12+1207FLKW V0200801N001512200019N0100001N1+02341+01331999999ADDAA199000091AY101061AY201061GA1021+090009019GF102991001001999999001021KA1120M+03341KA2120N+01681MD1999999-0041ME1315339MW1051REMSYN088AAXX  09064 67663 31960 20803 10234 20133 48533 70500 80002 333 10334 20168 59004 82080;EQDQ01  00002PRCP99
0181676630999992000100909004-14450+028470FM-12+1207FLKW V0200601N001512200019N0100001N1+02911+01221999999ADDAY101031AY201031GA1011+018009089GF102991011011017501001021MD1999999-0011ME1315219MW1051REMSYN082AAXX  09094 67663 41760 20603 10291 20122 48521 70500 81102 333 59001 81856 82080;
0181676630999992000100912004-14450+028470FM-12+1207FLKW V0203501N001512200019N0100001N1+03151+00871999999ADDAY101061AY201061GA1031+024009089GF104991031021999999001021MD1999999-0051ME1314999MW1051REMSYN082AAXX  09124 67663 41960 43503 10315 20087 48499 70500 83202 333 59005 83858 82080;
0175676630999992000101009004-14450+028470FM-12+1207FLKW V0200801N002612200019N0100001N1+03171+00541999999ADDAY101031AY201031GA1011+021009029GF101991011011022501001001MD1999999-0091ME1315249MW1051REMSYN076AAXX  10094 67663 41860 10805 10317 20054 48524 70500 81100 333 59009 81857;
0155676630999992000101012004-14450+028470FM-12+1207FLKW V0201801N001012200019N0100001N1+03351+00321999999ADDAY101061AY201061GA1021+024009029GF102991021011999999001001ME1314989MW1051REMSYN070AAXX  10124 67663 41960 21802 10335 20032 48498 70500 82100 333 82858;
0185676630999992000101015004-14450+028470FM-12+1207FLKW V0201801N001010900019N0100001N1+03161+00351999999ADDAY121031AY221031GA1071+090009029GF107991001001999999001081MD1999999-0021ME1314939MW1051REMSYN086AAXX  10154 67663 41960 71802 10316 20035 48493 70522 80008 333 59002 87280 555 00341;
0200676630999992000101212004-14450+028470FM-12+1207FLKW V0200901N002612200019N0100001N1+02691+01081999999ADDAY101061AY201061GA1041+021009059GF104991041021017501999021MD1999999+0301ME1315499MW1051REMSYN082AAXX  12124 67663 41760 40905 10269 20108 48549 70500 84202 333 58030 84557 84857;EQDQ01+000002SCOMCG
0194676630999992000101312004-14450+028470FM-12+1207FLKW V0200801N002112200019N0100001N1+02641+01161999999ADDAY121061AY221061GA1061+015009029GF199999061021017501001001MD1999999-0201ME1315209MW1051REMSYN076AAXX  13124 67663 41760 30804 10264 20116 48520 70522 86200 333 59020 86850;EQDQ01+000032SCOTCV
0181676630999992000102012004-14450+028470FM-12+1207FLKW V0201701N001012200019N0100001N1+03241+00331999999ADDAY101061AY201061GA1011+021009089GF101991011011022501001001MD1999999+0081ME1315049MW1051REMSYN082AAXX  20124 67663 41860 11702 10324 20033 48504 70500 81100 333 58008 81857 81080;
0243676630999992000102306004-14450+028470FM-12+1207FLKW V0201101N001512200019N0100001N1+02231+01031999999ADDAA199000091AY101061AY201061GA1021+090009019GF102991001001999999001021KA1120M+03031KA2120N+01511MD1999999-0091ME1315449MW1051REMSYN088AAXX  23064 67663 31960 21103 10223 20103 48544 70500 80002 333 10303 20151 59009 82080;EQDQ01  00002PRCP99
0181676630999992000102312004-14450+028470FM-12+1207FLKW V0202701N001510210019N0100001N1+03001+00911999999ADDAY121061AY221061GA1051+021009089GF106991051021022501001081MD1999999-0231ME1315049MW1051REMSYN082AAXX  23124 67663 41860 62703 10300 20091 48504 70522 85208 333 59023 85857 86280;
0243676630999992000102406004-14450+028470FM-12+1207FLKW V0200901N002112200019N0100001N1+02401+00991999999ADDAA199000091AY101061AY201061GA1021+090009019GF102991001001999999001021KA1120M+03211KA2120N+01621MD1999999-0221ME1315159MW1051REMSYN088AAXX  24064 67663 31960 20904 10240 20099 48515 70500 80002 333 10321 20162 59022 82080;EQDQ01  00002PRCP99
0243676630999992000102506004-14450+028470FM-12+1207FLKW V0200201N004110900019N0100001N1+02471+00471999999ADDAA199000091AY121061AY221061GA1071+090009089GF107991001001999999001081KA1120M+03391KA2120N+01931MD1999999-0071ME1315179MW1051REMSYN088AAXX  25064 67663 31960 70208 10247 20047 48517 70522 80008 333 10339 20193 59007 87280;EQDQ01  00002PRCP99
0175676630999992000102509004-14450+028470FM-12+1207FLKW V0200301N005710900019N0100001N1+03101+00891999999ADDAY121031AY221031GA1071+090009089GF107991001001999999001071MD1999999+0081ME1315159MW1051REMSYN076AAXX  25094 67663 41960 70311 10310 20089 48515 70522 80007 333 58008 87280;
0175676630999992000102512004-14450+028470FM-12+1207FLKW V0202901N001510900019N0100001N1+03201+00701999999ADDAY121061AY221061GA1071+090009089GF107991001001999999001071MD1999999-0051ME1314949MW1051REMSYN076AAXX  25124 67663 41960 72903 10320 20070 48494 70522 80007 333 59005 87280;
0181676630999992000102515004-14450+028470FM-12+1207FLKW V0201301N00261105001CN0100001N1+03181+00571999999ADDAY121031AY221031GA1011+021009089GF107991011011022501001071MD1999999+0041ME1314849MW1051REMSYN082AAXX  25154 67663 41860 71305 10318 20057 48484 70522 81107 333 58004 81857 87280;
0243676630999992000102606004-14450+028470FM-12+1207FLKW V0200501N001510900019N0100001N1+02521+00921999999ADDAA199000091AY121061AY221061GA1071+090009089GF107991001001999999001071KA1120M+03321KA2120N+02071MD1999999+0031ME1315229MW1051REMSYN088AAXX  26064 67663 31960 70503 10252 20092 48522 70522 80007 333 10332 20207 58003 87280;EQDQ01  00002PRCP99
0194676630999992000102609004-14450+028470FM-12+1207FLKW V0200801N002110900019N0100001N1+03141+01061999999ADDAY121031AY221031GA1071+090009089GF107991001001999999001081MD1999999+0121ME1315279MW1051REMSYN076AAXX  26094 67663 41860 70804 10314 20106 48527 70522 80008 333 58012 87280;EQDQ01+022502SCOLCB
0181676630999992000102612004-14450+028470FM-12+1207FLKW V0202001N003119999999N0100001N1+03461+00831999999ADDAY121061AY221061GA1041+024009089GF105991041021999999001081MD1999999+0031ME1315009MW1051REMSYN082AAXX  26124 67663 41960 52006 10346 20083 48500 70522 84208 333 58003 84858 85280;
0181676630999992000102709004-14450+028470FM-12+1207FLKW V0200901N006219999999N0170001N1+03051+01071999999ADDAY121031AY221031GA1031+033009039GF107991021001999999031081MD1999999-0021ME1315249MW1051REMSYN082AAXX  27094 67663 41967 70912 10305 20107 48524 70522 82038 333 59002 83361 87280;
0181676630999992000102712004-14450+028470FM-12+1207FLKW V0200301N000519999999N0100001N1+03321+01061999999ADDAY121061AY221061GA1041+024009089GF107991041021999999001081MD1999999+0031ME1315019MW1051REMSYN082AAXX  27124 67663 41960 70301 10332 20106 48501 70522 84208 333 58003 84858 87280;
0226676630999992000102715004-14450+028470FM-12+1207FLKW V0200201N001510900019N0100001N1+03291+01061999999ADDAY121031AY221031GA1021+024009089GA2071+090009029GF107991021021999999001081KA1240M+03421MD1999999-0011ME1314899MW1051REMSYN098AAXX  27154 67663 41960 70203 10329 20106 48489 70522 82208 333 59001 82858 87280 555 10342 30000;
0236676630999992000103106004-14450+028470FM-12+1207FLKW V0200801N001510300019N0200001N1+02071+01561999999ADDAA124000791AY121061AY221061GA1061+030009039GF106991061001999999081021KA1120M+02841KA2120N+01571MD1999999+0091ME1315289MW1051REMSYN100AAXX  31064 67663 11970 60803 10207 20156 48528 69904 70522 86082 333 10284 20157 58009 86360 84080;
0203676630999992000103109004-14450+028470FM-12+1207FLKW V0200901N001510300019N0200001N1+02721+01471999999ADDAY121031AY221031GA1011+010509089GA2051+030009039GF106991011011012501081021MD1999999+0011ME1315249MW1051REMSYN088AAXX  31094 67663 41670 60903 10272 20147 48524 70522 81182 333 58001 81835 85360 84080;
0225676630999992000103112004-14450+028470FM-12+1207FLKW V0201801N001510300019N0200001N1+02821+01531999999ADDAY121061AY221061GA1011+015009099GA2041+015009089GA3031+030009039GF107991041021017501031061MD1999999-0051ME1314939MW1051REMSYN094AAXX  31124 67663 41770 71803 10282 20153 48493 70522 84236 333 59005 81950 84850 83360 85280;
0258676630999992000110106004-14450+028470FM-12+1207FLKW V0200301N00311105001CN0200001N1+02241+01701999999ADDAA124000791AY121061AY221061GA1021+006009089GA2011+006609069GF107991031081008001001081KA1120M+03011KA2120N+01741MD1999999-0131ME1315169MW1051REMSYN106AAXX  01064 67663 11570 70306 10224 20170 48516 69904 70522 83808 333 10301 20174 59013 82820 81622 87280;
0313676630999992000110109004-14450+028470SY-MT+1207FLKW V0202801N001510900019N0200001N1+02661+01571999999ADDAY121031AY221031GA1021+012009999GA2021+033009999GA3071+090009999GF107991041011012501031081MD1999999-0111ME1315139MW1051REMSYN088AAXX  01094 67663 41670 72803 10266 20157 48513 70522 84138 333 59011 84840 82361 87280;MET053FLKW 010900Z 28003KT 9999 SCT040 FEW110 BKN300 27/16;EQDQ01+000000PRSWM2Q02    003PRSWM1
0203676630999992000110112004-14450+028470FM-12+1207FLKW V0200901N001010150019N0200001N1+02951+01461999999ADDAY121061AY221061GA1011+015009099GA2051+015009089GF106991051021017501001021MD1999999-0111ME1314839MW1051REMSYN088AAXX  01124 67663 41770 60902 10295 20146 48483 70522 85202 333 59011 81950 85850 83080;
0230676630999992000110206004-14450+028470FM-12+1207FLKW V0203601N001010300019N0200001N1+02021+01671999999ADDAA124000591AY161061AY221061GA1071+030009019GF107991071001999999071999KA1120M+03091KA2120N+01731MD1999999-0191ME1314959MW1151REMSYN094AAXX  02064 67663 11970 73602 10202 20167 48495 69944 71562 8707/ 333 10309 20173 59019 87460;
0197676630999992000110212004-14450+028470FM-12+1207FLKW V0200901N001510300019N0200001N1+02701+01621999999ADDGA1011+012009099GA2041+012009089GA3061+030009049GF106991041021012501071021MD1999999-0051ME1314769REMSYN088AAXX  02124 67663 42670 60903 10270 20162 48476 84272 333 59005 81940 84840 86460 82080;
0249676630999992000110306004-14450+028470FM-12+1207FLKW V0203601N001012200019N0200001N1+02351+01671999999ADDAA199000091AY101061AY201061GA1011+030009039GF102991011001999999031021KA1120M+02981KA2120N+01651MD1999999-0131ME1314869MW1051REMSYN094AAXX  03064 67663 31970 23602 10235 20167 48486 70500 81032 333 10298 20165 59013 81360 82080;EQDQ01  00002PRCP99
0203676630999992000110309004-14450+028470FM-12+1207FLKW V0200301N003110180019N0200001N1+03021+01481999999ADDAY111031AY211031GA1051+018009089GA2011+030009039GF105991051021017501031021MD1999999-0201ME1314859MW1051REMSYN088AAXX  03094 67663 41770 50306 10302 20148 48485 70511 85232 333 59020 85856 81360 82080;
0203676630999992000110312004-14450+028470FM-12+1207FLKW V0202701N001510210019N0200001N1+03171+01281999999ADDAY121061AY221061GA1011+021009099GA2051+021009089GF106991051021022501001021MD1999999-0241ME1314599MW1151REMSYN088AAXX  03124 67663 41870 62703 10317 20128 48459 71522 85202 333 59024 81957 85857 82080;
0236676630999992000110406004-14450+028470FM-12+1207FLKW V0203001N00151045001CN0200001N1+02161+01561999999ADDAA124000791AY121061AY221061GA1021+030009049GF107991021051012501031021KA1120M+03251KA2120N+01631MD1999999+0251ME1315059MW1051REMSYN100AAXX  04064 67663 11670 73003 10216 20156 48505 69904 70522 82532 333 10325 20163 58025 82460 87280;
0231676630999992000110606004-14450+028470FM-12+1207FLKW V0200901N002112200019N0200001N1+02361+01681999999ADDAA199000091AY101061AY201061GA1001+999999999GF100991001001999999001001KA1120M+03121KA2120N+01731MD1999999-0111ME1315179MW1051REMSYN076AAXX  06064 67663 31970 00904 10236 20168 48517 70500 333 10312 20173 59011;EQDQ01  00002PRCP99
0175676630999992000110609004-14450+028470FM-12+1207FLKW V0200801N003610090019N0200001N1+02791+01471999999ADDAY121031AY221031GA1061+009009029GF106991061011012501001001MD1999999-0161ME1315099MW1051REMSYN076AAXX  06094 67663 41670 60807 10279 20147 48509 70522 86100 333 59016 86830;
0181676630999992000110612004-14450+028470FM-12+1207FLKW V0200801N002110120019N0200001N1+02991+01341999999ADDAY121061AY221061GA1011+012009099GF106991061021012501001001MD1999999-0111ME1314859MW1051REMSYN082AAXX  06124 67663 41670 60804 10299 20134 48485 70522 86200 333 59011 81940 86840;
0181676630999992000110709004-14450+028470FM-12+1207FLKW V0200801N003110135019N0200001N1+02681+01451999999ADDAY111031AY211031GA1051+013509089GF105991051021012501001021MD1999999-0091ME1314999MW1051REMSYN082AAXX  07094 67663 41670 50806 10268 20145 48499 70511 85202 333 59009 85845 81080;
0281676630999992000110806004-14450+028470FM-12+1207FLKW V0200201N012312200019N0200001N1+99999+99999999999ADDAA199000091AY121061AY221061GA1051+008709069GA2061+030009039GF199999051051008001031021KA1120M+03151KA2120N+01811MD1999999+0361ME1315209MW1051REMSYN094AAXX  08064 67663 31570 10224 20156 48520 70522 85532 333 10315 20181 58036 85629 86360 82080;EQDQ01+000012SCOTCVQ02  00002PRCP99
0203676630999992000110809004-14450+028470FM-12+1207FLKW V0200301N000510105019N0200001N1+02641+01471999999ADDAY121031AY221031GA1011+010509099GA2061+010509089GF106991061021012501031001MD1999999+0211ME1315199MW1051REMSYN088AAXX  08094 67663 41670 60301 10264 20147 48519 70522 86230 333 58021 81935 86835 85360;
0225676630999992000110812004-14450+028470FM-12+1207FLKW V0200801N000510120019N0200001N1+02941+01241999999ADDAY121061AY221061GA1011+006009099GA2061+012009089GA3021+030009039GF106991061021012501031021MD1999999+0131ME1314899MW1051REMSYN094AAXX  08124 67663 41670 60801 10294 20124 48489 70522 86232 333 58013 81920 86840 82360 81080;
0181676630999992000111109004-14450+028470FM-12+1207FLKW V0203601N00051105001CN0300001N1+02771+01531999999ADDAY121031AY221031GA1031+009009089GF107991031011012501001081MD1999999+0041ME1314999MW1031REMSYN082AAXX  11094 67663 42680 73601 10277 20153 48499 70322 83108 333 58004 83830 87080;
0153676630999992000111112004-14450+028470FM-12+1207FLKW V0200101N00051105001CN0300001N1+03041+01411999999ADDGA1041+010509089GF107991041021012501001081MD1999999+0021ME1314729REMSYN076AAXX  11124 67663 42680 70101 10304 20141 48472 84208 333 58002 84835 87280;
0225676630999992000111412004-14450+028470FM-12+1207FLKW V0200301N001510180019N0300001N1+02951+01261999999ADDAY191061AY211061GA1011+018009099GA2051+018009089GA3011+033009039GF106991051021017501031021MD1999999-0191ME1314599MW1291REMSYN094AAXX  14124 67663 41780 60303 10295 20126 48459 72991 85232 333 59019 81956 85856 81361 81080;
0221676630999992000111506004-14450+028470FM-12+1207FLKW V0200501N004119999999N0300001N1+02401+01681999999ADDAA199000091GA1031+033009039GF106991031001999999031081KA1120M+03221KA2120N+01761MD1999999+0051ME1314939REMSYN088AAXX  15064 67663 32980 60508 10240 20168 48493 83038 333 10322 20176 58005 83361 85280;EQDQ01  00002PRCP99
0208676630999992000111606004-14450+028470FM-12+1207FLKW V0203601N001010090019N0300001N1+02241+01781999999ADDAA199000091GA1051+009009069GF105991051051012501031001KA1120M+03191MD1999999+0161ME1315069REMSYN088AAXX  16064 67663 32680 53602 10224 20178 48506 85530 333 10319 20/// 58016 85630 81360;EQDQ01  00002PRCP99
0243676630999992000111706004-14450+028470FM-12+1207FLKW V0202701N001010300019N0300001N1+02311+01711999999ADDAA199000091GA1041+007509069GA2031+030009039GF106991041051008001081081KA1120M+03211KA2120N+01751MD1999999-0011ME1315369REMSYN094AAXX  17064 67663 32580 62702 10231 20171 48536 84588 333 10321 20175 59001 84625 83360 86280;EQDQ01  00002PRCP99
0153676630999992000111709004-14450+028470FM-12+1207FLKW V0202701N003110105019N0300001N1+02691+01781999999ADDGA1051+010509089GF106991051031012501001081MD1999999+0031ME1315059REMSYN076AAXX  17094 67663 42680 62706 10269 20178 48505 85308 333 58003 85835 86280;
0153676630999992000111712004-14450+028470FM-12+1207FLKW V0202901N002110150019N0300001N1+03051+01511999999ADDGA1051+015009089GF106991051021017501001081MD1999999-0031ME1314769REMSYN076AAXX  17124 67663 42780 62904 10305 20151 48476 85208 333 59003 85850 86280;
0153676630999992000111809004-14450+028470FM-12+1207FLKW V0203601N001012200019N0300001N1+02841+01541999999ADDGA1031+009009089GF103991031011012501001011MD1999999-0221ME1315859REMSYN076AAXX  18094 67663 42680 33602 10284 20154 48585 83101 333 59022 83830 81080;
0153676630999992000111909004-14450+028470FM-12+1207FLKW V0202601N002112200019N0300001N1+02951+01521999999ADDGA1041+010509089GF104991041011012501031001MD1999999-0241ME1314609REMSYN076AAXX  19094 67663 42680 42604 10295 20152 48460 84130 333 59024 84835 82360;
0147676630999992000112012004-14450+028470FM-12+1207FLKW V0203301N002612200019N0300001N1+02901+00031999999ADDGA1031+090009019GF103991001001999999001021MD1999999+0271ME1314679REMSYN070AAXX  20124 67663 42980 33305 10290 20003 48467 80002 333 58027 83080;
0215676630999992000112106004-14450+028470FM-12+1207FLKW V0203601N002612200019N0300001N1+02401+00691999999ADDAA199000091GA1031+090009019GF103991001001999999001021KA1120M+03021KA2120N+01451MD1999999+0051ME1314959REMSYN082AAXX  21064 67663 32980 33605 10240 20069 48495 80002 333 10302 20145 58005 83080;EQDQ01  00002PRCP99
0175676630999992000112112004-14450+028470FM-12+1207FLKW V0203001N00051045001CN0300001N1+03141+00091999999ADDGA1011+024009089GA2011+030009039GF107991011011022501031081MD1999999+0051ME1314749REMSYN082AAXX  21124 67663 42880 73001 10314 20009 48474 81138 333 58005 81858 81360 87280;
0221676630999992000112206004-14450+028470FM-12+1207FLKW V0202801N001019999999N0300001N1+02421+01521999999ADDAA199000091GA1011+030009039GF106991011001999999081081KA1120M+03241KA2120N+01811MD1999999+0141ME1315099REMSYN088AAXX  22064 67663 32980 62802 10242 20152 48509 81088 333 10324 20181 58014 81360 86280;EQDQ01  00002PRCP99
0175676630999992000112209004-14450+028470FM-12+1207FLKW V0200801N00101105001CN0300001N1+03011+01281999999ADDGA1011+018009099GA2031+018009089GF105991031021017501001021MD1999999+0171ME1315129REMSYN082AAXX  22094 67663 42780 50802 10301 20128 48512 83202 333 58017 81956 83856 84080;
0225676630999992000112212004-14450+028470FM-12+1207FLKW V02099999999990180019N0300001N1+03061+01151999999ADDAY121061AY221061GA1011+018009099GA2061+018009089GA3041+030009039GF106991061021017501031021MD1999999+0161ME1314909MW1151REMSYN094AAXX  22124 67663 41780 628// 10306 20115 48490 71522 86232 333 58016 81956 86856 84360 84080;
0221676630999992000112306004-14450+028470FM-12+1207FLKW V0200901N001012200019N0300001N1+02221+01621999999ADDAA199000091GA1031+030009039GF103991031001999999031021KA1120M+03141KA2120N+01831MD1999999+0241ME1315019REMSYN088AAXX  23064 67663 32980 30902 10222 20162 48501 83032 333 10314 20183 58024 83360 82080;EQDQ01  00002PRCP99
0153676630999992000112309004-14450+028470FM-12+1207FLKW V0201201N001510090019N0300001N1+02691+01541999999ADDGA1051+009009089GF105991051021012501001021MD1999999+0211ME1315309REMSYN076AAXX  23094 67663 42680 51203 10269 20154 48530 85202 333 58021 85830 82080;
0225676630999992000112312004-14450+028470FM-12+1207FLKW V0202801N001510120019N0200001N1+02861+01211999999ADDAY121061AY221061GA1011+012009099GA2051+012009089GA3041+030009039GF107991051021012501031021MD1999999+0141ME1315029MW1151REMSYN094AAXX  23124 67663 41670 72803 10286 20121 48502 71522 85232 333 58014 81940 85840 84360 82080;
0221676630999992000112406004-14450+028470FM-12+1207FLKW V0203401N000512200019N0300001N1+02451+01591999999ADDAA199000091GA1011+033009039GF102991011001999999081021KA1120M+03001KA2120N+01851MD1999999-0011ME1315329REMSYN088AAXX  24064 67663 32980 23401 10245 20159 48532 81082 333 10300 20185 59001 81361 82080;EQDQ01  00002PRCP99
0175676630999992000112412004-14450+028470FM-12+1207FLKW V0200601N002110210019N0300001N1+02201+01381999999ADDGA1011+021009099GA2051+021009089GF106991051021017501031001MD1999999-0111ME1314949REMSYN082AAXX  24124 67663 42780 60604 10220 20138 48494 85230 333 59011 81957 85857 81360;
0175676630999992000112509004-14450+028470FM-12+1207FLKW V0200601N001512200019N0300001N1+03051+01521999999ADDGA1031+012009089GA2021+030009039GF104991031011012501031021MD1999999-0101ME1315099REMSYN082AAXX  25094 67663 42680 40603 10305 20152 48509 83132 333 59010 83840 82360 82080;
0153676630999992000112709004-14450+028470FM-12+1207FLKW V0200801N00051045001CN0300001N1+02401+01791999999ADDGA1041+006609089GF107991041021008001071999MD1999999+0201ME1315389REMSYN076AAXX  27094 67663 42580 70801 10240 20179 48538 8427/ 333 58020 84822 87460;
0225676630999992000112712004-14450+028470FM-12+1207FLKW V0203601N001510105019N0300001N1+02541+01721999999ADDAY191061AY291061GA1011+010509099GA2051+010509089GA3041+030009039GF108991051021012501031021MD1999999+0131ME1315159MW1171REMSYN094AAXX  27124 67663 41680 83603 10254 20172 48515 71799 85232 333 58013 81935 85835 84360 83080;
0236676630999992000112806004-14450+028470FM-12+1207FLKW V0209999C000010300019N0300001N1+01901+01821999999ADDAA124017091AY161061AY261061GA1071+030009049GF107991999999004501999999KA1120M+02781KA2120N+01781MD1999999-0071ME1315249MW1611REMSYN100AAXX  28064 67663 11480 70000 10190 20182 48524 60174 76166 333 10278 20178 59007 74612 87460 87459;
0203676630999992000112809004-14450+028470FM-12+1207FLKW V0203601N000510060019N0200001N1+02171+01941999999ADDAY161031AY261031GA1011+006009099GA2051+006009069GF107991051051008001071999MD1999999-0081ME1315299MW1611REMSYN088AAXX  28094 67663 41570 73601 10217 20194 48529 76166 8557/ 333 59008 81920 85620 87460;
0236676630999992000112906004-14450+028470FM-12+1207FLKW V0200401N00101045001CN0200001N1+01941+01851999999ADDAA124019191AY161061AY221061GA1031+004509069GF107991031051004501071011KA1120M+02561KA2120N+01721MD1999999-0031ME1315239MW1031REMSYN100AAXX  29064 67663 12470 70402 10194 20185 48523 60194 70362 83571 333 10256 20172 59003 83615 87460;
0197676630999992000112909004-14450+028470FM-12+1207FLKW V0200701N001510081019N0200001N1+02491+01941999999ADDGA1031+007509089GA2041+008109069GA3041+030009039GF106991051081008001031081MD1999999-0161ME1315159REMSYN088AAXX  29094 67663 42570 60703 10249 20194 48515 85838 333 59016 83825 84627 84360 86280;
0194676630999992000112912004-14450+028470FM-12+1207FLKW V0200601N001519999999N0300001N1+02601+01971999999ADDGA1011+009009099GA2031+009009089GF107991999011012501021021MD1999999+0021ME1315079REMSYN082AAXX  29124 67663 42680 70603 10260 20197 48507 80122 333 58002 81930 83830 87280;EQDQ01+000002SCOTLC
0188676630999992000120606004-14450+028470FM-12+1207FLKW V0200901N001510036019N0300001N1+02071+01891999999ADDAA124001091GA1051+003609069GF107991051051004501081999KA1120M+02491KA2120N+01761ME1315399REMSYN088AAXX  06064 67663 12480 70903 10207 20189 48539 60014 8558/ 333 10249 20176 85612 86360;
0230676630999992000122606004-14450+028470FM-12+1207FLKW V0203601N001010300019N0300001N1+01951+01791999999ADDAA124023191AY151061AY221061GA1071+030009019GF107991071001999999071999KA1120M+02561KA2120N+01701MD1999999+0001ME1315049MW1201REMSYN094AAXX  26064 67663 11980 73602 10195 20179 48504 60234 72052 8707/ 333 10256 20170 58000 87460;
0175676630999992000122609004-14450+028470FM-12+1207FLKW V0200501N00101045001CN0300001N1+02381+01871999999ADDGA1021+006009089GA2011+007509069GF107991031081008001071999MD1999999+0141ME1315219REMSYN082AAXX  26094 67663 42580 70502 10238 20187 48521 8387/ 333 58014 82820 81625 87460;
0208676630999992000122706004-14450+028470FM-12+1207FLKW V0200601N002119999999N0300001N1+02261+01961999999ADDAA124000791GA1021+036009039GF107991021001999999031071KA1120M+02981KA2120N+02051MD1999999+0061ME1315139REMSYN094AAXX  27064 67663 12980 70604 10226 20196 48513 69904 82037 333 10298 20205 58006 82362 87280;
0203676630999992000122712004-14450+028470FM-12+1207FLKW V0200401N00311045001CN0250001N1+02171+01831999999ADDAY191061AY291061GA1011+007509099GA2041+007809089GF107991041021008001071999MD1999999+0221ME1315159MW1171REMSYN088AAXX  27124 67663 41575 70406 10217 20183 48515 71799 8427/ 333 58022 81925 84826 87460;
0230676630999992000122806004-14450+028470FM-12+1207FLKW V0200901N001010045019N0300001N1+02111+01841999999ADDAA118000791GA1031+003609089GA2051+004509069GF106991061081004501031021KA1120M+02371KA2120N+01771MD1999999-0091ME1315249REMSYN100AAXX  28064 67663 12480 60902 10211 20184 48524 69903 86832 333 10237 20177 59009 83812 85615 83360;
0175676630999992000122812004-14450+028470FM-12+1207FLKW V0200601N00101012001CN0300001N1+02701+01821999999ADDGA1011+010509099GA2021+030009039GF106991051021012501031021MD1999999-0121ME1315019REMSYN082AAXX  28124 67663 42680 60602 10270 20182 48501 85232 333 59012 81935 82360 82080;
0230676630999992000122906004-14450+028470FM-12+1207FLKW V0200501N001010300019N0300001N1+02321+01921999999ADDAA124000591GA1021+005409069GA2041+030009039GF105991051021004501081021KA1120M+02701KA2120N+01671MD1999999-0131ME1315119REMSYN100AAXX  29064 67663 12480 50502 10232 20192 48511 69944 85282 333 10270 20167 59013 82618 84360 84080;
0225676630999992000122909004-14450+028470FM-12+1207FLKW V0202901N001510081019N0300001N1+02021+01941999999ADDAY161031AY221031GA1011+007509099GA2031+007509089GA3021+008109069GF105991051081008001031021MD1999999-0051ME1315209MW1601REMSYN094AAXX  29094 67663 41580 52903 10202 20194 48520 76062 85832 333 59005 81925 83825 82627 81360;
0225676630999992000122912004-14450+028470FM-12+1207FLKW V0203601N001010105019N0300001N1+02601+01921999999ADDAY181061AY261061GA1011+010509099GA2061+010509089GA3011+030009039GF107991061021012501031021MD1999999+0011ME1314999MW1801REMSYN094AAXX  29124 67663 41680 73602 10260 20192 48499 78086 86232 333 58001 81935 86835 81360 82080;
0225676630999992000123012004-14450+028470FM-12+1207FLKW V0200201N001510090019N0300001N1+02761+02021999999ADDAY191061AY291061GA1011+009009099GA2051+009009089GA3041+030009039GF106991051021012501031021MD1999999-0151ME1314869MW1171REMSYN094AAXX  30124 67663 41680 60203 10276 20202 48486 71799 85232 333 59015 81930 85830 84360 83080;
0197676630999992000123112004-14450+028470FM-12+1207FLKW V0203601N001010090019N0300001N1+02701+01881999999ADDGA1011+009009099GA2051+009009089GA3031+030009039GF106991051021012501031021MD1999999+0031ME1314889REMSYN088AAXX  31124 67663 42680 63602 10270 20188 48488 85232 333 58003 81930 85830 83360 82080;
