0148676990999992000010612004-16080+035580FM-12+065399999V0200601N002010120019N0300001N1+03191+01921999999ADDAA106000091GA1051+012009089GF105991051021012501031001REMSYN064AAXX  06121 67699 32680 50602 10319 20192 85230 333 85840 819//;EQDQ01  00002PRCP06
0198676990999992000011012004-16080+035580FM-12+065399999V0202401N004010105019N0100001N1+03071+02011999999ADDAA106000091AY191061AY221061GA1011+009009099GA2051+010509089GF107991051091012501031081MW1171REMSYN076AAXX  10121 67699 31660 72404 10307 20201 71792 85938 333 81930 85835 87280;EQDQ01  00002PRCP06
0176676990999992000011112004-16080+035580FM-12+065399999V0202501N005010060019N0100001N1+02471+02061999999ADDAA106000091AY121061AY221061GA1051+006009069GF107991051051008001071011MW1151REMSYN070AAXX  11121 67699 31560 72505 10247 20206 71522 85571 333 85620 87460;EQDQ01  00002PRCP06
0252676990999992000011206004-16080+035580FM-12+065399999V0202201N002010045019N0060001N1+02191+02091999999ADDAA124004191AY161061AY261061GA1031+001209079GA2061+004509069GF108991071071001501071999KA1120N+02141MW1601OA150699999REMSYN106AAXX  12061 67699 11256 82202 10219 20209 60044 76066 8777/ 333 20214 50241 55006 70039 83704 86615 88458;EQDQ01  00002WGOSPD
0198676990999992000011312004-16080+035580FM-12+065399999V0202601N003010105019N0100001N1+02651+02021999999ADDAA106000091AY191061AY221061GA1011+009009099GA2061+010509089GF106991061091012501031001MW1171REMSYN076AAXX  13121 67699 31660 62603 10265 20202 71792 86930 333 81930 86835 84360;EQDQ01  00002PRCP06
0197676990999992000011412004-16080+035580FM-12+065399999V0201801N002010105019N0300001N1+02741+01881999999ADDAA199000091GA1061+010509089GA2011+999999099GF107991061021012501031021KA1240M+02911REMSYN084    AAXX  14121 67699 32680 71802 10274 20188 86232 333 86835 819// 555 10291 29062;EQDQ01  00002PRCP99
0151676990999992000011709004-16080+035580FM-12+065399999V0201201N004012200019N0080001N1+02451+01051101121ADDGA1001+999999999GF100991001001999999001001MA1999999099251MD1999999+0101REMSYN068    AAXX  17091 67699 42958 01204 10245 20105 30925 40112 333 58010;
0252676990999992000012006004-16080+035580FM-12+065399999V0202801N002010045019N0060001N1+01961+01831999999ADDAA124016091AY161061AY261061GA1031+001209079GA2061+004509069GF108991071071001501071999KA1120N+01861MW1611OA150699999REMSYN106AAXX  20061 67699 11256 82802 10196 20183 60164 76166 8777/ 333 20186 50221 55012 70155 83704 86615 88458;EQDQ01  00102WGOSPD
0157676990999992000012012004-16080+035580FM-12+065399999V0202901N001010075019N0300001N1+02461+01921999999ADDAA199000021AY161061AY221061GA1071+007509069GF107991051051008001031999MW1031REMSYN070AAXX  20121 67699 31580 72901 10246 20192 70362 8553/ 333 87625 87360;
0168676990999992000012112004-16080+035580FM-12+065399999V0202301N001010075019N0080001N1+02201+02081999999ADDAY161061AY221061GA1031+001209079GA2061+007509069GF107991061071001501071999MW1611REMSYN076AAXX  21121 67699 41258 72301 10220 20208 76162 8677/ 333 83704 86625 87458;
0168676990999992000012206004-16080+035580FM-12+065399999V0202301N001010075019N0080001N1+02201+02081999999ADDAY161061AY221061GA1031+001209079GA2061+007509069GF107991061071001501071999MW1611REMSYN076AAXX  22061 67699 41258 72301 10220 20208 76162 8677/ 333 83704 86625 87458;
0190676990999992000012406004-16080+035580FM-12+065399999V0200201N002012200019N0300001N1+02401+02131999999ADDAA199000091GA1041+009009089GF104991041011012501031001KA1120N+02071OA150600501REMSYN082AAXX  24061 67699 32680 40202 10240 20213 84130 333 20207 50611 55059 84830 83360;EQDQ01  00002PRCP99
0168676990999992000012412004-16080+035580FM-12+065399999V0202601N002010012019N0080001N1+02131+02031999999ADDAY161061AY221061GA1051+001209079GA2071+004509069GF107991071071001501071071MW1611REMSYN076AAXX  24121 67699 41258 72602 10213 20203 76162 87777 333 85704 87615 87459;
0183676990999992000012606004-16080+035580FM-12+065399999V0202101N00101045001CN0300001N1+02381+02191999999ADDAA124000591GA1031+009009089GF105991031011012501031001KA1120N+01901OA150600301REMSYN094AAXX  26061 67699 12680 52101 10238 20219 69944 83130 333 20190 50201 55031 79994 83830 85360;
0177676990999992000013106004-16080+035580FM-12+065399999V0202001N001010060019N0300001N1+02351+02161999999ADDAA124041991GA1051+006009069GF107991051051008001031001KA1120N+02001OA150600301REMSYN088AAXX  31061 67699 12580 72001 10235 20216 60424 85530 333 20200 55038 70424 85620 87360;
0168676990999992000013112004-16080+035580FM-12+065399999V0202401N00301007501CN0100001N1+03301+02101999999ADDAY191061AY261061GA1051+007509089GA2011+009009099GF107991051091008001071011MW1171REMSYN076AAXX  31121 67699 41560 72403 10330 20210 71796 85971 333 81930 85825 87459;
0170676990999992000020312004-16080+035580FM-12+065399999V0202401N002010105019N0300001N1+02961+02101999999ADDAA199000091GA1061+010509089GA2011+999999099GF106991061021012501031001REMSYN070AAXX  03121 67699 32680 62402 10296 20210 86230 333 86835 819// 83360;EQDQ01  00002PRCP99
0228676990999992000020406004-16080+035580FM-12+065399999V0202201N001010060019N0300001N1+02261+02171999999ADDAA124002091GA1051+006009069GA2071+030009039GF107991051051008001031001KA1240M+03151KA2120N+02101OA150600701REMSYN110AAXX  04061 67699 12580 72201 10226 20217 60024 85530 333 20210 50471 55075 70016 85620 87360 555 10315 7//92;
0190676990999992000020706004-16080+035580FM-12+065399999V0200301N00101045001CN0300001N1+02541+02211999999ADDAA199000091GA1021+009009089GF105991021011012501031001KA1120N+01961OA150600501REMSYN082AAXX  07061 67699 32680 50301 10254 20221 82130 333 20196 50411 55059 82830 85360;EQDQ01  00002PRCP99
0176676990999992000020712004-16080+035580FM-12+065399999V0202201N00101012001CN0100001N1+02701+02361999999ADDAA199000091AY191061AY221061GA1011+009009099GF106991061091012501031001MW1171REMSYN070AAXX  07121 67699 31660 62201 10270 20236 71792 86930 333 81930 86835;EQDQ01  00002PRCP99
0205676990999992000020906004-16080+035580FM-12+065399999V0209999C000012200019N0300001N1+02421+02221999999ADDAA124001091AY141061AY211061GA1041+007509029GF104991041011008001001001KA1120N+02061MW1031OA150601001REMSYN094AAXX  09061 67699 11580 40000 10242 20222 60014 70341 84100 333 20206 50621 55100 70001 84825;
0176676990999992000021012004-16080+035580FM-12+065399999V0202601N00301012001CN0090001N1+02671+01981999999ADDAA199000091AY191061AY221061GA1011+009009099GF107991061091012501031021MW1171REMSYN070AAXX  10121 67699 31659 72603 10267 20198 71792 86932 333 81930 86835;EQDQ01  00002PRCP99
0228676990999992000021106004-16080+035580FM-12+065399999V0209999C000012200019N0300001N1+02501+02131999999ADDAA124009991GA1021+007509089GA2041+090009009GF104991021011008001001021KA1240M+03101KA2120N+01811OA150600801REMSYN110AAXX  11061 67699 12580 40000 10250 20213 60104 82102 333 20181 50357 55088 70096 82825 84080 555 10310 7//96;
0213676990999992000021412004-16080+035580FM-12+065399999V0202301N001010075019N0100001N1+02211+02121999999ADDAY191061AY221061GA1011+006009099GA2051+007509069GA3071+027009049GF107991051091008001071999KA1240M+02941MW1171REMSYN092AAXX  14121 67699 41560 72301 10221 20212 71792 8597/ 333 81920 85625 87459 555 10294 29094;
0205676990999992000021506004-16080+035580FM-12+065399999V0202401N001010270019N0300001N1+02341+02251999999ADDAA124001091GA1031+006009089GA2031+027009039GF107991031011008001031081KA1120N+01901OA150600401REMSYN100AAXX  15061 67699 12580 72401 10234 20225 60014 83138 333 20190 50241 55045 70014 83820 83359 87275;
0176676990999992000021612004-16080+035580FM-12+065399999V0203601N001010075019N0080001N1+02501+02151999999ADDAA199000091AY121061AY221061GA1051+007509089GF107991051051008001071999MW1151REMSYN070AAXX  16121 67699 31558 73601 10250 20215 71522 8557/ 333 85825 87460;EQDQ01  00002PRCP99
0224676990999992000021706004-16080+035580FM-12+065399999V0202001N001010270019N0300001N1+02331+02101999999ADDAA124000591GA1011+006009089GA2041+027009039GF107991011011008001031081KA1120N+01921OA150699999REMSYN100AAXX  17061 67699 12580 72001 10233 20210 69954 81138 333 20192 50251 55000 70005 81820 84359 87280;EQDQ01  00002WGOSPD
0193676990999992000021812004-16080+035580FM-12+065399999V0200201N003010105019N0300001N1+02871+02071999999ADDAA199000091GA1061+010509089GA2011+999999099GF106991061021012501031001KA1240M+02911REMSYN080AAXX  18121 67699 32680 60203 10287 20207 86230 333 86835 819// 555 10291 29062;EQDQ01  00002PRCP99
0211676990999992000022106004-16080+035580FM-12+065399999V0202301N003010060019N0060001N1+02271+02151999999ADDAA124000791AY161061AY221061GA1051+006009069GF107991021051008001071999KA1120N+01991MW1611OA150601001REMSYN100AAXX  21061 67699 11556 72303 10227 20215 69904 76162 8257/ 333 20199 50691 55103 79999 85620 87459;
0193676990999992000022212004-16080+035580FM-12+065399999V0202601N005010900019N0300001N1+03131+02081999999ADDAA199000091GA1041+010509089GA2071+090009029GF107991041011012501031081KA1240M+03241REMSYN080AAXX  22121 67699 32680 72605 10313 20208 84138 333 84835 87280 555 10324 29055;EQDQ01  00002PRCP99
0212676990999992000022306004-16080+035580FM-12+065399999V0201201N001010300019N0300001N1+02421+02181999999ADDAA199000091GA1031+007509069GA2031+030009039GF107991031011012501031081KA1120N+02161OA150600701REMSYN088AAXX  23061 67699 32680 71201 10242 20218 83138 333 20216 50661 55074 83625 83360 87280;EQDQ01  00002PRCP99
0233676990999992000022506004-16080+035580FM-12+065399999V0202201N006010060019N0080001N1+02071+01851999999ADDAA124011991AY191061AY221061GA1011+006009099GA2061+006009069GF107991061091008001071999KA1120N+01851MW1171OA150600601REMSYN106AAXX  25061 67699 11558 72206 10207 20185 60124 71792 8697/ 333 20185 50801 55068 70121 81920 86620 87459;
0176676990999992000022812004-16080+035580FM-12+065399999V0201301N002010075019N0090001N1+02811+02091999999ADDAA199000091AY121061AY221061GA1061+007509089GF106991061021012501031021MW1151REMSYN070AAXX  28121 67699 31659 61302 10281 20209 71522 86232 333 86825 8119/;EQDQ01  00002PRCP99
0190676990999992000022906004-16080+035580FM-12+065399999V0200301N001010060019N0300001N1+02391+02281999999ADDAA199000091GA1051+006009069GF107991051051008001031001KA1120N+02011OA150600501REMSYN082AAXX  29061 67699 32580 70301 10239 20228 85530 333 20201 50251 55050 85620 86359;EQDQ01  00002PRCP99
0193676990999992000022912004-16080+035580FM-12+065399999V0200701N003010105019N0180001N1+02921+02101999999ADDAA199000091GA1051+010509089GA2011+999999099GF105991051021001501031001KA1240M+02951REMSYN080AAXX  29121 67699 32268 50703 10292 20210 85230 333 85835 819// 555 10295 29062;EQDQ01  00002PRCP99
0189676990999992000030206004-16080+035580FM-12+065399999V02099999999999999999N0036001N1+02811+01091999999ADDGF105991999999002501999999IA2999+02209KA1120N+02511MA1999999099061REMSYN076AAXX  02061 67699 //336 520// 10281 20109 39906 5090/ 333 02200 20251 55///;EQDQ01+000007APCTENQ02+009007APC3  
0142676990999992000030212004-16080+035580FM-12+065399999V0201701N003010105019N0300001N1+03001+02061999999ADDAA199000091GA1061+010509029GF106991061021012501031001REMSYN058AAXX  02121 67699 32680 61703 10300 20206 86230 333 86835;EQDQ01  00002PRCP99
0201676990999992000030606004-16080+035580FM-12+065399999V0202201N00201045001CN0300001N1+02301+02061999999ADDAA124018091GA1031+007509089GF107991031011008001031081KA1120N+01861OA150699999REMSYN093AAXX  06061 67699 12580 72202 1023020206 60184 83138 333 20186 50821 55005 70181 83825 87280;EQDQ01  00002WGOSPD
0170676990999992000030712004-16080+035580FM-12+065399999V0203401N003010090019N0750001N1+02481+02031999999ADDAA199000091GA1051+009009089GA2011+999999099GF107991061021012501031081REMSYN070AAXX  07121 67699 32689 73403 10248 20203 86238 333 85830 819// 87280;EQDQ01  00002PRCP99
0168676990999992000031412004-16080+035580FM-12+065399999V0201801N001010075019N0100001N1+02601+02261999999ADDAY161061AY221061GA1051+007509089GA2011+999999099GF107991051021008001031081MW1211REMSYN076AAXX  14121 67699 41560 71801 10260 20226 72162 85238 333 85825 819// 87280;
0211676990999992000032206004-16080+035580FM-12+065399999V0200901N00201045001CN0100001N1+02441+02241999999ADDAA124006191AY121061AY221061GA1041+007509069GF106991041051008001031061KA1120N+02021MW1401OA150600901REMSYN100AAXX  22061 67699 12560 60902 10244 20224 60064 74022 84536 333 20202 50441 55099 70059 84625 86280;
0243676990999992000032412004-16080+035580FM-12+065399999V0202001N001010075019N0100001N1+02451+02141999999ADDAA199000091AY121061AY221061GA1021+001209079GA2061+007509069GA3071+024009049GF107991061071001501071999KA1240M+02561MW1151REMSYN092AAXX  24121 67699 31260 72001 10245 20214 71522 8677/ 333 82704 86625 87458 555 10256 29079;EQDQ01  00002PRCP99
0198676990999992000033112004-16080+035580FM-12+065399999V0201701N001010120019N0100001N1+02921+02141999999ADDAA199000091AY191061AY221061GA1011+010509099GA2051+012009089GF107991051091012501031061MW1171REMSYN076AAXX  31121 67699 31660 71701 10292 20214 71792 85936 333 81935 85840 86280;EQDQ01  00002PRCP99
0205676990999992000040706004-16080+035580FM-12+065399999V0201601N00101045001CN0300001N1+02121+02001999999ADDAA124001091GA1011+001209079GA2041+006009069GF107991041051004501071999KA1120N+01831OA150600201REMSYN100AAXX  07061 67699 32480 71601 10212 20200 60014 8457/ 333 20183 50421 55029 70011 81704 84620 87459;
0148676990999992000041012004-16080+035580FM-12+065399999V0202101N001010105019N0300001N1+02711+02111999999ADDAA199000091GA1061+010509089GF106991061021012501031021REMSYN064AAXX  10121 67699 32680 62101 10271 20211 86232 333 86835 819//;EQDQ01  00002PRCP99
0227676990999992000041106004-16080+035580FM-12+065399999V0202601N00101045001CN0100001N1+02061+01981999999ADDAA124058991AY161061AY221061GA1011+001209079GA2041+006009069GF107991041051008001071999KA1120N+01881MW1401OA150600501REMSYN100AAXX  11061 67699 11560 72601 10206 20198 60594 74062 8457/ 333 20188 55054 70585 81704 84620 87458;
0170676990999992000041112004-16080+035580FM-12+065399999V0200501N002010090019N0300001N1+02591+01941999999ADDAA199000091GA1061+009009089GA2011+999999099GF106991051021012501031001REMSYN070AAXX  11121 67699 32680 60502 10259 20194 85230 333 86830 819// 83360;EQDQ01  00002PRCP99
0206676990999992000041306004-16080+035580FM-12+065399999V0202501N001012200019N0300001N1+02241+02201999999ADDAA124007191GA1031+007509089GF103991031011008001031001KA1240M+02741KA2120N+01661OA150600401REMSYN104AAXX  13061 67699 12580 32501 10224 20220 60074 83130 333 20166 50261 55043 70072 83825 555 10274 7//62;
0177676990999992000041806004-16080+035580FM-12+065399999V0200801N002012200019N0300001N1+02241+02001999999ADDAA124000791GA1041+006009059GF104991041051008001031001KA1120N+01931OA150600201REMSYN088AAXX  18061 67699 12580 40802 10224 20200 69904 84530 333 20193 50251 55029 70000 84620;
0148676990999992000041812004-16080+035580FM-12+065399999V0200801N001010105019N0300001N1+02571+01951999999ADDAA199000091GA1061+010509089GF106991061021012501031011REMSYN064AAXX  18121 67699 32680 60801 10257 20195 86231 333 86835 819//;EQDQ01  00002PRCP99
0213676990999992000041906004-16080+035580FM-12+065399999V0200801N002012200019N0300001N1+02201+01841999999ADDAA199000091GA1041+007509089GF104991041011008001031011KA1240M+02781KA2120N+01811OA150600601REMSYN092AAXX  19061 67699 32580 40802 10220 20184 84131 333 20181 50361 55064 84825 555 10278 7//11;EQDQ01  00002PRCP99
0177676990999992000042006004-16080+035580FM-12+065399999V0200801N002012200019N0300001N1+02141+01861999999ADDAA124000191GA1031+006009029GF103991031011008001001001KA1120N+01691OA150600701REMSYN088AAXX  20061 67699 12580 30802 10214 20186 69924 83100 333 20169 50411 55074 70002 83820;
0158676990999992000042512004-16080+035580FM-12+065399999V0200301N002012200019N0300001N1+02791+01571999999ADDAA199000091GA1041+010509089GF104991041011012501001001REMSYN074AAXX  25121 67699 32680 40302 10279 20157 84100 333 84835 555 12085 29048;EQDQ01  00002PRCP99
0218676990999992000042806004-16080+035580FM-12+065399999V0200401N00201001201CN0080001N1+02021+02021999999ADDAA199000091AY141061AY211061GA1031+001209079GF107991071061001501999999KA1120N+01541MW1401OA150601001REMSYN088AAXX  28061 67699 31258 70402 10202 20202 74041 876// 333 20154 50461 55109 83704 87615;EQDQ01  00002PRCP99
0193676990999992000051012004-16080+035580FM-12+065399999V0200201N001010090019N0300001N1+02211+01961999999ADDAA199000091GA1051+009009069GA2071+030009039GF107991051051008001031001KA1240M+02251REMSYN080AAXX  10121 67699 32580 70201 10221 20196 85530 333 85630 87360 555 10225 29088;EQDQ01  00002PRCP99
0221676990999992000051112004-16080+035580FM-12+065399999V0201401N003010075019N0100001N1+02271+01931999999ADDAA199000091AY121061AY221061GA1051+007509069GA2071+027009049GF107991051051012501071999KA1240M+02511MW1151REMSYN086AAXX  11121 67699 31660 71403 10227 20193 71522 8557/ 333 85625 87459 555 10251 29078;EQDQ01  00002PRCP99
0171676990999992000051512004-16080+035580FM-12+065399999V0200801N002012200019N0300001N1+02321+01391999999ADDAA199000091GA1031+009009089GF103991031011012501031001KA1240M+02431REMSYN074AAXX  15121 67699 32680 30802 10232 20139 83130 333 83830 555 10243 29057;EQDQ01  00002PRCP99
0217676990999992000051806004-16080+035580FM-12+065399999V0201401N00101001201CN0080001N1+01861+01581999999ADDAA124000791AY151061AY221061GA1021+001209079GF107991071051001501999999KA1120N+01691MW1501OA150600201REMSYN106AAXX  18061 67699 11258 71401 10186 20158 69904 75052 875// 333 016// 20169 50151 55024 79999 82704 87615;
0189676990999992000060606004-16080+035580FM-12+065399999V0200701N00201001201CN0300001N1+01801+01501999999ADDAA124000791GA1021+001209079GF107991071051001501001001KA1120N+01441OA150600401REMSYN100AAXX  06061 67699 12280 70702 10180 20150 69904 87500 333 012// 20144 50261 55041 79999 82704 87615;
0218676990999992000060906004-16080+035580FM-12+065399999V0201301N001010060019N0300001N1+01841+01601999999ADDAA199000091GA1011+001209079GA2051+006009069GF106991051051008001031001KA1120N+01541OA150600401REMSYN094AAXX  09061 67699 32580 61301 10184 20160 85530 333 013// 20154 50311 55043 81704 85620 86359;EQDQ01  00002PRCP99
0142676990999992000061212004-16080+035580FM-12+065399999V0200301N002012200019N0300001N1+02411+01111999999ADDAA199000091GA1041+010509029GF104991041011012501031001REMSYN058AAXX  12121 67699 32680 40302 10241 20111 84130 333 84835;EQDQ01  00002PRCP99
0196676990999992000063006004-16790+035570FM-12+065399999V0200301N003012200019N0300001N1+01641+01281999999ADDAA124002091GA1041+007509059GF104991041051008001001001KA1120N+99999OA150600501REMSYN088AAXX  30061 67699 12580 40303 10164 20128 60024 84500 333 010// 20174 50301 55051 84625;EQDQ01 +01742ATMN  
0140676990999992000070312004-16790+035570FM-12+065399999V0203301N001010075019N0300001N1+02031+01441999999ADDAY181061AY221061GA1051+007509029GF105991051011008001001001MW1031REMSYN064AAXX  03121 67699 41580 53301 10203 20144 70382 85100 333 85825;
0239676990999992000070706004-16790+035570FM-12+065399999V0202501N001010045019N0060001N1+01501+01471999999ADDAA124007991AY161061AY221061GA1021+001209079GA2061+004509069GF108991061051001501071999KA1120N+01451MW1601OA150600501REMSYN112AAXX  07061 67699 11256 82501 10150 20147 60084 76062 8657/ 333 014// 20145 50241 55056 70087 82704 86615 88458;
0168676990999992000071712004-16790+035570FM-12+065399999V0200901N001010045019N0070001N1+01591+01591999999ADDAY161061AY251061GA1041+002109079GA2061+004509069GF107991071071001501071999MW1581REMSYN076AAXX  17121 67699 41257 70901 10159 20159 75865 8777/ 333 84707 86615 87459;
0183676990999992000071806004-16070+035570FM-12+065399999V0200301N00201045001CN0300001N1+01581+01401999999ADDAA124004191GA1041+006009069GF107991041051008001031001KA1120N+01261OA150600201REMSYN094AAXX  18061 67699 12580 70302 10158 20140 60044 84530 333 011// 20126 50111 55022 84620 86359;
0142676990999992000071812004-16070+035570FM-12+065399999V0200801N001010090019N0300001N1+02251+01211999999ADDAA199000091GA1051+009009029GF105991051011012501031001REMSYN058AAXX  18121 67699 32680 50801 10225 20121 85130 333 85830;EQDQ01  00002PRCP99
0142676990999992000072112004-16070+035570FM-12+065399999V0200901N004012200019N0300001N1+02591+00991999999ADDAA199000091GA1011+012009029GF101991011011012501001001REMSYN058AAXX  21121 67699 32680 10904 10259 20099 81100 333 81840;EQDQ01  00002PRCP99
0258676990999992000072406004-16070+035570FM-12+065399999V0209999C000010045019N0060001N1+01461+01421999999ADDAA124002091AY161061AY221061GA1041+001209079GA2061+004509069GF107991071071001501071999KA1120M+99999MW1611OA150600001REMSYN112AAXX  24061 67699 11256 70000 10146 20142 60024 76162 8777/ 333 011// 10124 50141 55001 70019 84704 86615 87458;EQDQ01 +01242ATMX  
0142676990999992000072512004-16070+035570FM-12+065399999V0201101N002010105019N0300001N1+02171+01211999999ADDAA199000091GA1061+010509029GF106991061011012501031001REMSYN058AAXX  25121 67699 32680 61102 10217 20121 86130 333 86835;EQDQ01  00002PRCP99
0190676990999992000072606004-16070+035570FM-12+065399999V0200301N002012200019N0300001N1+01591+01451999999ADDAA199000091GA1021+006009029GF102991021011008001031001KA1120N+01411OA150600901REMSYN082AAXX  26061 67699 32580 20302 10159 20145 82130 333 009// 20141 50311 55094 82820;EQDQ01  00002PRCP99
0148676990999992000072612004-16070+035570FM-12+065399999V0201101N002010090019N0300001N1+02201+02001999999ADDAA199000091GA1061+009009089GF106991061011012501031001REMSYN064AAXX  26121 67699 32680 61102 10220 20200 86130 333 86830 83360;EQDQ01  00002PRCP99
0240676990999992000072706004-16070+035570FM-12+065399999V0201701N003010060019N0300001N1+01821+01571999999ADDAA199000091GA1051+006009059GF105991051081008001031001KA1120N+01431MA1999999096901MD1999999+0001ME1315969OA150601001REMSYN094AAXX  27061 67699 32580 51703 10182 20157 39690 48596 85830 333 013// 20143 55103 58000 85620;EQDQ01  00002PRCP99
0140676990999992000072712004-16070+035570FM-12+065399999V0200901N004010075019N0300001N1+01981+01491999999ADDAY161061AY221061GA1061+007509029GF106991061011008001031001MW1031REMSYN064AAXX  27121 67699 41580 60904 10198 20149 70362 86130 333 86825;
0148676990999992000073112004-16070+035570FM-12+065399999V0202601N001010105019N0300001N1+02361+01641999999ADDAA199000091GA1051+010509089GF107991051011012501031001REMSYN064AAXX  31121 67699 32680 72601 10236 20164 85130 333 85835 86360;EQDQ01  00002PRCP99
0239676990999992000080106004-16070+035570FM-12+065399999V0201401N001010045019N0080001N1+01741+01701999999ADDAA124000391AY161061AY221061GA1031+001209079GA2051+004509069GF107991071071001501071999KA1120N+01541MW1211OA150600601REMSYN112AAXX  01061 67699 11258 71401 10174 20170 69934 72162 8777/ 333 015// 20154 50231 55067 70003 83704 85615 87459;
0179676990999992000080112004-16070+035570FM-12+065399999V0200801N003010060019N0100001N1+02081+01611999999ADDAA199000021AY121061AY221061GA1021+001209079GA2061+006009069GF107991061071001501071999MW1151REMSYN076AAXX  01121 67699 31260 70803 10208 20161 71522 8677/ 333 82704 86620 87460;
0142676990999992000080312004-16070+035570FM-12+065399999V0200701N001010090019N0300001N1+02401+01571999999ADDAA199000091GA1061+009009029GF106991061011012501031001REMSYN058AAXX  03121 67699 32680 60701 10240 20157 86130 333 86830;EQDQ01  00002PRCP99
0201676990999992000080406004-16070+035570FM-12+065399999V0200601N002010003019N0002001N1+01611+01611999999ADDAA199000091AY141061AY221061GA1091+999999999GF109991091999999999999999KA1120N+01461MW1451REMSYN082AAXX  04061 67699 31002 90602 10161 20161 74542 89/// 333 013// 20146 50151 55073;EQDQ01  00002PRCP99
0234676990999992000080906004-16070+035570FM-12+065399999V0203501N001010270019N0300001N1+01611+01411999999ADDAA124002091GA1031+006009089GA2051+027009039GF106991031011008001031001KA1240M+02201KA2120N+01381OA150600301REMSYN116AAXX  09061 67699 12580 63501 10161 20141 60024 83130 333 012// 20138 50221 55034 70017 83820 85359 555 10220 7//62;
0142676990999992000080912004-16070+035570FM-12+065399999V0201001N002010090019N0300001N1+02251+01081999999ADDAA199000091GA1061+009009029GF106991061011012501031001REMSYN058AAXX  09121 67699 32680 61002 10225 20108 86130 333 86830;EQDQ01  00002PRCP99
0196676990999992000081006004-16070+035570FM-12+065399999V0200201N002010060019N0300001N1+01591+01501999999ADDAA199000091GA1051+006009069GF107991051051008001031001KA1120N+01411OA150600601REMSYN088AAXX  10061 67699 32580 70202 10159 20150 85530 333 013// 20141 50311 55064 85620 87360;EQDQ01  00002PRCP99
0239676990999992000081406004-16070+035570FM-12+065399999V0200201N001010045019N0080001N1+01581+01451999999ADDAA124003091AY161061AY221061GA1031+001209079GA2051+004509069GF108991071071001501071999KA1120N+01361MW1211OA150600501REMSYN112AAXX  14061 67699 11258 80201 10158 20145 60034 72162 8777/ 333 014// 20136 50181 55057 70033 83704 85615 88458;
0189676990999992000081606004-16070+035570FM-12+065399999V0209999C00001001201CN0300001N1+01601+01431999999ADDAA124000791GA1021+001209079GF106991061051001501001001KA1120N+01241OA150600401REMSYN100AAXX  16061 67699 12280 60000 10160 20143 69904 86500 333 010// 20124 50171 55040 79999 82704 86615;
0239676990999992000081706004-16070+035570FM-12+065399999V0200601N001010060019N0090001N1+01591+01451999999ADDAA124000791AY121061AY221061GA1031+001209079GA2051+006009069GF107991071061001501071999KA1120N+01491MW1151OA150600801REMSYN112AAXX  17061 67699 11259 70601 10159 20145 69904 71522 8767/ 333 014// 20149 50201 55082 79999 83704 85620 87459;
0190676990999992000081806004-16070+035570FM-12+065399999V0202301N001010300019N0300001N1+01521+01461999999ADDAA199000091GA1061+030009079GF106991061001999999031001KA1120N+01161OA150600301REMSYN082AAXX  18061 67699 32980 62301 10152 20146 86030 333 010// 20116 50261 55035 86360;EQDQ01  00002PRCP99
0224676990999992000082306004-16070+035570FM-12+065399999V0203401N001012200019N0080001N1+01641+01531999999ADDAA199000091AY101061AY201061GA1011+006009089GF103991011011008001031021KA1120N+01291MW1051OA150600601REMSYN094AAXX  23061 67699 31558 33401 10164 20153 70500 81132 333 012// 20129 50311 55068 81820 83075;EQDQ01  00002PRCP99
0170676990999992000082512004-16070+035570FM-12+065399999V0201801N002010105019N0200001N1+02411+01021999999ADDAA199000091AY121061AY221061GA1061+010509029GF106991061011012501031001MW1051REMSYN064AAXX  25121 67699 31670 61802 10241 20102 70522 86130 333 86835;EQDQ01  00002PRCP99
0176676990999992000082812004-16070+035570FM-12+065399999V0203101N00101045001CN0150001N1+02281+01561999999ADDAA199000091AY111061AY211061GA1041+009009089GF106991041011012501031001MW1051REMSYN070AAXX  28121 67699 31665 63101 10228 20156 70511 84130 333 84830 86360;EQDQ01  00002PRCP99
0224676990999992000082906004-16070+035570FM-12+065399999V0209999C00001045001CN0090001N1+01511+01471999999ADDAA199000091AY111061AY211061GA1021+004509069GF105991021051004501031001KA1120N+01331MW1401OA150600701REMSYN094AAXX  29061 67699 31459 50000 10151 20147 74011 82530 333 011// 20133 50361 55072 82615 85359;EQDQ01  00002PRCP99
0170676990999992000083012004-16070+035570FM-12+065399999V0201001N002010120019N0200001N1+02861+01291999999ADDAA199000091AY111061AY211061GA1051+012009029GF105991051011012501001001MW1051REMSYN064AAXX  30121 67699 31670 51002 10286 20129 70511 85100 333 85840;EQDQ01  00002PRCP99
0170676990999992000090112004-16070+035570FM-12+065399999V0202501N002010105019N0150001N1+02981+01251999999ADDAA199000091AY111061AY211061GA1051+010509029GF105991051011012501031001MW1051REMSYN064AAXX  01121 67699 31665 52502 10298 20125 70511 85130 333 85835;EQDQ01  00002PRCP99
0195676990999992000090406004-16070+035570FM-12+065399999V0202701N001012200019N0080001N1+02361+01691999999ADDAA199000091AY101061AY201061GA1001+999999999GF100991001001999999001001KA1120N+01481MW1051REMSYN076AAXX  04061 67699 31958 02701 10236 20169 70500 333 011// 20148 50561 55108;EQDQ01  00002PRCP99
0154676990999992000090712004-16070+035570FM-12+065399999V0200401N002012200019N0100001N1+03131+01311999999ADDAA199000091AY101061AY201061GA1001+999999999GF100991001001999999001001MW1051REMSYN048AAXX  07121 67699 31960 00402 10313 20131 70500;EQDQ01  00002PRCP99
0170676990999992000091112004-16070+035570FM-12+065399999V0201301N001012200019N0100001N1+03161+01261999999ADDAA199000091AY101061AY201061GA1021+013509029GF102991021011012501001001MW1051REMSYN064AAXX  11121 67699 31660 21301 10316 20126 70500 82100 333 82845;EQDQ01  00002PRCP99
0218676990999992000091206004-16070+035570FM-12+065399999V0200601N003010060019N0100001N1+02151+01791999999ADDAA199000091AY111061AY211061GA1051+006009029GF105991051011008001031001KA1120N+01861MW1051OA150601001REMSYN088AAXX  12061 67699 31560 50603 10215 20179 70511 85130 333 015// 20186 50461 55104 85820;EQDQ01  00002PRCP99
0170676990999992000091212004-16070+035570FM-12+065399999V0200301N004010135019N0100001N1+02851+01291999999ADDAA199000091AY121061AY221061GA1061+013509029GF106991061011012501001001MW1051REMSYN064AAXX  12121 67699 31660 60304 10285 20129 70522 86100 333 86845;EQDQ01  00002PRCP99
0170676990999992000091512004-16070+035570FM-12+065399999V0201201N003010135019N0100001N1+02891+01591999999ADDAA199000091AY111061AY211061GA1051+013509029GF106991051011012501031001MW1051REMSYN064AAXX  15121 67699 31660 61203 10289 20159 70511 85130 333 85845;EQDQ01  00002PRCP99
0218676990999992000091806004-16070+035570FM-12+065399999V0202601N001012200019N0100001N1+02111+01361999999ADDAA199000091AY101061AY201061GA1011+007509029GF101991011011008001001001KA1120N+01511MW1051OA150600801REMSYN088AAXX  18061 67699 31560 12601 10211 20136 70500 81100 333 012// 20151 50561 55086 81825;EQDQ01  00002PRCP99
0170676990999992000091912004-16070+035570FM-12+065399999V0200801N005010135019N0100001N1+02851-01391999999ADDAA199000091AY111061AY211061GA1051+013509029GF105991051011012501001001MW1051REMSYN064AAXX  19121 67699 31660 50805 10285 21139 70511 85100 333 85845;EQDQ01  00002PRCP99
0224676990999992000092506004-16070+035570FM-12+065399999V0202601N00201045001CN0100001N1+02211+01711999999ADDAA199000091AY111061AY211061GA1021+010509089GF106991021011012501031001KA1120N+01541MW1051OA150600901REMSYN094AAXX  25061 67699 31660 62602 10221 20171 70511 82130 333 013// 20154 50511 55090 82835 86360;EQDQ01  00002PRCP99
0176676990999992000092612004-16070+035570FM-12+065399999V0201801N001010135019N0080001N1+02941+01561999999ADDAA199000091AY121061AY221061GA1061+013509089GF106991061011012501001001MW1051REMSYN070AAXX  26121 67699 31658 61801 10294 20156 70522 86100 333 86845 83360;EQDQ01  00002PRCP99
0218676990999992000092806004-16070+035570FM-12+065399999V0200601N001012200019N0080001N1+01991+01691999999ADDAA199000091AY141061AY211061GA1011+001209079GF104991041051008001001001KA1120N+01461MW1401OA150600701REMSYN088AAXX  28061 67699 31558 40601 10199 20169 74041 84500 333 20146 50511 55075 81704 84620;EQDQ01  00002PRCP99
0170676990999992000092812004-16070+035570FM-12+065399999V0200401N002010120019N0150001N1+02881+01881999999ADDAA199000091AY111061AY211061GA1051+012009029GF105991051011012501001001MW1051REMSYN064AAXX  28121 67699 31665 50402 10288 20188 70511 85100 333 85840;EQDQ01  00002PRCP99
0186676990999992000102512004-16070+035570FM-12+065399999V0200601N005019999999N0150001N1+03551+01261999999ADDAA199000091AY101061AY201061GA1041+015009029GF107991999011017501001001MW1051REMSYN064AAXX  25121 67699 31765 70605 10355 20126 70500 84100 333 84850;EQDQ01+000042SCOTLCQ02  00002PRCP99
0190676990999992000110306004-16070+035570FM-12+065399999V0203401N00101045001CN0300001N1+02631+01991999999ADDAA199000091GA1021+007509089GF107991021011008001031999KA1120N+01921OA150600701REMSYN082AAXX  03061 67699 32580 73401 10263 20199 8213/ 333 20192 50411 55073 82825 87360;EQDQ01  00002PRCP99
0183676990999992000110906004-16070+035570FM-12+065399999V0202701N00101045001CN0300001N1+02231+02021999999ADDAA124000191GA1041+007509089GF107991041011008001031001KA1120N+01721OA150600201REMSYN094AAXX  09061 67699 12580 72701 10223 20202 69924 84130 333 20172 50281 55027 70002 84825 86360;
0211676990999992000111306004-16070+035570FM-12+065399999V0202401N001010060019N0100001N1+02231+02081999999ADDAA124001091AY191061AY221061GA1051+006009069GF107991051051008001071999KA1120N+02001MW1291OA150600701REMSYN100AAXX  13061 67699 11560 72401 10223 20208 60014 72992 8557/ 333 20200 50541 55075 70013 85620 87459;
0183676990999992000111406004-16070+035570FM-12+065399999V0209999C000012200019N0300001N1+02631+02021999999ADDAA124013091GA1011+007509089GF103991011011008001031001KA1120N+01641OA150600201REMSYN094AAXX  14061 67699 12580 30000 10263 20202 60134 81130 333 20164 50301 55022 70127 81825 83830;
0148676990999992000112212004-16070+035570FM-12+065399999V0201201N003010105019N0300001N1+02801+02151999999ADDAA199000091GA1061+010509089GF106991061021012501031001REMSYN064AAXX  22121 67699 32680 61203 10280 20215 86230 333 86835 819//;EQDQ01  00002PRCP99
0233676990999992000120506004-16070+035570FM-12+065399999V0200401N001010060019N0200001N1+02231+02141999999ADDAA124020191AY141061AY221061GA1011+001209079GA2051+006009069GF107991051051002501071999KA1120N+01821MW1031OA150600601REMSYN106AAXX  05061 67699 11370 70401 10223 20214 60204 70342 8557/ 333 20182 50481 55062 70196 81704 85620 87459;
0148676990999992000120712004-16070+035570FM-12+065399999V0202101N001010105019N0300001N1+03051+02141999999ADDAA199000091GA1061+010509089GF106991061021012501031011REMSYN064AAXX  07121 67699 32680 62101 10305 20214 86231 333 86835 819//;EQDQ01  00002PRCP99
0228676990999992000120806004-16070+035570FM-12+065399999V0202301N001012200019N0300001N1+02551+02211999999ADDAA124006191GA1031+009009089GA2041+030009039GF104991031011012501031001KA1240M+03171KA2120N+01851OA150600901REMSYN110AAXX  08061 67699 12680 42301 10255 20221 60064 83130 333 20185 50401 55090 70055 83830 84360 555 10317 7//92;
0184676990999992000121206004-16070+035570FM-12+065399999V0209999C000012200019N0300001N1+02861+02181999999ADDAA199000091GA1011+009009029GF104991011011012501031011KA1120N+01901OA150600901REMSYN076AAXX  12061 67699 32680 40000 10286 20218 81131 333 20190 50511 55097 81830;EQDQ01  00002PRCP99
0220676990999992000121212004-16070+035570FM-12+065399999V0202201N00101030001CN0100001N1+02561+01941999999ADDAA199000091AY191061AY221061GA1011+009009099GA2041+010509089GA3051+030009039GF107991051091012501031081MW1171REMSYN082AAXX  12121 67699 31660 72201 10256 20194 71792 85938 333 81930 84835 85360 87280;EQDQ01  00002PRCP99
0278676990999992000121306004-16070+035570FM-12+065399999V0201601N002010045019N0060001N1+02211+02171999999ADDAA124000591AY161061AY221061GA1041+001209079GA2061+004509069GA3071+024009049GF108991071071001501999999KA1240M+03291KA2120N+02141MW1581OA150600701REMSYN122AAXX  13061 67699 11256 81602 10221 20217 69944 75862 877// 333 20214 50451 55070 70004 84704 86615 87458 555 10329 7//96;
0202676990999992000121506004-16070+035570FM-12+065399999V0200601N002010060019N0300001N1+02191+02021999999ADDAA124015091GA1051+006009069GF107991051051008001031001KA1120N+01931OA150699999REMSYN094AAXX  15061 67699 12580 70602 10219 20202 60154 85530 333 20193 50141 55000 70152 85620 86359;EQDQ01  00002WGOSPD
0148676990999992000121812004-16070+035570FM-12+065399999V0200801N001010105019N0300001N1+03151+02231999999ADDAA199000091GA1061+010509089GF106991061021012501031011REMSYN064AAXX  18121 67699 32680 60801 10315 20223 86231 333 86835 819//;EQDQ01  00002PRCP99
0222676990999992000121906004-16070+035570FM-12+065399999V0202001N002010075019N0300001N1+02691+02281999999ADDAA124000791GA1051+007509069GA2031+030009039GF105991021011008001031021KA1240M+02891KA2120N+02131OA150601101REMSYN104AAXX  19061 67699 12580 52002 10269 20228 69904 82132 333 20213 50361 55110 85625 83360 555 10289 7//92;
0176676990999992000121912004-16070+035570FM-12+065399999V0201301N00301012001CN0100001N1+03051+02361999999ADDAA199000091AY191061AY221061GA1011+009009099GF106991061091012501031001MW1171REMSYN070AAXX  19121 67699 31660 61303 10305 20236 71792 86930 333 81930 86835;EQDQ01  00002PRCP99
0250676990999992000122006004-16070+035570FM-12+065399999V0209999C00001090001CN0300001N1+02451+02241999999ADDAA124025991GA1021+009009089GA2031+030009039GA3071+090009029GF107991021011012501031081KA1240M+03241KA2120N+01981OA150600801REMSYN116AAXX  20061 67699 12680 70000 10245 20224 60264 82138 333 20198 50811 55084 70259 82830 83360 87280 555 10324 7//96;
0176676990999992000122012004-16070+035570FM-12+065399999V0200401N00101012001CN0100001N1+03011+02101999999ADDAA199000091AY191061AY221061GA1011+009009099GF106991061091012501031021MW1171REMSYN070AAXX  20121 67699 31660 60401 10301 20210 71792 86932 333 81930 86835;EQDQ01  00002PRCP99
0190676990999992000122106004-16070+035570FM-12+065399999V0200601N00101045001CN0300001N1+02691+02341999999ADDAA199000091GA1031+009009089GF106991031011012501031061KA1120N+02091OA150600801REMSYN082AAXX  21061 67699 32680 60601 10269 20234 83136 333 20209 50511 55084 83830 86280;EQDQ01  00002PRCP99
0206676990999992000122206004-16070+035570FM-12+065399999V0200301N001012200019N0300001N1+02641+02261999999ADDAA124001091GA1041+009009089GF104991041011012501031021KA1240M+03101KA2120N+02051OA150600601REMSYN104AAXX  22061 67699 12680 40301 10264 20226 60014 84132 333 20205 50381 55064 70012 84830 555 10310 79992;
0205676990999992000122806004-16070+035570FM-12+065399999V0200801N002010075019N0300001N1+02431+02161999999ADDAA124016091AY161061AY221061GA1061+007509029GF106991061011008001031011KA1120N+01981MW1031OA150600701REMSYN094AAXX  28061 67699 12580 60802 10243 20216 60164 70362 86131 333 20198 50541 55078 70156 86825;
0183676990999992000122906004-16070+035570FM-12+065399999V0200701N00101001201CN0300001N1+02251+02101999999ADDAA124000891GA1021+001209079GF107991071051001501001001KA1120N+02001OA150600601REMSYN094AAXX  29061 67699 12280 70701 10225 20210 69974 87500 333 20200 50331 55067 70007 82704 87620;
