0170676920999992000010312004-15520+035220FM-12+102899999V0200901N00201012001CN0300001N1+03051+01631999999ADDAA106000091GA1041+013509089GA2011+999999099GF106991051021012501001081REMSYN070AAXX  03121 67692 32680 60902 10305 20163 85208 333 84845 819// 85280;EQDQ01  00002PRCP06
0211676920999992000010506004-15520+035220FM-12+102899999V0200701N002010060019N0200001N1+02011+01951999999ADDAA124000891AY191061AY221061GA1051+006009069GF107991051051008001071999KA1120N+01991MW1291OA150601101REMSYN100AAXX  05061 67692 11570 70702 10201 20195 69984 72992 8557/ 333 20199 50791 55115 70009 85620 87462;
0176676920999992000010512004-15520+035220FM-12+102899999V0200901N00201012001CN0200001N1+02731+01991999999ADDAA106000091AY191061AY221061GA1011+009009099GF107991061091012501031081MW1171REMSYN070AAXX  05121 67692 31670 70902 10273 20199 71792 86938 333 81930 86835;EQDQ01  00002PRCP06
0230676920999992000010606004-15520+035220FM-12+102899999V0200801N00301105001CN0300001N1+02391+02001999999ADDAA124001091AY191061AY221061GA1041+006009069GF107991041051008001001081KA1120N+02001MW1031OA150699999REMSYN100AAXX  06061 67692 11580 70803 10239 20200 60014 70392 84508 333 20200 50191 55010 70014 84620 87280;EQDQ01  00102WGOSPD
0176676920999992000010612004-15520+035220FM-12+102899999V0200801N00301012001CN0200001N1+03001+01831999999ADDAA106000091AY191061AY221061GA1021+009009099GF107991061091012501001031MW1171REMSYN070AAXX  06121 67692 31670 70803 10300 20183 71792 86903 333 82930 86835;EQDQ01  00002PRCP06
0190676920999992000010707004-15520+035220FM-12+102899999V0200201N00201105001CN0300001N1+02431+02081999999ADDAA106000091GA1031+009009089GF107991031011012501001081KA1120N+02001OA159900901REMSYN082AAXX  07071 67692 32680 70202 10243 20208 83108 333 20200 50561 55096 83830 87280;EQDQ01  00002PRCP06
0160676920999992000011006004-15520+035220FM-12+102899999V0203301N003010060019N0300001N1+02211+99999999999ADDAA124006191GA1051+006009069GF107991051051008001031031KA1120N+01841REMSYN082AAXX  10061 67692 12580 73303 10221 60064 85533 333 20184 50041 70060 85620 87360;
0176676920999992000011112004-15520+035220FM-12+102899999V0202601N004010045019N0200001N1+02171+01931999999ADDAA106000091AY121061AY221061GA1061+004509069GF108991061051004501071999MW1151REMSYN070AAXX  11121 67692 31470 82604 10217 20193 71522 8657/ 333 86615 88460;EQDQ01  00002PRCP06
0168676920999992000011212004-15520+035220FM-12+102899999V0202601N004010060019N0030001N1+01951+01891999999ADDAY191061AY261061GA1021+006009099GA2071+006009069GF108991071091008001071999MW1951REMSYN076AAXX  12121 67692 41530 82604 10195 20189 79596 8797/ 333 82920 87620 88459;
0197676920999992000011412004-15520+035220FM-12+102899999V0201801N001010120019N0300001N1+02631+01981999999ADDAA199000091GA1061+012009089GA2011+999999099GF107991061021012501001021KA1240M+02651REMSYN084    AAXX  14121 67692 32680 71801 10263 20198 86202 333 86840 819// 555 10265 29069;EQDQ01  00002PRCP99
0254676920999992000011506004-15520+035220FM-12+102899999V0201101N00201090001CN0300001N1+02161+01781999999ADDAA100003091GA1021+006009069GA2031+030009039GA3071+090009029GF107991021051008001031081KA1240M+02651KA2120N+01831OA150600701REMSYN120    AAXX  15061 67692 12580 71102 10216 20178 60030 82538 333 20183 50431 55076 70033 82620 83360 87280 555 10265 7//96;
0152676920999992000011512004-15520+035220FM-12+102899999V0203201N001010120019N0300001N1+02501+01931999999ADDAA199000091GA1071+012009089GF107991071021012501031021REMSYN068    AAXX  15121 67692 32680 73201 10250 20193 87232 333 87840 819//;EQDQ01  00002PRCP99
0187676920999992000011606004-15520+035220FM-12+102899999V0201001N001010075019N0400001N1+02331+02011999999ADDAA124004191GA1061+007509089GF107991061011008001031081KA1120N+01901OA150600501REMSYN098    AAXX  16061 67692 12582 71001 10233 20201 60044 86138 333 20190 50311 55057 70038 86825 87280;
0194676920999992000011706004-15520+035220FM-12+102899999V0200901N00101045001CN0300001N1+02441+02101999999ADDAA199000091GA1031+010509089GF107991031011008001031081KA1120N+01881OA150600901REMSYN086    AAXX  17061 67692 32580 70901 10244 20210 83138 333 20188 50411 55093 83835 87280;EQDQ01  00002PRCP99
0215676920999992000011806004-15520+035220FM-12+102899999V0200801N00101045001CN0300001N1+02201+01981999999ADDAA124000591AY121061AY221061GA1031+006009069GF107991031051008001071999KA1120N+02031MW1601OA150600801REMSYN104    AAXX  18061 67692 11580 70801 10220 20198 69964 76022 8357/ 333 20203 505// 55083 70003 83620 87459;
0177676920999992000012006004-15520+035220FM-12+102899999V0201701N004010060019N0300001N1+01931+01731999999ADDAA124019191GA1071+006009059GF107991071051008001031999KA1120N+01611OA150600601REMSYN088AAXX  20061 67692 12580 71704 10193 20173 60194 8753/ 333 20161 50551 55063 70193 87620;
0148676920999992000012012004-15520+035220FM-12+102899999V0201201N00301045001CN0300001N1+02211+01741999999ADDAA199000091GA1041+007509069GF107991041051008001071999REMSYN064AAXX  20121 67692 32580 71203 10221 20174 8457/ 333 84625 87460;EQDQ01  00002PRCP99
0206676920999992000012106004-15520+035220FM-12+102899999V0201901N003010060019N0300001N1+02011+01741999999ADDAA199000091GA1061+006009069GF107991061051008001031081KA1120N+01701OA150699999REMSYN082AAXX  21061 67692 32580 71903 10201 20174 86538 333 20170 50201 55019 86620 87280;EQDQ01  00002PRCP99Q02  00102WGOSPD
0142676920999992000012112004-15520+035220FM-12+102899999V0201601N002010075019N0300001N1+02241+01911999999ADDAA199000091GA1071+007509059GF107991071051008001999999REMSYN058AAXX  21121 67692 32580 71602 10224 20191 875// 333 87625;EQDQ01  00002PRCP99
0224676920999992000012206004-15520+035220FM-12+102899999V0201601N003010330019N0300001N1+02131+01821999999ADDAA124000191GA1021+006009069GA2031+033009039GF107991021051008001031081KA1120N+01711OA150699999REMSYN100AAXX  22061 67692 12580 71603 10213 20182 69924 82538 333 20171 50171 55029 70002 82620 83361 87280;EQDQ01  00202WGOSPD
0211676920999992000012406004-15520+035220FM-12+102899999V0201701N002010060019N0300001N1+02161+02071999999ADDAA124015091AY161061AY221061GA1061+006009069GF107991061051008001031999KA1120N+01911MW1031OA150600501REMSYN100AAXX  24061 67692 11580 71702 10216 20207 60154 70362 8653/ 333 20191 50331 55059 70145 86620 87360;
0103676920999992000012606004-15520+035220FM-12+102899999V0209999C000010450019N0300001N1+02301+02111999999ADDAA124007991GF107991011051008001041081REMSYN054AAXX  26061 67692 11580 70000 10230 20211 60084 81548;
0198676920999992000012612004-15520+035220FM-12+102899999V0209999C000010105019N0200001N1+02471+02201999999ADDAA199000091AY191061AY221061GA1011+009009099GA2051+010509089GF107991051091012501071081MW1171REMSYN076AAXX  26121 67692 32670 70000 10247 20220 71792 85978 333 81930 85835 87275;EQDQ01  00002PRCP99
0198676920999992000012912004-15520+035220FM-12+102899999V0203101N001010105019N0200001N1+02771+02031999999ADDAA199000091AY191061AY221061GA1021+009009099GA2061+010509089GF107991061091012501001081MW1171REMSYN076AAXX  29121 67692 31670 73101 10277 20203 71792 86908 333 82930 86835 87280;EQDQ01  00002PRCP99
0198676920999992000013112004-15520+035220FM-12+102899999V0203401N00401007501CN0150001N1+02271+01961999999ADDAA199000091AY121061AY221061GA1061+007509059GA2011+009009099GF107991061021008001031999MW1151REMSYN076AAXX  31121 67692 31565 73404 10227 20196 71522 8623/ 333 81930 86525 87362;EQDQ01  00002PRCP99
0183676920999992000020106004-15520+035220FM-12+102899999V0203001N001010060019N0300001N1+02291+02091999999ADDAA124001091GA1061+006009069GF107991061051008001001081KA1120N+01861OA150600301REMSYN094AAXX  01061 67692 12580 73001 10229 20209 60014 86508 333 20186 50321 55033 70012 86620 87280;
0198676920999992000020312004-15520+035220FM-12+102899999V0200101N002010105019N0200001N1+02361+02131999999ADDAA199000091AY191061AY281061GA1011+009009099GA2071+010509089GF107991071091012501071999MW1171REMSYN076AAXX  03121 67692 31670 70102 10236 20213 71798 8797/ 333 81930 87835 87460;EQDQ01  00002PRCP99
0272676920999992000020406004-15520+035220FM-12+102899999V0203401N003010060019N0060001N1+02211+02061999999ADDAA124003391AY121061AY221061GA1051+006009069GA2051+030009049GA3071+090009029GF107991051051008001071081KA1240M+02761KA2120N+01961MW1151OA150600501REMSYN116AAXX  04061 67692 11556 73403 10221 20206 71522 85578 333 20196 50291 55059 70034 85620 85460 87280 555 10276 7//96;
0198676920999992000020412004-15520+035220FM-12+102899999V0203601N003010105019N0150001N1+02341+02091999999ADDAA199000091AY191061AY221061GA1011+009009099GA2051+010509089GF107991051091012501071999MW1171REMSYN076AAXX  04121 67692 31665 73603 10234 20209 71792 8597/ 333 81930 85835 87460;EQDQ01  00002PRCP99
0256676920999992000020506004-15520+035220FM-12+102899999V0200601N003010060019N0300001N1+02131+02051999999ADDAA124000191AY191061AY221061GA1051+006009069GA2071+030009049GF107991051051008001071999KA1240M+02731KA2120N+02001MW1291OA150600401REMSYN116AAXX  05061 67692 11580 70603 10213 20205 69914 72992 8557/ 333 20200 50421 55044 70001 85620 87460 555 10273 7//98;
0176676920999992000020512004-15520+035220FM-12+102899999V0200201N00301045001CN0300001N1+02171+01991999999ADDAA199000091AY191061AY221061GA1031+007509069GF107991031051008001071999MW1291REMSYN070AAXX  05121 67692 31580 70203 10217 20199 72992 8357/ 333 83625 87460;EQDQ01  00002PRCP99
0190676920999992000020706004-15520+035220FM-12+102899999V0200601N00101105001CN0300001N1+02401+01971999999ADDAA199000091GA1011+009009089GF105991011011012501081021KA1120N+01851OA150600601REMSYN082AAXX  07061 67692 32680 50601 10240 20197 81182 333 20185 50311 55061 81830 85360;EQDQ01  00002PRCP99
0184676920999992000020906004-15520+035220FM-12+102899999V0200901N001010060019N0300001N1+02281+02111999999ADDAA199000091GA1071+006009059GF107991071051008001999999KA1120N+01931OA150601101REMSYN076AAXX  09061 67692 32580 70901 10228 20211 875// 333 20193 50511 55113 87620;EQDQ01  00002PRCP99
0198676920999992000020912004-15520+035220FM-12+102899999V0202501N001010105019N0200001N1+02871+02021999999ADDAA199000091AY191061AY221061GA1011+009009099GA2051+010509089GF107991051091012501071081MW1171REMSYN076AAXX  09121 67692 31670 72501 10287 20202 71792 85978 333 81930 85835 87280;EQDQ01  00002PRCP99
0198676920999992000021012004-15520+035220FM-12+102899999V0209999C000010105019N0400001N1+02301+02021999999ADDAA199000091AY191061AY221061GA1011+009009099GA2051+010509089GF107991051091012501071999MW1171REMSYN076AAXX  10121 67692 31682 70000 10230 20202 71792 8597/ 333 81930 85835 87460;EQDQ01  00002PRCP99
0235676920999992000021106004-15520+035220FM-12+102899999V0200801N001010900019N0300001N1+02401+02041999999ADDAA199000091GA1031+009009089GA2071+090009029GF107991031011012501001081KA1240M+02591KA2120N+01811OA150600901REMSYN098AAXX  11061 67692 32680 70801 10240 20204 83108 333 20181 50411 55095 83830 87280 555 10259 7//92;EQDQ01  00002PRCP99
0148676920999992000021212004-15520+035220FM-12+102899999V0200701N00101012001CN0200001N1+02791+02041999999ADDAA199000091GA1011+009009099GF107991071091012501001031REMSYN064AAXX  12121 67692 31670 70701 10279 20204 87903 333 81930 87835;EQDQ01  00002PRCP99
0243676920999992000021412004-15520+035220FM-12+102899999V0203501N001010105019N0200001N1+02411+02001999999ADDAA199000091AY191061AY221061GA1011+009009099GA2051+010509089GA3071+090009029GF107991051091012501071081KA1240M+02681MW1171REMSYN092AAXX  14121 67692 31670 73501 10241 20200 71792 85978 333 81930 85835 87280 555 10268 29079;EQDQ01  00002PRCP99
0190676920999992000021506004-15520+035220FM-12+102899999V0203501N00101045001CN0300001N1+02131+01931999999ADDAA199000091GA1041+006009069GF107991041051008001071999KA1120N+01891OA150600501REMSYN082AAXX  15061 67692 32580 73501 10213 20193 8457/ 333 20189 50411 55055 84620 87460;EQDQ01  00002PRCP99
0176676920999992000021612004-15520+035220FM-12+102899999V0203201N00201045001CN0150001N1+02081+01781999999ADDAA199000091AY161061AY221061GA1031+006009069GF107991031051008001071999MW1151REMSYN070AAXX  16121 67692 31565 73202 10208 20178 71562 8357/ 333 83620 87460;EQDQ01  00002PRCP99
0224676920999992000021706004-15520+035220FM-12+102899999V0203301N001010060019N0300001N1+02191+01911999999ADDAA124000591GA1051+006009069GA2061+045009039GF107991041051008001031081KA1120N+01861OA150699999REMSYN100AAXX  17061 67692 12580 73301 10219 20191 69954 84538 333 20186 50001 55006 70005 85620 86365 87280;EQDQ01  00002WGOSPD
0224676920999992000021712004-15520+035220FM-12+102899999V0203401N001010090019N0060001N1+01981+01901999999ADDAA199000021AY191061AY221061GA1021+007509089GA2061+009009089GA3071+027009049GF107991061091008001071999KA1240M+02551MW1951REMSYN092AAXX  17121 67692 31556 73401 10198 20190 79592 8697/ 333 82825 86830 87459 555 10255 29094;
0177676920999992000021806004-15520+035220FM-12+102899999V0201401N001010060019N0300001N1+02051+01901999999ADDAA124008991GA1071+006009059GF107991071051008001031999KA1120N+01841OA150600401REMSYN088AAXX  18061 67692 12580 71401 10205 20190 60094 8753/ 333 20184 50491 55042 70085 87620;
0193676920999992000021812004-15520+035220FM-12+102899999V0201701N001010120019N0300001N1+02621+01711999999ADDAA199000091GA1061+012009089GA2011+999999099GF106991061021012501001031KA1240M+02641REMSYN080AAXX  18121 67692 32680 61701 10262 20171 86203 333 86840 819// 555 10264 29058;EQDQ01  00002PRCP99
0190676920999992000021906004-15520+035220FM-12+102899999V0202401N002010060019N0300001N1+02121+01871999999ADDAA199000091GA1051+006009069GF107991051051008001001081KA1120N+01771OA150600901REMSYN082AAXX  19061 67692 32580 72402 10212 20187 85508 333 20177 50361 55099 85620 87280;EQDQ01  00002PRCP99
0190676920999992000022106004-15520+035220FM-12+102899999V0203101N001010075019N0300001N1+02421+02041999999ADDAA199000091GA1061+007509069GF107991061051008001031081KA1120N+02001OA150601001REMSYN082AAXX  21061 67692 32580 73101 10242 20204 86538 333 20200 50461 55100 86625 87280;EQDQ01  00002PRCP99
0202676920999992000022206004-15520+035220FM-12+102899999V0203301N00401045001CN0300001N1+02261+02011999999ADDAA124006191GA1041+007509069GF107991041051008001031081KA1120N+02051OA150699999REMSYN094AAXX  22061 67692 12580 73304 10226 20201 60064 84538 333 20205 50551 55036 70055 84625 87280;EQDQ01  00302WGOSPD
0191676920999992000022212004-15520+035220FM-12+102899999V0201801N004010090019N0010001N1+02401+02171999999ADDAY191061AY221061GA1021+007509099GA2071+009009089GF107991071091008001999999KA1240M+02741MW1951REMSYN086AAXX  22121 67692 41510 71804 10240 20217 79592 879// 333 82925 87830 555 10274 29089;
0183676920999992000022306004-15520+035220FM-12+102899999V0203601N00501045001CN0300001N1+02261+01811999999ADDAA124019191GA1031+006009069GF107991031051008001031081KA1120N+02051OA150600601REMSYN094AAXX  23061 67692 12580 73605 10226 20181 60194 83538 333 20205 50661 55063 70194 83620 87280;
0205676920999992000022506004-15520+035220FM-12+102899999V0202701N00201007501CN0080001N1+01831+01801999999ADDAA124055191AY191061AY221061GA1021+004509099GF107991071091008001999999KA1120N+01701MW1951OA150600601REMSYN094AAXX  25061 67692 11558 72702 10183 20180 60554 79592 879// 333 20170 55068 70551 82915 87615;
0202676920999992000022512004-15520+035220FM-12+102899999V0203101N004010450019N0300001N1+02471+01781999999ADDAA199000021AY191061AY221061GA1011+010509089GA2071+045009039GF107991011011012501031999KA1240M+02471MW1031REMSYN086AAXX  25121 67692 31680 73104 10247 20178 70392 8113/ 333 81835 87365 555 10247 29065;
0205676920999992000022606004-15520+035220FM-12+102899999V0209999C000010060019N0060001N1+02011+02011999999ADDAA124003091AY121061AY221061GA1051+006009069GF107991051051008001071999KA1120N+01731MW1401OA150600201REMSYN094AAXX  26061 67692 11556 70000 10201 20201 60034 74022 8557/ 333 20173 55025 70026 85620 87460;
0183676920999992000022806004-15520+035220FM-12+102899999V0209999C00001045001CN0300001N1+02041+01891999999ADDAA124033091GA1011+006009069GF107991011051008001031999KA1120N+01721OA150600701REMSYN094AAXX  28061 67692 12580 70000 10204 20189 60334 8153/ 333 20172 50611 55073 70331 81620 87362;
0148676920999992000022812004-15520+035220FM-12+102899999V0201501N001010120019N0300001N1+02511+02001999999ADDAA199000091GA1071+012009089GF107991071021012501031999REMSYN064AAXX  28121 67692 32680 71501 10251 20200 8723/ 333 87840 819//;EQDQ01  00002PRCP99
0250676920999992000022906004-15520+035220FM-12+102899999V0201901N001010300019N0300001N1+02191+02001999999ADDAA124000591GA1031+006009069GA2051+030009039GA3071+090009029GF107991031051008001031081KA1240M+02701KA2120N+01551OA150600501REMSYN116AAXX  29061 67692 12580 71901 10219 20200 69954 83538 333 20155 50210 55055 70005 83620 85360 87280 555 10270 7//96;
0215676920999992000022912004-15520+035220FM-12+102899999V0201501N001010120019N0300001N1+02641+02031999999ADDAA199000091GA1061+012009089GA2071+090009029GA3011+999999099GF107991061021012501031081KA1240M+02741REMSYN086AAXX  29121 67692 32680 71501 10264 20203 86238 333 86840 819// 87280 555 10274 29069;EQDQ01  00002PRCP99
0184676920999992000030106004-15520+035220FM-12+102899999V0209999C000010060019N0300001N1+02111+02011999999ADDAA199000091GA1071+006009059GF107991071051008001999999KA1120N+02001OA150605001REMSYN076AAXX  01061 67692 32580 70000 10211 20201 875// 333 20200 50511 55509 87620;EQDQ01  00002PRCP99
0215676920999992000030112004-15520+035220FM-12+102899999V0201701N002010120019N0300001N1+02761+02031999999ADDAA199000091GA1061+012009089GA2071+090009029GA3011+999999099GF107991061021012501001081KA1240M+02771REMSYN086AAXX  01121 67692 32680 71702 10276 20203 86208 333 86840 819// 87280 555 10277 29062;EQDQ01  00002PRCP99
0190676920999992000030206004-15520+035220FM-12+102899999V0200601N00101105001CN0300001N1+02261+02011999999ADDAA199000091GA1041+006009069GF107991041051008001001081KA1120N+01711OA150600601REMSYN082AAXX  02061 67692 32580 70601 10226 20201 84508 333 20171 50511 55068 84620 87280;EQDQ01  00002PRCP99
0142676920999992000030212004-15520+035220FM-12+102899999V0202101N001010120019N0300001N1+02731+01901999999ADDAA199000091GA1061+012009029GF107991061021012501001021REMSYN058AAXX  02121 67692 32680 72101 10273 20190 86202 333 86840;EQDQ01  00002PRCP99
0235676920999992000030306004-15520+035220FM-12+102899999V0209999C000010900019N0300001N1+02341+01751999999ADDAA199000091GA1021+007509069GA2051+090009029GF105991021051008001001061KA1240M+02771KA2120N+01701OA150601001REMSYN098AAXX  03061 67692 32580 50000 10234 20175 82506 333 20170 50311 55100 82625 85280 555 10277 7//92;EQDQ01  00002PRCP99
0180676920999992000030312004-15520+035220FM-12+102899999V0201201N999992200019N0300001N1+02771+01901999999ADDAA199000091GA1061+012009089GF199999061021012501001001REMSYN064AAXX  03121 67692 32680 31293 10277 20190 86200 333 86840 819//;EQDQ01+009301WOSPD Q02+000032SCOTCVQ03  00002PRCP99
0183676920999992000030606004-15520+035220FM-12+102899999V0201101N001010060019N0300001N1+02411+02021999999ADDAA124030091GA1061+006009069GF106991061051008001031001KA1120N+01841OA150600301REMSYN094AAXX  06061 67692 12580 61101 10241 20202 60304 86530 333 20184 50321 55031 70297 86620 85360;
0190676920999992000030906004-15520+035220FM-12+102899999V0200901N002010075019N0300001N1+02141+01931999999ADDAA199000091GA1061+007509069GF107991061051008001001081KA1120N+01901OA150600801REMSYN082AAXX  09061 67692 32580 70902 10214 20193 86508 333 20190 50311 55081 86625 87280;EQDQ01  00002PRCP99
0215676920999992000030912004-15520+035220FM-12+102899999V0201201N001010120019N0300001N1+02771+01831999999ADDAA199000091GA1061+012009089GA2071+090009029GA3011+999999099GF107991061021012501001081KA1240M+02801REMSYN086AAXX  09121 67692 32680 71201 10277 20183 86208 333 86840 819// 87280 555 10280 29055;EQDQ01  00002PRCP99
0170676920999992000031012004-15520+035220FM-12+102899999V0202001N002010120019N0300001N1+02481+01911999999ADDAA199000091GA1051+012009089GA2011+999999099GF107991051021012501001081REMSYN070AAXX  10121 67692 32680 72002 10248 20191 85208 333 85840 819// 87280;EQDQ01  00002PRCP99
0211676920999992000031406004-15520+035220FM-12+102899999V0209999C00001002101CN0300001N1+02011+02011999999ADDAA124002091AY141061AY221061GA1031+002409079GF107991071051002501999999KA1120N+01761MW1031OA150600301REMSYN100AAXX  14061 67692 11380 70000 10201 20201 60024 70342 875// 333 20176 50101 55038 70020 83708 87620;
0170676920999992000031412004-15520+035220FM-12+102899999V0203501N002010120019N0300001N1+02711+02051999999ADDAA199000091GA1051+012009089GA2011+999999099GF107991051021012501001081REMSYN070AAXX  14121 67692 32680 73502 10271 20205 85208 333 85840 819// 87280;EQDQ01  00002PRCP99
0212676920999992000031506004-15520+035220FM-12+102899999V0200701N001010060019N0300001N1+02311+02021999999ADDAA199000091GA1051+006009069GA2051+030009039GF107991051051008001031081KA1120N+01921OA150600601REMSYN088AAXX  15061 67692 32580 70701 10231 20202 85538 333 20192 50311 55067 85620 85360 87275;EQDQ01  00002PRCP99
0183676920999992000031606004-15520+035220FM-12+102899999V0200801N00201105001CN0300001N1+02311+01941999999ADDAA124034091GA1011+006009069GF107991011051008001001081KA1120N+01781OA150600601REMSYN094AAXX  16061 67692 12580 70802 10231 20194 60344 81508 333 20178 50751 55062 70336 81620 87280;
0215676920999992000031612004-15520+035220FM-12+102899999V0201101N002010120019N0300001N1+02701+02011999999ADDAA199000091GA1051+012009089GA2071+090009029GA3011+999999099GF107991051021012501001081KA1240M+02791REMSYN086AAXX  16121 67692 32680 71102 10270 20201 85208 333 85840 819// 87280 555 10279 29065;EQDQ01  00002PRCP99
0190676920999992000031706004-15520+035220FM-12+102899999V0200101N002010060019N0300001N1+02191+01921999999ADDAA199000091GA1051+006009069GF107991051051008001031081KA1120N+01901OA150601001REMSYN082AAXX  17061 67692 32580 70102 10219 20192 85538 333 20190 50411 55100 85620 87280;EQDQ01  00002PRCP99
0193676920999992000031712004-15520+035220FM-12+102899999V0200901N002010120019N0300001N1+02701+01821999999ADDAA199000091GA1051+012009089GA2051+090009029GF106991051021012501001051KA1240M+02751REMSYN080AAXX  17121 67692 32680 60902 10270 20182 85205 333 85840 85280 555 10275 29058;EQDQ01  00002PRCP99
0177676920999992000032006004-15520+035220FM-12+102899999V0200801N002010060019N0300001N1+02211+01971999999ADDAA124001091GA1061+006009059GF106991061051008001001001KA1120N+01881OA150600701REMSYN088AAXX  20061 67692 12580 60802 10221 20197 60014 86500 333 20188 50491 55079 70013 86620;
0184676920999992000032106004-15520+035220FM-12+102899999V0200801N002010060019N0300001N1+02071+01901999999ADDAA199000091GA1061+006009059GF106991061051008001001021KA1120N+01861OA150601001REMSYN076AAXX  21061 67692 32580 60802 10207 20190 86502 333 20186 50561 55106 86620;EQDQ01  00002PRCP99
0191676920999992000032112004-15520+035220FM-12+102899999V0200901N003010105019N0200001N1+02531+01991999999ADDAY181061AY221061GA1011+009009099GA2061+010509089GF107991061031012501031031KA1240M+02561MW1151REMSYN086AAXX  21121 67692 41670 70903 10253 20199 71582 86333 333 81930 86835 555 10256 29074;
0177676920999992000032206004-15520+035220FM-12+102899999V0201101N002010060019N0300001N1+02171+01981999999ADDAA124004191GA1061+006009059GF106991061051008001001021KA1120N+01851OA150600801REMSYN088AAXX  22061 67692 12580 61102 10217 20198 60044 86502 333 20185 50341 55080 70044 86620;
0142676920999992000032212004-15520+035220FM-12+102899999V0200801N002010105019N0300001N1+02501+01901999999ADDAA199000091GA1071+010509029GF107991071021012501999999REMSYN058AAXX  22121 67692 32680 70802 10250 20190 872// 333 87835;EQDQ01  00002PRCP99
0213676920999992000032306004-15520+035220FM-12+102899999V0200601N002010060019N0300001N1+02121+01961999999ADDAA199000091GA1071+006009069GF107991071051008001999999KA1240M+02651KA2120N+01961OA150600801REMSYN092AAXX  23061 67692 32580 70602 10212 20196 875// 333 20196 50461 55084 87620 555 10265 7//22;EQDQ01  00002PRCP99
0193676920999992000032712004-15520+035220FM-12+102899999V0200801N002010120019N0300001N1+02581+01961999999ADDAA199000091GA1051+012009089GA2011+999999099GF105991051021012501001031KA1240M+02641REMSYN080AAXX  27121 67692 32680 50802 10258 20196 85203 333 85840 819// 555 10264 29069;EQDQ01  00002PRCP99
0184676920999992000032806004-15520+035220FM-12+102899999V0202501N001010060019N0300001N1+02241+02041999999ADDAA199000091GA1051+006009059GF105991051051008001031001KA1120N+01871OA150601101REMSYN076AAXX  28061 67692 32580 52501 10224 20204 85530 333 20187 50461 55111 85620;EQDQ01  00002PRCP99
0193676920999992000032812004-15520+035220FM-12+102899999V0200601N002010120019N0300001N1+02681+01921999999ADDAA199000091GA1061+012009089GA2011+999999099GF106991061021012501061031KA1240M+02921REMSYN080AAXX  28121 67692 32680 60602 10268 20192 86263 333 86840 819// 555 10292 29074;EQDQ01  00002PRCP99
0177676920999992000032906004-15520+035220FM-12+102899999V0201101N001010060019N0300001N1+02111+02021999999ADDAA124002091GA1071+006009059GF107991071051008001999999KA1120N+01911OA150600901REMSYN088AAXX  29061 67692 12580 71101 10211 20202 60024 875// 333 20191 50521 55090 70021 87620;
0221676920999992000032912004-15520+035220FM-12+102899999V0200801N003010105019N0200001N1+02681+01941999999ADDAA199000091AY191061AY221061GA1011+009009099GA2061+010509089GF106991061091012501001031KA1240M+02741MW1151REMSYN086AAXX  29121 67692 31670 60803 10268 20194 71592 86903 333 81930 86835 555 10274 29062;EQDQ01  00002PRCP99
0171676920999992000040106004-15520+035220FM-12+102899999V0200701N001010075019N0300001N1+02221+02011999999ADDAA124005191GA1061+007509059GF106991061051008001001001KA1120N+01841OA150600901REMSYN082AAXX  01061 67692 12580 60701 10222 20201 60054 86500 333 20184 55092 70050 86625;
0176676920999992000040412004-15520+035220FM-12+102899999V0202301N00201012001CN0200001N1+02581+02031999999ADDAA199000091AY191061AY221061GA1011+009009099GF106991061091012501081021MW1171REMSYN070AAXX  04121 67692 31670 62302 10258 20203 71792 86982 333 81930 86835;EQDQ01  00002PRCP99
0184676920999992000040506004-15520+035220FM-12+102899999V0201401N001010060019N0300001N1+02131+01991999999ADDAA199000091GA1071+006009059GF107991071051008001999999KA1120N+01681OA150600701REMSYN076AAXX  05061 67692 32580 71401 10213 20199 875// 333 20168 50411 55074 87620;EQDQ01  00002PRCP99
0193676920999992000040612004-15520+035220FM-12+102899999V0202001N001010120019N0300001N1+02431+01881999999ADDAA199000091GA1061+012009089GA2071+090009029GF107991061021012501001081KA1240M+02481REMSYN080AAXX  06121 67692 32680 72001 10243 20188 86208 333 86840 87280 555 10248 29074;EQDQ01  00002PRCP99
0184676920999992000040706004-15520+035220FM-12+102899999V0201901N001010060019N0300001N1+01971+01771999999ADDAA199000091GA1071+006009059GF107991071051008001999999KA1120N+01741OA150600401REMSYN076AAXX  07061 67692 32580 71901 10197 20177 875// 333 20174 50201 55041 87620;EQDQ01  00002PRCP99
0148676920999992000040712004-15520+035220FM-12+102899999V0202501N001010075019N0300001N1+02141+01931999999ADDAA199000091GA1061+007509069GF107991061051008001031999REMSYN064AAXX  07121 67692 32580 72501 10214 20193 8653/ 333 86625 87360;EQDQ01  00002PRCP99
0205676920999992000080206004-15510+035210FM-12+102899999V0201001N002010060019N0060001N1+01451+01381999999ADDAA124009991AY121061AY221061GA1071+006009059GF107991071051008001999999KA1120N+01401MW1051OA150600401REMSYN094AAXX  02061 67692 11556 71002 10145 20138 60104 70522 875// 333 013// 20140 55044 70095 87620;
0218676920999992000080406004-15510+035210FM-12+102899999V0200601N002010450019N0080001N1+01811+01461999999ADDAA199000091AY111061AY211061GA1011+006009069GF105991011051008001031001KA1120N+01371MW1051OA150600801REMSYN088AAXX  04061 67692 31558 50602 10181 20146 70511 81530 333 011// 20137 55084 81620 85365;EQDQ01  00002PRCP99
0241676920999992000080906004-15510+035210FM-12+102899999V0201601N002010060019N0200001N1+01441+01191999999ADDAA199000091AY121061AY221061GA1071+006009069GF107991071051008001999999KA1240M+02081KA2120N+01201MW1051OA150600601REMSYN098AAXX  09061 67692 31570 71602 10144 20119 70522 875// 333 010// 20120 55061 87620 555 10208 7//22;EQDQ01  00002PRCP99
0148676920999992000080912004-15510+035210FM-12+102899999V0201301N00201045001CN0400001N1+02021+01041999999ADDAA199000091GA1031+012009089GF107991031011012501031021REMSYN064AAXX  09121 67692 32682 71302 10202 20104 83132 333 83840 87362;EQDQ01  00002PRCP99
0212676920999992000081006004-15510+035210FM-12+102899999V0201901N001010060019N0060001N1+01461+01361999999ADDAA199000091AY121061AY221061GA1071+006009059GF107991071051008001031999KA1120N+01161MW1051OA150600301REMSYN082AAXX  10061 67692 31556 71901 10146 20136 70522 8753/ 333 009// 20116 55034 87620;EQDQ01  00002PRCP99
0211676920999992000081406004-15510+035210FM-12+102899999V0201901N005010330019N0080001N1+01251+01211999999ADDAA124002091AY161061AY221061GA1061+033009079GF108991061071004501071999KA1120N+01151MW1581OA150600901REMSYN100AAXX  14061 67692 31458 81905 10125 20121 60024 75862 8677/ 333 011// 20115 55097 70022 86761 88458;
0212676920999992000081606004-15510+035210FM-12+102899999V0201601N003010060019N0150001N1+01451+01171999999ADDAA199000091AY121061AY221061GA1071+006009059GF107991071051008001999999KA1120N+01101MW1051OA150600801REMSYN082AAXX  16061 67692 31565 71603 10145 20117 70522 875// 333 008// 20110 55085 87620;EQDQ01  00002PRCP99
0206676920999992000081706004-15510+035210FM-12+102899999V0201501N003010060019N0060001N1+01451+01241999999ADDAA199000091AY121061AY221061GA1071+006009059GF107991071051008001999999KA1120N+01251MW1051OA150600701REMSYN076AAXX  17061 67692 31556 71503 10145 20124 70522 875// 333 20125 55078 87620;EQDQ01  00002PRCP99
0142676920999992000081712004-15510+035210FM-12+102899999V0200901N002010120019N0300001N1+02141+01181999999ADDAA199000091GA1061+012009029GF106991061011012501001001REMSYN058AAXX  17121 67692 32680 60902 10214 20118 86100 333 86840;EQDQ01  00002PRCP99
0170676920999992000083012004-15510+035210FM-12+102899999V0201001N003010120019N0150001N1+02601+01011999999ADDAA199000091AY121061AY221061GA1061+012009029GF106991061011012501031001MW1051REMSYN064AAXX  30121 67692 31665 61003 10260 20101 70522 86130 333 86840;EQDQ01  00002PRCP99
0189676920999992000090406004-15510+035210FM-12+102899999V0200801N002012200019N0060001N1+02151+01341999999ADDAA199000091AY101061AY201061GA1001+999999999GF100991001001999999001001KA1120N+01681MW1051REMSYN070AAXX  04061 67692 32956 00802 10215 20134 70500 333 20168 50561 55110;EQDQ01  00002PRCP99
0189676920999992000090706004-15510+035210FM-12+102899999V0200601N002012200019N0050001N1+02111+01171999999ADDAA199000091AY101061AY201061GA1001+999999999GF100991001001999999001001KA1120N+01551MW1051REMSYN070AAXX  07061 67692 31950 00602 10211 20117 70500 333 20155 50611 55105;EQDQ01  00002PRCP99
0154676920999992000090712004-15510+035210FM-12+102899999V0203601N002012200019N0050001N1+02891+01101999999ADDAA199000091AY101061AY201061GA1001+999999999GF100991001001999999001001MW1051REMSYN048AAXX  07121 67692 31950 03602 10289 20110 70500;EQDQ01  00002PRCP99
0176676920999992000091112004-15510+035210FM-12+102899999V0200901N00401105001CN0060001N1+02851+00991999999ADDAA199000091AY111061AY211061GA1031+012009089GF107991031011012501001081MW1051REMSYN070AAXX  11121 67692 31656 70904 10285 20099 70511 83108 333 83840 87280;EQDQ01  00002PRCP99
0218676920999992000091206004-15510+035210FM-12+102899999V0201601N001010060019N0050001N1+02011+01511999999ADDAA199000091AY121061AY221061GA1051+006009059GF105991051051008001031021KA1120N+01651MW1051OA150601001REMSYN088AAXX  12061 67692 31550 51601 10201 20151 70522 85532 333 014// 20165 50661 55107 85620;EQDQ01  00002PRCP99
0170676920999992000091212004-15510+035210FM-12+102899999V0200701N002010135019N0060001N1+02601+01121999999ADDAA199000091AY121061AY221061GA1061+013509029GF106991061011012501001001MW1051REMSYN064AAXX  12121 67692 31656 60702 10260 20112 70522 86100 333 86845;EQDQ01  00002PRCP99
0218676920999992000091306004-15510+035210FM-12+102899999V0200801N002010060019N0050001N1+01981+01531999999ADDAA199000091AY121061AY221061GA1051+006009059GF105991051051008001001001KA1120N+01491MW1051OA150601001REMSYN088AAXX  13061 67692 31550 50802 10198 20153 70522 85500 333 012// 20149 50771 55101 85620;EQDQ01  00002PRCP99
0170676920999992000091412004-15510+035210FM-12+102899999V0200201N003010135019N0050001N1+02821+01391999999ADDAA199000091AY111061AY211061GA1051+013509029GF105991051011012501001001MW1051REMSYN064AAXX  14121 67692 31650 50203 10282 20139 70511 85100 333 85845;EQDQ01  00002PRCP99
0170676920999992000091512004-15510+035210FM-12+102899999V0200901N003012200019N0060001N1+02941+01301999999ADDAA199000091AY101061AY201061GA1041+013509029GF104991041011012501001001MW1051REMSYN064AAXX  15121 67692 31656 40903 10294 20130 70500 84100 333 84845;EQDQ01  00002PRCP99
0195676920999992000091806004-15510+035210FM-12+102899999V0200601N002012200019N0050001N1+02251+01551999999ADDAA199000091AY101061AY201061GA1001+999999999GF100991001001999999001001KA1120N+01601MW1051REMSYN076AAXX  18061 67692 31950 00602 10225 20155 70500 333 011// 20160 50561 55106;EQDQ01  00002PRCP99
0170676920999992000091912004-15510+035210FM-12+102899999V0201001N004010135019N0150001N1+02841+01251999999ADDAA199000091AY111061AY211061GA1061+013509029GF106991061011012501001001MW1051REMSYN064AAXX  19121 67692 31665 61004 10284 20125 70511 86100 333 86845;EQDQ01  00002PRCP99
0212676920999992000092506004-15510+035210FM-12+102899999V0200801N002012200019N0050001N1+02021+01631999999ADDAA199000091AY111061AY211061GA1041+030009079GF104991041001999999031001KA1120N+01521MW1051OA150600601REMSYN082AAXX  25061 67692 31950 40802 10202 20163 70511 84030 333 20152 50311 55062 84360;EQDQ01  00002PRCP99
0170676920999992000092612004-15510+035210FM-12+102899999V0200901N001010135019N0100001N1+02721+01351999999ADDAA199000091AY121061AY221061GA1061+013509029GF106991061011012501001001MW1051REMSYN064AAXX  26121 67692 31660 60901 10272 20135 70522 86100 333 86845;EQDQ01  00002PRCP99
0170676920999992000092812004-15510+035210FM-12+102899999V0201101N003010135019N0080001N1+02591+00811999999ADDAA199000091AY121061AY221061GA1061+013509029GF106991061011012501001001MW1051REMSYN064AAXX  28121 67692 31658 61103 10259 20081 70522 86100 333 86845;EQDQ01  00002PRCP99
0176676920999992000102512004-15510+035210FM-12+102899999V0200701N00501105001CN0060001N1+03131+01291999999ADDAA199000091AY111061AY211061GA1041+013509089GF107991041011012501001081MW1051REMSYN070AAXX  25121 67692 31656 70705 10313 20129 70511 84108 333 84845 87280;EQDQ01  00002PRCP99
0142676920999992000103112004-15510+035210FM-12+102899999V0200901N001010075019N0300001N1+01971+01791999999ADDAA199000091GA1071+007509059GF107991071051008001999999REMSYN058AAXX  31121 67692 32580 70901 10197 20179 875// 333 87625;EQDQ01  00002PRCP99
0218676920999992000110306004-15510+035210FM-12+102899999V0200901N00201045001CN0200001N1+02411+01691999999ADDAA199000091AY121061AY221061GA1011+009009089GF107991011011012501031999KA1120N+02051MW1051OA150600901REMSYN088AAXX  03061 67692 31670 70902 10241 20169 70522 8113/ 333 20205 50461 55092 81830 87362;EQDQ01  00002PRCP99
0204676920999992000110312004-15510+035210FM-12+102899999V0203501N00201105001CN0300001N1+03281+01851999999ADDAA199000091GA1021+013509089GF106991021021012501031061MA1999999095211MD1999999-0111ME1314809REMSYN082AAXX  03121 67692 32680 63502 10328 20185 39521 48480 82236 333 59011 82845 86280;EQDQ01  00002PRCP99
0183676920999992000110906004-15510+035210FM-12+102899999V0200701N00201045001CN0300001N1+02141+01841999999ADDAA124003091GA1031+007509069GF107991031051008001031001KA1120N+01661OA150600401REMSYN094AAXX  09061 67692 12580 70702 10214 20184 60034 83530 333 20166 50301 55045 70025 83625 86362;
0148676920999992000110912004-15510+035210FM-12+102899999V0200601N002010135019N0300001N1+02661+01921999999ADDAA199000091GA1061+013509089GF106991061021012501031031REMSYN064AAXX  09121 67692 32680 60602 10266 20192 86233 333 86845 819//;EQDQ01  00002PRCP99
0211676920999992000111306004-15510+035210FM-12+102899999V0200901N00101045001CN0200001N1+02361+01921999999ADDAA124000391AY121061AY221061GA1021+007509069GF107991021051008001071999KA1120N+01961MW1051OA150600501REMSYN100AAXX  13061 67692 11570 70901 10236 20192 69934 70522 8257/ 333 20196 50441 55053 70003 82625 87460;
0177676920999992000111406004-15510+035210FM-12+102899999V0200601N001012200019N0300001N1+02261+01881999999ADDAA124005191GA1031+007509059GF103991031051008001001021KA1120N+01651OA150600401REMSYN088AAXX  14061 67692 12580 30601 10226 20188 60054 83502 333 20165 50501 55043 70045 83625;
0211676920999992000111606004-15510+035210FM-12+102899999V0201001N001010060019N0150001N1+02141+01951999999ADDAA124003091AY121061AY221061GA1061+006009069GF107991061051008001031999KA1120N+01841MW1051OA150600401REMSYN100AAXX  16061 67692 11565 71001 10214 20195 60034 70522 8653/ 333 20184 50281 55048 70033 86620 87362;
0148676920999992000112212004-15510+035210FM-12+102899999V0201301N001010120019N0300001N1+02601+01731999999ADDAA199000091GA1061+012009089GF107991061021012501031031REMSYN064AAXX  22121 67692 32680 71301 10260 20173 86233 333 86840 819//;EQDQ01  00002PRCP99
0183676920999992000120506004-15510+035210FM-12+102899999V0201101N003010075019N0300001N1+02301+01921999999ADDAA124004191GA1051+007509069GF106991051051008001031021KA1120N+01841OA150600701REMSYN094AAXX  05061 67692 12580 61103 10230 20192 60044 85532 333 20184 50491 55076 70044 85625 85362;
0198676920999992000120512004-15510+035210FM-12+102899999V0201201N002010105019N0150001N1+02621+01961999999ADDAA199000091AY191061AY221061GA1011+009009099GA2061+010509089GF107991061091012501031031MW1171REMSYN076AAXX  05121 67692 31665 71202 10262 20196 71792 86933 333 81930 86835 86360;EQDQ01  00002PRCP99
0228676920999992000120606004-15510+035210FM-12+102899999V0200701N003010060019N0300001N1+02111+02031999999ADDAA124002091GA1061+006009069GA2071+030009049GF107991061051008001071999KA1240M+02061KA2120N+01891OA150600701REMSYN110AAXX  06061 67692 12580 70703 10211 20203 60024 8657/ 333 20189 50541 55078 70081 86620 87460 555 10206 7//96;
0213676920999992000120806004-15510+035210FM-12+102899999V0200701N002010075019N0300001N1+02391+01941999999ADDAA199000091GA1051+007509069GF105991051051008001031001KA1240M+02801KA2120N+01851OA150600601REMSYN092AAXX  08061 67692 32580 50702 10239 20194 85530 333 20185 50311 55063 85625 555 10280 7//92;EQDQ01  00002PRCP99
0190676920999992000121206004-15510+035210FM-12+102899999V0203201N005019999999N0300001N1+02601+01791999999ADDAA199000091GA1031+036009039GF107991031001999999081081KA1120N+02001OA150601001REMSYN082AAXX  12061 67692 32980 73205 10260 20179 83088 333 20200 50661 55102 83362 87280;EQDQ01  00002PRCP99
0213676920999992000121306004-15510+035210FM-12+102899999V0201601N002010060019N0300001N1+02111+01981999999ADDAA199000091GA1071+006009069GF107991071051008001999999KA1240M+02991KA2120N+02001OA150600701REMSYN092AAXX  13061 67692 32580 71602 10211 20198 875// 333 20200 50411 55074 87620 555 10299 7//92;EQDQ01  00002PRCP99
0224676920999992000121406004-15510+035210FM-12+102899999V0201501N001010060019N0080001N1+01881+01821999999ADDAA124041991AY121061AY221061GA1071+006009059GF107991071051008001999999KA1120N+01711MW1151OA150699999REMSYN094AAXX  14061 67692 11558 71501 10188 20182 60424 71522 875// 333 20171 50451 55003 70422 87620;EQDQ01  00002WGOSPD
0157676920999992000121412004-15510+035210FM-12+102899999V0200801N001010075019N0300001N1+02141+02031999999ADDAA199000021AY161061AY221061GA1071+007509069GF108991071051008001071999MW1211REMSYN070AAXX  14121 67692 31580 80801 10214 20203 72162 8757/ 333 87625 88459;
0202676920999992000121506004-15510+035210FM-12+102899999V0201701N00101007501CN0300001N1+01931+01881999999ADDAA124008991GA1021+002409079GF107991071051008001999999KA1120N+01811OA150699999REMSYN094AAXX  15061 67692 12580 71701 10193 20188 60094 875// 333 20181 50051 55005 70087 82708 87620;EQDQ01  00002WGOSPD
0184676920999992000121806004-15510+035210FM-12+102899999V0200701N002010075019N0300001N1+02351+02071999999ADDAA199000091GA1051+007509059GF105991051051008001001001KA1120N+01801OA150600601REMSYN076AAXX  18061 67692 32580 50702 10235 20207 85500 333 20180 50261 55068 85625;EQDQ01  00002PRCP99
0148676920999992000121812004-15510+035210FM-12+102899999V0200801N001010120019N0300001N1+02661+02001999999ADDAA199000091GA1061+012009089GF106991061021012501001031REMSYN064AAXX  18121 67692 32680 60801 10266 20200 86203 333 86840 819//;EQDQ01  00002PRCP99
0263676920999992000121906004-15510+035210FM-12+102899999V0201101N002010075019N0300001N1+02491+02151999999ADDAA199000091AY191061AY221061GA1051+007509069GA2031+030009039GF106991051051008001031021KA1240M+02891KA2120N+02011MW1031OA150601101REMSYN104AAXX  19061 67692 31580 61102 10249 20215 70392 85532 333 20201 50361 55110 85625 83360 555 10289 7//92;EQDQ01  00002PRCP99
0170676920999992000121912004-15510+035210FM-12+102899999V0200901N001010105019N0400001N1+02831+02071999999ADDAA199000091GA1061+010509089GA2011+999999099GF107991061021012501001081REMSYN070AAXX  19121 67692 32682 70901 10283 20207 86208 333 86835 819// 87280;EQDQ01  00002PRCP99
0235676920999992000122006004-15510+035210FM-12+102899999V0201001N002010060019N0300001N1+02421+02131999999ADDAA199000091GA1051+006009069GA2071+090009029GF107991051051008001031081KA1240M+02951KA2120N+02031OA150600901REMSYN098AAXX  20061 67692 32580 71002 10242 20213 85538 333 20203 50561 55095 85620 87280 555 10295 7//92;EQDQ01  00002PRCP99
0170676920999992000122012004-15510+035210FM-12+102899999V0200901N001011050019N0300001N1+02631+02021999999ADDAA199000091GA1041+010509089GA2011+999999099GF107991041021012501001081REMSYN070AAXX  20121 67692 32680 70901 10263 20202 84208 333 84835 819// 87280;EQDQ01  00002PRCP99
0233676920999992000122106004-15510+035210FM-12+102899999V0200601N001010300019N0300001N1+02351+02001999999ADDAA124000891AY191061AY221061GA1031+006009069GA2031+030009039GF107991031051008001081081KA1120N+01951MW1031OA150600801REMSYN106AAXX  21061 67692 11580 70601 10235 20200 69984 70392 83588 333 20195 50491 55084 70008 83620 83360 87280;
0213676920999992000122206004-15510+035210FM-12+102899999V0200901N001010060019N0300001N1+02171+02061999999ADDAA199000091GA1071+006009069GF107991071051008001999999KA1240M+02871KA2120N+02021OA150600701REMSYN092AAXX  22061 67692 32580 70901 10217 20206 875// 333 20202 50561 55073 87620 555 10287 7//92;EQDQ01  00002PRCP99
0177676920999992000122806004-15510+035210FM-12+102899999V0201401N001010060019N0300001N1+02001+01921999999ADDAA124000191GA1071+006009059GF107991071051008001999999KA1120N+01891OA150600901REMSYN088AAXX  28061 67692 12580 71401 10200 20192 69914 875// 333 20189 50461 55092 70001 87620;
0183676920999992000122906004-15510+035210FM-12+102899999V0200801N001010060019N0300001N1+02261+02011999999ADDAA124009991GA1051+006009069GF107991051051008001031999KA1120N+01861OA150600501REMSYN094AAXX  29061 67692 12580 70801 10226 20201 60104 8553/ 333 20186 50561 55053 70097 85620 87360;
