0237112450999992000010106004+46870+015900FM-12+030399999V0209999C000010180019N0150001N1-00701-00851102901ADDAA106000091AJ100199199999999GA1071+018009059GF107991071051017501999999IA1289KA1120N-01051MA1999999097121MD1310041+9999REMSYN088AAXX  01064 11245 32765 70000 11070 21085 39712 40290 53004 875// 333 21105 44019 87656;EQDQ01  00002PRCP06
0159112450999992000010109004+46870+015900FM-12+030399999V0209999C000010180019N0350001N1-00531-00661102961ADDGA1071+018009059GF107991071051017501999999MA1999999099202MD1210081+9999REMSYN076AAXX  01094 11245 42781 70000 11053 21066 39920 40296 52008 875// 333 87656;
0189112450999992000010112004+46870+015900FM-12+030399999V0209999C000010180019N0400001N1-00141-00601102871ADDAA106000091GA1071+018009059GF107991071051017501999999MA1999999099171MD1010041+9999REMSYN076AAXX  01124 11245 32782 70000 11014 21060 39917 40287 50004 875// 333 87656;EQDQ01  00002PRCP06
0208112450999992000010118004+46870+015900FM-12+030399999V0209999C000010180019N0350001N1-00121-00671103721ADDAA106000091GA1071+018009059GF107991071051017501999999KA1120M+00031MA1999999099041MD1710051+9999REMSYN082AAXX  01184 11245 32781 70000 11012 21067 39904 40372 57005 875// 333 10003 87656;EQDQ01  00002PRCP06
0268112450999992000010206004+46870+015900FM-12+030399999V0209999C000010060019N0150001N1-00231-00381102711ADDAA112000591AJ100209199999999AL10600191AY171061AY221061GA1081+006009069GF108991081051008001999999IA1289KA1120N-00261MA1999999099001MD1410001+9999MW1021REMSYN106AAXX  02064 11245 11565 80000 11023 21038 39900 40271 54000 69952 70272 885// 333 21026 44020 88620 93101;
0223112450999992000010212004+46870+015900FM-12+030399999V0209999C000010060019N0150001N1+00001-00191103001ADDAA106001091AY171061AY221061GA1081+006009069GF108991999061008001999071MA1999999099311MD1210131+9999MW1021REMSYN088AAXX  02124 11245 11565 80000 10000 21019 39931 40300 52013 60011 70272 886/7 333 88720;EQDQ01+000082SCOTLC
0223112450999992000010218004+46870+015900FM-12+030399999V0209999C000010102019N0120001N1+00021-00111103231ADDAA112002091AY171061AY221061GA1081+010209059GF108991081051012501999999KA1120M+00081MA1999999099531MD1210151+9999MW1021REMSYN094AAXX  02184 11245 11662 80000 10002 21011 39953 40323 52015 60022 70272 885// 333 10008 88634;
0281112450999992000010306004+46870+015900FM-12+030399999V0209999C000010015019N0020001N1-00181-00211103241ADDAA106000091AJ100219199999999AL10600291AY121061AY221061GA1081+001509079GF108991081061002501999999IA1289KA1120N-00401MA1999999099511MD1710081+9999MW1101REMSYN100AAXX  03064 11245 31320 80000 11018 21021 39951 40324 57008 71022 886// 333 21040 44021 88705 93102;EQDQ01  00002PRCP06
0159112450999992000010309004+46870+015900FM-12+030399999V0202701N001010021019N0050001N1-00201-00241103211ADDGA1081+002109069GF108991081061002501999999MA1999999099491MD1810011+9999REMSYN076AAXX  03094 11245 41350 82702 11020 21024 39949 40321 58001 886// 333 88707;
0189112450999992000010312004+46870+015900FM-12+030399999V0201801N001010300019N0400001N1+00001-00171103051ADDAA106000091GA1051+030009079GF105991051001999999041011MA1999999099361MD1710131+9999REMSYN076AAXX  03124 11245 32982 51802 10000 21017 39936 40305 57013 85041 333 85360;EQDQ01  00002PRCP06
0224112450999992000010318004+46870+015900FM-12+030399999V0209999C000012200019N0150001N1-00271-00401101902ADDAA106000091GA1021+033009079GF102991021001999999041001KA1120M+00111MA1999999099171MD1710051+9999REMSYN082AAXX  03184 11245 32965 20000 11027 21040 39917 40190 57005 82040 333 10011 82361;EQDQ01+101903APOSLPQ02  00002PRCP06
0253112450999992000010406004+46870+015900FM-12+030399999V0209999C000010001519N0001001N1-00781-00861102821ADDAA106000091AJ100209199999999AY141061AY201061GA1091+999999999GF109991091999999999999999IA1289KA1120N-00951MA1999999099031MD1410001+9999MW1471REMSYN082AAXX  04064 11245 31/01 90000 11078 21086 39903 40282 54000 74740 333 21095 44020;EQDQ01  00002PRCP06
0217112450999992000010412004+46870+015900FM-12+030399999V0209999C000012200019N0150001N1-00151-00191102661ADDAA106000091AY141061AY201061GA1021+030009079GF102991021001999999041001MA1999999098971MD1010091+9999MW1031REMSYN082AAXX  04124 11245 31965 20000 11015 21019 39897 40266 50009 70340 82040 333 82360;EQDQ01  00002PRCP06
0196112450999992000010418004+46870+015900FM-12+030399999V0209999C000012200019N0120001N1-00481-00641102721ADDAA106000091GA1001+999999999GF100991001001999999001001KA1999M+00001MA1999999098971MD1410001+9999REMSYN070AAXX  04184 11245 32962 00000 11048 21064 39897 40272 54000 333 10000;EQDQ01  00002PRCP06
0237112450999992000010506004+46870+015900FM-12+030399999V0203601N001012200019N0100001N1-00681-00771102521ADDAA106000091AJ100199199999999GA1031+030009079GF103991031001999999041001IA1289KA1120N-00961MA1999999098751MD1710111+9999REMSYN088AAXX  05064 11245 32960 33602 11068 21077 39875 40252 57011 83040 333 21096 44019 83360;EQDQ01  00002PRCP06
0205112450999992000010512004+46870+015900FM-12+030399999V0201801N002110180019N0250001N1-00141-00271102561ADDAA106000091GA1061+018009059GF106991061051017501999001MA1999999098871MD1210091+9999REMSYN076AAXX  05124 11245 32775 61804 11014 21027 39887 40256 52009 86500 333 86656;EQDQ01+000002SCOMCGQ02  00002PRCP06
0225112450999992000010606004+46870+015900FM-12+030399999V0209999C000012200019N0120001N1-00871-00961103001ADDAA106000091AJ100199199999999GA1001+999999999GF100991001001999999001001IA1289KA1120N-00901MA1999999099191MD1210031+9999REMSYN076AAXX  06064 11245 32962 00000 11087 21096 39919 40300 52003 333 21090 44019;EQDQ01  00002PRCP06
0171112450999992000010609004+46870+015900FM-12+030399999V0209999C000012200019N0050001N1-00741-00851103001ADDAY101031AY201031GA1001+999999999GF100991001001999999001001MA1999999099211MD1310031+9999MW1101REMSYN066AAXX  06094 11245 41950 00000 11074 21085 39921 40300 53003 71000;
0173112450999992000010612004+46870+015900FM-12+030399999V0201801N001012200019N0120001N1-00021-00291102731ADDAA106000091GA1001+999999999GF100991001001999999001001MA1999999099051MD1010041+9999REMSYN060AAXX  06124 11245 32962 01802 11002 21029 39905 40273 50004;EQDQ01  00002PRCP06
0253112450999992000010706004+46870+015900FM-12+030399999V0209999C000010001519N0001001N1-00601-00651102971ADDAA106000091AJ100189199999999AY141061AY201061GA1091+999999999GF109991091999999999999999IA1289KA1120N-00861MA1999999099201MD1210131+9999MW1451REMSYN082AAXX  07064 11245 31/01 90000 11060 21065 39920 40297 52013 74540 333 21086 44018;EQDQ01  00002PRCP06
0217112450999992000010712004+46870+015900FM-12+030399999V0201801N001010180019N0080001N1-00341-00391103121ADDAA106000091AY141061AY211061GA1071+018009059GF107991071051017501999999MA1999999099391MD1010031+9999MW1031REMSYN082AAXX  07124 11245 32758 71802 11034 21039 39939 40312 50003 70341 875// 333 87656;EQDQ01  00002PRCP06
0224112450999992000010718004+46870+015900FM-12+030399999V0209999C000010001519N0001001N1-00541-00591103131ADDAA106000091AY141061AY211061GA1091+999999999GF109991091999999999999999KA1999M-00201MA1999999099371MD1210081+9999MW1491REMSYN076AAXX  07184 11245 31/01 90000 11054 21059 39937 40313 52008 74941 333 11020;EQDQ01  00002PRCP06
0253112450999992000010806004+46870+015900FM-12+030399999V0209999C000010001519N0001001N1-00641-00701103021ADDAA106000091AJ100189199999999AY141061AY241061GA1091+999999999GF109991091999999999999999IA1289KA1120N-00861MA1999999099251MD1710111+9999MW1491REMSYN082AAXX  08064 11245 31/01 90000 11064 21070 39925 40302 57011 74944 333 21086 44018;EQDQ01  00002PRCP06
0187112450999992000010809004+46870+015900FM-12+030399999V0209999C000010009019N0010001N1-00581-00611103111ADDAY141031AY241031GA1081+000909069GF108991081061000751999999MA1999999099331MD1210081+9999MW1101REMSYN082AAXX  08094 11245 41110 80000 11058 21061 39933 40311 52008 71044 886// 333 88703;
0217112450999992000010812004+46870+015900FM-12+030399999V0201801N001010021019N0060001N1-00461-00561103071ADDAA106000091AY141061AY221061GA1081+002109069GF108991081061002501999999MA1999999099311MD1010031+9999MW1021REMSYN082AAXX  08124 11245 31356 81802 11046 21056 39931 40307 50003 70242 886// 333 88707;EQDQ01  00002PRCP06
0236112450999992000010818004+46870+015900FM-12+030399999V0209999C000010009019N0050001N1-00461-00501103041ADDAA106000091AY121061AY221061GA1081+000909069GF108991081061000751999999KA1120M-00341MA1999999099281MD1410001+9999MW1101REMSYN088AAXX  08184 11245 31150 80000 11046 21050 39928 40304 54000 71022 886// 333 11034 88703;EQDQ01  00002PRCP06
0189112450999992000010912004+46870+015900FM-12+030399999V0203201N001010021019N0070001N1-00461-00491103011ADDAA106000091GA1081+002109069GF108991081061002501999999MA1999999099251MD1210031+9999REMSYN076AAXX  09124 11245 32357 83202 11046 21049 39925 40301 52003 886// 333 88707;EQDQ01  00002PRCP06
0236112450999992000010918004+46870+015900FM-12+030399999V0209999C000010009019N0040001N1-00441-00491102971ADDAA106000091AY121061AY221061GA1081+000909069GF108991081061000751999999KA1120M-00351MA1999999099231MD1410001+9999MW1101REMSYN088AAXX  09184 11245 31140 80000 11044 21049 39923 40297 54000 71022 886// 333 11035 88703;EQDQ01  00002PRCP06
0265112450999992000011006004+46870+015900FM-12+030399999V0209999C000010021019N0050001N1-00391-00411103321ADDAA106000091AJ100189199999999AY121061AY221061GA1081+002109069GF108991081061002501999999IA1289KA1120N-00461MA1999999099561MD1210201+9999MW1101REMSYN094AAXX  10064 11245 31350 80000 11039 21041 39956 40332 52020 71022 886// 333 21046 44018 88707;EQDQ01  00002PRCP06
0159112450999992000011009004+46870+015900FM-12+030399999V0201801N001010030019N0100001N1-00331-00371103521ADDGA1081+003009069GF108991081061004501999999MA1999999099771MD1210211+9999REMSYN076AAXX  10094 11245 42460 81802 11033 21037 39977 40352 52021 886// 333 88710;
0189112450999992000011012004+46870+015900FM-12+030399999V0209999C000010039019N0120001N1-00121-00181103561ADDAA106000091GA1081+003909069GF108991081061004501999999MA1999999099841MD1210071+9999REMSYN076AAXX  10124 11245 32462 80000 11012 21018 39984 40356 52007 886// 333 88713;EQDQ01  00002PRCP06
0242112450999992000011018004+46870+015900FM-12+030399999V0209999C000010030019N0080001N1-00071-00221103681ADDAA112000791AY171061AY221061GA1081+003009069GF108991999061004501999071KA1120M+00021MA1999999099951MD1210071+9999MW1021REMSYN094AAXX  10184 11245 11458 80000 11007 21022 39995 40368 52007 69902 70272 886/7 333 10002 88710;EQDQ01+000082SCOTLC
0268112450999992000011106004+46870+015900FM-12+030399999V0209999C000010009019N0020001N1-00101-00191103941ADDAA112000191AJ100199199999999AL10600191AY121061AY221061GA1081+000909079GF108991081061000751999999IA1289KA1120N-00151MA1999999100201MD1210091+9999MW1101REMSYN106AAXX  11064 11245 11120 80000 11010 21019 30020 40394 52009 69912 71022 886// 333 21015 44019 88703 93101;
0187112450999992000011109004+46870+015900FM-12+030399999V0209999C000010021019N0050001N1-00061-00111104051ADDAY121031AY221031GA1081+002109069GF108991081061002501999999MA1999999100311MD1210111+9999MW1101REMSYN082AAXX  11094 11245 41350 80000 11006 21011 30031 40405 52011 71022 886// 333 88707;
0189112450999992000011112004+46870+015900FM-12+030399999V0209999C000010180019N0250001N1+00201-00271104011ADDAA106000091GA1071+018009059GF107991071051017501999999MA1999999100311MD1410001+9999REMSYN076AAXX  11124 11245 32775 70000 10020 21027 30031 40401 54000 875// 333 87656;EQDQ01  00002PRCP06
0208112450999992000011118004+46870+015900FM-12+030399999V0209999C000010120019N0150001N1+00051-00201104041ADDAA106000091GA1081+012009069GF108991081061012501999999KA1120M+00231MA1999999100321MD1810031+9999REMSYN082AAXX  11184 11245 32665 80000 10005 21020 30032 40404 58003 886// 333 10023 88740;EQDQ01  00002PRCP06
0237112450999992000011206004+46870+015900FM-12+030399999V0209999C000010030019N0080001N1-00201-00381103901ADDAA106000091AJ100189199999999GA1081+003009069GF108991081061004501999999IA1289KA1120N-00251MA1999999100151MD1710131+9999REMSYN088AAXX  12064 11245 32458 80000 11020 21038 30015 40390 57013 886// 333 21025 44018 88710;EQDQ01  00002PRCP06
0189112450999992000011212004+46870+015900FM-12+030399999V0209999C000010060019N0100001N1+00101-00491103871ADDAA106000091GA1051+006009059GF105991051051008001001001MA1999999100131MD1210041+9999REMSYN076AAXX  12124 11245 32560 50000 10010 21049 30013 40387 52004 85500 333 85620;EQDQ01  00002PRCP06
0187112450999992000011309004+46870+015900FM-12+030399999V0209999C000010021019N0050001N1-00521-00611103361ADDAY121031AY221031GA1081+002109069GF108991081061002501999999MA1999999099591MD1710041+9999MW1101REMSYN082AAXX  13094 11245 41350 80000 11052 21061 39959 40336 57004 71022 886// 333 88707;
0204112450999992000011312004+46870+015900FM-12+030399999V0209999C000010030019N0080001N1-00421-00491103191ADDAA106000191AY171061AY221061GA1081+003009069GF108991081071004501999999MA1999999099441MD1710151+9999MW1771REMSYN088AAXX  13124 11245 11458 80000 11042 21049 39944 40319 57015 69921 77772 887// 333 88710;
0223112450999992000011318004+46870+015900FM-12+030399999V0209999C000010030019N0060001N1-00261-00301102931ADDAA112000391AY171061AY221061GA1081+003009069GF108991081061004501999999KA1120M-00261MA1999999099201MD1710131+9999MW1021REMSYN094AAXX  13184 11245 11456 80000 11026 21030 39920 40293 57013 69932 70272 886// 333 11026 88710;
0257112450999992000011406004+46870+015900FM-12+030399999V0209999C000010060019N0070001N1-00461-00571102861ADDAA199000091AJ100189199999999AL10699999GA1081+006009079GF108991081061008001999999IA1289KA1120N-00501MA1999999099111MD1810031+9999REMSYN098    AAXX  14064 11245 32557 80000 11046 21057 39911 40286 58003 886// 333 21050 44018 88720 93197;EQDQ01  00002PRCP99
0177112450999992000011412004+46870+015900FM-12+030399999V0200801N001012200019N0100001N1-00401-00691102931ADDAA199000091GA1001+999999999GF100991001001999999001001MA1999999099191MD1210081+9999REMSYN064    AAXX  14124 11245 32960 00802 11040 21069 39919 40293 52008;EQDQ01  00002PRCP99
0200112450999992000011418004+46870+015900FM-12+030399999V0209999C000012200019N0080001N1-00581-00791102961ADDAA199000091GA1001+999999999GF100991001001999999001001KA1999M-00361MA1999999099191MD1410001+9999REMSYN074    AAXX  14184 11245 32958 00000 11058 21079 39919 40296 54000 333 11036;EQDQ01  00002PRCP99
0269112450999992000011506004+46870+015900FM-12+030399999V0209999C000010030019N0050001N1-00381-00511103011ADDAA199000091AJ100189199999999AY121061AY221061GA1081+003009069GF108991081061004501999999IA1289KA1120N-00701MA1999999099291MD1410001+9999MW1101REMSYN098    AAXX  15064 11245 31450 80000 11038 21051 39929 40301 54000 71022 886// 333 21070 44018 88710;EQDQ01  00002PRCP99
0191112450999992000011509004+46870+015900FM-12+030399999V0209999C000010030019N0050001N1+00301-00401103211ADDAY121031AY221031GA1081+003009069GF108991081061004501999999MA1999999099471MD1210171+9999MW1101REMSYN086    AAXX  15094 11245 41450 80000 10030 21040 39947 40321 52017 71022 886// 333 88710;
0193112450999992000011512004+46870+015900FM-12+030399999V0209999C000010030019N0060001N1-00231-00391103221ADDAA199000091GA1081+003009069GF108991081061004501999999MA1999999099491MD1210031+9999REMSYN080    AAXX  15124 11245 32456 80000 11023 21039 39949 40322 52003 886// 333 88710;EQDQ01  00002PRCP99
0240112450999992000011518004+46870+015900FM-12+030399999V0209999C000010030019N0050001N1-00201-00511103041ADDAA199000091AY121061AY221061GA1081+003009069GF108991081061004501999999KA1120M-00151MA1999999099321MD1410001+9999MW1101REMSYN092    AAXX  15184 11245 31450 80000 11020 21051 39932 40304 54000 71022 886// 333 11015 88710;EQDQ01  00002PRCP99
0241112450999992000011606004+46870+015900FM-12+030399999V0209999C000010030019N0060001N1-00581-00691103231ADDAA199000091AJ100189199999999GA1081+003009069GF108991081061004501999999IA1289KA1120N-00801MA1999999099451MD1410001+9999REMSYN092    AAXX  16064 11245 32456 80000 11058 21069 39945 40323 54000 886// 333 21080 44018 88710;EQDQ01  00002PRCP99
0193112450999992000011612004+46870+015900FM-12+030399999V0209999C000012200019N0200001N1-00041-00601103341ADDAA199000091GA1011+015009029GF101991011011017501001001MA1999999099641MD1210161+9999REMSYN080    AAXX  16124 11245 32770 10000 11004 21060 39964 40334 52016 81100 333 81850;EQDQ01  00002PRCP99
0200112450999992000011618004+46870+015900FM-12+030399999V0209999C000012200019N0300001N1-00401-01031103231ADDAA199000091GA1001+999999999GF100991001001999999001001KA1999M+00131MA1999999099481MD1410001+9999REMSYN074    AAXX  16184 11245 32980 00000 11040 21103 39948 40323 54000 333 10013;EQDQ01  00002PRCP99
0229112450999992000011706004+46870+015900FM-12+030399999V0209999C000012200019N0300001N1-00901-01071102531ADDAA199000091AJ100179199999999GA1001+999999999GF100991001001999999001001IA1289KA1120N-01051MA1999999098731MD1710401+9999REMSYN080    AAXX  17064 11245 32980 00000 11090 21107 39873 40253 57040 333 21105 44017;EQDQ01  00002PRCP99
0163112450999992000011709004+46870+015900FM-12+030399999V0203201N001012200019N0200001N1-00521-00811102181ADDGA1021+030009079GF102991021001999999041001MA1999999098451MD1710291+9999REMSYN080    AAXX  17094 11245 42970 23202 11052 21081 39845 40218 57029 82040 333 82360;
0193112450999992000011712004+46870+015900FM-12+030399999V0201801N00101036001CN0250001N1+00111-00601101741ADDAA199000091GA1031+018009059GF105991031051017501041011MA1999999098111MD1710351+9999REMSYN080    AAXX  17124 11245 32775 51802 10011 21060 39811 40174 57035 83541 333 83656;EQDQ01  00002PRCP99
0212112450999992000011718004+46870+015900FM-12+030399999V0209999C000012200019N0250001N1-00241-00691101091ADDAA199000091GA1011+030009079GF101991011001999999041001KA1120M+00151MA1999999097441MD1710281+9999REMSYN086    AAXX  17184 11245 32975 10000 11024 21069 39744 40109 57028 81040 333 10015 81360;EQDQ01  00002PRCP99
0241112450999992000011806004+46870+015900FM-12+030399999V0209999C000012200019N0500001N1+00501-00391100621ADDAA199000091AJ100169199999999GA1021+033009079GF102991021001999999041001IA1289KA1120N-00501MA1999999097081MD1710111+9999REMSYN092    AAXX  18064 11245 32984 20000 10050 21039 39708 40062 57011 82040 333 21050 44016 82361;EQDQ01  00002PRCP99
0182112450999992000011809004+46870+015900FM-12+030399999V0209999C000012200019N0500001N1+00171-00141100411ADDGA1041+018009059GF104991041051017501999001MA1999999096841MD1710111+9999REMSYN080    AAXX  18094 11245 42784 40000 10017 21014 39684 40041 57011 84500 333 84656;EQDQ01+000002SCOMCG
0193112450999992000011812004+46870+015900FM-12+030399999V0203201N002110120019N0600001N1+00961-00521100141ADDAA199000091GA1071+012009059GF107991071051012501999999MA1999999096681MD1710161+9999REMSYN080    AAXX  18124 11245 32686 73204 10096 21052 39668 40014 57016 875// 333 87640;EQDQ01  00002PRCP99
0262112450999992000011818004+46870+015900FM-12+030399999V0203201N002112200019N0500001N1+00141-00461100961ADDAA112005191AY181061AY271061GA1031+018009059GF103991031051017501999001KA1120M+00961MA1999999097361MD1210532+9999MW1011REMSYN098    AAXX  18184 11245 11784 33204 10014 21046 39736 40096 52053 60052 70187 83500 333 10096 83656;EQDQ01+000002SCOMCGQ02+000532APC3  
0245112450999992000011906004+46870+015900FM-12+030399999V0203201N001012200019N0600001N1-00681-00731101791ADDAA199000091AJ100229199999999AL10600691GA1001+999999999GF100991001001999999001001IA1289KA1120N-00751MA1999999098051MD1210271+9999REMSYN086    AAXX  19064 11245 32986 03202 11068 21073 39805 40179 52027 333 21075 44022 93106;EQDQ01  00002PRCP99
0177112450999992000011912004+46870+015900FM-12+030399999V0203201N002112200019N0600001N1+00221-00701101911ADDAA199000091GA1001+999999999GF100991001001999999001001MA1999999098291MD1410001+9999REMSYN064    AAXX  19124 11245 32986 03204 10022 21070 39829 40191 54000;EQDQ01  00002PRCP99
0208112450999992000011918004+46870+015900FM-12+030399999V0203201N001012200019N0600001N1-00181-01071102261ADDAA199000091GA1011+015009029GF101991011021017501001001KA1120M+00271MA1999999098571MD1210291+9999REMSYN082AAXX  19184 11245 32786 13202 11018 21107 39857 40226 52029 81200 333 10027 81850;EQDQ01  00002PRCP99
0237112450999992000012006004+46870+015900FM-12+030399999V0203201N001012200019N0600001N1-00661-00841102911ADDAA199000091AJ100209199999999GA1011+015009029GF101991011011017501001001IA1289KA1120N-00811MA1999999099131MD1210211+9999REMSYN088AAXX  20064 11245 32786 13202 11066 21084 39913 40291 52021 81100 333 21081 44020 81850;EQDQ01  00002PRCP99
0159112450999992000012009004+46870+015900FM-12+030399999V0209999C000012200019N0500001N1-00571-00761103011ADDGA1011+015009029GF101991011021017501001001MA1999999099241MD1210111+9999REMSYN076AAXX  20094 11245 42784 10000 11057 21076 39924 40301 52011 81200 333 81850;
0205112450999992000012012004+46870+015900FM-12+030399999V0201801N001010390019N0500001N1+00151-01011102821ADDAA199000091GA1061+039009019GF106991061001999999011999MA1999999099161MD1010041+9999REMSYN076AAXX  20124 11245 32984 61802 10015 21101 39916 40282 50004 86010 333 86463;EQDQ01+000002SCOHCGQ02  00002PRCP99
0208112450999992000012018004+46870+015900FM-12+030399999V0209999C000010180019N0400001N1-00081-00871102451ADDAA199000091GA1071+018009059GF107991071051017501999999KA1120M+00221MA1999999098771MD1710161+9999REMSYN082AAXX  20184 11245 32782 70000 11008 21087 39877 40245 57016 875// 333 10022 87656;EQDQ01  00002PRCP99
0237112450999992000012106004+46870+015900FM-12+030399999V0209999C000012200019N0400001N1-00781-00991101421ADDAA199000091AJ100189199999999GA1031+033009079GF103991031001999999041001IA1289KA1120N-00821MA1999999097681MD1710411+9999REMSYN088AAXX  21064 11245 32982 30000 11078 21099 39768 40142 57041 83040 333 21082 44018 83361;EQDQ01  00002PRCP99
0189112450999992000012112004+46870+015900FM-12+030399999V0203201N001012200019N0500001N1+00561-01181100961ADDAA199000091GA1021+015009029GF102991021021017501001001MA1999999097401MD1710151+9999REMSYN076AAXX  21124 11245 32784 23202 10056 21118 39740 40096 57015 82200 333 82850;EQDQ01  00002PRCP99
0208112450999992000012118004+46870+015900FM-12+030399999V0203201N002110102019N0400001N1+00231+00041101401ADDAA199000091GA1071+010209059GF107991071051012501999999KA1120M+00751MA1999999097791MD1210391+9999REMSYN082AAXX  21184 11245 32682 73204 10023 20004 39779 40140 52039 875// 333 10075 87634;EQDQ01  00002PRCP99
0240112450999992000012206004+46870+015900FM-12+030399999V0203201N002110102019N0400001N1-00421-01051102311ADDAA112000191AJ100179199999999AL10600191GA1081+010209069GF108991081051012501999999IA1289KA1120N-00461MA1999999098591MD1210131+9999REMSYN100AAXX  22064 11245 12682 83204 11042 21105 39859 40231 52013 69922 885// 333 21046 44017 88634 93101;
0159112450999992000012209004+46870+015900FM-12+030399999V0201801N002110102019N0400001N1-00441-00901102241ADDGA1081+010209059GF108991081051012501999999MA1999999098521MD1010071+9999REMSYN076AAXX  22094 11245 42682 81804 11044 21090 39852 40224 50007 885// 333 88634;
0169112450999992000012212004+46870+015900FM-12+030399999V0201801N002110102019N0500001N1-00301-01091102061ADDAA199000091GA1081+010209059GF108991081051012501999999MA1999999098271REMSYN070AAXX  22124 11245 32684 81804 11030 21109 39827 40206 885// 333 88634;EQDQ01  00002PRCP99
0208112450999992000012218004+46870+015900FM-12+030399999V0201801N001010090019N0500001N1-00331-01241101421ADDAA199000091GA1081+009009059GF108991081051008001999999KA1120M-00281MA1999999097751MD1710271+9999REMSYN082AAXX  22184 11245 32584 81802 11033 21124 39775 40142 57027 885// 333 11028 88630;EQDQ01  00002PRCP99
0237112450999992000012306004+46870+015900FM-12+030399999V0203201N001010180019N0400001N1-00661-00891101021ADDAA199000091AJ100179199999999GA1071+018009059GF107991071051017501999999IA1289KA1120N-00811MA1999999097311MD1710191+9999REMSYN088AAXX  23064 11245 32782 73202 11066 21089 39731 40102 57019 875// 333 21081 44017 87656;EQDQ01  00002PRCP99
0214112450999992000012318004+46870+015900FM-12+030399999V0203201N002110180019N0500001N1-00281-00701101241ADDAA112000591GA1051+018009059GF105991051051017501999001KA1120M-00201MA1999999097571MD1210191+9999REMSYN088AAXX  23184 11245 12784 53204 11028 21070 39757 40124 52019 69942 85500 333 11020 85656;EQDQ01+000002SCOMCG
0241112450999992000012406004+46870+015900FM-12+030399999V0203201N002112200019N0600001N1-00671-01911101831ADDAA199000091AJ100179199999999GA1001+999999999GF100991001001999999001001IA1289KA1120N-00751MA1999999999999MD1210231+9999REMSYN076AAXX  24064 11245 32986 03204 11067 21191 37809 40183 52023 333 21075 44017;EQDQ01  00002PRCP99Q02 078093APOSP 
0162112450999992000012409004+46870+015900FM-12+030399999V0203201N002112200019N0600001N1-00631-02091101851ADDGA1001+999999999GF100991001001999999001001MA1999999098282MD1210191+9999REMSYN060AAXX  24094 11245 42986 03204 11063 21209 39828 40185 52019;EQDQ01+098283APOSP 
0173112450999992000012412004+46870+015900FM-12+030399999V0203201N002112200019N0600001N1-00401-02101102101ADDAA199000091GA1001+999999999GF100991001001999999001001MA1999999098391MD1210111+9999REMSYN060AAXX  24124 11245 32986 03204 11040 21210 39839 40210 52011;EQDQ01  00002PRCP99
0196112450999992000012418004+46870+015900FM-12+030399999V0209999C000012200019N0600001N1-00571-01911102391ADDAA199000091GA1001+999999999GF100991001001999999001001KA1999M-00281MA1999999098651MD1210271+9999REMSYN070AAXX  24184 11245 32986 00000 11057 21191 39865 40239 52027 333 11028;EQDQ01  00002PRCP99
0225112450999992000012506004+46870+015900FM-12+030399999V0201801N001012200019N0600001N1-01361-01601102851ADDAA199000091AJ100179199999999GA1001+999999999GF100991001001999999001001IA1289KA1120N-01421MA1999999098971MD1210131+9999REMSYN076AAXX  25064 11245 32986 01802 11136 21160 39897 40285 52013 333 21142 44017;EQDQ01  00002PRCP99
0159112450999992000012509004+46870+015900FM-12+030399999V0201801N001012200019N0500001N1-01201-01491103131ADDGA1011+030009079GF101991011001999999041001MA1999999099271MD1210291+9999REMSYN076AAXX  25094 11245 42984 11802 11120 21149 39927 40313 52029 81040 333 81360;
0173112450999992000012512004+46870+015900FM-12+030399999V0209999C000012200019N0400001N1-00431-01461103021ADDAA199000091GA1001+999999999GF100991001001999999001001MA1999999099281MD1410001+9999REMSYN060AAXX  25124 11245 32982 00000 11043 21146 39928 40302 54000;EQDQ01  00002PRCP99
0196112450999992000012518004+46870+015900FM-12+030399999V0209999C000012200019N0400001N1-00781-01581103241ADDAA199000091GA1001+999999999GF100991001001999999001001KA1999M-00351MA1999999099431MD1210131+9999REMSYN070AAXX  25184 11245 32982 00000 11078 21158 39943 40324 52013 333 11035;EQDQ01  00002PRCP99
0225112450999992000012606004+46870+015900FM-12+030399999V0209999C000012200019N0400001N1-01521-01731103321ADDAA199000091AJ100179199999999GA1001+999999999GF100991001001999999001001IA1289KA1120N-01561MA1999999099411MD1710071+9999REMSYN076AAXX  26064 11245 32982 00000 11152 21173 39941 40332 57007 333 21156 44017;EQDQ01  00002PRCP99
0189112450999992000012612004+46870+015900FM-12+030399999V0202701N001012200019N0350001N1-00421-01501103221ADDAA199000091GA1011+066009019GF101991001001999999001011MA1999999099471MD1410001+9999REMSYN076AAXX  26124 11245 32981 12702 11042 21150 39947 40322 54000 80001 333 81072;EQDQ01  00002PRCP99
0196112450999992000012618004+46870+015900FM-12+030399999V0209999C000012200019N0350001N1-00601-01501103181ADDAA199000091GA1001+999999999GF100991001001999999001001KA1999M-00181MA1999999099401MD1810041+9999REMSYN070AAXX  26184 11245 32981 00000 11060 21150 39940 40318 58004 333 11018;EQDQ01  00002PRCP99
0225112450999992000012706004+46870+015900FM-12+030399999V0209999C000012200019N0400001N1-01161-01371103361ADDAA199000091AJ100169199999999GA1001+999999999GF100991001001999999001001IA1289KA1120N-01221MA1999999099491MD1410001+9999REMSYN076AAXX  27064 11245 32982 00000 11116 21137 39949 40336 54000 333 21122 44016;EQDQ01  00002PRCP99
0143112450999992000012709004+46870+015900FM-12+030399999V0209999C000012200019N0250001N1-00881-01181103301ADDGA1001+999999999GF100991001001999999001001MA1999999099481MD1210071+9999REMSYN060AAXX  27094 11245 42975 00000 11088 21118 39948 40330 52007;
0173112450999992000012712004+46870+015900FM-12+030399999V0209999C000012200019N0250001N1+00141-01051103081ADDAA199000091GA1001+999999999GF100991001001999999001001MA1999999099401MD1010041+9999REMSYN060AAXX  27124 11245 32975 00000 10014 21105 39940 40308 50004;EQDQ01  00002PRCP99
0237112450999992000013006004+46870+015900FM-12+030399999V0209999C000010102019N0250001N1-00111-00341100841ADDAA199000091AJ100159199999999GA1081+010209059GF108991081051012501999999IA1289KA1120N-00141MA1999999097211MD1710091+9999REMSYN088AAXX  30064 11245 32675 80000 11011 21034 39721 40084 57009 885// 333 21014 44015 88634;EQDQ01  00002PRCP99
