0210152150999992000010100004+46080+025600FM-12+050899999V0209999C000010075019N0100001N1-00441-00561999999ADDAA103002091AJ100079199999999AY171061GF108991081001008001021999IA1279MA1999999096011ME1207919MW1711REMSYN100AAXX  01001 15215 /1560 80000 11044 21056 39601 42791 5//// 60021 7717/ 8802/ 333 43007 60027 96010;
0251152150999992000010106004+46080+025600FM-12+050899999V0202701N004010075019N0100001N1-00401-00541999999ADDAA112001091AJ100079199999999AY171061GF108991081051008001999999IA1279IA2120-00709KA1120N-00521MA1999999096001ME1208009MW1711REMSYN116AAXX  01061 15215 11560 82704 11040 21054 39600 42800 5//// 60012 7717/ 885// 333 21052 3/107 43007 92800 555 60014;
0223152150999992000010118004+46080+025600FM-12+050899999V0203201N002019999999N0100001N1-00541-00731999999ADDAA112000591AJ100089199999999GF106991061001999999071001IA1279KA1120M-00231MA1999999096231MD1210081+9999ME1208169REMSYN100AAXX  01181 15215 12960 63202 11054 21073 39623 42816 52008 69962 86070 333 11023 3/000 43008 92800;
0191152150999992000010200004+46080+025600FM-12+050899999V0209999C000019999999N0100001N1-00501-00581999999ADDAA106000091AJ100089199999999GF108991081001999999071999IA1279MA1999999096311ME1208249REMSYN076AAXX  02001 15215 32960 80000 11050 21058 39631 42824 5//// 8807/ 333 43008;EQDQ01  00002PRCP06
0244152150999992000010206004+46080+025600FM-12+050899999V0203201N003010075019N0100001N1-00601-00711999999ADDAA106000091AJ100089199999999GF108991051051008001071999IA1279IA2120-00909KA1120N-00631MA1999999096491ME1208329REMSYN104AAXX  02061 15215 32560 83203 11060 21071 39649 42832 5//// 8557/ 333 21063 3/109 43008 92800 555 69906;EQDQ01  00002PRCP06
0236152150999992000010218004+46080+025600FM-12+050899999V0202701N002019999999N0100001N1-00591-00871999999ADDAA106000091AJ100089199999999GF108991081001999999071999IA1279KA1120M-00401MA1999999096801MD1210081+9999ME1208649REMSYN094AAXX  02181 15215 32960 82702 11059 21087 39680 42864 52008 8807/ 333 11040 3/100 43008 92800;EQDQ01  00002PRCP06
0191152150999992000010300004+46080+025600FM-12+050899999V0202701N004010075019N0100001N1-00721-00891999999ADDAA106000091AJ100089199999999GF108991061051008001071999IA1279MA1999999096901ME1208729REMSYN076AAXX  03001 15215 32560 82704 11072 21089 39690 42872 5//// 8657/ 333 43008;EQDQ01  00002PRCP06
0162152150999992000010306004+46080+025600FM-12+050899999V0202701N004019999999N0100001N1-00881-01031999999ADDAA106000091GF108991051051999999041999MA1999999096901ME1208669REMSYN070AAXX  03061 15215 32960 82704 11088 21103 39690 42866 5//// 8554/ 333;EQDQ01  00002PRCP06
0223152150999992000010318004+46080+025600FM-12+050899999V0203201N001010075019N0100001N1-00741-00911999999ADDAA112000591AJ100099199999999GF108991051051008001071999IA1279KA1120M-00551MA1999999096531MD1710101+9999ME1208409REMSYN100AAXX  03181 15215 12560 83201 11074 21091 39653 42840 57010 69942 8557/ 333 11055 3/100 43009 92800;
0191152150999992000010400004+46080+025600FM-12+050899999V0202701N002010075019N0100001N1-00701-00831999999ADDAA106000091AJ100099199999999GF108991061051008001071999IA1279MA1999999096491ME1208409REMSYN076AAXX  04001 15215 32560 82702 11070 21083 39649 42840 5//// 8657/ 333 43009;EQDQ01  00002PRCP06
0191152150999992000010500004+46080+025600FM-12+050899999V0200201N008010075019N0100001N1-00501-00631999999ADDAA106000091AJ100099199999999GF108991081051008001999999IA1279MA1999999096351ME1208329REMSYN076AAXX  05001 15215 32560 80208 11050 21063 39635 42832 5//// 885// 333 43009;EQDQ01  00002PRCP06
0244152150999992000010506004+46080+025600FM-12+050899999V0200501N002010075019N0100001N1-00561-00671999999ADDAA106000091AJ100099199999999GF108991081051008001999999IA1279IA2120-00509KA1120N-00591MA1999999096201ME1208169REMSYN104AAXX  05061 15215 32560 80502 11056 21067 39620 42816 5//// 885// 333 21059 3/105 43009 92830 555 10029;EQDQ01  00002PRCP06
0257152150999992000010518004+46080+025600FM-12+050899999V0209999C000010075019N0100001N1-00341-00371999999ADDAA103000291AJ100099199999999AY171061AY221061GF108991081051008001999999IA1279KA1120M-00271MA1999999096201MD1210061+9999ME1208169MW1711REMSYN112AAXX  05181 15215 /1560 80000 11034 21037 39620 42816 52006 69922 77172 885// 333 11027 3/101 43009 69927 92800;
0162152150999992000010700004+46080+025600FM-12+050899999V0209999C000010075019N0100001N1-00301-00301999999ADDAA106000091GF108991081051008001999999MA1999999096601ME1208489REMSYN070AAXX  07001 15215 32560 80000 11030 21030 39660 42848 5//// 885// 333;EQDQ01  00002PRCP06
0236152150999992000010718004+46080+025600FM-12+050899999V0202701N003010360019N0100001N1-00481-00511999999ADDAA106000091AJ100179199999999GF108991031051008001071999IA1279KA1120M-00181MA1999999096911MD1210051+9999ME1208729REMSYN094AAXX  07181 15215 32560 82703 11048 21051 39691 42872 52005 8357/ 333 11018 3/001 43017 92830;EQDQ01  00002PRCP06
0236152150999992000010818004+46080+025600FM-12+050899999V0209999C000019999999N0100001N1-00581-00691999999ADDAA106000091AJ100169199999999GF108991081001999999071999IA1279KA1120M-00331MA1999999096881MD1410001+9999ME1208729REMSYN094AAXX  08181 15215 32960 80000 11058 21069 39688 42872 54000 8807/ 333 11033 3/000 43016 92830;EQDQ01  00002PRCP06
0191152150999992000010900004+46080+025600FM-12+050899999V0209999C000019999999N0100001N1-00681-00791999999ADDAA106000091AJ100169199999999GF108991081001999999071999IA1279MA1999999096901ME1208729REMSYN076AAXX  09001 15215 3/960 80000 11068 21079 39690 42872 5//// 8807/ 333 43016;EQDQ01  00002PRCP06
0264152150999992000010918004+46080+025600FM-12+050899999V02099999999999999999N0020001N1-00961-00961999999ADDAA106000091AJ100169199999999AY121061AY221061GF108991081001999999071999IA1279KA1120M-00701MA1999999067001MD1410001+9999ME1208509MW1101REMSYN100AAXX  09181 15215 31920 800/0 11096 21096 3670/ 42850 54000 71022 8807/ 333 11070 3/103 43016 92830;EQDQ01  00002PRCP06
0243152150999992000011000004+46080+025600FM-12+050899999V0209999C000010003019N0002001N1-01261-01261999999ADDAA106000091AJ100169199999999AY141061GA1091+999999999GF109991091999999999999999IA1279MA1999999096782ME1208519MW1491REMSYN082AAXX  10001 15215 31/02 90800 11126 21126 39678 42851 5//// 7494/ 333 43016 92713;EQDQ01+096783APOSP Q02  00002PRCP06
0226152150999992000011018004+46080+025600FM-12+050899999V0209999C000012200019N0060001N1-01121-01181999999ADDAA106000091GA1011+002409019GF199999001001999999001001MA1999999097191MD1210171+9999ME1208899REMSYN088AAXX  10181 15215 3/956 00000 11112 21118 39719 42889 52017 71011 333 81108 92727 92830;EQDQ01+000002SCOTCVQ02  00002PRCP06
0197152150999992000011100004+46080+025600FM-12+050899999V0209999C000019999999N0100001N1-00981-01011999999ADDAA106000091AJ100769199999999GF108991081999999999071999IA1279MA1999999097341ME1208979REMSYN082AAXX  11001 15215 32960 80000 11098 21101 39734 42897 5//// 88/7/ 333 43076 92727;EQDQ01  00002PRCP06
0218152150999992000011112004+46080+025600FM-12+050899999V0209999C000019999999N0040001N1-00611+99999999999ADDAA103999999AY171061AY221061GF108991999999008001999999MA1999999097591ME1209219REMSYN094AAXX  11121 15215 /1540 80000 11061 21045 39759 42921 5//// 78172 8//// 333 69907 96010 92727;EQDQ01+000812PRSWM1Q02  99992PRCP03
0248152150999992000011118004+46080+025600FM-12+050899999V0209999C000010075019N0060001N1-00621-00621999999ADDAA112000191AJ100169199999999AY171061AY221061GF108991081051008001999999IA1239KA1120M-00521MA1999999097601MD1210061+9999MW1101REMSYN112AAXX  11181 15215 11556 80000 11062 21062 39760 429/8 52006 69912 71072 885// 333 11052 3/102 47016 92727 92800;
0184152150999992000011200004+46080+025600FM-12+050899999V0209999C000010075019N0060001N1-00681-00681999999ADDAA106000791AY171061GF108991061051008001071999MA1999999096762ME1209289MW1101REMSYN078AAXX  12001 15215 11556 80000 11068 21068 39676 42928 5//// 69901 7107/ 8657/;EQDQ01+096763APOSP 
0083152150999992000011205004+46080+025600FM-12+050899999V02099999999992200019N9999999N1+99999+99999999999ADDGF101991999999022501999999ME1205619REMSYN036AAXX  12051 15215 //8// 124// 42561;
0257152150999992000011218004+46080+025600FM-12+050899999V0209999C000019999999N0060001N1-00501-00601999999ADDAA103999929AJ100169199999999AY171061AY221061GF108991081001999999071999IA1239KA1120M-00241MA1999999097531MD1310011+9999ME1209209MW1221REMSYN112AAXX  12181 15215 /1956 80000 11050 21060 39753 42920 53001 6990/ 72272 8807/ 333 11024 3/101 47016 69907 92800;
0227152150999992000011306004+46080+025600FM-12+050899999V0209999C000010001519N0001001N1-01461-01461999999ADDAA106000091AY141061GA1091+999999999GF109991091999999999999999KA1120N-01501MA1999999097481ME1209059MW1491REMSYN092AAXX  13061 15215 31/01 90000 11146 21146 39748 42905 5//// 7494/ 333 21150 3/11/ 555 69900;EQDQ01  00002PRCP06
0280152150999992000011318004+46080+025600FM-12+050899999V0209999C000012200019N0040001N1-01241-01241999999ADDAA106000091AJ100169199999999AY111061AY211061GA1001+999999999GF100991001001999999001001IA1239KA1120M-00771MA1999999097121MD1410001+9999ME1208819MW1101REMSYN100AAXX  13181 15215 31940 00000 11124 21124 39712 42881 54000 71011 333 11077 3/107 47016 92717 92800;EQDQ01  00002PRCP06
0278152150999992000011518004+46080+025600FM-12+050899999V0209999C000012200019N0060001N1-01161-01291999999ADDAA199000091AJ100159199999999AY111061AY211061GA1001+999999999GF100991001001999999001001IA1239KA1120M-00701MA1999999096631MD1610021+9999ME1208429MW1101REMSYN098    AAXX  15181 15215 31956 00000 11116 21129 39663 42842 56002 71011 333 11070 3/103 47015 92830;EQDQ01  00002PRCP99
0178152150999992000011600004+46080+025600FM-12+050899999V0209999C000012200019N0060001N1-01601-01651999999ADDAA199000091GA1001+999999999GF100991001001999999001001MA1999999096601ME1208369REMSYN070    AAXX  16001 15215 31956 00000 11160 21165 39660 42836 5//// 7//0/;EQDQ01  00002PRCP99
0202152150999992000011700004+46080+025600FM-12+050899999V0209999C000010075019N0060001N1-00911-00981999999ADDAA106000191AJ100159199999999AY171061GF108991081051008001999999IA1239MA1999999096371ME1208269MW1101REMSYN092    AAXX  17001 15215 11556 80000 11091 21098 39637 42826 5//// 69921 7107/ 885// 333 47015;
0267152150999992000011718004+46080+025600FM-12+050899999V0209999C000010075019N0060001N1-00661-00741999999ADDAA103000591AJ100169199999999AY171061AY221061GF108991081001008001021999IA1239KA1120M-00541MA1999999094191MD1710391+9999ME1206609MW1711REMSYN122    AAXX  17181 15215 /1556 80000 11066 21074 39419 42660 57039 60012 77172 8802/ 333 11054 3/102 47016 69957 92800 96010;
0115152150999992000011719004+46080+025600FM-12+050899999V0202701N003019999999N9999999N1-00401+99999999999ADDAA199000021AW1711AZ171011GF108991051071999999021999REMSYN052    AAXX  17191 15215 35/// 82703 11040 77177 8572/;
0043152150999992000011722004+46080+025600FM-12+050899999V02099999999999999999N9999999N1+99999+99999999999REMSYN034    AAXX  17221 15215 ///// /////;
0208152150999992000011800004+46080+025600FM-12+050899999V0209999C000010075019N0060001N1-00701-00751999999ADDAA106000891AJ100179199999999AY171061GF108991081001008001021999IA1279MA1999999093481ME1205949MW1711REMSYN098    AAXX  18001 15215 11556 80000 11070 21075 39348 42594 5//// 69981 7717/ 8802/ 333 43017 96010;
0221152150999992000011818004+46080+025600FM-12+050899999V0209999C000019999999N0100001N1-00401-00501999999ADDAA100007191AJ100209199999999GF107991999999008001999999IA1279KA1120M-00261MA1999999093591MD1210141+9999ME1206029REMSYN098    AAXX  18181 15215 11560 70000 11040 21050 39359 42602 52014 6007/ 333 11026 3/101 43020 92800;
0080152150999992000012205004+46080+025600FM-12+050899999V0203201N008012200019N0150001N1-00751+99999999999ADDGF104991041001999999071001REMSYN042AAXX  22051 15215 42965 43208 11075 84070;
0264152150999992000012206004+46080+025600FM-12+050899999V0202701N003010075019N0060001N1-00841-00991999999ADDAA199000091AJ100319199999999AY121061GF108991081031008001999999IA1249IA2120-01309KA1120N-00901MA1999999095211ME1207309MW1101REMSYN110AAXX  22061 15215 31556 82703 11084 21099 39521 42730 5//// 7102/ 883// 333 21090 3/113 48031 92813 555 60013;EQDQ01  00002PRCP99
0257152150999992000012218004+46080+025600FM-12+050899999V0202701N004010075019N0100001N1-00961-01081999999ADDAA103000291AJ100349199999999AY181061AY221061GF107991071031008001001001IA1249KA1120M-00741MA1999999095701MD1210091+9999ME1207709MW1021REMSYN112AAXX  22181 15215 /1560 72704 11096 21108 39570 42770 52009 60012 70282 87300 333 11074 3/102 48034 69927 92813;
0186152150999992000012300004+46080+025600FM-12+050899999V0209999C000012200019N9999999N1-01841-01961999999ADDAA199000091AJ100349199999999GA1001+999999999GF100991001001999999001001IA1249ME1207619REMSYN070AAXX  23001 15215 329/0 00000 11184 21196 395/8 42761 5//// 333 48034;EQDQ01  00002PRCP99
0236152150999992000012318004+46080+025600FM-12+050899999V0209999C000019999999N0100001N1-01201-01331999999ADDAA199000091AJ100329199999999GF105991051001999999071001IA1249KA1120M-01101MA1999999094701MD1710241+9999ME1206909REMSYN094AAXX  23181 15215 32960 50000 11120 21133 39470 42690 57024 85070 333 11110 3/108 48032 92813;EQDQ01  00002PRCP99
0191152150999992000012400004+46080+025600FM-12+050899999V0200501N002019999999N0100001N1-00661-00931999999ADDAA199000091AJ100329199999999GF108991081001999999071999IA1249MA1999999094621ME1206859REMSYN076AAXX  24001 15215 32960 80502 11066 21093 39462 42685 5//// 8807/ 333 48032;EQDQ01  00002PRCP99
0257152150999992000012418004+46080+025600FM-12+050899999V0202701N002010075019N0100001N1+99999+99999999999ADDAA103000191AJ100339199999999AY171061AY221061GF108991081001008001021999IA1249KA1120M-00651MA1999999095111MD1210291+9999ME1207229MW1021REMSYN112AAXX  24181 15215 /1560 82702 1084/ 21090 39511 42722 52029 60022 70272 8802/ 333 11065 3/104 48033 69917 92813;
0170152150999992000012500004+46080+025600FM-12+050899999V0209999C008010075019N0100001N1-01121-01311999999ADDAA199000091AJ100339199999999GF108991081051008001999999IA1249ME1207469REMSYN070AAXX  25001 15215 32560 80008 11112 21131 42746 5//// 885// 333 48033;EQDQ01  00002PRCP99
0232152150999992000012518004+46080+025600FM-12+050899999V0209999C000012200019N0100001N1-01361-01561999999ADDAA199000091AJ100309199999999GA1001+999999999GF100991001001999999001001IA1249KA1120M-00601MA1999999096391ME1208209REMSYN088AAXX  25181 15215 32960 00000 11136 21156 39639 42820 5/023 333 11060 3/102 48030 92813;EQDQ01  00002PRCP99
0263152150999992000012618004+46080+025600FM-12+050899999V0202701N002010075019N0060001N1-01041-01101999999ADDAA103000291AJ100329199999999AY171061AY221061GF108991081051008001999999IA1249KA1120M-00891MA1999999096361MD1210081+9999ME1208269MW1711REMSYN118AAXX  26181 15215 /1556 82702 11104 21110 39636 42826 52008 69982 77172 885// 333 11089 3/104 48032 69927 92813 96010;
0211152150999992000012700004+46080+025600FM-12+050899999V02099999999999999999N0050001N1+99999+99999999999ADDAA106000191AJ100729199999999AY171061GF107991999051008001999999IA1249MA1999999096431ME1208269MW1711REMSYN082AAXX  27001 15215 11550 7///4 21110 39643 42826 5//// 69921 7717/ 885// 333 48072;EQDQ01+000082SCOTLC
0214152150999992000012712004+46080+025600FM-12+050899999V02099999999990075019N0060001N1-00601-00791999999ADDAA199000021AJ100319199999999AY121061AY221061GF108991081051008001999999IA1249MA1999999096491MD1810011+9999ME1208409MW1101REMSYN082AAXX  27121 15215 31556 8340/ 11060 21079 39649 42840 58001 71022 885// 333 48031;
0225152150999992000012806004+46080+025600FM-12+050899999V0209999C000010075019N0060001N1-00601-00681999999ADDAA199000091AY121061GF108991081051008001999999IA2120-00809KA1120N-00681MA1999999063201ME1208249MW1101REMSYN094AAXX  28061 15215 31556 80000 11060 21068 3632/ 42824 5//// 7102/ 885// 333 21068 3/108 480/0;EQDQ01  00002PRCP99
0246152150999992000012818004+46080+025600FM-12+050899999V0209999C000012200019N0100001N1-00801-00941999999ADDAA199000091AJ100289199999999GA1001+999999999GF100991001001999999001001IA1249KA1120M+00091MA1999999096021MD1310021+9999ME1207949REMSYN088AAXX  28181 15215 32960 00000 11080 21094 39602 42794 53002 333 10009 3/001 48028 92883;EQDQ01  00002PRCP99
0201152150999992000012900004+46080+025600FM-12+050899999V0209999C000012200019N0100001N1-01201-01351999999ADDAA199000091AJ100289199999999GA1001+999999999GF100991001001999999001001IA1249MA1999999096101ME1208029REMSYN070AAXX  29001 15215 32960 00000 11120 21135 39610 42802 5//// 333 48028;EQDQ01  00002PRCP99
0211152150999992000013000004+46080+025600FM-12+050899999V0209999C000019999999N0060001N1-01221-01281999999ADDAA199000091AJ100289199999999AY121061GF107991071001999999071001IA1249MA1999999095381ME1204609MW1101REMSYN082AAXX  30001 15215 31956 70000 11122 21128 39538 4246/ 5//// 7102/ 87070 333 48028;EQDQ01  00002PRCP99
0224152150999992000013018004+46080+025600FM-12+050899999V0209999C000010075019N0100001N1+00281+00151999999ADDAA112000591AJ100249199999999AY181061AY221061GF106991061031008001001001KA1120M+00491MD1210201+9999ME1202609MW1801REMSYN100AAXX  30181 15215 /1560 60000 10028 20015 3/5/0 4226/ 52020 69942 78082 86300 333 10049 3/003 48024;
0198152150999992000020100004+46080+025600FM-12+050899999V0202701N004010075019N0100001N1+00391+00211999999ADDAA106000191AJ100209199999999AY181061GF108991081031008001999999IA1249MA1999999095971ME1208119MW1801REMSYN088AAXX  01001 15215 11560 82704 10039 20021 39597 42811 5//// 69921 7808/ 883// 333 48020;
0231152150999992000020106004+46080+025600FM-12+050899999V0202701N004010075019N0200001N1+00261+00131999999ADDAA112000591AJ100189199999999GF105991051031008001001001IA1249IA2120-00109KA1120N+00221MA1999999096401ME1208449REMSYN110AAXX  01061 15215 12570 52704 10026 20013 39640 42844 5//// 69952 85300 333 20022 3/101 48018 92883 555 60005;
0246152150999992000020118004+46080+025600FM-12+050899999V0209999C000012200019N0100001N1+00161-00151999999ADDAA199000091AJ100159199999999GA1001+999999999GF100991001001999999001001IA1289KA1120M+00481MA1999999096611MD1310011+9999ME1208559REMSYN088AAXX  01181 15215 32960 00000 10016 21015 39661 42855 53001 333 10048 3/003 44015 92883;EQDQ01  00002PRCP99
0246152150999992000020218004+46080+025600FM-12+050899999V0209999C000012200019N0100001N1+00161-00031999999ADDAA199000091AJ100149199999999GA1001+999999999GF100991001001999999001001IA1289KA1120M+00541MA1999999095681MD1710061+9999ME1207809REMSYN088AAXX  02181 15215 32960 00000 10016 21003 39568 42780 57006 333 10054 3/005 44014 92883;EQDQ01  00002PRCP99
0191152150999992000020300004+46080+025600FM-12+050899999V0209999C000019999999N0100001N1-00221-00311999999ADDAA199000091AJ100149199999999GF108991081001999999071999IA1289MA1999999095651ME1207809REMSYN076AAXX  03001 15215 32960 80000 11022 21031 39565 42780 5//// 8807/ 333 44014;EQDQ01  00002PRCP99
0223152150999992000020318004+46080+025600FM-12+050899999V0209999C000010075019N0100001N1+00121-00111999999ADDAA112000591AJ100149199999999GF108991081051008001999999IA1289KA1120M+00271MA1999999096101MD1210221+9999ME1208139REMSYN100AAXX  03181 15215 12560 80000 10012 21011 39610 42813 52022 69952 885// 333 10027 3/003 44014 92873;
0197152150999992000020400004+46080+025600FM-12+050899999V0202701N003019999999N0100001N1+00021-00201999999ADDAA199000091AJ100149199999999IA1289MA1999999999999ME1208389REMSYN076AAXX  04001 15215 32560 /2703 10002 2102/ 39139 42838 5//// 8//// 333 44014;EQDQ01+091393APOSP Q02  00002PRCP99Q03 091393APOSP 
0227152150999992000020406004+46080+025600FM-12+050899999V0203201N006010075019N0100001N1-00071-00281999999ADDAA199000091GF107991071031008001001001IA1289IA2120-00409KA1120N-00091MA1999999096701ME1208639REMSYN104AAXX  04061 15215 32560 73206 11007 21028 39670 42863 5//// 87300 333 21009 3/104 44/14 92873 555 60005;EQDQ01  00002PRCP99
0233152150999992000020418004+46080+025600FM-12+050899999V0209999C000012200019N0100001N1-00321-00841999999ADDAA112000791AJ100149199999999GA1001+999999999GF100991001001999999001001IA1289KA1120M+00171MA1999999097411MD1210111+9999ME1209129REMSYN094AAXX  04181 15215 12960 00000 11032 21084 39741 42912 52011 69902 333 10017 3/004 44014 92873;
0223152150999992000020618004+46080+025600FM-12+050899999V0209999C000010075019N0100001N1+00141+00111999999ADDAA112000191AJ100139199999999GF108991081051008001999999IA1289KA1120M+00241MA1999999096801MD1210101+9999ME1208719REMSYN100AAXX  06181 15215 12560 80000 10014 20011 39680 42871 52010 69912 885// 333 10024 3/002 44013 92873;
0236152150999992000020718004+46080+025600FM-12+050899999V0209999C000010001519N0000001N1-00011-00101999999ADDAA199000091AY141061AY241061GA1091+999999999GF109991091999999999999999IA2999+00209KA1120M+00301MA1999999096311MD1710061+9999MW1471REMSYN076AAXX  07181 15215 31/00 90000 11001 2101/ 39631 57006 74744 333 10030 3/002;EQDQ01  00002PRCP99
0247152150999992000020806004+46080+025600FM-12+050899999V0209999C000010001519N0001001N1-00341+99999999999ADDAA199000091AY141061GA1091+999999999GF109991091999999999999999IA1289IA2120-00309KA1120N-00361MA1999999096001ME1208009MW1451REMSYN094AAXX  08061 15215 31/01 90000 11034 21004 39600 42800 5//// 7454/ 333 21036 3/103 440/3 92883;EQDQ01  00002PRCP99
0108152150999992000020816004+46080+025600FM-12+050899999V0209999C000019999999N0015001N1+00421+99999999999ADDAY121999AY221999GF107991071001999999071001MW1101REMSYN048AAXX  08161 15215 41915 70000 10042 71022 87070;
0274152150999992000020818004+46080+025600FM-12+050899999V0209999C000012200019N0003001N1-00241-00241999999ADDAA199000091AJ100129199999999AY141061AY211061GA1001+999999999GF100991001001999999001001IA1289KA1120M+00021MA1999999095601MD1610021+9999ME1207729MW1461REMSYN094AAXX  08181 15215 31903 00000 11024 21024 39560 42772 56002 74641 333 10002 3/001 44012 92853;EQDQ01  00002PRCP99
0223152150999992000021018004+46080+025600FM-12+050899999V0209999C000010075019N0100001N1+00141+00111999999ADDAA112003091AJ100119199999999GF107991071031008001001001IA1289KA1120M+00401MA1999999096591MD1210161+9999ME1208509REMSYN100AAXX  10181 15215 12560 70000 10014 20011 39659 4285/ 52016 60032 87300 333 10040 3/002 44011 92853;
0268152150999992000021118004+46080+025600FM-12+050899999V0209999C000010003019N0002001N1-00201+99999999999ADDAA199000091AJ100109199999999AY111061AY211061GA1091+999999999GF109991091999999999999999IA1289KA1120M+00161MA1999999096781MD1210121+9999ME1208719MW1471REMSYN088AAXX  11181 15215 31/02 90000 11020 39678 42871 52012 74711 333 10016 3/002 44010 92853;EQDQ01  00002PRCP99
0211152150999992000021200004+46080+025600FM-12+050899999V0209999C000010075019N0008001N1-00321-00321999999ADDAA199000091AJ100109199999999AY141061GF108991081061008001999999IA1289MA1999999096891ME1208729MW1441REMSYN082AAXX  12001 15215 31508 80000 11032 21032 39689 42872 5//// 7444/ 886// 333 44010;EQDQ01  00002PRCP99
0270152150999992000021206004+46080+025600FM-12+050899999V0209999C000010003019N0002001N1-00581-00581999999ADDAA199000091AJ100109199999999AY141061GA1091+999999999GF109991091999999999999999IA1289IA2120-00609KA1120N-00601MA1999999096901ME1208729MW1491REMSYN100AAXX  12061 15215 31/02 90000 11058 21058 39690 42872 5//// 7494/ 333 21060 3/106 44010 92713 92853;EQDQ01  00002PRCP99
0112152150999992000021207004+46080+025600FM-12+050899999V0203201N004012200019N0120001N1-00121+99999999999ADDAY141999AY211999GF104991999999999999999999MW1201REMSYN052AAXX  12071 15215 42962 43204 11012 72041 333 92600;
0238152150999992000021418004+46080+025600FM-12+050899999V0202701N004010075019N0100001N1+99999+99999999999ADDAA112000191AJ100109199999999AY181061AY221061GF108991081031008001999999IA1289MA1999999095581MD1210061+9999ME1207729MW1021REMSYN106AAXX  14181 15215 11560 82704 1/003 20003 39558 42772 52006 69912 70282 883// 333 100// 3/003 44010 92840;
0236152150999992000021518004+46080+025600FM-12+050899999V0209999C000019999999N0100001N1-00161-00421999999ADDAA199000091AJ100109199999999GF107991071001999999071001IA1289KA1120M+00081MA1999999096001MD1410001+9999ME1208059REMSYN094AAXX  15181 15215 32960 70000 11016 21042 39600 42805 54000 87070 333 10008 3/002 44010 92840;EQDQ01  00002PRCP99
0168152150999992000021600004+46080+025600FM-12+050899999V0209999C000012200019N0100001N1-00961-00991999999ADDAA199000091GA1001+999999999GF100991001001999999001001MA1999999096011ME1207949REMSYN060AAXX  16001 15215 32960 00000 11096 21099 39601 42794 5////;EQDQ01  00002PRCP99
0240152150999992000021606004+46080+025600FM-12+050899999V0209999C000019999999N0100001N1-01011-01011999999ADDAA199000091AJ100109199999999GF105991021001999999041061IA1289IA2120-01509KA1120N-01061MA1999999095881ME1207869REMSYN100AAXX  16061 15215 32960 50000 11101 21101 39588 42786 5//// 82046 333 21106 3/115 44010 92600 92840;EQDQ01  00002PRCP99
0236152150999992000021618004+46080+025600FM-12+050899999V0209999C000019999999N0100001N1-00181-00561999999ADDAA199000091AJ100099199999999GF105991001001999999001061IA1289KA1120M+00201MA1999999095221MD1710101+9999ME1207909REMSYN094AAXX  16181 15215 32960 50000 11018 21056 39522 42790 57010 80006 333 10020 3/003 44009 92840;EQDQ01  00002PRCP99
0170152150999992000021700004+46080+025600FM-12+050899999V0209999C000019999999N0100001N1-00661-00731999999ADDAA199000091AJ100099199999999GF105991001001999999001081IA1289ME1207189REMSYN070AAXX  17001 15215 32960 50000 11066 21073 42718 5//// 80008 333 44009;EQDQ01  00002PRCP99
0234152150999992000021706004+46080+025600FM-12+050899999V0209999V005019999999N0200001N1-00121-00661999999ADDAA199000091AJ100099199999999GF107991001001999999001081IA1289IA2120-01209KA1120N-00761MA1999999094521ME1206809REMSYN094AAXX  17061 15215 32970 79905 11012 21066 39452 42680 5//// 80008 333 21076 3/112 44009 92840;EQDQ01  00002PRCP99
0236152150999992000021718004+46080+025600FM-12+050899999V0200901N002019999999N0100001N1+00441-00011999999ADDAA199000091AJ100089199999999GF108991081001999999071999IA1309KA1120M+00751MA1999999094191MD1210101+9999ME1206579REMSYN094AAXX  17181 15215 32960 80902 10044 21001 39419 42657 52010 8807/ 333 10075 3/005 42008 92850;EQDQ01  00002PRCP99
0192152150999992000021800004+46080+025600FM-12+050899999V0209999C000010120019N9999999N1+99999+99999999999ADDAA106001091AJ100089199999999AW1021AZ161061GF108991061051012501071999IA1309MA1999999094341ME1206639REMSYN082AAXX  18001 15215 1560/ 80000 20008 39434 42663 5//// 60011 7026/ 8657/ 333 42008;
0039152150999992000021805004+46080+025600FM-12+050899999V02099999999999999999N9999999N1+99999+99999999999REMSYN030AAXX  18051 15215 ///// /////;
0236152150999992000022018004+46080+025600FM-12+050899999V02099999999999999999N0100001N1+99999+99999999999ADDAA199000091AJ100199199999999GF105991001001999999001081IA1279KA1120M+00191MA1999999095311MD1210021+9999ME1207439REMSYN094AAXX  20181 15215 32960 5000/ 11/40 21054 39531 42743 52002 80008 333 10019 3/006 43019 92830;EQDQ01  00002PRCP99
0092152150999992000022100004+46080+025600FM-12+050899999V0203601N003010360019N0025001N1-00101+99999999999ADDGF108991031051008001021999MW1101REMSYN048AAXX  21001 15215 41525 83603 11010 710/2 8352/;
0251152150999992000022106004+46080+025600FM-12+050899999V0209999C000010075019N0010001N1-00501-00501999999ADDAA112000591AJ100199199999999AY171061GF108991081051008001999999IA1279IA2120-01109KA1120N-00751MA1999999095501ME1207599MW1101REMSYN116AAXX  21061 15215 11510 80000 11050 21050 39550 42759 5//// 69942 7107/ 885// 333 21075 3/111 43019 92800 555 60004;
0236152150999992000022218004+46080+025600FM-12+050899999V0209999C000010075019N9999999N1-00561-00901999999ADDAA199000091AJ100199199999999GF106991061031008001001001IA1279KA1120M+00151MA1999999096321MD1210071+9999ME1208249REMSYN094AAXX  22181 15215 3256/ 60000 11056 21090 39632 42824 52007 86300 333 10015 3/005 43019 92830;EQDQ01  00002PRCP99
0231152150999992000022318004+46080+025600FM-12+050899999V0209999C000012200019N0100001N1-00761-01061999999ADDAA199000091AJ100189199999999GA1001+999999999GF100991001001999999001001IA1239KA1120M-00341MA1999999096561MD1210061+9999REMSYN082AAXX  23181 15215 32960 00000 11076 21106 39656 52006 333 11034 3/005 47018 92800;EQDQ01  00002PRCP99
0191152150999992000022400004+46080+025600FM-12+050899999V0209999C000019999999N0100001N1-01421-01481999999ADDAA199000091AJ100189199999999GF105991001001999999001081IA1279MA1999999096701ME1208439REMSYN076AAXX  24001 15215 32960 50000 11142 21148 39670 42843 5//// 80008 333 43018;EQDQ01  00002PRCP99
0234152150999992000022406004+46080+025600FM-12+050899999V0209999C000019999999N0100001N1-01701-01761999999ADDAA199000091AJ100189199999999GF105991051001999999071001IA1239IA2120-02409KA1120N-01801MA1999999096801ME1208519REMSYN094AAXX  24061 15215 32960 50000 11170 21176 39680 42851 5//// 85070 333 21180 3/124 47018 92830;EQDQ01  00002PRCP99
0246152150999992000022418004+46080+025600FM-12+050899999V0209999C000012200019N0100001N1-00741-01181999999ADDAA199000091AJ100189199999999GA1001+999999999GF100991001001999999001001IA1239KA1120M+00061MA1999999096871MD1210051+9999ME1208729REMSYN088AAXX  24181 15215 32960 00000 11074 21118 39687 42872 52005 333 10006 3/006 47018 92870;EQDQ01  00002PRCP99
0264152150999992000022506004+46080+025600FM-12+050899999V0209999C000019999999N0060001N1-01341-01401999999ADDAA199000091AJ100189199999999AY121061GF108991081001999999071999IA1239IA2120-02009KA1120N-01401MA1999999096711ME1208509MW1101REMSYN110AAXX  25061 15215 31956 80000 11134 21140 39671 42850 5//// 7102/ 8807/ 333 21140 3/120 47018 92870 555 10021;EQDQ01  00002PRCP99
0223152150999992000022718004+46080+025600FM-12+050899999V0203201N001010360019N0100001N1+00021-00281999999ADDAA112000191AJ100199199999999GF107991041031008001071001IA1279KA1120M+00261MA1999999097221MD1210121+9999ME1209049REMSYN100AAXX  27181 15215 12560 73201 10002 21028 39722 42904 52012 69922 84370 333 10026 3/006 43019 92880;
0231152150999992000022806004+46080+025600FM-12+050899999V0209999C000019999999N0200001N1+00541-00581999999ADDAA112000791AJ100199199999999GF106991061001999999071001IA1279IA2120-01009KA1120N-00601MA1999999097601ME1209289REMSYN110AAXX  28061 15215 12970 60000 10054 21058 39760 42928 5//// 69902 86070 333 21060 3/110 43019 92880 555 60002;
0243152150999992000022812004+46080+025600FM-12+050899999V0209999C000012200019N0200001N1+00271-00151999999ADDAA199000091AJ100199199999999AY141061AY211061GA1001+999999999GF100991001001999999001001IA1279MA1999999097701MD1810081+9999ME1209529MW1021REMSYN076AAXX  28121 15215 31970 00000 10027 21015 39770 42952 58008 70241 333 43019;EQDQ01  00002PRCP99
0246152150999992000022818004+46080+025600FM-12+050899999V0209999C000012200019N0100001N1-00121-00591999999ADDAA199000091AJ100199199999999GA1001+999999999GF100991001001999999001001IA1279KA1120M+00611MA1999999097581MD1610011+9999ME1209369REMSYN088AAXX  28181 15215 32960 00000 11012 21059 39758 42936 56001 333 10061 3/006 43019 92880;EQDQ01  00002PRCP99
0179152150999992000022918004+46080+025600FM-12+050899999V0209999C000012200019N0100001N1-00161-04932999999ADDAA124000091GA1001+999999999GF100991001001999999001001IA1279KA1120M+00401REMSYN076AAXX  29181 15215 32960 00000 11016 21493 672/4 333 10040 3/80/ 4301/ 9-870;EQDQ01  00002PRCP24
0205152150999992000030212004+46080+025600FM-12+050899999V0209999C000019999999N0200001N1+00641-00141999999ADDAA199000091AJ100179199999999GF107991071001999999071001IA1279MA1999999094911MD1710091+9999ME1207179REMSYN076AAXX  02121 15215 32970 70000 10064 21014 39491 42717 57009 87070 333 43017;EQDQ01  00002PRCP99
0236152150999992000030218004+46080+025600FM-12+050899999V0209999C000019999999N0100001N1+00351+00141999999ADDAA199000091AJ100169199999999GF108991081001999999071999IA1279KA1120M+01041MA1999999095051MD1210171+9999ME1207349REMSYN094AAXX  02181 15215 32960 80000 10035 20014 39505 42734 52017 8807/ 333 10104 3/008 43016 92850;EQDQ01  00002PRCP99
0186152150999992000030300004+46080+025600FM-12+050899999V0209999C000019999999N0100001N1+00141+99999999999ADDAA106000391AJ100159199999999AY131061GF108991999999008001999999IA1279MA1999999095391ME1207559MW1611REMSYN076AAXX  03001 15215 11560 80000 10014 39539 42755 5//// 69931 7613/ 333 43015;
0236152150999992000030318004+46080+025600FM-12+050899999V0209999C000010360019N0100001N1+00121+00071999999ADDAA199000091AJ100149199999999GF105991031031008001061001IA1279KA1120M+00371MA1999999095801MD1810021+9999ME1207899REMSYN094AAXX  03181 15215 32560 50000 10012 20007 39580 42789 58002 83360 333 10037 3/002 43014 92850;EQDQ01  00002PRCP99
0221152150999992000030400004+46080+025600FM-12+050899999V0209999C000010003019N0002001N1-00311-00371999999ADDAA199000091AJ100149199999999AY141061GA1091+999999999GF109991091999999999999999IA1279MA1999999095791ME1207849MW1451REMSYN076AAXX  04001 15215 31/02 90000 11031 21037 39579 42784 5//// 7454/ 333 43014;EQDQ01  00002PRCP99
0223152150999992000030518004+46080+025600FM-12+050899999V0202701N006010900019N0100001N1-00221-00251999999ADDAA112000591AJ100129199999999GF107991041031008001001081IA1279KA1120M+00251MA1999999096061MD1210101+9999ME1208109REMSYN100AAXX  05181 15215 12560 72706 11022 21025 39606 4281/ 52010 69952 84308 333 10025 3/007 43012 92870;
0205152150999992000032112004+46080+025600FM-12+050899999V0202301N003010360019N0200001N1+00111-00211999999ADDAA199000091AJ100009199999999GF108991041031008001071999IA1259MA1999999095981MD1210081+9999ME1208059REMSYN076AAXX  21121 15215 32570 82303 10011 21021 39598 42805 52008 8437/ 333 41998;EQDQ01  00002PRCP99
0211152150999992000040906004+46080+025600FM-12+050899999V0209999C000010075019N0200001N1-00221-00251999999ADDAA199000091GF107991071031008001001001IA1149IA2120-00409KA1120N-00221MA1999999095821ME1207899REMSYN088AAXX  09061 15215 32570 70000 11022 21025 39582 42789 5//// 87300 333 21022 34104 92600;EQDQ01  00002PRCP99
0187152150999992000040912004+46080+025600FM-12+050899999V0202701N004010075019N0200001N1+00411-00021999999ADDAA106000191AY181061AY221061GF107991071031008001001001MA1999999095911MD1810021+9999ME1208029MW1021REMSYN078AAXX  09121 15215 11570 72704 10041 21002 39591 42802 58002 69911 70282 87300;
0219152150999992000041018004+46080+025600FM-12+050899999V0209999C000019999999N0200001N1+00981-00091999999ADDAA199000091GF105991011001999999041081IA1099IA2999+03109KA1120M+01301MA1999999095311MD1710191+9999ME1207569REMSYN082AAXX  10181 15215 32970 50000 10098 21009 39531 42756 57019 81048 333 10130 31031;EQDQ01  00002PRCP99
0158152150999992000041100004+46080+025600FM-12+050899999V0209999C000012200019N0100001N1+00401-00091999999ADDAA199000091GF104991001001999999001081MA1999999095301ME1207519REMSYN066AAXX  11001 15215 32960 40000 10040 21009 39530 42751 5//// 80008;EQDQ01  00002PRCP99
0187152150999992000041406004+46080+025600FM-12+050899999V0209999C000019999999N0100001N1+00661+00571999999ADDAA199000091GF107991071001999999051001KA1120N+00581MA1999999095341ME1207519REMSYN082AAXX  14061 15215 32960 70000 10066 20057 39534 42751 5//// 87050 333 20058 30003;EQDQ01  00002PRCP99
0219152150999992000041518004+46080+025600FM-12+050899999V0209999C000019999999N0200001N1+01861+00861999999ADDAA199000091GF108991021001999999041071IA1019IA2999+04409KA1120M+02341MA1999999095001MD1710081+9999ME1207389REMSYN082AAXX  15181 15215 32970 80000 10186 20086 39500 42738 57008 82047 333 10234 30044;EQDQ01  00002PRCP99
0158152150999992000042400004+46080+025600FM-12+050899999V0202301N001010075019N0100001N1+01161+01031999999ADDAA199000091GF108991051031008001071999MA1999999095301ME1207569REMSYN066AAXX  24001 15215 32560 82301 10116 20103 39530 42756 5//// 8537/;EQDQ01  00002PRCP99
0222152150999992000042406004+46080+025600FM-12+050899999V0209999C000010075019N0100001N1+01061+00981999999ADDAA112000191AY161061GF108991081051008001999999IA1099IA2120+01009KA1120N+01001MA1999999095141ME1207389MW1611REMSYN104AAXX  24061 15215 11560 80000 10106 20098 39514 42738 5//// 69922 7616/ 885// 333 20100 31010 555 60002;
0187152150999992000042706004+46080+025600FM-12+050899999V0209999C000012200019N0100001N1+00741+00531999999ADDAA199000091GF104991001001999999001021KA1120N+00471MA1999999096001ME1208169REMSYN082AAXX  27061 15215 32960 40000 10074 20053 39600 42816 5//// 80002 333 20047 30003;EQDQ01  00002PRCP99
0158152150999992000043000004+46080+025600FM-12+050899999V0209999C000010075019N0100001N1+01061+00881999999ADDAA199000091GF105991051031008001001001MA1999999096321ME1208429REMSYN066AAXX  30001 15215 32560 50000 10106 20088 39632 42842 5//// 85300;EQDQ01  00002PRCP99
0219152150999992000043018004+46080+025600FM-12+050899999V0201801N003012200019N0200001N1+02121+00671999999ADDAA199000091GF106991031021008001001041IA1019IA2999+05109KA1120M+02561MA1999999096071MD1710041+9999ME1208369REMSYN082AAXX  30181 15215 32570 61803 10212 20067 39607 42836 57004 83204 333 10256 30051;EQDQ01  00002PRCP99
0168152150999992000050100004+46080+025600FM-12+050899999V0209999C000012200019N0100001N1+01101+00771999999ADDAA199000091GA1001+999999999GF100991001001999999001001MA1999999096121ME1208259REMSYN060AAXX  01001 15215 32960 00000 10110 20077 39612 42825 5////;EQDQ01  00002PRCP99
0168152150999992000050400004+46080+025600FM-12+050899999V0209999C000012200019N0100001N1+00401-00121999999ADDAA199000091GA1001+999999999GF100991001001999999001001MA1999999096501ME1208539REMSYN060AAXX  04001 15215 32960 00000 10040 21012 39650 42853 5////;EQDQ01  00002PRCP99
0221152150999992000050406004+46080+025600FM-12+050899999V0209999C000012200019N0200001N1+00361+00041999999ADDAA199000091GA1001+999999999GF100991001001999999001001IA1019IA2120-00209KA1120N-00101MA1999999096501ME1208539REMSYN082AAXX  04061 15215 32970 00000 10036 20004 39650 42853 5//// 333 21010 30102 92600;EQDQ01  00002PRCP99
0172152150999992000050412004+46080+025600FM-12+050899999V0202301N003012200019N0200001N1+01801+00321999999ADDAA199000091GF102991021021008001001001MA1999999096291MD1710131+9999ME1208539REMSYN066AAXX  04121 15215 32570 22303 10180 20032 39629 42853 57013 82200;EQDQ01  00002PRCP99
0172152150999992000050718004+46080+025600FM-12+050899999V0200901N004010360019N0500001N1+01901+99999999999ADDAA199000091GF105991041031008001061001MA1999999096111MD1310021+9999ME1208369REMSYN066AAXX  07181 15215 32584 50904 10190 20/80 39611 42836 53002 84360;EQDQ01  00002PRCP99
0197152150999992000050906004+46080+025600FM-12+050899999V0209999C000012200019N0200001N1+00921+00901999999ADDAA199000091GA1001+999999999GF100991001001999999001001KA1120N+00511MA1999999096481ME1208599REMSYN076AAXX  09061 15215 32970 00000 10092 20090 39648 42859 5//// 333 20051 30005;EQDQ01  00002PRCP99
0172152150999992000050912004+46080+025600FM-12+050899999V0203201N003012200019N0200001N1+02391+01321999999ADDAA199000091GF107991041021012501001011MA1999999096381MD1710101+9999ME1208689REMSYN066AAXX  09121 15215 32670 73203 10239 20132 39638 42868 57010 84201;EQDQ01  00002PRCP99
0178152150999992000051200004+46080+025600FM-12+050899999V0209999C000010075019N0040001N1+01141+01121999999ADDAA199000091AY121061GF108991081061008001999999MA1999999095731ME1207909MW1101REMSYN072AAXX  12001 15215 31540 80000 10114 20112 39573 42790 5//// 7102/ 886//;EQDQ01  00002PRCP99
0168152150999992000051500004+46080+025600FM-12+050899999V0209999C000012200019N0100001N1+00701+00651999999ADDAA199000091GA1001+999999999GF100991001001999999001001MA1999999096381ME1208449REMSYN060AAXX  15001 15215 32960 00000 10070 20065 39638 42844 5////;EQDQ01  00002PRCP99
0108152150999992000051522004+46080+025600FM-15+050899999V02099999999992200019N0160931N1+99999+99999999999ADDMW1001REMMET071152156Z PTSA 04010KT 15SM SCT020TCU SCT300 29/24 A2987 RMK TCU VC E-SE;EQDQ01+000000PRSWM2
0168152150999992000051600004+46080+025600FM-12+050899999V0203201N001012200019N0100001N1+01001+00761999999ADDAA199000091GA1001+999999999GF100991001001999999001001MA1999999096331ME1208429REMSYN060AAXX  16001 15215 32960 03201 10100 20076 39633 42842 5////;EQDQ01  00002PRCP99
0158152150999992000051700004+46080+025600FM-12+050899999V0209999C000012200019N0100001N1+01001+00841999999ADDAA199000091GF101991011001999999061001MA1999999096071ME1208169REMSYN066AAXX  17001 15215 32960 10000 10100 20084 39607 42816 5///0 81060;EQDQ01  00002PRCP99
0222152150999992000051818004+46080+025600FM-12+050899999V0201401N004010360019N0200001N1+01811+00811999999ADDAA112091991AY181061AY221061GF107991041031008001061001IA1099KA1120M+02551MA1999999095321MD1210021+9999ME1208649MW1251REMSYN094AAXX  18181 15215 /1570 71404 10181 20081 39532 42864 52002 60922 72582 84360 333 10255 31059;
0158152150999992000052000004+46080+025600FM-12+050899999V0209999C000012200019N0100001N1+01041+00901999999ADDAA199000091GF104991001001999999001081MA1999999095001ME1207309REMSYN066AAXX  20001 15215 32960 40000 10104 20090 39500 42730 5//// 80008;EQDQ01  00002PRCP99
0158152150999992000052100004+46080+025600FM-12+050899999V0209999C000010360019N0100001N1+01021+00951999999ADDAA199000091GF106991031031008001071001MA1999999094901ME1207219REMSYN066AAXX  21001 15215 32560 60000 10102 20095 39490 42721 5//// 83370;EQDQ01  00002PRCP99
0228152150999992000052106004+46080+025600FM-12+050899999V0202701N004010075019N0040001N1+01121+01121999999ADDAA112004191AY181061GF108991081031008001999999IA1099IA2120+00909KA1120N+00851MA1999999095001ME1207349MW1801REMSYN110AAXX  21061 15215 11540 82704 10112 20112 39500 42734 5//// 60042 7808/ 883// 333 20085 31009 96010 555 60/44;
0235152150999992000052318004+46080+025600FM-12+050899999V0209999C000010075019N0200001N1+02301+00741999999ADDAA199000091GF107991071031008001001001IA1019IA2999+04309KA1120M+99999MA1999999095771MD1210071+9999ME1208049REMSYN082AAXX  23181 15215 32570 70000 10230 20074 39577 42804 52007 87300 333 10171 30043;EQDQ01  00002PRCP99Q02 +01712ATMX  
0209152150999992000052418004+46080+025600FM-12+050899999V0209999C000019999999N9999999N1+01381+00991999999ADDAA103000791AY191061AY281061GF106991031031999999061001IA1019MA1999999095991MD1310041+9999ME1208219MW1021REMSYN094AAXX  24181 15215 /1/// 60000 10138 20099 39599 42821 53004 69902 70298 83360 333 30042 69907;
0188152150999992000052500004+46080+025600FM-12+050899999V0209999C000012200019N0040001N1+00661+00551999999ADDAA199000091AY111061GA1001+999999999GF100991001001999999001001MA1999999096171ME1208339MW1101REMSYN066AAXX  25001 15215 31940 00000 10066 20055 39617 42833 5//// 7101/;EQDQ01  00002PRCP99
0173152150999992000052603004+46080+025600FM-12+050899999V0203201N002012200019N9999999N1+01051+01051101841ADDAA199000091GA1001+999999999GF100991001001999999001001MA1999999100601MD1210021+9999REMSYN060AAXX  26031 15215 3296/ 03202 10105 20105 30060 40184 52002;EQDQ01  00002PRCP99
0158152150999992000060100004+46080+025600FM-12+050899999V0209999C000010360019N0100001N1+01221+00971999999ADDAA199000091GF108991041031008001071999MA1999999095781ME1207999REMSYN066AAXX  01001 15215 32560 80000 10122 20097 39578 42799 5//// 8437/;EQDQ01  00002PRCP99
0180152150999992000060318004+46080+025600FM-12+050899999V0209999C000019999999N0240001N1+02101+00971999999ADDAA199000091IA1019IA2999+05109MA1999999096301MD1310021+9999ME1208539REMSYN082AAXX  03181 15215 32574 /1000 10210 20097 39630 42853 53002 81200 333 0243/ 30051;EQDQ01  00002PRCP99
0168152150999992000060500004+46080+025600FM-12+050899999V0209999C000012200019N0100001N1+01161+00801999999ADDAA199000091GA1001+999999999GF100991001001999999001001MA1999999096321ME1208429REMSYN060AAXX  05001 15215 32960 00000 10116 20080 39632 42842 5////;EQDQ01  00002PRCP99
0168152150999992000060900004+46080+025600FM-12+050899999V0209999C000012200019N0100001N1+00991+00851999999ADDAA199000091GA1001+999999999GF100991001001999999001001MA1999999096471ME1208599REMSYN060AAXX  09001 15215 32960 00000 10099 20085 39647 42859 5////;EQDQ01  00002PRCP99
0168152150999992000061300004+46080+025600FM-12+050899999V0209999C000012200019N0100001N1+01401+01401999999ADDAA199000091GA1001+999999999GF100991001001999999001001MA1999999096731ME1208829REMSYN060AAXX  13001 15215 32960 00000 10140 20140 39673 42882 5////;EQDQ01  00002PRCP99
0162152150999992000061400004+46800+025590FM-12+050899999V0209999C000012200019N0100001N1-01662+99999999999ADDAA199000091GA1001+999999999GF100991001001999999001001MA1999999096681ME1208829REMSYN054AAXX  14001 15215 32960 00000 11166 20149 39668 42882;EQDQ01  00002PRCP99
0158152150999992000061700004+46800+025590FM-12+050899999V0209999C000019999999N0100001N1+01071+00711999999ADDAA199000091GF107991071001999999071001MA1999999095931ME1208079REMSYN066AAXX  17001 15215 32960 70000 10107 20071 39593 42807 5//// 87070;EQDQ01  00002PRCP99
0190152150999992000061900004+46800+025590FM-12+050899999V0209999C000012200019N0100001N1+00451+00331999999ADDAA199000091GF101991999001999999001001MA1999999096711ME1208699REMSYN066AAXX  19001 15215 32960 10000 10045 20033 39671 42869 5//// 81000;EQDQ01+000012SCOTLCQ02+000002SCOTLCQ03  00002PRCP99
0158152150999992000062100004+46800+025590FM-12+050899999V0209999C000012200019N0100001N1+00861+00711999999ADDAA199000091GF101991001001999999001041MA1999999096191ME1208339REMSYN066AAXX  21001 15215 32960 10000 10086 20071 39619 42833 5//// 80004;EQDQ01  00002PRCP99
0168152150999992000062300004+46800+025590FM-12+050899999V0209999C000012200019N0100001N1+01511+01291999999ADDAA199000091GA1001+999999999GF100991001001999999001001MA1999999095891ME1208139REMSYN060AAXX  23001 15215 32960 00000 10151 20129 39589 42813 5////;EQDQ01  00002PRCP99
0202152150999992000062418004+46800+025590FM-12+050899999V0209999C000010900019N0200001N1+02221+01701999999ADDAA112001091GF107991041031008001001081IA1099MA1999999095511ME1207829REMSYN088AAXX  24181 15215 11570 70000 10222 20170 39551 42782 57000 60012 84308 333 1031/ 31061;EQDQ01+000072APCTENQ02+000002APC3  
0168152150999992000062500004+46800+025590FM-12+050899999V0209999C000012200019N0100001N1+01321+01151999999ADDAA199000091GA1001+999999999GF100991001001999999001001MA1999999095501ME1207789REMSYN060AAXX  25001 15215 32960 00000 10132 20115 39550 42778 5////;EQDQ01  00002PRCP99
0188152150999992000062712004+46800+025590FM-12+050899999V0203401N004019999999N0200001N1+01201+01091999999ADDAA199000091GF107991999001008001001001MA1999999095681MD1710061+9999ME1208009REMSYN066AAXX  27121 15215 32570 73404 10120 20109 39568 42800 57006 84000;EQDQ01+000042SCOTLCQ02  00002PRCP99
0168152150999992000062900004+46800+025590FM-12+050899999V0209999C000012200019N0100001N1+00741+00511999999ADDAA199000091GA1001+999999999GF100991001001999999001001MA1999999095811ME1207949REMSYN060AAXX  29001 15215 32960 00000 10074 20051 39581 42794 5////;EQDQ01  00002PRCP99
0219152150999992000071418004+46800+025590FM-12+050899999V0202701N002012200019N0500001N1+01661+00711999999ADDAA199000091GF102991011021008001041001IA1099IA2999+02809KA1120M+01901MA1999999094901MD1410001+9999ME1207299REMSYN082AAXX  14181 15215 32584 22702 10166 20071 39490 42729 54000 81240 333 10190 31028;EQDQ01  00002PRCP99
0168152150999992000071500004+46800+025590FM-12+050899999V0209999C000012200019N0100001N1+00791+00551999999ADDAA199000091GA1001+999999999GF100991001001999999001001MA1999999095001ME1207309REMSYN060AAXX  15001 15215 32960 00000 10079 20055 39500 42730 5////;EQDQ01  00002PRCP99
0234152150999992000071618004+46800+025590FM-12+050899999V0209999C000010360019N0500001N1+01571+01511999999ADDAA112003091AY181061AY221061GF106991011021008001071001IA1099IA2999+02309KA1120M+01851MA1999999095131MD1210061+9999ME1207479MW1011REMSYN094AAXX  16181 15215 11584 60000 10157 20151 39513 42747 52006 60032 70182 81270 333 10185 31023;
0158152150999992000071700004+46800+025590FM-12+050899999V0209999C000010360019N0100001N1+01241+01241999999ADDAA199000091GF108991031031008001071999MA1999999095201ME1207519REMSYN066AAXX  17001 15215 32560 80000 10124 20124 39520 42751 5//// 8337/;EQDQ01  00002PRCP99
0228152150999992000072218004+46070+025590FM-12+050899999V0209999C000010360019N0200001N1+01571+01571999999ADDAA103047091AY191061AY281061GF106991041031008001071001IA1119KA1120M+02501MA1999999096031MD1210101+9999ME1208279MW1801REMSYN100AAXX  22181 15215 /1570 60000 10157 20157 39603 42827 52010 60472 78098 84370 333 10250 32046 60477;
0149152150999992000072300004+46070+025590FM-12+050899999V0209999C000012200019N0100001N1+01201+99999999999ADDAA199000021GA1001+999999999GF100991001001999999001001MA1999999096001ME1208219REMSYN060AAXX  23001 15215 32960 00000 10120 201/0 39600 42821 5////;
0158152150999992000072400004+46070+025590FM-12+050899999V0209999C000012200019N0100001N1+01461+01221999999ADDAA199000091GF102991021001999999041001MA1999999095841ME1208049REMSYN066AAXX  24001 15215 32960 20000 10146 20122 39584 42804 5//// 82040;EQDQ01  00002PRCP99
0168152150999992000072500004+46070+025590FM-12+050899999V0209999C000012200019N0100001N1+01501+01261999999ADDAA199000091GA1001+999999999GF100991001001999999001001MA1999999095641ME1207869REMSYN060AAXX  25001 15215 32960 00000 10150 20126 39564 42786 5////;EQDQ01  00002PRCP99
0219152150999992000072618004+46070+025590FM-12+050899999V0209999C000012200019N0200001N1+02661+02151999999ADDAA199000091GF101991011021008001001001IA1019IA2999+05209KA1120M+03121MA1999999095281MD1510021+9999ME1207739REMSYN082AAXX  26181 15215 32570 10000 10266 20215 39528 42773 55002 81200 333 10312 30052;EQDQ01  00002PRCP99
0168152150999992000072700004+46070+025590FM-12+050899999V0209999C000012200019N9999999N1+01671+01421999999ADDAA199000091GA1001+999999999GF100991001001999999001001MA1999999095301ME1207649REMSYN060AAXX  27001 15215 3296/ 00000 10167 20142 39530 42764 5////;EQDQ01  00002PRCP99
0168152150999992000072900004+46070+025590FM-12+050899999V0200901N001012200019N0100001N1+01831+01441999999ADDAA199000091GA1001+999999999GF100991001001999999001001MA1999999095271ME1207649REMSYN060AAXX  29001 15215 32960 00901 10183 20144 39527 42764 5////;EQDQ01  00002PRCP99
0168152150999992000073100004+46070+025590FM-12+050899999V0209999C000012200019N0100001N1+01181+00941999999ADDAA199000091GA1001+999999999GF100991001001999999001001MA1999999095991ME1208219REMSYN060AAXX  31001 15215 32960 00000 10118 20094 39599 42821 5////;EQDQ01  00002PRCP99
0197152150999992000080606004+46070+025590FM-12+050899999V0209999C000012200019N0200001N1+01601+01461999999ADDAA199000091GA1001+999999999GF100991001001999999001001KA1120N+01201MA1999999096121ME1208309REMSYN076AAXX  06061 15215 32970 00000 10160 20146 39612 42830 5//// 333 20120 30010;EQDQ01  00002PRCP99
0158152150999992000080900004+46070+025590FM-12+050899999V0209999C000010075019N0100001N1+01501+01491999999ADDAA199000091GF108991081031008001999999MA1999999096101ME1208309REMSYN066AAXX  09001 15215 32560 80000 10150 20149 39610 42830 5//// 883//;EQDQ01  00002PRCP99
0219152150999992000081318004+46070+025590FM-12+050899999V0209999C000012200019N0200001N1+02381+02011999999ADDAA199000091GF104991021031008001001081IA1019IA2999+05009KA1120M+02951MA1999999096001MD1410001+9999ME1208419REMSYN082AAXX  13181 15215 32570 40000 10238 20201 3960/ 42841 54000 82308 333 10295 30050;EQDQ01  00002PRCP99
0172152150999992000081406004+46070+025590FM-12+050899999V0209999C000012200019N0100001N1+99999+99999999999ADDAA199000091GA1001+999999999GF100991001001999999001001MA1999999096301ME1208489REMSYN064AAXX  14061 15215 32960 00000 1//// 20138 39630 42848 5//// 333;EQDQ01  00002PRCP99
0219152150999992000081518004+46070+025590FM-12+050899999V0209999C000012200019N0200001N1+02361+01711999999ADDAA199000091GF103991011021008001061031IA1029IA2999+05409KA1120M+02921MA1999999096021MD1710051+9999ME1208329REMSYN082AAXX  15181 15215 32570 30000 10236 20171 39602 42832 57005 81263 333 10292 39054;EQDQ01  00002PRCP99
0172152150999992000081812004+46070+025590FM-12+050899999V0202701N004012200019N0200001N1+02981+01901999999ADDAA199000091GF102991021021008001001001MA1999999096101MD1410001+9999ME1208529REMSYN066AAXX  18121 15215 32570 22704 10298 20190 39610 42852 54000 82200;EQDQ01  00002PRCP99
0168152150999992000082000004+46070+025590FM-12+050899999V0209999C000012200019N0100001N1+01521+01331999999ADDAA199000091GA1001+999999999GF100991001001999999001001MA1999999096311ME1208489REMSYN060AAXX  20001 15215 32960 00000 10152 20133 39631 42848 5////;EQDQ01  00002PRCP99
0188152150999992000082012004+46070+025590FM-12+050899999V0201801N001012200019N0200001N1+03251+02131999999ADDAA199000091GF101991011021008001001001MA1999999096211MD1711122+9999ME1208629REMSYN066AAXX  20121 15215 32570 11801 10325 20213 39621 42862 57112 81200;EQDQ01+001122APC3  Q02  00002PRCP99
0172152150999992000082112004+46070+025590FM-12+050899999V0201401N002012200019N0200001N1+03341+02151999999ADDAA199000091GF101991011021008001001001MA1999999096021MD1710161+9999ME1208439REMSYN066AAXX  21121 15215 32570 11402 10334 20215 39602 42843 57016 81200;EQDQ01  00002PRCP99
0182152150999992000082212004+46070+025590FM-12+050899999V0209999C000012200019N0200001N1+03401+01991999999ADDAA199000091GA1001+999999999GF100991001001999999001001MA1999999095991MD1710071+9999ME1208439REMSYN060AAXX  22121 15215 3/970 00000 10340 20199 39599 42843 57007;EQDQ01  00002PRCP99
0166152150999992000082512004+46070+025590FM-12+050899999V0203201N006019999999N0200001N1+02421+01361999999ADDAA199000091GF105991999999008001999999MA1999999095701MD1710221+9999ME1208059REMSYN060AAXX  25121 15215 32570 53206 10242 20136 39570 42805 57022;EQDQ01  00002PRCP99
0172152150999992000082912004+46070+025590FM-12+050899999V0209999C000010360019N0500001N1+02101+01471999999ADDAA199000091GF107991031031008001071001MA1999999096111MD1710101+9999ME1208369REMSYN066AAXX  29121 15215 32584 70000 10210 20147 39611 42836 57010 83370;EQDQ01  00002PRCP99
0172152150999992000090412004+46070+025590FM-12+050899999V0202701N002010900019N0200001N1+02121+01501999999ADDAA199000091GF105991031021008001001021MA1999999095461MD1810041+9999ME1207879REMSYN066AAXX  04121 15215 32570 52702 10212 20150 39546 42787 58004 83202;EQDQ01  00002PRCP99
0220152150999992000090418004+46070+025590FM-12+050899999V0202701N004010360019N0200001N1+01781+01221999999ADDAA199000091GF107991041031008001071001IA1019IA2999+04609KA1120M+02231MD1210081+9999ME1207829REMSYN082AAXX  04181 15215 32570 72704 10178 20122 3548/ 42782 52008 84370 333 10223 30046;EQDQ01+054803APOSP Q02  00002PRCP99
0158152150999992000090500004+46070+025590FM-12+050899999V0209999C000010360019N0100001N1+01381+01151999999ADDAA199000091GF108991031031008001071999MA1999999095601ME1207869REMSYN066AAXX  05001 15215 32560 80000 10138 20115 39560 42786 5//// 8337/;EQDQ01  00002PRCP99
0168152150999992000091000004+46070+025590FM-12+050899999V0209999C000012200019N0100001N1+00641+00551999999ADDAA199000091GA1001+999999999GF100991001001999999001001MA1999999096961ME1208949REMSYN060AAXX  10001 15215 32960 00000 10064 20055 39696 42894 5////;EQDQ01  00002PRCP99
0158152150999992000091400004+46070+025590FM-12+050899999V0209999C000012200019N0100001N1+01021+00761999999ADDAA199000091GF102991001001999999001041MA1999999095881ME1208079REMSYN066AAXX  14001 15215 32960 20000 10102 20076 39588 42807 5//// 80004;EQDQ01  00002PRCP99
0119152150999992000091522004+46070+025590FM-15+050899999V02099999999992200019N0321861N1+99999+99999999999ADDMW1001REMMET082152158Z KTOA 1521515 30015KT 4SM HZ F003 24/18 A2986 RMK VIS W 1 ST W TOPS ST 007;EQDQ01+000000PRSWM2
0168152150999992000091700004+46070+025590FM-12+050899999V0200901N004012200019N0100001N1+00981+00851999999ADDAA199000091GA1001+999999999GF100991001001999999001001MA1999999095611ME1207829REMSYN060AAXX  17001 15215 32960 00904 10098 20085 39561 42782 5////;EQDQ01  00002PRCP99
0158152150999992000091800004+46070+025590FM-12+050899999V0209999C000019999999N0100001N1+01221+01041999999ADDAA199000091GF107991071001999999071001MA1999999095391ME1207699REMSYN066AAXX  18001 15215 32960 70000 10122 20104 39539 42769 5//// 87070;EQDQ01  00002PRCP99
0172152150999992000091912004+46070+025590FM-12+050899999V0203201N004010360019N0200001N1+02021+01651999999ADDAA199000091GF108991021031008001071999MA1999999095411MD1810031+9999ME1207739REMSYN066AAXX  19121 15215 32570 83204 10202 20165 39541 42773 58003 8237/;EQDQ01  00002PRCP99
0185152150999992000092406004+46070+025590FM-12+050899999V0209999C000019999999N0500001N1+00721+00591999999ADDAA199000091GF106991021001999999041081IA1099IA2120+00509KA1120N+00641REMSYN086AAXX  24061 15215 32984 60000 10072 20059 39/// 5//// 82048 333 20064 31005 555 60000;EQDQ01  00002PRCP99
0131152150999992000100518004+46070+025590FM-12+050899999V0201401N004019999999N0100001N1+01561+00681999999ADDAA199000091GF106991999999999999999999MA1999999096131REMSYN048AAXX  05181 15215 32960 61404 10156 20068 39613;EQDQ01  00002PRCP99
0168152150999992000100600004+46070+025590FM-12+050899999V0200501N001012200019N0100001N1+00901+00621999999ADDAA199000091GA1001+999999999GF100991001001999999001001MA1999999096111ME1208259REMSYN060AAXX  06001 15215 32960 00501 10090 20062 39611 42825 5////;EQDQ01  00002PRCP99
0172152150999992000100712004+46070+025590FM-12+050899999V0201101N009019999999N0500001N1+02121+01271999999ADDAA199000091GF106991021001999999041041MA1999999095941MD1710081+9999ME1208239REMSYN066AAXX  07121 15215 32984 61109 10212 20127 39594 42823 57008 82044;EQDQ01  00002PRCP99
0194152150999992000100718004+46070+025590FM-12+050899999V0200901N007012200019N0100001N1+01381+01071999999ADDAA199000091GA1001+999999999GF100991001001999999001001IA1029IA2999+02909KA1120M+02151MA1999999096061REMSYN064AAXX  07181 15215 32960 00907 10138 20107 39606 333 10215 39029;EQDQ01  00002PRCP99
0219152150999992000100918004+46070+025590FM-12+050899999V0200901N004012200019N0100001N1+00761+00451999999ADDAA199000091GF103991001001999999001041IA1029IA2999+02909KA1120M+01491MA1999999095591MD1610021+9999ME1207829REMSYN082AAXX  09181 15215 32960 30904 10076 20045 39559 42782 56002 80004 333 10149 39029;EQDQ01  00002PRCP99
0158152150999992000101000004+46070+025590FM-12+050899999V0200901N001012200019N0100001N1+00301+00031999999ADDAA199000091GF101991011001999999041001MA1999999095511ME1207689REMSYN066AAXX  10001 15215 32960 10901 10030 20003 39551 42768 5//// 81040;EQDQ01  00002PRCP99
0168152150999992000101100004+46070+025590FM-12+050899999V0209999C000012200019N0100001N1+00341+00051999999ADDAA199000091GA1001+999999999GF100991001001999999001001MA1999999095321ME1207519REMSYN060AAXX  11001 15215 32560 00000 10034 20005 39532 42751 5////;EQDQ01  00002PRCP99
0090152150999992000101101004+46070+025590FM-12+050899999V0209999C000012200019N0100001N1+00701+99999999999ADDGA1001+999999999GF100991001001999999001001REMSYN036AAXX  11011 15215 42960 00000 10070;
0168152150999992000101400004+46070+025590FM-12+050899999V0209999C000012200019N0100001N1+00891+00771999999ADDAA199000091GA1001+999999999GF100991001001999999001001MA1999999096571ME1208679REMSYN060AAXX  14001 15215 32960 00000 10089 20077 39657 42867 5////;EQDQ01  00002PRCP99
0168152150999992000101900004+46070+025590FM-12+050899999V0201401N009019999999N0100001N1+00831+00681999999ADDAA199000091GF107991071001999999071001MA1999999096801ME1208849REMSYN076AAXX  19001 15215 32960 71409 10083 20068 39680 42884 5//// 87070 333 91114;EQDQ01  00002PRCP99
0158152150999992000102000004+46070+025590FM-12+050899999V0200901N008019999999N0100001N1+00521+00331999999ADDAA199000091GF105991051001999999071001MA1999999097231ME1209119REMSYN066AAXX  20001 15215 32960 50908 10052 20033 39723 42911 5//// 85070;EQDQ01  00002PRCP99
0229152150999992000102018004+46070+025590FM-12+050899999V0200901N007012200019N0100001N1+00471+00081999999ADDAA199000091GA1001+999999999GF100991001001999999001001IA1029IA2999+02309KA1120M+01051MA1999999097421MD1210121+9999ME1209279REMSYN076AAXX  20181 15215 32960 00907 10047 20008 39742 42927 52012 333 10105 39023;EQDQ01  00002PRCP99
0224152150999992000102118004+46070+025590FM-12+050899999V0209999C000012200019N0100001N1+00411-00051999999ADDAA199000091GA1001+999999999GF100991001001999999001001IA1029IA2999+02709KA1120M+01201MD1210892+9999ME1209369REMSYN070AAXX  21181 15215 32960 00000 10041 21005 42936 52089 333 10120 39027;EQDQ01+000892APC3  Q02  00002PRCP99
0168152150999992000102200004+46070+025590FM-12+050899999V0209999C000012200019N0100001N1-00321-00641999999ADDAA199000091GA1001+999999999GF100991001001999999001001MA1999999097631ME1209289REMSYN060AAXX  22001 15215 32960 00000 11032 21064 39763 42928 5////;EQDQ01  00002PRCP99
0229152150999992000102618004+46070+025590FM-12+050899999V0209999C000012200019N9999999N1+00911+00701999999ADDAA199000091GA1001+999999999GF100991001001999999001001IA1029IA2999+02909KA1120M+02001MA1999999095901MD1510001+9999ME1208079REMSYN076AAXX  26181 15215 329/0 00000 10091 20070 39590 42807 55000 333 10200 39029;EQDQ01  00002PRCP99
0168152150999992000102700004+46070+025590FM-12+050899999V0209999C000012200019N0100001N1+00221+00091999999ADDAA199000091GA1001+999999999GF100991001001999999001001MA1999999095891ME1207979REMSYN060AAXX  27001 15215 32960 00000 10022 20009 39589 42797 5////;EQDQ01  00002PRCP99
0165152150999992000102800004+46070+025590FM-12+050899999V0203201N003010120019N0100001N1+00621+00511999999ADDAA106001091AY161061GF108991081051012501999999MA1999999096161ME1208279MW1021REMSYN078AAXX  28001 15215 11660 83203 10062 20051 39616 42827 5//// 60011 7026/ 885//;
0162152150999992000102906004+46070+025590FM-12+050899999V0209999C000010003019N0002001N1-00581+99999999999ADDAA199000091GA1091+999999999GF109991091999999999999999MA1999999096771ME1208649REMSYN054AAXX  29061 15215 31/02 90000 11058 39677 42864 5////;EQDQ01  00002PRCP99
0229152150999992000103018004+46070+025590FM-12+050899999V0209999C000012200019N0100001N1+00601+00291999999ADDAA199000091GA1001+999999999GF100991001001999999001001IA1029IA2999+02509KA1120M+01551MA1999999096111MD1310011+9999ME1208199REMSYN076AAXX  30181 15215 32960 00000 10060 20029 39611 42819 53001 333 10155 39025;EQDQ01  00002PRCP99
0168152150999992000103100004+46070+025590FM-12+050899999V0209999C000012200019N0100001N1-00021-00171999999ADDAA199000091GA1001+999999999GF100991001001999999001001MA1999999096101ME1208139REMSYN060AAXX  31001 15215 32960 00000 11002 21017 39610 42813 5////;EQDQ01  00002PRCP99
0197152150999992000110212004+46070+025590FM-12+050899999V0203601N001010120019N0200001N1+01261+01221999999ADDAA103000191AY161061AY221061GF108991081051012501999999MA1999999095711MD1810011+9999ME1207959MW1021REMSYN088AAXX  02121 15215 /1670 83601 10126 20122 39571 42795 58001 69921 70262 885// 333 69917;
0210152150999992000110312004+46070+025590FM-12+050899999V0209999C000012200019N0100001N1+01481+01301999999ADDAA199000091AY141061AY211061GA1001+999999999GF100991001001999999001001MA1999999095901MD1710101+9999ME1208139MW1021REMSYN066AAXX  03121 15215 31960 00000 10148 20130 39590 42813 57010 70241;EQDQ01  00002PRCP99
0178152150999992000111200004+46070+025590FM-12+050899999V0209999C000012200019N0100001N1-00321-00521999999ADDAA199000091GA1001+999999999GF100991001001999999001001MA1999999097011ME1208809REMSYN070AAXX  12001 15215 32960 00000 11032 21052 39701 42880 5//// 333 92600;EQDQ01  00002PRCP99
0163152150999992000111412004+46070+025590FM-12+050899999V0209999C000019999999N0100001N1+01561+00901999999ADDAA199000091GF106991021001999999041041MA1999999095981MD1710041+9999REMSYN066AAXX  14121 15215 32960 60000 10156 20090 39598 4//// 57004 82044;EQDQ01  00002PRCP99
0158152150999992000111500004+46070+025590FM-12+050899999V0203601N002012200019N0100001N1+00141-00051999999ADDAA199000091GF102991021001999999031001MA1999999096111ME1208139REMSYN066AAXX  15001 15215 32960 23602 10014 21005 39611 42813 5//// 82030;EQDQ01  00002PRCP99
0172152150999992000111712004+46070+025590FM-12+050899999V0203601N001019999999N0200001N1+01571+00921999999ADDAA199000091GF108991001001999999001071MA1999999096101MD1710271+9999ME1208309REMSYN066AAXX  17121 15215 32970 83601 10157 20092 39610 42830 57027 80007;EQDQ01  00002PRCP99
0230152150999992000111818004+46070+025590FM-12+050899999V0202301N002012200019N0100001N1+01141+99999999999ADDAA199000091GA1001+999999999GF100991001001999999001001IA1019IA2999+02409KA1120M+99999MD1210051+9999ME1208079REMSYN076AAXX  18181 15215 32960 02302 10114 200// 3/589 42807 52005 333 10080 30024;EQDQ01  00002PRCP99Q02 +00802ATMX  
0178152150999992000112400004+46070+025590FM-12+050899999V0209999C000012200019N0100001N1+00041-00051999999ADDAA199000091GA1001+999999999GF100991001001999999001001MA1999999096191ME1208229REMSYN070AAXX  24001 15215 32960 00000 10004 21005 39619 42822 5//// 333 92600;EQDQ01  00002PRCP99
0129152150999992000112700004+46070+025590FM-12+050899999V0209999C000010075019N0100001N1+00741+00671999999ADDAA106001091AY161061GF107991071051008001001001MW1021REMSYN066AAXX  27001 15215 11560 70000 10074 20067 5//// 60011 7026/ 87500;
0172152150999992000120412004+46070+025590FM-12+050899999V0209999C000012200019N0200001N1+00661+00401999999ADDAA199000091GF102991001001999999001021MA1999999096441MD1710161+9999ME1208449REMSYN066AAXX  04121 15215 32998 20000 10066 20040 39644 42844 57016 80002;EQDQ01  00002PRCP99
0178152150999992000120500004+46070+025590FM-12+050899999V0209999C000012200019N0100001N1-00471-00471999999ADDAA199000091GA1001+999999999GF100991001001999999001001MA1999999096601ME1208489REMSYN070AAXX  05001 15215 32997 00000 11047 21047 39660 42848 5//// 333 92611;EQDQ01  00002PRCP99
0239152150999992000120506004+46070+025590FM-12+050899999V0209999C000019999999N0005001N1-00721-00721999999ADDAA199000091AY141061AY241061GF107991001001999999001061IA1149IA2120-00809KA1120N-00791MA1999999096701ME1208569MW1421REMSYN094AAXX  05061 15215 31993 70000 11072 21072 39670 42856 5//// 74244 80006 333 21079 34108 92612;EQDQ01  00002PRCP99
0198152150999992000120600004+46070+025590FM-12+050899999V0209999C000012200019N0040001N1-00531-00631999999ADDAA199000091AY101061GA1001+999999999GF100991001001999999001001MA1999999096821ME1208649MW1101REMSYN076AAXX  06001 15215 31996 00000 11053 21063 39682 42864 5//// 7100/ 333 92622;EQDQ01  00002PRCP99
0210152150999992000120712004+46070+025590FM-12+050899999V0209999C000010001519N0001001N1-00281-00281999999ADDAA199000091AY141061AY241061GA1091+999999999GF109991091999999999999999MA1999999096721MD1810081+9999ME1208639MW1451REMSYN066AAXX  07121 15215 31/91 90000 11028 21028 39672 42863 58008 74544;EQDQ01  00002PRCP99
0172152150999992000120812004+46070+025590FM-12+050899999V0209999C000019999999N0200001N1+00271+00271999999ADDAA199000091GF108991001001999999001071MA1999999096521MD1710171+9999ME1208539REMSYN066AAXX  08121 15215 32998 80000 10027 20027 39652 42853 57017 80007;EQDQ01  00002PRCP99
0172152150999992000120912004+46070+025590FM-12+050899999V0203601N001019999999N0200001N1+00301+00061999999ADDAA199000091GF107991071001999999071001MA1999999096341MD1710121+9999ME1208369REMSYN066AAXX  09121 15215 32998 73601 10030 20006 39634 42836 57012 87070;EQDQ01  00002PRCP99
0126152150999992000121522004+46070+025590FM-15+050899999V02099999999992200019N0112651N1+99999+99999999999ADDMW1001REMMET089152156Z KBJC COR 152150KT 26018G25KT 50SM -SHSN FEW030 SCT050 BKN100 BKN200 08/M10 A2961;EQDQ01+000000PRSWM2
0191152150999992000121900004+46070+025590FM-12+050899999V0202701N003010075019N0100001N1-00321-00321999999ADDAA199000091AJ100009199999999GF105991051031008001001001IA1279MA1999999096101ME1208089REMSYN076AAXX  19001 15215 32597 52703 11032 21032 39610 42808 5//// 85300 333 43997;EQDQ01  00002PRCP99
0172152150999992000121912004+46070+025590FM-12+050899999V0209999C000010075019N0100001N1-00021-00051999999ADDAA199000091GF108991081031008001999999MA1999999096101MD1710131+9999ME1208139REMSYN066AAXX  19121 15215 32597 80000 11002 21005 39610 42813 57013 883//;EQDQ01  00002PRCP99
0232152150999992000122012004+46070+025590FM-12+050899999V0203601N001010075019N0040001N1-00211-00371999999ADDAA103000391AJ100019199999999AY181061AY281061GF108991081031008001999999IA1279MA1999999096401MD1210131+9999ME1208389MW1851REMSYN100AAXX  20121 15215 /1596 83601 11021 21037 39640 42838 52013 69931 78588 883// 333 43001 69937 96010;
0172152150999992000122100004+46070+025590FM-12+050899999V0209999C000010075019N0100001N1-00661-00741999999ADDAA199000021AJ100019199999999GF107991071051008001001001IA1279MA1999999096731ME1208569REMSYN076AAXX  21001 15215 32597 70000 11066 21074 39673 42856 5//// 87500 333 43001;
0244152150999992000122106004+46070+025590FM-12+050899999V0209999C000010075019N0100001N1-00621-00661999999ADDAA199000091AJ100019199999999GF107991071031008001001001IA1279IA2120-00709KA1120N-00721MA1999999096791ME1208649REMSYN104AAXX  21061 15215 32597 70000 11062 21066 39679 42864 5//// 87300 333 21072 3/107 43001 92800 555 60003;EQDQ01  00002PRCP99
0158152150999992000122112004+46070+025590FM-12+050899999V0203201N004019999999N0200001N1-00321-00601999999ADDAA199000091AJ100019199999999GF107991999999012501999999IA1309ME1208649REMSYN058AAXX  21121 15215 32698 73204 11032 21060 42864 333 42001;EQDQ01  00002PRCP99
0191152150999992000122200004+46070+025590FM-12+050899999V0209999C000010120019N0100001N1-00661-00821999999ADDAA199000091AJ100009199999999GF106991061031012501001001IA1259MA1999999096801ME1208649REMSYN076AAXX  22001 15215 32697 60000 11066 21082 39680 42864 5//// 86300 333 41998;EQDQ01  00002PRCP99
0168152150999992000122500004+46070+025590FM-12+050899999V0209999C000012200019N0100001N1-01631-01691999999ADDAA199000091GA1001+999999999GF100991001001999999001001MA1999999095421ME1207429REMSYN060AAXX  25001 15215 32997 00000 11163 21169 39542 42742 5////;EQDQ01  00002PRCP99
0172152150999992000122512004+46070+025590FM-12+050899999V0203201N001019999999N0200001N1-00421-00711999999ADDAA199000091GF105991011001999999041081MA1999999095201MD1710151+9999ME1207359REMSYN066AAXX  25121 15215 32998 53201 11042 21071 39520 42735 57015 81048;EQDQ01  00002PRCP99
0168152150999992000122600004+46070+025590FM-12+050899999V0209999C000012200019N0100001N1-00841-00901999999ADDAA199000091GA1001+999999999GF100991001001999999001001MA1999999094761ME1206989REMSYN060AAXX  26001 15215 32997 00000 11084 21090 39476 42698 5////;EQDQ01  00002PRCP99
0172152150999992000122612004+46070+025590FM-12+050899999V0209999C000019999999N0100001N1+00531+00211999999ADDAA199000091GF108991021001999999041071MA1999999094461MD1710241+9999ME1208639REMSYN066AAXX  26121 15215 32997 80000 10053 20021 39446 42863 57024 82047;EQDQ01  00002PRCP99
0165152150999992000122700004+46070+025590FM-12+050899999V0209999C000010075019N0100001N1+00281+00151999999ADDAA106000191AY161061GF108991051051008001071999MA1999999094291ME1206469MW1021REMSYN078AAXX  27001 15215 11597 80000 10028 20015 39429 42646 5//// 69911 7026/ 8557/;
0165152150999992000122800004+46070+025590FM-12+050899999V0200901N004010075019N0100001N1+00851+00781999999ADDAA106000391AY181061GF108991081031008001999999MA1999999094371ME1206789MW1021REMSYN078AAXX  28001 15215 11597 80904 10085 20078 39437 42678 5//// 69931 7028/ 883//;
0172152150999992000122912004+46070+025590FM-12+050899999V0209999C000010900019N0500001N1+00821+00761999999ADDAA199000091GF107991031031008001001061MA1999999094371MD1710051+9999ME1206789REMSYN066AAXX  29121 15215 32599 70000 10082 20076 39437 42678 57005 83306;EQDQ01  00002PRCP99
0168152150999992000123000004+46070+025590FM-12+050899999V0209999C000012200019N0100001N1-00021-00201999999ADDAA199000091GA1001+999999999GF100991001001999999001001MA1999999094211ME1206559REMSYN060AAXX  30001 15215 32997 00000 11002 21020 39421 42655 5////;EQDQ01  00002PRCP99
0205152150999992000123112004+46070+025590FM-12+050899999V0209999C000010075019N0100001N1+00051-00031999999ADDAA199000091AJ100029199999999GF108991081031008001999999IA1279MA1999999095401MD1210201+9999ME1207559REMSYN076AAXX  31121 15215 32597 80000 10005 21003 39540 42755 52020 883// 333 43002;EQDQ01  00002PRCP99
