0152209780999992000011306004+70170+083130FM-12+002999999V0203301N004019999999N0120001N1-03131-03971999999ADDGF108991061001999999031071ME1100379REMSYN070AAXX  13061 20978 41962 83304 11313 21397 41037 5300/ 86037 333 89651;EQDQ01+000032APCTENQ02+000002APC3  
0112209780999992000011309004+70170+083130FM-12+002999999V0203101N005019999999N0200001N1-03771-04111100401ADDGF106991041001999999031011MD1110031+9999REMSYN060AAXX  13091 20978 41998 63105 11377 21411 40040 51003 84031;
0118209780999992000012506004+70170+083130FM-12+002999999V0201501N003012200019N0060001N1-02431-02751101431ADDGF101991011001999999031001MD1710081+9999REMSYN066AAXX  25061 20978 41956 11503 11243 21275 40143 57008 7/000 81030;
0139209780999992000020206004+70170+083130FM-12+002999999V0201401N009019999999N0040001N1-01751-02001101201ADDGF107991071001999999031001REMSYN066AAXX  02061 20978 41996 71409 11175 2120/ 4012/ 5882/ 87030 91116;EQDQ01+000087APCTENQ02+008207APC3  
0167209780999992000020306004+70170+083130FM-12+002999999V0201801N013010006019N0010001N1-01331-01531100481ADDAY181061AY231061GF108991061091000751051999MD1410001+9999MW1851OA149902201REMSYN082AAXX  03061 20978 41194 81813 11133 21153 40048 54000 78583 8695/ 333 91122 92981;
0112209780999992000020803004+70170+083130FM-12+002999999V0201801N005012200019N0200001N1-02451-02771101791ADDGF104991041001999999031001MD1210111+9999REMSYN060AAXX  08031 20978 42998 41805 11245 21277 40179 52011 84030;
0150209780999992000022109004+70170+083130FM-12+002999999V0201701N007019999999N0040001N1-01961-02291101931ADDAY131031AY221031GF108991081001999999051999MD1310031+9999MW1381REMSYN076AAXX  21091 20978 41996 81707 11196 21229 40193 53003 73832 8805/ 333 91114;
0150209780999992000030306004+70170+083130FM-12+002999999V0201401N006012200019N0200001N1-04011-04331101941ADDAY101061AY201061GA1001+999999999GF100991001001999999001001MD1210111+9999MW1361REMSYN060AAXX  03061 20978 41998 01406 11401 21433 40194 52011 73600;
0132209780999992000030603004+70170+083130FM-12+002999999V0202301N003019999999N9999999N1-00641-00681101311ADDAW1151AZ121031GF107991071091999999001001MD1210081+9999REMSYN066AAXX  06031 20978 /698/ 72303 11064 21068 40131 52008 71522 87900;
0140209780999992000030709004+70170+083130FM-12+002999999V0201801N006019999999N0200001N1-01121-01561101051ADDAY131031AY211031GF108991081001999999051999MD1410001+9999MW1361REMSYN066AAXX  07091 20978 41998 81806 11112 21156 40105 54000 73631 8805/;
0140209780999992000030906004+70170+083130FM-12+002999999V0201501N007019999999N0200001N1-00921-01221101531ADDAY131061AY221061GF106991021001999999031041MD1810021+9999MW1361REMSYN066AAXX  09061 20978 42998 61507 11092 21122 40153 58002 73632 82034;
0160209780999992000031006004+70170+083130FM-12+002999999V0201001N008012200019N0200001N1-00971-01231101571ADDAY131061AY201061GA1001+999999999GF100991001001999999001001MD1610021+9999MW1361REMSYN070AAXX  10061 20978 41998 01008 11097 21123 40157 56002 73630 333 91111;
0140209780999992000031203004+70170+083130FM-12+002999999V0201501N007012200019N0040001N1-01151-01211102251ADDAY131031AY221031GF106991021051002501001041MD1310041+9999MW1361REMSYN066AAXX  12031 20978 41396 61507 11115 21121 40225 53004 73632 82504;
0140209780999992000031306004+70170+083130FM-12+002999999V0201301N005012200019N0200001N1-00861-01141102481ADDAY131061AY201061GF101991011001999999031001MD1210101+9999MW1021REMSYN066AAXX  13061 20978 41998 11305 11086 21114 40248 52010 70230 81030;
0140209780999992000031406004+70170+083130FM-12+002999999V0201601N007012200019N0200001N1-01391-01741103001ADDAY101061AY201061GF101991011001999999031001MD1210091+9999MW1361REMSYN066AAXX  14061 20978 41998 11607 11139 21174 40300 52009 73600 81030;
0122209780999992000031605004+70170+083130FM-12+002999999V0200901N002012200019N0200001N1-02341-02661102881ADDGA1001+999999999GF100991001001999999001001MD1710101+9999REMSYN054AAXX  16051 20978 42998 00902 11234 21266 40288 57010;
0122209780999992000031609004+70170+083130FM-12+002999999V0200901N005012200019N0200001N1-02201-02521102841ADDGA1001+999999999GF100991001001999999001001MD1610041+9999REMSYN054AAXX  16091 20978 42998 00905 11220 21252 40284 56004;
0124209780999992000031706004+70170+083130FM-12+002999999V0209999C020019999999N0050001N1-02551-02941102991ADDAY131061AY201061MD1310181+9999MW1361REMSYN076AAXX  17061 20978 41950 /0020 11255 21294 40299 53018 73630 333 91113 96110;
0131209780999992000032003004+70170+083130FM-12+002999999V0200901N002012200019N0200001N1-02941-03311102531ADDGF101991001001999999001011MD1710802+9999REMSYN060AAXX  20031 20978 42998 10902 11294 21331 40253 5708/ 80001;EQDQ01+000802APC3  
0122209780999992000032006004+70170+083130FM-12+002999999V0201401N004012200019N0200001N1+99999+99999102401ADDGA1001+999999999GF100991001001999999001001MD1710131+9999REMSYN054AAXX  20061 20978 42998 01404 1278/ 21309 40240 57013;
0150209780999992000032203004+70170+083130FM-12+002999999V0201601N009012200019N0200001N1-01481-01821100661ADDAY131031AY201031GF102991021001999999031001MD1710121+9999MW1361REMSYN076AAXX  22031 20978 41998 21609 11148 21182 40066 57012 73630 82030 333 91114;
0150209780999992000032209004+70170+083130FM-12+002999999V0201601N011019999999N0040001N1-01171-01831100411ADDAY131031AY211031GF108991001001999999001071MD1710041+9999MW1381REMSYN076AAXX  22091 20978 41996 81611 11117 21183 40041 57004 73831 80007 333 91114;
0140209780999992000032309004+70170+083130FM-12+002999999V0201501N007010042019N0200001N1-00781-00961100431ADDAY181031AY231031GF107991071091004501001001MD1110031+9999MW1361REMSYN066AAXX  23091 20978 41498 71507 11078 21096 40043 51003 73683 87900;
0140209780999992000032706004+70170+083130FM-12+002999999V0201401N003010042019N0050001N1-00401-00451098801ADDAY181061AY231061GF108991081091004501999999MD1710381+9999MW1851REMSYN066AAXX  27061 20978 41450 81403 11040 21045 49880 57038 78583 889//;
0140209780999992000033106004+70170+083130FM-12+002999999V0202001N007010240019N0200001N1-01891-02301099571ADDAY171061AY231061GF106991021051004501031011MD1310081+9999MW1361REMSYN066AAXX  31061 20978 41498 62007 11189 21230 49957 53008 73673 82531;
0112209780999992000040506004+70170+083130FM-12+002999999V0202901N002012200019N0200001N1-02501-02811103081ADDGF101991011001999999041001MD1210211+9999REMSYN060AAXX  05061 20978 42998 12902 11250 21281 40308 52021 81040;
0045209780999992000112116004+70170+083130FM-15+002999999V02099999999992200019N0112651N1+99999+99999999999ADDMW1001REMMET008211600Z;EQDQ01+000000PRSWM2
0045209780999992000112117004+70170+083130FM-15+002999999V02099999999992200019N0160931N1+99999+99999999999ADDMW1001REMMET008211700Z;EQDQ01+000000PRSWM2
0045209780999992000112120004+70170+083130FM-15+002999999V02099999999992200019N0100001N1+99999+99999999999ADDMW1001REMMET008212000Z;EQDQ01+000000PRSWM2
0045209780999992000112122004+70170+083130FM-15+002999999V02099999999992200019N0112651N1+99999+99999999999ADDMW1001REMMET008212200Z;EQDQ01+000000PRSWM2
0045209780999992000112123004+70170+083130FM-15+002999999V02099999999992200019N0160931N1+99999+99999999999ADDMW1001REMMET008212300Z;EQDQ01+000000PRSWM2
0045209780999992000122106004+70170+083130FM-15+002999999V02099999999992200019N0112651N1+99999+99999999999ADDMW1001REMMET008210600Z;EQDQ01+000000PRSWM2
0045209780999992000122111004+70170+083130FM-15+002999999V02099999999992200019N0099001N1+99999+99999999999ADDMW1001REMMET008211100Z;EQDQ01+000000PRSWM2
0045209780999992000122112004+70170+083130FM-15+002999999V02099999999992200019N0096561N1+99999+99999999999ADDMW1001REMMET008211200Z;EQDQ01+000000PRSWM2
0045209780999992000122113004+70170+083130FM-15+002999999V02099999999992200019N0112651N1+99999+99999999999ADDMW1001REMMET008211300Z;EQDQ01+000000PRSWM2
0045209780999992000122114004+70170+083130FM-15+002999999V02099999999992200019N0112651N1+99999+99999999999ADDMW1001REMMET008211400Z;EQDQ01+000000PRSWM2
0045209780999992000122116004+70170+083130FM-15+002999999V02099999999992200019N0099001N1+99999+99999999999ADDMW1001REMMET008211600Z;EQDQ01+000000PRSWM2
0045209780999992000122117004+70170+083130FM-15+002999999V02099999999992200019N0099001N1+99999+99999999999ADDMW1001REMMET008211700Z;EQDQ01+000000PRSWM2
0045209780999992000122118004+70170+083130FM-15+002999999V02099999999992200019N0128741N1+99999+99999999999ADDMW1001REMMET008211800Z;EQDQ01+000000PRSWM2
