0167220040999992000010112004+69400+030200FM-12+012699999V0201501N010010300019N0100001N1-01201-01471101971ADDAY181061AY231061GF106991041091008001041011MD1810101+9999MW1851OA140101401REMSYN082AAXX  01121 22004 41597 61510 11120 21147 40197 58010 78583 84941 333 91014 91114;
0184220040999992000010212004+69400+030200FM-12+012699999V0201701N012010042019N0200001N1-00851-01171100691ADDAY181061AY231061GF108991081091004501999999MD1810331+9999MW1361OA140102001OA249902001REMSYN088AAXX  02121 22004 41498 81712 11085 21117 40069 58033 73683 889// 333 91020 91120 92980;
0184220040999992000010412004+69400+030200FM-12+012699999V0201301N011019999999N0500001N1-00751-01051099241ADDAY181061AY231061GF108991081001999999071999MD1810061+9999MW1361OA140101701OA249901901REMSYN088AAXX  04121 22004 41999 81311 11075 21105 49924 58006 73683 8807/ 333 91017 91119 92980;
0167220040999992000010612004+69400+030200FM-12+012699999V0201301N014010300019N0200001N1-00691-00981100211ADDAY181061AY231061GF108991021051008001071999MD1810251+9999MW1361OA140101901REMSYN082AAXX  06121 22004 41598 81314 11069 21098 40021 58025 73683 8257/ 333 91019 91119;
0164220040999992000010812004+69400+030200FM-12+012699999V0201401N013010042019N0020001N1-00141-00251097681ADDAY181061AY231061GF108991081091004501999999MW1851OA140101801OA249901801REMSYN082AAXX  08121 22004 41495 81413 11014 21025 49768 78583 889// 333 91018 91118 92982;
0215220040999992000011006004+69400+030200FM-12+012699999V0202501N003010120019N0500001N1+00001-00291099341ADDAA112000191AJ100049199999999AY181061AY211061GF106991061051012501001001IA1239KA1120N-00051MD1210261+9999MW1021REMSYN094AAXX  10061 22004 11684 62503 10000 21029 49934 52026 69922 70281 86500 333 21005 47004 91006;
0122220040999992000011012004+69400+030200FM-12+012699999V0202401N002010120019N0500001N1-00051-00391100031ADDGF107991061051012501001011MD1210301+9999REMSYN070AAXX  10121 22004 42699 72402 11005 21039 40003 52030 86501 333 91004;
0132220040999992000011412004+69400+030200FM-12+012699999V0201901N003012200019N9999999N1-00791-01201101191ADDGF102991001001999999001011MD1810071+9999REMSYN080    AAXX  14121 22004 429/9 21903 11079 21120 40119 58007 80001 333 91005 93501;
0148220040999992000011812004+69400+030200FM-12+012699999V0209999C000010075019N0200001N1-00771-00911100551ADDAY181061AY211061GF108991081091008001999999MD1210041+9999MW1851REMSYN074    AAXX  18121 22004 41598 80000 11077 21091 40055 52004 78581 889// 333;
0160220040999992000011912004+69400+030200FM-12+012699999V02099999999992200019N0200001N1-01321-01381100461ADDAY101061AY201061GF103991031001999999031001MD1410001+9999MW1121REMSYN086    AAXX  19121 22004 41998 30/00 11132 21138 40046 54000 71200 83030 333 91001 93512;
0150220040999992000012112004+69400+030200FM-12+012699999V0203501N004010075019N0200001N1-00801-01021100731ADDAY181061AY211061GF107991071091008001001001MD1210071+9999MW1851REMSYN076AAXX  21121 22004 41598 73504 11080 21102 40073 52007 78581 87900 333 91006;
0150220040999992000012212004+69400+030200FM-12+012699999V0202301N004010075019N0040001N1-01051-01251099701ADDAY181061AY211061GF108991081091008001999999MD1710431+9999MW1851REMSYN076AAXX  22121 22004 41596 82304 11105 21125 49970 57043 78581 889// 333 91007;
0124220040999992000012612004+69400+030200FM-12+012699999V0201801N006010750019N0500001N1-00161+99999097611ADDGF105991021051008001041011MD1719999+9999REMSYN072AAXX  26121 22004 41599 51806 11016 22034 49761 57/26 70/81 82541 91013;
0150220040999992000012812004+69400+030200FM-12+012699999V0202301N004019999999N0200001N1-00751-01151097871ADDAY171061AY221061GF108991081001999999021999MD1210111+9999MW1221REMSYN076AAXX  28121 22004 41998 82304 11075 21115 49787 52011 72272 8802/ 333 91006;
0150220040999992000013112004+69400+030200FM-12+012699999V0202601N003010042019N0010001N1-00461-00521096601ADDAY181061AY221061GF108991081091004501999999MD1310011+9999MW1861REMSYN076AAXX  31121 22004 41494 82603 11046 21052 49660 53001 78682 889// 333 91005;
0215220040999992000020106004+69400+030200FM-12+012699999V0202201N002010042019N0060001N1-00771-00951096981ADDAA112005191AJ100509199999999AY181061AY221061GF108991081091004501999999IA1239KA1120N-01041MD1210031+9999MW1851REMSYN094AAXX  01061 22004 11456 82202 11077 21095 49698 52003 60052 78582 889// 333 21104 47050 91004;
0215220040999992000020206004+69400+030200FM-12+012699999V0202501N002019999999N0500001N1-00541-00751097831ADDAA112005191AJ100639199999999AY181061AY221061GF107991071001999999031001IA1239KA1120N-00541MD1510001+9999MW1021REMSYN094AAXX  02061 22004 11984 72502 11054 21075 49783 55000 60052 70282 87030 333 21054 47063 91003;
0122220040999992000020212004+69400+030200FM-12+012699999V0202401N001012200019N0500001N1-00641-00961097781ADDGF105991021051008001001011MD1810081+9999REMSYN070AAXX  02121 22004 42599 52401 11064 21096 49778 58008 82501 333 91002;
0215220040999992000020306004+69400+030200FM-12+012699999V0202401N001012200019N0500001N1-00531-00711098341ADDAA112000591AJ100589199999999AY181061AY211061GF103991031001999999031001IA1239KA1120N-00541MD1210241+9999MW1021REMSYN094AAXX  03061 22004 11984 32401 11053 21071 49834 52024 69952 70281 83030 333 21054 47058 91002;
0167220040999992000020412004+69400+030200FM-12+012699999V0201301N013019999999N0200001N1-00961-01371098701ADDAY131061AY221061GF108991001001999999001061MD1610161+9999MW1361OA140101701REMSYN082AAXX  04121 22004 41998 81313 11096 21137 49870 56016 73632 80006 333 91017 91118;
0245220040999992000021306004+69400+030200FM-12+012699999V0201501N009010075019N0500001N1-00111-00371099391ADDAA199000091AJ100029199999999AY131061AY211061GF107991071051008001001001IA1239KA1120N-00441MD1310051+9999MW1361OA140101501REMSYN094AAXX  13061 22004 31599 71509 11011 21037 49939 53005 73631 87500 333 21044 47002 91015 91119;EQDQ01  00002PRCP99
0217220040999992000021506004+69400+030200FM-12+012699999V0201401N010010120019N0500001N1+99999+99999099751ADDAA199000091AJ100029199999999GF106991051051012501031001IA1239KA1120N-00281MD1310011+9999OA140101301REMSYN088AAXX  15061 22004 32699 61410 11//2 22054 49975 53001 85530 333 21028 47002 91013 91113;EQDQ01  00002PRCP99
0235220040999992000021706004+69400+030200FM-12+012699999V0209999C000010003019N0005001N1-01211-01271100951ADDAA199000091AJ100019199999999AY141061AY221061GA1091+999999999GF109991091999999999999999IA1279KA1120N-01221MW1471OA140100101REMSYN082AAXX  17061 22004 31/93 90000 11121 21127 40095 74742 333 21122 43001 91001 93506;EQDQ01  00002PRCP99
0146220040999992000021712004+69400+030200FM-12+012699999V0209999C000010021019N0200001N1-01271-01331100671ADDAY181061AY241061GF107991071061002501001001MD1010041+9999MW1031REMSYN072AAXX  17121 22004 41398 70000 11127 21133 40067 50004 70384 87600 91001;
0122220040999992000022312004+69400+030200FM-12+012699999V0201901N002012200019N0200001N1-01301-01431102591ADDGF101991001001999999001011MD1810041+9999REMSYN070AAXX  23121 22004 42998 11902 11130 21143 40259 58004 80001 333 91004;
0177220040999992000022512004+69400+030200FM-12+012699999V0201901N019019999999N0500001N1-01171-01701101361ADDAY131061AY221061GF108991021001999999031061MW1361REMSYN082AAXX  25121 22004 41999 81919 11117 21170 40136 5100/ 73632 82036 333 91015 91116;EQDQ01+000012APCTENQ02+000002APC3  
0144220040999992000030112004+69400+030200FM-12+012699999V0200901N002019999999N0100001N1-01291+99999099371ADDAY171061AY221061GF108991081001999999021999MD1710091+9999MW1711REMSYN070AAXX  01121 22004 41997 80902 11129 49937 57009 77172 8802/ 333 91004;
0155220040999992000030212004+69400+030200FM-12+012699999V0200601N001019999999N9999999N1-00991-01211098191ADDAW1711AZ171061GF108991999071999999021999MD1710131+9999REMSYN070AAXX  02121 22004 1496/ 80601 11099 21121 49819 57013 77172 8872/ 333;EQDQ01+000082SCOTLC
0232220040999992000030306004+69400+030200FM-12+012699999V0200501N004010042019N0100001N1-00521-00771098451ADDAA112000891AJ100059199999999AY181061AY271061GF108991081091004501999999IA1239KA1120N-00561MD1210081+9999MW1851OA140100901REMSYN100AAXX  03061 22004 11497 80504 11052 21077 49845 52008 69982 78587 889// 333 21056 47005 91009 91110;
0141220040999992000030312004+69400+030200FM-12+012699999V0200501N005019999999N0200001N1-00411-00531098781ADDAY181061AY221061MD1210231+9999MW1851OA140100801REMSYN082AAXX  03121 22004 41498 /0505 11041 21053 49878 52023 78582 87900 333 91008 91110;
0181220040999992000030412004+69400+030200FM-12+012699999V0200301N010010042019N0005001N1-00551-00661099081ADDAY171061AY231061GF108991999071004501021999MW1751OA140101401OA249901401REMSYN080AAXX  04121 22004 41493 80310 11055 21066 49908 77573 8872/ 333 91014 91114 929;EQDQ01+000082SCOTLC
0167220040999992000030612004+69400+030200FM-12+012699999V0201301N010019999999N0200001N1-00921-01421099991ADDAY131061AY211061GF108991001001999999001061MD1810331+9999MW1361OA140101301REMSYN082AAXX  06121 22004 41998 81310 11092 21142 49999 58033 73631 80006 333 91013 91113;
0198220040999992000030706004+69400+030200FM-12+012699999V0201101N009019999999N0500001N1-00811+99999098631ADDAA199000091AJ100189199999999GF107991071001999999071001IA1239MD1610041+9999OA140101301REMSYN082AAXX  07061 22004 31999 71109 11081 49863 56004 7/635 87070 333 47018 91013 91114;EQDQ01  00002PRCP99
0167220040999992000030712004+69400+030200FM-12+012699999V0200901N009019999999N0500001N1-00741-01081098171ADDAY131061AY221061GF106991061001999999041001MD1210061+9999MW1361OA140101201REMSYN082AAXX  07121 22004 41999 60909 11074 21108 49817 52006 73632 86040 333 91012 91114;
0232220040999992000030806004+69400+030200FM-12+012699999V0200601N004010300019N0100001N1-00351-00531098621ADDAA112002091AJ100149199999999AY181061AY221061GF108991031091004501011999IA1239KA1120N-00991MD1710091+9999MW1851OA140100801REMSYN100AAXX  08061 22004 11497 80604 11035 21053 49862 57009 60022 78582 8391/ 333 21099 47014 91008 91110;
0249220040999992000030906004+69400+030200FM-12+012699999V0200101N009010042019N0010001N1-00231-00261098391ADDAA112005191AJ100209199999999AY181061AY231061GF108991081091004501999999IA1239KA1120N-00391MD1410001+9999MW1861OA140101301OA249901301REMSYN106AAXX  09061 22004 11494 80109 11023 21026 49839 54000 60052 78683 889// 333 21039 47020 91013 91113 92982;
0184220040999992000031312004+69400+030200FM-12+012699999V0202001N008010300019N0040001N1-00411-00831098501ADDAY181061AY231061GF108991021091008001041071MD1710351+9999MW1851OA140101301OA249901401REMSYN088AAXX  13121 22004 41596 82008 11041 21083 49850 57035 78583 82947 333 91013 91114 92982;
0139220040999992000031412004+69400+030200FM-12+012699999V0201701N007010300019N0500001N1-00181-00921098571ADDGF108991031051012501071999MD1210191+9999OA140101101REMSYN076AAXX  14121 22004 42699 81707 11018 21092 49857 52019 8357/ 333 91011 91112;
0216220040999992000031606004+69400+030200FM-12+012699999V0209999C000012200019N0200001N1-01261-01391101091ADDAA199000091AY101061AY201061GF101991001001999999001011KA1120N-01291MD1210241+9999MW1121OA140100101REMSYN088AAXX  16061 22004 31998 10000 11126 21139 40109 52024 71200 80001 333 21129 91001 93504;EQDQ01  00002PRCP99
0238220040999992000031706004+69400+030200FM-12+012699999V0209999C000012200019N0200001N1-01601-01731102541ADDAA199000091AJ100489199999999AY141061AY241061GA1001+999999999GF100991001001999999001001IA1239KA1120N-01761MD1119999+9999MW1011REMSYN082AAXX  17061 22004 31998 00000 11160 21173 40254 510/5 70144 333 21176 47048 93508;EQDQ01  00002PRCP99
0122220040999992000031712004+69400+030200FM-12+012699999V0209999C000012200019N0200001N1+99999+99999102401ADDGA1001+999999999GF100991001001999999001001MD1810111+9999REMSYN054AAXX  17121 22004 42998 00000 1088/ 21137 40240 58011;
0150220040999992000031812004+69400+030200FM-12+012699999V02099999999990300019N0200001N1-00211-00561102171ADDAY171061AY221061GF108991011051012501071999MD1210111+9999MW1021REMSYN076AAXX  18121 22004 41698 8210/ 11021 21056 40217 52011 70272 8157/ 333 91005;
0167220040999992000031912004+69400+030200FM-12+012699999V0201701N008019999999N0500001N1-00061+99999100061ADDAY131061AY221061GF108991081001999999021999MD1710351+9999MW1361OA140101501REMSYN082AAXX  19121 22004 41999 81708 11006 2//54 40006 57035 73632 8802/ 333 91015 91118;
0139220040999992000032112004+69400+030200FM-12+012699999V0202401N007012200019N0500001N1-00061-01161098651ADDGF101991001001999999001011MD1010001+9999OA140101201REMSYN076AAXX  21121 22004 42999 12407 11006 21116 49865 50000 80001 333 91012 91113;
0167220040999992000032212004+69400+030200FM-12+012699999V0202201N005010075019N0500001N1-00251-00651098661ADDAY181061AY221061GF107991071091008001001001MD1310081+9999MW1021OA140100901REMSYN082AAXX  22121 22004 41599 72205 11025 21065 49866 53008 70282 87900 333 91009 91110;
0116220040999992000032612004+69400+030200FM-12+012699999V0202601N002012200019N0500001N1+99999+99999101551ADDGF103991021091008001041011MD1210101+9999REMSYN064AAXX  26121 22004 42599 32602 110/0 40155 5201/ 82941 333 91005;
0148220040999992000032706004+69400+030200FM-12+012699999V0202601N001019999999N0500001N1-00931-01441101931ADDAA199000091GF108991001001999999001061MD1710071+9999REMSYN066AAXX  27061 22004 32999 82601 11093 21144 40193 57007 80006 91002;EQDQ01  00002PRCP99
0198220040999992000033106004+69400+030200FM-12+012699999V0209999C000010300019N0500001N1-00791-01151100431ADDAJ100389199999999AY181061AY231061GF106991021051008001031011IA1239KA1120N-00821MD1210211+9999MW1021REMSYN088AAXX  31061 22004 11599 60000 11079 21115 40043 52021 70283 82531 333 21082 47038 91001;
0110220040999992000033112004+69400+030200FM-12+012699999V0203301N001019999999N0500001N1-00611+99999100671ADDGF108991999999999999999999MD1210101+9999REMSYN058AAXX  31121 22004 42999 83301 11061 40067 52010 333 91002;
0200220040999992000040106004+69400+030200FM-12+012699999V0209999C000010300019N0500001N1-01161-01601100451ADDAA199000091AJ100359199999999GF107991011091008001041061IA1239KA1120N-01251MD1810031+9999REMSYN082AAXX  01061 22004 32599 70000 11116 21160 40045 58003 81946 333 21125 47035 91001;EQDQ01  00002PRCP99
0240220040999992000040506004+69400+030200FM-12+012699999V0201301N011010042019N0020001N1-00071-00291099811ADDAA112005191AJ100329199999999GF108991999071004501021999IA1239KA1120N-00471MD1810161+9999OA140101501OA249901601REMSYN100AAXX  05061 22004 11495 81311 11007 21029 49981 58016 60052 8872/ 333 21047 47032 91015 91116 92982;EQDQ01+000082SCOTLC
0255220040999992000102200004+69390+030200FM-12+012699999V0201501N080022200019N0120001N1+02721+02411101341ADDAA106002091GA1041+006309029GF199999041081022501001021KA1120M+03051KA2120N+02511MA1999999101111MD1999999-0121REMSYN100AAXX  22001 22004 //862 11580 10272 20241 30111 40134 60021 70281 84802 333 10305 20251 59012 84821;EQDQ01+008003WOSPD Q02+000012SCOTCV
0071220040999992000102408004+69390+030200FM-15+012699999V02099999999992200019N0040001N1+99999+99999999999ADDMW1001REMMET03422004MPDYZQGD XYO01 Q1024 NOSIG 9;EQDQ01+000000PRSWM2
