0139220120999992000010112004+69720+033130FM-12+002499999V0202101N009012200019N0500001N1-00791-01061102141ADDGF102991021001999999041001MD1210091+9999OA140101001REMSYN076AAXX  01121 22012 42999 22109 11079 21106 40214 52009 82040 333 91010 91113;
0139220120999992000010212004+69720+033130FM-12+002499999V0202101N012012200019N0200001N1-00721-00891100841ADDGF102991021051008001071999MD1710181+9999OA140101601REMSYN076AAXX  02121 22012 42598 22112 11072 21089 40084 57018 8257/ 333 91016 91120;
0139220120999992000010412004+69720+033130FM-12+002499999V0202001N010010075019N0300001N1-00511-00651099391ADDGF106991051051008001031001MD1710141+9999OA140101201REMSYN076AAXX  04121 22012 42580 62010 11051 21065 49939 57014 85530 333 91012 91117;
0167220120999992000010612004+69720+033130FM-12+002499999V0203601N011010042019N0060001N1-00601-00751100501ADDAY171061AY231061GF108991081001004501021999MD1810031+9999MW1711OA140101201REMSYN082AAXX  06121 22012 42456 83611 11060 21075 40050 58003 77173 8802/ 333 91012 91113;
0154220120999992000010712004+69720+033130FM-12+002499999V0201901N008010300019N0026001N1-00181-00231098701ADDAY171061AY231061GF108991021071004501021999MD1710061+9999MW1731REMSYN080AAXX  07121 22012 41426 81908 11018 21023 49870 57006 77373 8272/ 333 9101: 118;
0167220120999992000010812004+69720+033130FM-12+002499999V0202201N012010042019N0060001N1-00041-00101098031ADDAY181061AY231061GF108991081091004501999999MD1710201+9999MW1861OA140101301REMSYN082AAXX  08121 22012 41456 82212 11004 21010 49803 57020 78683 889// 333 91013 91119;
0232220120999992000011006004+69720+033130FM-12+002499999V0202701N009010042019N0400001N1+00001-00241098961ADDAA112000591AJ100129199999999AY131061AY211061GF107991051091004501031001IA1289KA1120N-00151MD1210241+9999MW1361OA140101101REMSYN100AAXX  10061 22012 11482 72709 10000 21024 49896 52024 69942 73631 85930 333 21015 44012 91011 91116;
0167220120999992000011012004+69720+033130FM-12+002499999V0203001N014010075019N0200001N1+00051-00181099481ADDAY131061AY221061GF107991071091008001001001MD1210301+9999MW1371OA140101701REMSYN082AAXX  10121 22012 41598 73014 10005 21018 49948 52030 73732 87900 333 91017 91119;
0190220120999992000011412004+69720+033130FM-12+002499999V0202701N010012200019N0500001N1-00731-00941100811ADDAY131061AY221061GF101991999091008001031091MD1810011+9999MW1361OA140101301REMSYN086    AAXX  14121 22012 41599 12710 11073 21094 40081 58001 73632 82939 333 91013 91113;EQDQ01+000022SCOTLC
0171220120999992000011712004+69720+033130FM-12+002499999V0201601N011010042019N0017001N1-00141-00251098931ADDAY181061AY231061GF107991071091004501001001MD1210301+9999MW1881OA140101401REMSYN086    AAXX  17121 22012 41417 71611 11014 21025 49893 52030 78883 87900 333 91014 91114;
0126220120999992000011812004+69720+033130FM-12+002499999V0200801N004010075019N0350001N1-00231-00521100301ADDGF107991071091008001001001MD1210041+9999REMSYN074    AAXX  18121 22012 42581 70804 11023 21052 40030 52004 87900 333 91007;
0171220120999992000011912004+69720+033130FM-12+002499999V0203501N008010042019N0500001N1-00331-01121100091ADDAY181061AY231061GF107991051091004501031011MD1410001+9999MW1021OA140101001REMSYN086    AAXX  19121 22012 41499 73508 11033 21112 40009 54000 70283 85931 333 91010 91112;
0167220120999992000012212004+69720+033130FM-12+002499999V0202901N008010075019N0300001N1-00701-00871099641ADDAY181061AY231061GF106991061091008001001001MD1710041+9999MW1361OA140101101REMSYN082AAXX  22121 22012 41580 62908 11070 21087 49964 57004 73683 86900 333 91011 91115;
0146220120999992000012612004+69720+033130FM-12+002499999V0202301N010010300019N0350001N1-00161-00271097681ADDAY181061AY231061GF105991041091008001031001MD1710121+9999MW1361REMSYN072AAXX  26121 22012 41581 52310 11016 21027 49768 57012 73683 84930 91115;
0167220120999992000012812004+69720+033130FM-12+002499999V0202701N014010075019N0050001N1-00701-00831097401ADDAY131061AY221061GF108991081091008001999999MD1210051+9999MW1381OA140101701REMSYN082AAXX  28121 22012 41550 82714 11070 21083 49740 52005 73832 889// 333 91017 91118;
0167220120999992000013112004+69720+033130FM-12+002499999V0201801N007010042019N0030001N1-00021-00081096511ADDAY181061AY221061GF108991081091004501999999MD1810101+9999MW1861OA140100801REMSYN082AAXX  31121 22012 41430 81807 11002 21008 49651 58010 78682 889// 333 91008 91111;
0232220120999992000020106004+69720+033130FM-12+002499999V0202901N009010042019N0005001N1-00421-00471096541ADDAA112000791AJ100389199999999AY181061AY231061GF108991081091004501999999IA1289KA1120N-00521MD1210031+9999MW1861OA140101101REMSYN100AAXX  01061 22012 11405 82909 11042 21047 49654 52003 69902 78683 889// 333 21052 44038 91011 91113;
0193220120999992000020206004+69720+033130FM-12+002499999V0202601N006010042019N0030001N1-00281-00411097481ADDAA112000791AJ100499199999999GF108991081091004501999999IA1249KA1120N-00681MD1810141+9999REMSYN094AAXX  02061 22012 11430 82606 11028 21041 49748 58014 69902 7/681 889// 333 21068 48049 91007;
0167220120999992000020212004+69720+033130FM-12+002499999V0202701N011010750019N0500001N1-00361-00471097371ADDAY181061AY231061GF107991031091004501001021MD1610131+9999MW1361OA140101301REMSYN082AAXX  02121 22012 41484 72711 11036 21047 49737 56013 73683 83902 333 91013 91115;
0232220120999992000020306004+69720+033130FM-12+002499999V0203001N012010042019N0005001N1-00111-00151097801ADDAA112000891AJ100529199999999AY181061AY231061GF108991081091004501999999IA1289KA1120N-00631MD1210151+9999MW1861OA140101501REMSYN100AAXX  03061 22012 11405 83012 11011 21015 49780 52015 69972 78683 889// 333 21063 44052 91015 91116;
0167220120999992000020412004+69720+033130FM-12+002499999V0202201N007019999999N0500001N1-00681-00921098841ADDAY131061AY221061GF108991051001999999031011MD1710071+9999MW1021OA140102001REMSYN082AAXX  04121 22012 41999 82207 11068 21092 49884 57007 70232 85031 333 91020 91113;
0239220120999992000020806004+69720+033130FM-12+002499999V0201701N008019999999N0500001N1+99999+99999097761ADDAA199000091AJ100509199999999AY131061AY211061GF108991081001999999071999IA1289KA1120N-00651MD1710171+9999MW1021OA140100901REMSYN088AAXX  08061 22012 31999 81708 21029 49776 57017 70231 8807/ 333 21065 44050 91009 91113;EQDQ01  00002PRCP99
0217220120999992000021306004+69720+033130FM-12+002499999V0202001N009010300019N0500001N1-00161-00301099461ADDAA199000091AJ100439199999999GF106991011051008001031011IA1289KA1120N-00501MD1810131+9999OA140101101REMSYN088AAXX  13061 22012 32599 62009 11016 21030 49946 58013 81531 333 21050 44043 91011 91118;EQDQ01  00002PRCP99
0217220120999992000021506004+69720+033130FM-12+002499999V0202001N006010075019N0350001N1-00081-00241099881ADDAA199000091AJ100439199999999GF107991071051008001001001IA1289KA1120N-00411MD1210031+9999OA140100801REMSYN088AAXX  15061 22012 32581 72006 11008 21024 49988 52003 87500 333 21041 44043 91008 91112;EQDQ01  00002PRCP99
0144220120999992000021512004+69720+033130FM-12+002499999V0202501N003010075019N0350001N1-00321-00491099901ADDAY181061AY221061GF107991061051008001071051MD1210021+9999MW1021REMSYN070AAXX  15121 22012 41581 72503 11032 21049 49990 52002 70282 86575 333;
0156220120999992000021712004+69720+033130FM-12+002499999V0202601N011019999999N0200001N1-00571-00711100501ADDAY131061AY221061GF107991999051008001031001MD1210081+9999MW1361REMSYN082AAXX  17121 22012 /1598 72611 11057 21071 40050 52008 73632 8/530 333 91009 91110;
0167220120999992000022312004+69720+033130FM-12+002499999V0202701N009012200019N0350001N1-01181-01451102301ADDAY131061AY201061GF103991011051008001031091MD1810031+9999MW1361OA140101101REMSYN082AAXX  23121 22012 41581 32709 11118 21145 40230 58003 73630 81539 333 91011 91111;
0167220120999992000022512004+69720+033130FM-12+002499999V0202201N008010750019N0350001N1-01061+99999101401ADDAY131061AY211061GF105991011051008001041011MD1410001+9999MW1361OA140101001REMSYN082AAXX  25121 22012 41581 52208 11106 211/2 40140 54000 73631 81541 333 91010 91111;
0150220120999992000022712004+69720+033130FM-12+002499999V0201701N003010075019N0200001N1-00751-00881100731ADDAY181061AY221061GF108991081091008001999999MD1710061+9999MW1851REMSYN076AAXX  27121 22012 41570 81703 11075 21088 40073 57006 78582 889// 333 91006;
0150220120999992000030112004+69720+033130FM-12+002499999V0201301N006019999999N0060001N1-00821-01141099461ADDAY171061AY221061GF108991081001999999021999MD1710071+9999MW1711REMSYN076AAXX  01121 22012 41956 81306 11082 21114 49946 57007 77172 8802/ 333 91008;
0145220120999992000030212004+69720+033130FM-12+002499999V0201001N015010042019N0040001N1-00131-00211098181ADDGF108991081091004501999999MD1710131+9999OA140101801REMSYN082AAXX  02121 22012 4/440 81015 11013 21021 49818 57013 78683 889// 333 91018 91120;
0232220120999992000030306004+69720+033130FM-12+002499999V0200401N017010021019N0010001N1-00271-00371098081ADDAA112000891AJ100739199999999AY181061AY231061GF108991081091002501999999IA1299KA1120N-00321MD1310051+9999MW1861OA140102001REMSYN100AAXX  03061 22012 11310 80417 11027 21037 49808 53005 69982 78683 889// 333 21032 49073 91020 91122;
0167220120999992000030312004+69720+033130FM-12+002499999V0200501N015010021019N0013001N1-00271-00371098531ADDAY181061AY231061GF108991081091002501999999MD1310351+9999MW1861OA140101801REMSYN082AAXX  03121 22012 41313 80515 11027 21037 49853 53035 78683 889// 333 91018 91120;
0167220120999992000030412004+69720+033130FM-12+002499999V0200501N016010042019N0010001N1-00321-00491099001ADDAY181061AY231061GF108991081091004501999999MD1610021+9999MW1861OA140102001REMSYN082AAXX  04121 22012 41410 80516 11032 21049 49900 56002 78683 889// 333 91020 91125;
0167220120999992000030612004+69720+033130FM-12+002499999V0202201N003012200019N0500001N1-00971-01231100031ADDAY131061AY201061GF103991011001999999031091MD1810221+9999MW1021OA140100601REMSYN082AAXX  06121 22012 41999 32203 11097 21123 40003 58022 70230 81039 333 91006 91111;
0245220120999992000030706004+69720+033130FM-12+002499999V0201601N013010042019N0200001N1-00381-00601090861ADDAA199000091AJ100729199999999AY131061AY211061GF107991071091004501001001IA1299KA1120N-00641MD1610091+9999MW1361OA140101701REMSYN094AAXX  07061 22012 31498 71613 11038 21060 49086 56009 73631 87900 333 21064 49072 91017 91118;EQDQ01  00002PRCP99
0186220120999992000030712004+69720+033130FM-12+002499999V0201401N011010075019N0500001N1-00241-00681098872ADDAY131061AY221061GF106991051091008001001011MD1310021+9999MW1021OA140101301REMSYN082AAXX  07121 22012 41599 61411 11024 21068 49887 53002 70232 85901 333 91013 91118;EQDQ01+098873APOSLP
0232220120999992000030806004+69720+033130FM-12+002499999V0200801N013010042019N0040001N1-00221-00251098591ADDAA112001091AJ100729199999999AY181061AY231061GF108991081091004501999999IA1299KA1120N-00311MD1710071+9999MW1861OA140101801REMSYN100AAXX  08061 22012 11440 80813 11022 21025 49859 57007 60012 78683 889// 333 21031 49072 91018 91119;
0232220120999992000030906004+69720+033130FM-12+002499999V0200601N010010042019N0030001N1-00151-00291098201ADDAA112001091AJ100829199999999AY181061AY231061GF108991081091004501999999IA1299KA1120N-00221MD1710011+9999MW1861OA140101301REMSYN100AAXX  09061 22012 11430 80610 11015 21029 49820 57001 60012 78683 889// 333 21022 49082 91013 91115;
0167220120999992000031312004+69720+033130FM-12+002499999V0202101N012010300019N0200001N1-00251-00411098621ADDAY131061AY221061GF108991011051008001071999MD1710261+9999MW1361OA140101601REMSYN082AAXX  13121 22012 41598 82112 11025 21041 49862 57026 73632 8157/ 333 91016 91117;
0139220120999992000031412004+69720+033130FM-12+002499999V0202201N010010075019N0500001N1-00151-00321098501ADDGF108991051051008001071999MD1210221+9999OA140101201REMSYN076AAXX  14121 22012 42599 82210 11015 21032 49850 52022 8557/ 333 91012 91112;
0197220120999992000031606004+69720+033130FM-12+002499999V0202501N004012200019N0200001N1-00601-00831100901ADDAA199000091AJ100889199999999GF101991011001999999031001IA1299KA1120N-00751OA140100501REMSYN082AAXX  16061 22012 31998 12504 11060 21083 40090 81030 333 21075 49088 91005 91112;EQDQ01  00002PRCP99
0122220120999992000031712004+69720+033130FM-12+002499999V0202301N004010120019N0500001N1-00201-00411102321ADDGF106991061051012501031001MD1810081+9999REMSYN070AAXX  17121 22012 42699 62304 11020 21041 40232 58008 86530 333 91006;
0159220120999992000031812004+69720+033130FM-12+002499999V0202601N008010075019N0350001N1-00161-00271101971ADDAY181061GF108991051051008001071999MD1310111+9999MW1021OA140101001REMSYN082AAXX  18121 22012 41581 82608 11016 21027 40197 53011 7028/ 8557/ 333 91010 91113;
0167220120999992000031912004+69720+033130FM-12+002499999V0202101N014010300019N0200001N1+00001-00181100161ADDAY131061AY221061GF108991041051012501071999MD1710351+9999MW1361OA140101801REMSYN082AAXX  19121 22012 41698 82114 10000 21018 40016 57035 73632 8457/ 333 91018 91122;
0158220120999992000032012004+69720+033130FM-12+002499999V0202801N013012200019N0500001N1+00091-00141097581ADDGF101991011011999999031001MD1310572+9999OA140101601REMSYN076AAXX  20121 22012 42999 12813 10009 21014 49758 53057 81130 333 91016 91123;EQDQ01+000572APC3  
0139220120999992000032112004+69720+033130FM-12+002499999V0202401N008010300019N0500001N1-00201-00481098501ADDGF106991011091008001061021MD1210181+9999OA140101301REMSYN076AAXX  21121 22012 42599 62408 11020 21048 49850 52018 81962 333 91013 91119;
0160220120999992000032212004+69720+033130FM-12+002499999V02099999999999999999N0350001N1-00201-00391098441ADDAY181061AY211061MD1210041+9999MW1021OA140199999REMSYN082AAXX  22121 22012 41581 ////7 11020 21039 49844 52004 70281 85540 333 91013 91115;EQDQ01  01302WGOSPD
0140220120999992000032512004+69720+033130FM-12+002499999V0200401N007019999999N0008001N1-00191-00301100481ADDAY111061AY221061GF108991999999002501999999MD1210131+9999MW1801REMSYN066AAXX  25121 22012 41308 80407 11019 21030 40048 52013 78012 91008;
0150220120999992000032612004+69720+033130FM-12+002499999V0200701N010010042019N0080001N1-00301-00501101191ADDAY181061AY231061GF107991071091004501001001MD1210171+9999MW1861REMSYN076AAXX  26121 22012 41458 70710 11030 21050 40119 52017 78683 87900 333 91011;
0232220120999992000032706004+69720+033130FM-12+002499999V0202701N011010750019N0200001N1-00771-01031101531ADDAA112002091AJ100949199999999AY181061AY231061GF108991021091004501001021IA1299KA1120N-00801MD1410001+9999MW1361OA140101301REMSYN100AAXX  27061 22012 11498 82711 11077 21103 40153 54000 60022 73683 82902 333 21080 49094 91013 91114;
0232220120999992000033106004+69720+033130FM-12+002499999V0203201N011010042019N0080001N1-00491-00661099961ADDAA112000591AJ101069199999999AY181061AY231061GF107991071091004501001001IA1299KA1120N-00501MD1310251+9999MW1851OA140101701REMSYN100AAXX  31061 22012 11458 73211 11049 21066 49996 53025 69942 78583 87900 333 21050 49106 91017 91117;
0232220120999992000040106004+69720+033130FM-12+002499999V0200501N008010042019N0300001N1-00221-00581100181ADDAA112000791AJ100919199999999AY181061AY231061GF107991061091004501001011IA1299KA1120N-01091MD1310021+9999MW1361OA140101001REMSYN100AAXX  01061 22012 11480 70508 11022 21058 40018 53002 69902 73683 86901 333 21109 49091 91010 91115;
0232220120999992000040206004+69720+033130FM-12+002499999V0200401N012010042019N0050001N1-00301-00721100221ADDAA112000191AJ100939199999999AY181061AY231061GF107991071091004501001001IA1299KA1120N-00351MD1210111+9999MW1851OA140101501REMSYN100AAXX  02061 22012 11450 70412 11030 21072 40022 52011 69922 78583 87900 333 21035 49093 91015 91117;
0232220120999992000040506004+69720+033130FM-12+002499999V0202001N010010300019N0500001N1-00031-00121100111ADDAA112002091AJ100969199999999AY181061AY271061GF108991021051012501071999IA1299KA1120N-00361MD1610111+9999MW1361OA140101201REMSYN100AAXX  05061 22012 11699 82010 11003 21012 40011 56011 60022 73687 8257/ 333 21036 49096 91012 91114;
0106220120999992000062201004+69720+033130FM-16+002499999V02099999999992200019N0030001N1+99999+99999999999ADDMW1001REMMET069220120Z OMDB IWWPQWPZ04KT 300 HZ FEW008 28/26 Q1008 A2953 BEMG 1500.;EQDQ01+000000PRSWM2
0097220120999992000092201004+69720+033130FM-16+002499999V02099999999992200019N0160931N1+99999+99999999999ADDMW1001REMMET060220125Z HEAX 12002KT 0050 FG FEW020 20/20 Q1008 TEMPO 0200M;EQDQ01+000000PRSWM2
