0161224290999992000010112004+65030+035720FM-12+000799999V0202801N002012200019N0300001N1-01441-01571102461ADDAY181061AY211061GF101991011001999999031001MA1999999102361MD1210081+9999MW1021REMSYN072AAXX  01121 22429 41980 12802 11144 21157 30236 40246 52008 70281 81030;
0112224290999992000010209004+65030+035720FM-12+000799999V0201801N004019999999N0290001N1-01471-01601102571ADDGF105991021001999999041011MD1710031+9999REMSYN060AAXX  02091 22429 42979 51804 11147 21160 40257 57003 82041;
0133224290999992000010212004+65030+035720FM-12+000799999V0201801N004019999999N0750001N1-01461-01591102461ADDGF105991021001999999041041MA1999999102361MD1810111+9999REMSYN066AAXX  02121 22429 42989 51804 11146 21159 30236 40246 58011 82044;
0166224290999992000010309004+65030+035720FM-12+000799999V0201701N005010018019N0050001N1-01171-01301101641ADDAY171031AY231031GA1081+001809029GF108991081001001501021999MD1710061+9999MW1711REMSYN076AAXX  03091 22429 41250 81705 11117 21130 40164 57006 77173 8802/ 333 88506;
0140224290999992000010409004+65030+035720FM-12+000799999V0201401N006010300019N0100001N1-01341-01541100271ADDAY181031AY231031GF107991041091004501071011MD1710251+9999MW1851REMSYN066AAXX  04091 22429 41460 71406 11134 21154 40027 57025 78583 84971;
0187224290999992000010412004+65030+035720FM-12+000799999V0201401N008010042019N0040001N1-01161-01361099971ADDAY181061AY231061GA1051+004209099GF107991051091004501071001MA1999999099871MD1710301+9999MW1851REMSYN082AAXX  04121 22429 41440 71408 11116 21136 39987 49997 57030 78583 85970 333 85914;
0187224290999992000010612004+65030+035720FM-12+000799999V0202101N002010015019N0100001N1-00801-00861101131ADDAY171061AY221061GA1081+001509029GF108991081001001501021999MA1999999101031MD1110021+9999MW1711REMSYN082AAXX  06121 22429 41260 82102 11080 21086 30103 40113 51002 77172 8802/ 333 88505;
0161224290999992000010712004+65030+035720FM-12+000799999V0201901N007010021019N0060001N1-00061-00101099221ADDAY181061AY271061GF108991081001002501021999MA1999999099131MD1710101+9999MW1711REMSYN072AAXX  07121 22429 41356 81907 11006 21010 39913 49922 5701/ 77187 8802/;
0187224290999992000010812004+65030+035720FM-12+000799999V0201901N008010045019N0300001N1-00121-00221099041ADDAY131061AY221061GA1071+004509059GF107991071051004501001001MA1999999098951MD1810281+9999MW1361REMSYN082AAXX  08121 22429 42480 71908 11012 21022 39895 49904 58028 73632 87500 333 87615;
0143224290999992000010912004+65030+035720FM-12+000799999V0202501N006012200019N0350001N1+00111-00311099021ADDGA1001+999999999GF100991001001999999001001MA1999999098931MD1210141+9999REMSYN060AAXX  09121 22429 42981 02506 10011 21031 39893 49902 52014;
0181224290999992000011006004+65030+035720FM-12+000799999V0202701N005012200019N0300001N1-00221-00501100071ADDAA106000091GF102991001001999999001011KA1999N+99999MD1110071+9999REMSYN070AAXX  10061 22429 32980 22705 11022 21050 40007 51007 80001 333 21013;EQDQ01  00002PRCP06Q02 -00132ATMN  
0133224290999992000011012004+65030+035720FM-12+000799999V0202701N006012200019N0350001N1-00241-00501100401ADDGF102991001001999999001011MA1999999100311MD1210141+9999REMSYN066AAXX  10121 22429 42981 22706 11024 21050 30031 40040 52014 80001;
0182224290999992000011412004+65030+035720FM-12+000799999V0202701N003010060019N0280001N1-00511-00781101361ADDGA1071+006009059GF107991999051008001001001MA1999999101261MD1210151+9999REMSYN080    AAXX  14121 22429 42578 72703 11051 21078 30126 40136 52015 88500 333 87620;EQDQ01+000082SCOTLC
0175224290999992000011503004+65030+035720FM-12+000799999V0202301N007010042019N0350001N1-00521-00771101131ADDAA112000491GA1071+004209069GF107991071051004501001001MD1710231+9999REMSYN096    AAXX  15031 22429 42481 72307 11052 21077 40113 57023 87500 333 87614 555 21090 69942 7997/;
0157224290999992000011712004+65030+035720FM-12+000799999V0200601N002010069019N0300001N1+99999+99999097401ADDGA1051+006909059GF108991071081008001001001MA1999999097311MD1210121+9999REMSYN074    AAXX  17121 22429 42580 80602 21065 39731 49740 52012 87800 333 85623;
0191224290999992000011812004+65030+035720FM-12+000799999V0200301N007010060019N0140001N1-00621-00891099381ADDAY181061AY231061GA1051+006009099GF107991071091008001001001MA1999999099291MD1210181+9999MW1851REMSYN086    AAXX  18121 22429 41564 70307 11062 21089 39929 49938 52018 78583 87900 333 85920;
0191224290999992000011912004+65030+035720FM-12+000799999V0200101N002010021019N0050001N1-00801-00981099921ADDAY181061AY221061GA1071+002109099GF107991071091002501001001MA1999999099821MD1810011+9999MW1851REMSYN086    AAXX  19121 22429 41350 70102 11080 21098 39982 49992 58001 78582 87900 333 87907;
0187224290999992000012112004+65030+035720FM-12+000799999V0200101N006010021019N0009001N1-00701-00911097821ADDAY181061AY231061GA1071+002109099GF107991071091002501001001MA1999999098731MD1810041+9999MW1861REMSYN082AAXX  21121 22429 41309 70106 11070 21091 39873 49782 58004 78683 87900 333 87907;
0187224290999992000012212004+65030+035720FM-12+000799999V0203301N008010039019N0220001N1-00711-00961099311ADDAY181061AY231061GA1051+003909059GF107991061021004501011001MA1999999099221MD1210071+9999MW1361REMSYN082AAXX  22121 22429 41472 73308 11071 21096 39922 49931 52007 73683 86210 333 85613;
0222224290999992000012612004+65030+035720FM-12+000799999V0201801N011010039019N0100001N1-01381-01581099411ADDAY181061AY231061GA1061+003909099GF107991999091004501001001MA1999999099311MD1810562+9999MW1851REMSYN082AAXX  26121 22429 41460 71811 11138 21158 39931 49941 58056 78583 88900 333 86913;EQDQ01+000082SCOTLCQ02+000562APC3  
0133224290999992000012812004+65030+035720FM-12+000799999V0202501N004010300019N0300001N1-01011-01291098671ADDGF107991031051004501041011MA1999999098581MD1210011+9999REMSYN066AAXX  28121 22429 42480 72504 11101 21129 39858 49867 52001 83541;
0165224290999992000020106004+65030+035720FM-12+000799999V0202301N007019999999N0300001N1-00731-00941094301ADDAA199000091GF107991071001999999071001KA1999N-00991MD1710191+9999REMSYN070AAXX  01061 22429 32980 72307 11073 21094 4943/ 57019 87070 333 21099;EQDQ01  00002PRCP99
0201224290999992000020109004+65030+035720FM-12+000799999V0202001N013010030019N0050001N1-00631-00721097352ADDAY171031AY221031GA1081+003009029GF108991999021008001999999MD1610071+9999MW1781REMSYN076AAXX  01091 22429 41550 82013 11063 21072 49735 56007 77872 802// 333 88510;EQDQ01+000002SCOTLCQ02+097353APOSLP
0187224290999992000020112004+65030+035720FM-12+000799999V0202801N003010054019N0280001N1-00631-00901097581ADDAY171061AY221061GA1051+005409059GF107991051051004501041001MA1999999097491MD1310231+9999MW1021REMSYN082AAXX  01121 22429 41478 72803 11063 21090 39749 49758 53023 70272 85540 333 85618;
0152224290999992000020306004+65030+035720FM-12+000799999V0209999C000019999999N0200001N1-01171-01311098271ADDAA100000191GF107991041001999999051011KA1999N-01221MD1310131+9999REMSYN076AAXX  03061 22429 12970 70000 11117 21131 49827 53013 69920 84051 333 21122;
0112224290999992000020312004+65030+035720FM-12+000799999V0203001N002012200019N0350001N1-01011-01141098711ADDGF102991001001999999001011MD1210251+9999REMSYN060AAXX  03121 22429 42981 23002 11101 21114 49871 52025 80001;
0199224290999992000020803004+65030+035720FM-12+000799999V0201401N006010021019N0035001N1-00081-00121098511ADDAA112000491AY171031AY221031GA1071+002109059GF108991081001002501021999MD1810291+9999MW1731REMSYN098AAXX  08031 22429 41335 81406 11008 21012 49851 58029 77372 8802/ 333 87507 555 21056 69942 7005/;
0150224290999992000021303004+65030+035720FM-12+000799999V0201801N001012200019N0350001N1-00591-00741999999ADDGA1001+999999999GF100991001001999999001001MD1410001+9999ME1100519REMSYN073AAXX  13031 22429 42981 01801 11059 21074 41051 54000 555 217 5902 7990/;
0107224290999992000022012004+65030+035720FM-12+000799999V0202201N005019999999N0300001N1-00391-00581101291ADDMA1999999101191MD1110051+9999REMSYN066AAXX  20121 22429 42/80 /2205 11039 21058 30119 40129 51005 87070;
0140224290999992000022109004+65030+035720FM-12+000799999V0203101N002012200019N0350001N1-01031-01311101521ADDAY181031AY211031GF103991021021008001051001MD1210031+9999MW1271REMSYN066AAXX  21091 22429 41581 33102 11103 21131 40152 52003 72781 82250;
0187224290999992000022112004+65030+035720FM-12+000799999V0202901N002010036019N0130001N1-00841-01071101551ADDAY181061AY211061GA1071+003609099GF107991071091004501001001MA1999999101451MD1210031+9999MW1851REMSYN082AAXX  21121 22429 41463 72902 11084 21107 30145 40155 52003 78581 87900 333 87912;
0196224290999992000022212004+65030+035720FM-12+000799999V0203201N002010033019N0080001N1-00641-00811999999ADDAY121061AY221061GA1051+003309029GF107991051021004501999011MA1999999101941MD1210111+9999ME1102049MW1101REMSYN082AAXX  22121 22429 41458 73202 11064 21081 30194 41204 52011 71022 852/1 333 85811;
0153224290999992000022512004+65030+035720FM-12+000799999V0202901N002012200019N0160001N1-00531-01141101511ADDAY181061GF102991021091004501001999MA1999999097411MD1810021+9999MW1851REMSYN072AAXX  25121 22429 41466 22902 11053 21114 30741 40151 58002 7858/ 8290/;
0213224290999992000030103004+65030+035720FM-12+000799999V0201001N003010021019N0060001N1-01241-01441099631ADDAA112000291AA224004091AY181031AY221031GA1071+002109099GF107991071091002501001001MD1710291+9999MW1851REMSYN101AAXX  01031 22429 41356 71003 11124 21144 49963 57029 78582 87900 333 87907 555 21178 69922 7004/ /-;
0158224290999992000030112004+65030+035720FM-12+000799999V0202101N006019999999N0270001N1+00031-00081099271ADDGF107991999051008001051001MA1999999099181MD1710071+9999REMSYN072AAXX  01121 22429 41577 72106 10003 21008 39918 49927 57007 72/83 88550;EQDQ01+000082SCOTLC
0161224290999992000030212004+65030+035720FM-12+000799999V0201701N009010300019N0240001N1+00641-00051097861ADDAY171061AY261061GF107991031061002501011001MA1999999097771MD1710141+9999MW1211REMSYN072AAXX  02121 22429 41374 71709 10064 21005 39777 49786 57014 72176 83610;
0171224290999992000030306004+65030+035720FM-12+000799999V0202501N007012200019N0350001N1-00981-01381098981ADDAA100000191GF102991021001999999031001KA1999N+99999MD1110041+9999REMSYN076AAXX  03061 22429 12981 22507 11098 21138 49898 51004 69920 82030 333 21092;EQDQ01 -00922ATMN  
0133224290999992000030312004+65030+035720FM-12+000799999V0202501N008010300019N0300001N1-00581-01201099161ADDGF106991021021008001031001MA1999999099071MD1210091+9999REMSYN066AAXX  03121 22429 42580 62508 11058 21120 39907 49916 52009 82230;
0187224290999992000030612004+65030+035720FM-12+000799999V0200601N002010048019N0300001N1-00581-00761100081ADDAY181061AY221061GA1051+004809059GF107991071081004501001001MA1999999099991MD1810161+9999MW1021REMSYN082AAXX  06121 22429 41480 70602 11058 21076 39999 40008 58016 70282 87800 333 85616;
0183224290999992000030706004+65030+035720FM-12+000799999V0201401N008010021019N0050001N1-00571-00741098041ADDAA102000891AY181061AY231061GA1051+002109069GF107991071091002501001001MD1710361+9999MW1851REMSYN082AAXX  07061 22429 11350 71408 11057 21074 49804 57036 69976 78583 87900 333 85707;
0166224290999992000030709004+65030+035720FM-12+000799999V0201301N007010024019N0060001N1-00561-00711097801ADDAY181031AY231031GA1061+002409069GF108991081091002501999999MD1719999+9999MW1751REMSYN076AAXX  07091 22429 41356 81307 11056 21071 49780 57/24 77583 889// 333 86708;
0165224290999992000030712004+65030+035720FM-12+000799999V0201201N006010021019N0041001N1-00491-00621097641ADDAY181061AY231061GF108991081091002501999999MA1999999097551MD1610161+9999MW1851REMSYN076AAXX  07121 22429 41341 81206 11049 21062 39755 49764 56016 78583 889// 333;
0174224290999992000030806004+65030+035720FM-12+000799999V0202701N005010024019N0120001N1-00571-00681097521ADDAA100001091GA1051+002409099GF107991071091002501001001KA1120N-00521MD1310021+9999REMSYN082AAXX  08061 22429 11362 72705 11057 21068 49752 53002 60010 87900 333 21052 85908;
0199224290999992000030906004+65030+035720FM-12+000799999V0209999C000019999999N0300001N1-01071-01101097711ADDAA100003091AY181061AY221061GF107991051001999999031011KA1999N+99999MD1710041+9999MW1021REMSYN082AAXX  09061 22429 11980 70000 11107 2111/ 49771 57004 60030 70282 85031 333 21080;EQDQ01 -00802ATMN  
0105224290999992000030909004+65030+035720FM-12+000799999V0202301N081029999999N0350001N1+99999+99999097841ADDMD1310131+9999REMSYN060AAXX  09091 22429 42581 /2381 11/78 21096 49784 53013 81231;EQDQ01+008103WOSPD 
0112224290999992000031009004+65030+035720FM-12+000799999V0200101N003012200019N0350001N1-00991-01111099191ADDGF103991001001999999001011MD1210151+9999REMSYN060AAXX  10091 22429 42981 30103 11099 21111 49919 52015 80001;
0192224290999992000031203004+65030+035720FM-12+000799999V0203101N005019999999N0260001N1-00681-00971099481ADDAA112000391AY131031AY221031GF108991999001999999071001MD1310161+9999MW1361REMSYN088AAXX  12031 22429 41976 83105 11068 21097 49948 53016 73632 87070 555 21057 69932 7003/;EQDQ01+000072SCOTLC
0161224290999992000031312004+65030+035720FM-12+000799999V0202001N009019999999N0280001N1-00451-00921100551ADDAY131061AY221061GF107991071001999999071001MA1999999100461MD1810121+9999MW1361REMSYN072AAXX  13121 22429 41978 72009 11045 21092 30046 40055 58012 73632 87070;
0159224290999992000031612004+65030+035720FM-12+000799999V0201401N004010024019N0090001N1+00031+00001100911ADDGA1081+002409029GF108991081001002501021999MA1999999100821MD1210231+9999REMSYN076AAXX  16121 22429 41359 81404 10003 20000 30082 40091 52023 8802/ 333 88508;
0152224290999992000031706004+65030+035720FM-12+000799999V0200701N003010300019N0260001N1-00021-00141102041ADDAA100000191GF107991031051017501051001KA1999N-00071MD1210201+9999REMSYN076AAXX  17061 22429 12776 70703 11002 21014 40204 52020 69920 83550 333 21007;
0159224290999992000031712004+65030+035720FM-12+000799999V0200701N005010078019N0300001N1+00161-00281102271ADDGA1061+007809029GF107991061051008001051001MA1999999102181MD1210101+9999REMSYN076AAXX  17121 22429 42580 70705 10016 21028 30218 40227 52010 86550 333 86526;
0133224290999992000031812004+65030+035720FM-12+000799999V0201401N005019999999N0300001N1+00041-00271101111ADDGF105991001001999999001081MA1999999102221MD1410001+9999REMSYN066AAXX  18121 22429 41980 51405 10004 21027 30222 40111 54000 80008;
0128224290999992000031909004+65030+035720FM-12+000799999V0201901N003019999999N0100001N1-00291+99999999999ADDAY121031AY221031GF107991011001999999031011MD1710131+9999MW1101REMSYN054AAXX  19091 22429 41960 71903 11029 57013 71022 81031;
0133224290999992000031912004+65030+035720FM-12+000799999V0202201N006010300019N0300001N1+00031-00191101771ADDGF106991021051008001031001MA1999999101681MD1710141+9999REMSYN066AAXX  19121 22429 41580 62206 10003 21019 30168 40177 57014 82530;
0169224290999992000032003004+65030+035720FM-12+000799999V0201901N012019999999N0210001N1-00121-00291999999ADDAY111031AY221031GF107991071001999999071001MD1710502+9999MW1161REMSYN076AAXX  20031 22429 41971 71912 11012 21029 57050 71612 87070 555 21016 7000/;EQDQ01+000502APC3  
0167224290999992000032006004+65030+035720FM-12+000799999V0202201N010019999999N0250001N1-00051-00201099361ADDAA199000091AY131061AY221061KA1999N-00161MD1710021+9999MW1361REMSYN076AAXX  20061 22429 32975 /2210 11005 21020 49936 57002 73632 87070 333 21016;EQDQ01  00002PRCP99
0193224290999992000032106004+65030+035720FM-12+000799999V0202601N008012200019N0350001N1-00251-00801099641ADDAA199000091GA1001+999999999GF100991001001999999001001KA1999N-00381REMSYN064AAXX  21061 22429 32981 02608 11025 21080 49964 5200/ 333 21038;EQDQ01+000022APCTENQ02+000002APC3  Q03  00002PRCP99
0133224290999992000032112004+65030+035720FM-12+000799999V0202501N006012200019N0350001N1+00021-00581099761ADDGF101991011001999999031081MA1999999099671MD1810021+9999REMSYN066AAXX  21121 22429 42981 12506 10002 21058 39967 49976 58002 81038;
0138224290999992000032203004+65030+035720FM-12+000799999V0202801N007012200019N0350001N1-00491-00941099601ADDGA1001+999999999GF100991001001999999001001MD1710061+9999REMSYN070AAXX  22031 22429 42981 02807 11049 21094 49960 57006 555 21049 7000/;
0175224290999992000032206004+65030+035720FM-12+000799999V0202701N006012200019N0350001N1-00491-00941099591ADDAA199000091GA1001+999999999GF100991001001999999001001KA1999N-00491MD1610011+9999REMSYN064AAXX  22061 22429 32981 02706 11049 21094 49959 56001 333 21049;EQDQ01  00002PRCP99
0143224290999992000032212004+65030+035720FM-12+000799999V0202501N005012200019N0350001N1-00061-00781099581ADDGA1001+999999999GF100991001001999999001001MA1999999099491MD1310031+9999REMSYN060AAXX  22121 22429 42981 02505 11006 21078 39949 49958 53003;
0122224290999992000032309004+65030+035720FM-12+000799999V0202501N002012200019N0350001N1-00331-00651099221ADDGA1001+999999999GF100991001001999999001001MD1310021+9999REMSYN054AAXX  23091 22429 42981 02502 11033 21065 49922 53002;
0186224290999992000032603004+65030+035720FM-12+000799999V0209999C000012200019N0080001N1-01151+99999100771ADDAA199000091AY101031AY201031GF102991021001999999041001MD1110021+9999MW1101REMSYN082AAXX  26031 22429 31958 20000 11115 21113 40077 51002 71000 82040 555 21136 7002/;EQDQ01  00002PRCP99
0196224290999992000032706004+65030+035720FM-12+000799999V0203301N002010036019N0160001N1-00481-00541101811ADDAA199000021AY181061AY211061GA1051+003609099GF107991051091004501031001KA1120N-00701MD1210131+9999MW1851REMSYN082AAXX  27061 22429 31466 73302 11048 21054 40181 52013 78581 85930 333 21070 85912;
0209224290999992000033106004+65030+035720FM-12+000799999V0203501N005010300019N0150001N1+00011-00331099871ADDAA199000021AY181061AY211061GF107991031091004501051061KA1999N+99999MD1310602+9999MW1871REMSYN076AAXX  31061 22429 31465 73505 10001 21033 49987 53060 78781 83956 333 20009;EQDQ01+000602APC3  Q02 +00092ATMN  
0213224290999992000040103004+65030+035720FM-12+000799999V0201301N004010024019N0080001N1-00171-00281099941ADDAA112003091AA224999929AY181031AY271031GA1081+002409059GF108991081001002501021999MD1710251+9999MW1711REMSYN101AAXX  01031 22429 41358 81304 11017 21028 49994 57025 77187 8802/ 333 88508 555 21024 60032 7990/ /-;
0180224290999992000040106004+65030+035720FM-12+000799999V0201301N004019999999N0280001N1-00121-00251099821ADDAA100003091AY181061AY271061GF107991071001999999071001KA1999N-00241MD1610121+9999MW1021REMSYN082AAXX  01061 22429 11978 71304 11012 21025 49982 56012 60030 70287 87070 333 21024;
0137224290999992000040112004+65030+035720FM-12+000799999V0201301N003019999999N9999999N1+00061+00041099561ADDGF108991081001999999021999MA1999999099471MD1710101+9999REMSYN070AAXX  01121 22429 41//0 81303 10006 20004 39947 49956 5701/ 8802/ 333;
0165224290999992000040506004+65030+035720FM-12+000799999V0201401N008010300019N0300001N1-00071-00321100411ADDAA199000091GF108991031051008001071999KA1999N-00071MD1810401+9999REMSYN070AAXX  05061 22429 32580 81408 11007 21032 40041 58040 8357/ 333 21007;EQDQ01  00002PRCP99
