0238305760999992000010100004+54430+119900FM-12+064499999V0209999C000012200019N0020001N1-04601-04851104991ADDAA106000091AJ100349199999999AY101061AY201061GF102991001001999999001011IA1239KA1120N-04611MD1310081+9999MW1401REMSYN098AAXX  01001 30576 31995 20000 11460 21485 40499 53008 74000 80001 333 21461 47034 555 53002 7000/;EQDQ01  00002PRCP06
0149305760999992000010112004+54430+119900FM-12+064499999V0209999C008019999999N0500001N1-03941+99999104771ADDAA106000091KA1120M-03941MD1410001+9999REMSYN080AAXX  01121 30576 32999 /0008 11394 20422 40477 54000 80008 333 11394 555 530/1;EQDQ01  00002PRCP06
0225305760999992000010200004+54430+119900FM-12+064499999V0209999C000019999999N0100001N1-03601-03841104121ADDAA112000591AJ100349199999999AY171061AY221061GF108991001001999999001081IA1239KA1120N-04051MD1610111+9999MW1711REMSYN104AAXX  02001 30576 11997 80000 11360 21384 40412 56011 69952 77172 80008 333 21405 47034 555 53002 7995/;
0193305760999992000010212004+54430+119900FM-12+064499999V0209999C000019999999N0040001N1-03211-03501103501ADDAA112000891AY171061AY221061GF108991081001999999011999KA1120M-03191MD1810091+9999MW1711REMSYN095AAXX  02121 30576 11996 80000 11321 21350 40350 58009 69982 77172 8801/ 333 11319 555 53002 /-;
0239305760999992000010300004+54430+119900FM-12+064499999V0209999C000019999999N0200001N1-03631-03901103341ADDAA112000591AA224001091AJ100349199999999AY171061AY221061GF108991001001999999001071IA1239KA1120N-03631MD1610011+9999MW1021REMSYN107AAXX  03001 30576 11998 80000 11363 21390 40334 56001 69962 70272 80007 333 21363 47034 555 53002 7001/ /-;
0190305760999992000010312004+54430+119900FM-12+064499999V0202501N002019999999N0200001N1-03741-04011103441ADDAA112000391AY171061AY221061GF108991001001999999001071KA1120M-02901MD1210091+9999MW1711REMSYN092AAXX  03121 30576 11998 82502 11374 21401 40344 52009 69932 77172 80007 333 11290 555 53002;
0235305760999992000010400004+54430+119900FM-12+064499999V0209999C000012200019N0100001N1-04391-04611104171ADDAA112000791AJ100349199999999AY171061AY211061GA1001+999999999GF100991001001999999001001IA1239KA1120N-04441MD1310141+9999MW1401REMSYN098AAXX  04001 30576 11997 00000 11439 21461 40417 53014 69902 74071 333 21444 47034 555 53002 7993/;
0185305760999992000010412004+54430+119900FM-12+064499999V0209999C000012200019N0500001N1-04191-04481104611ADDAA106000091GA1001+999999999GF100991001001999999001001KA1120M-03201MD1210171+9999REMSYN074AAXX  04121 30576 32999 00000 11419 21448 40461 52017 333 11320 555 53002;EQDQ01  00002PRCP06
0225305760999992000010500004+54430+119900FM-12+064499999V0203401N002019999999N0010001N1-04171-04431104801ADDAA112000791AJ100349199999999AY171061AY221061GF108991001001999999001081IA1239KA1120N-04411MD1210041+9999MW1711REMSYN104AAXX  05001 30576 11994 83402 11417 21443 40480 52004 69902 77172 80008 333 21441 47034 555 53002 7990/;
0190305760999992000010512004+54430+119900FM-12+064499999V0209999C000019999999N0200001N1-03921-04171104501ADDAA112000191AY171061AY221061GF108991001001999999001081KA1120M-03411MD1010031+9999MW1711REMSYN092AAXX  05121 30576 11998 80000 11392 21417 40450 50003 69922 77172 80008 333 11341 555 53000;
0190305760999992000010612004+54430+119900FM-12+064499999V0202901N002019999999N0040001N1-02541-02781103221ADDAA112001091AY171061AY221061GF108991081001999999011999KA1120M-02481MD1710111+9999MW1711REMSYN092AAXX  06121 30576 11996 82902 11254 21278 40322 57011 60012 77172 8801/ 333 11248 555 53002;
0246305760999992000010700004+54430+119900FM-12+064499999V0203201N002019999999N0020001N1-02331-02511102481ADDAA112000891AA224002091AJ100369199999999AY171061AY221061GF108991081001999999021999IA1239KA1120N-02551MD1710071+9999MW1731REMSYN114AAXX  07001 30576 11995 83202 11233 21251 40248 57007 69972 77372 8802/ 333 21255 47036 555 53002 7002/ /- , 0354;
0221305760999992000010800004+54430+119900FM-12+064499999V0209999C000019999999N0100001N1-02681-02861102151ADDAA112000891AJ100379199999999AY171061AY221061GF108991061001999999011081IA1239KA1120N-03011MD1310011+9999MW1711REMSYN100AAXX  08001 30576 11997 80000 11268 21286 40215 53001 69982 77172 86018 333 21301 47037 53004 7002/;
0190305760999992000010812004+54430+119900FM-12+064499999V0201401N002019999999N0040001N1-02751-02931102191ADDAA112000391AY171061AY221061GF108991041001999999011081KA1120M-02001MD1410001+9999MW1711REMSYN092AAXX  08121 30576 11996 81402 11275 21293 40219 54000 69932 77172 84018 333 11200 555 53002;
0216305760999992000010900004+54430+119900FM-12+064499999V0209999C000019999999N0500001N1-03611-03841102571ADDAA112000791AJ100379199999999GF108991001001999999001081IA1239KA1120N-03611MD1310071+9999REMSYN098AAXX  09001 30576 11299 80000 11361 21384 40257 53007 69902 80008 333 21361 47037 555 53002 7993/;EQDQ01+001502SCOLCB
0185305760999992000010912004+54430+119900FM-12+064499999V0209999C000012200019N0500001N1-03411-03641102981ADDAA106000091GA1001+999999999GF100991001001999999001001KA1120M-02211MD1210161+9999REMSYN074AAXX  09121 30576 32999 00000 11341 21364 40298 52016 333 11221 555 53000;EQDQ01  00002PRCP06
0210305760999992000011000004+54430+119900FM-12+064499999V0201801N002012200019N0500001N1-03761-04051103691ADDAA106000091AJ100379199999999GF103991001001999999001061IA1239KA1120N-03831MD1310201+9999REMSYN092AAXX  10001 30576 32999 31802 11376 21405 40369 53020 80006 333 21383 47037 555 53004 7000/;EQDQ01  00002PRCP06
0185305760999992000011012004+54430+119900FM-12+064499999V0202301N002012200019N0500001N1-03521-03741103991ADDAA106000091GA1001+999999999GF100991001001999999001001KA1120M-02771MD1710111+9999REMSYN074AAXX  10121 30576 32999 02302 11352 21374 40399 57011 333 11277 555 53002;EQDQ01  00002PRCP06
0220305760999992000011100004+54430+119900FM-12+064499999V0202001N002012200019N0500001N1-04071-04321104461ADDAA106000091AJ100379199999999GA1001+999999999GF100991001001999999001001IA1239KA1120N-04121MD1110041+9999REMSYN086AAXX  11001 30576 32999 02002 11407 21432 40446 51004 333 21412 47037 555 53004 7000/;EQDQ01  00002PRCP06
0185305760999992000011212004+54430+119900FM-12+064499999V0202501N002012200019N0500001N1-03561-03831103631ADDAA106000091GA1001+999999999GF100991001001999999001001KA1120M-02561MD1010401+9999REMSYN074AAXX  12121 30576 32999 02502 11356 21383 40363 5004/ 333 11256 555 53004;EQDQ01  00002PRCP06
0238305760999992000011300004+54430+119900FM-12+064499999V0209999C000012200019N0020001N1-04271-04551103661ADDAA106000091AJ100379199999999AY101061AY201061GF102991001001999999001061IA1239KA1120N-04311MD1810011+9999MW1401REMSYN098AAXX  13001 30576 31995 20000 11427 21455 40366 58001 74000 80006 333 21431 47037 555 53004 7000/;EQDQ01  00002PRCP06
0214305760999992000011400004+54430+119900FM-12+064499999V0209999C000012200019N0500001N1-04021-04271103571ADDAA199000091AJ100379199999999GF104991001001999999001061IA1239KA1120N-04101MD1210051+9999REMSYN096    AAXX  14001 30576 32999 40000 11402 21427 40357 52005 80006 333 21410 47037 555 53002 7990/;EQDQ01  00002PRCP99
0197305760999992000011412004+54430+119900FM-12+064499999V0209999C000019999999N0500001N1-03471-03771103601ADDAA112000191AY171061AY221061GF108991001001999999001081KA1120M-02971MD1110101+9999MW1021REMSYN099    AAXX  14121 30576 11999 80000 11347 21377 40360 51010 69922 70272 80008 333 11297 555 53000 /-;
0229305760999992000011500004+54430+119900FM-12+064499999V0209999C000012200019N0500001N1-04101-04381104001ADDAA112000391AJ100379199999999AY171061AY221061GF102991001001999999001061IA1239KA1120N-04101MD1310021+9999MW1401REMSYN108    AAXX  15001 30576 11999 20000 11410 21438 40400 53002 69932 74072 80006 333 21410 47037 555 53000 7995/;
0189305760999992000011512004+54430+119900FM-12+064499999V0209999C000012200019N0500001N1-03891-04171104191ADDAA199000091GA1001+999999999GF100991001001999999001001KA1120M-02801MD1210171+9999REMSYN078    AAXX  15121 30576 32999 00000 11389 21417 40419 52017 333 11280 555 53002;EQDQ01  00002PRCP99
0242305760999992000011600004+54430+119900FM-12+064499999V0209999C000012200019N0100001N1+99999+99999104541ADDAA199000091AJ100379199999999AY111061AY211061GF104991001001999999001011IA1239KA1120N-04251MD1210051+9999MW1401REMSYN102    AAXX  16001 30576 31997 40000 1425/ 21448 40454 52005 74011 80001 333 21425 47037 555 53002 7000/;EQDQ01  00002PRCP99
0189305760999992000011612004+54430+119900FM-12+064499999V0201801N002012200019N0500001N1-03911-04171104051ADDAA199000091GA1001+999999999GF100991001001999999001001KA1120M-02911MD1410001+9999REMSYN078    AAXX  16121 30576 32999 01802 11391 21417 40405 54000 333 11291 555 53002;EQDQ01  00002PRCP99
0242305760999992000011700004+54430+119900FM-12+064499999V0209999C000019999999N0020001N1-04191-04481103951ADDAA199000091AJ100379199999999AY111061AY211061GF108991001001999999001061IA1239KA1120N-04281MD1510001+9999MW1401REMSYN102    AAXX  17001 30576 31995 80000 11419 21448 40395 55000 74011 80006 333 21428 47037 555 53002 7000/;EQDQ01  00002PRCP99
0179305760999992000011712004+54430+119900FM-12+064499999V0209999C002019999999N0500001N1-03441-03741103611ADDAA199000091GF108991001001999999001061KA1120M-03101MD1210031+9999REMSYN084    AAXX  17121 30576 32999 80002 11344 21374 40361 52003 80006 333 11310 555 53000;EQDQ01  00002PRCP99
0229305760999992000011800004+54430+119900FM-12+064499999V0209999C000019999999N0200001N1-03731-04011103821ADDAA112000791AJ100379199999999AY171061AY221061GF108991001001999999001081IA1239KA1120N-03781MD1310031+9999MW1711REMSYN108    AAXX  18001 30576 11998 80000 11373 21401 40382 53003 69902 77172 80008 333 21378 47037 555 53000 7990/;
0171305760999992000011812004+54430+119900FM-12+064499999V0201101N012019999999N0200001N1-03631+99999103831ADDAA112000591AY171061AY221061GF108991001001999999001061MD1210041+9999MW1711REMSYN086    AAXX  18121 30576 11998 81112 11363 2/390 40383 52004 69942 77172 80006 333 5300/;
0184305760999992000011900004+54430+119900FM-12+064499999V0202301N002012200019N0500001N1-04061-04321104081ADDAJ100389199999999GF103991001001999999001061IA1239KA1120N-04071MD1310061+9999REMSYN096    AAXX  19001 30576 12999 32302 11406 21432 40408 53006 80006 333 21407 47038 555 53002 7994/;
0189305760999992000011912004+54430+119900FM-12+064499999V0209999C000012200019N0500001N1-03711-04011999999ADDAA199000091GA1001+999999999GF100991001001999999001001KA1120M-02531MD1210071+9999REMSYN078    AAXX  19121 30576 32999 00000 11371 21401 4/405 52007 333 11253 555 53000;EQDQ01  00002PRCP99
0210305760999992000012000004+54430+119900FM-12+064499999V0201101N002012200019N0200001N1-04131-04381104231ADDAA199000091AJ100389199999999GF103991001001999999001061IA1239KA1120N-04251MD1210041+9999REMSYN092AAXX  20001 30576 32998 31102 11413 21438 40423 52004 80006 333 21425 47038 555 53004 7000/;EQDQ01  00002PRCP99
0175305760999992000012012004+54430+119900FM-12+064499999V0200701N002019999999N0500001N1-03431-03711103621ADDAA199000091GF108991001001999999001071KA1120M-02661MD1310051+9999REMSYN080AAXX  20121 30576 32999 80702 11343 21371 40362 53005 80007 333 11266 555 53002;EQDQ01  00002PRCP99
0238305760999992000012100004+54430+119900FM-12+064499999V0209999C000012200019N0010001N1-04231-04481104341ADDAA199000091AJ100389199999999AY101061AY201061GF102991001001999999001061IA1239KA1120N-04361MD1210141+9999MW1401REMSYN098AAXX  21001 30576 31994 20000 11423 21448 40434 52014 74000 80006 333 21436 47038 555 53002 7000/;EQDQ01  00002PRCP99
0142305760999992000012112004+54430+119900FM-12+064499999V0209999C000012200019N0500001N1-03961-04221999999ADDAA199000091GA1001+999999999GF100991001001999999001001REMSYN058AAXX  21121 30576 32999 00000 11396 21422 404/5 333 53002;EQDQ01  00002PRCP99
0238305760999992000012200004+54430+119900FM-12+064499999V0201801N002012200019N0200001N1-04381-04611104941ADDAA199000091AJ100389199999999AY101061AY201061GF102991001001999999001061IA1239KA1120N-04511MD1610111+9999MW1401REMSYN098AAXX  22001 30576 31998 21802 11438 21461 40494 56011 74000 80006 333 21451 47038 555 53004 7000/;EQDQ01  00002PRCP99
0185305760999992000012212004+54430+119900FM-12+064499999V0209999C000012200019N0500001N1-04211-04481105081ADDAA199000091GA1001+999999999GF100991001001999999001001KA1120M-02891MD1310101+9999REMSYN074AAXX  22121 30576 32999 00000 11421 21448 40508 53010 333 11289 555 53002;EQDQ01  00002PRCP99
0220305760999992000012300004+54430+119900FM-12+064499999V0202301N002012200019N0500001N1-04281-04551105101ADDAA199000091AJ100389199999999GA1001+999999999GF100991001001999999001001IA1239KA1120N-04561MD1610071+9999REMSYN086AAXX  23001 30576 32999 02302 11428 21455 40510 56007 333 21456 47038 555 53004 7000/;EQDQ01  00002PRCP99
0210305760999992000012400004+54430+119900FM-12+064499999V0201801N004019999999N0500001N1-03791-04091105051ADDAA199000091AJ100389199999999GF108991021001999999071061IA1239KA1120N-04101MD1210051+9999REMSYN092AAXX  24001 30576 32999 81804 11379 21409 40505 52005 82076 333 21410 47038 555 53006 7000/;EQDQ01  00002PRCP99
0175305760999992000012411004+54430+119900FM-12+064499999V0201801N002019999999N0500001N1-01691-02031103551ADDAA199000091GF108991001001999999001061KA1120M-01651MD1710131+9999REMSYN080AAXX  24111 30576 32999 81802 11169 21203 40355 57013 80006 333 11165 555 53006;EQDQ01  00002PRCP99
0175305760999992000012412004+54430+119900FM-12+064499999V0201801N002019999999N0020001N1-01691-02031103551ADDAA199000091GF108991001001999999001061KA1120M-01651MD1710131+9999REMSYN080AAXX  24121 30576 32995 81802 11169 21203 40355 57013 80006 333 11165 555 53/06;EQDQ01  00002PRCP99
0236305760999992000012500004+54430+119900FM-12+064499999V0201801N002012200019N0500001N1-02951-03191104551ADDAA199000091AJ199999999999999GA1001+999999999GF100991001001999999001001IA1239KA1120N-03091MD1210191+9999REMSYN086AAXX  25001 30576 32999 01802 11295 21319 40455 52019 333 21309 47837 555 53004 7000/;EQDQ01  00002PRCP99Q02  08372SNDP  
0185305760999992000012512004+54430+119900FM-12+064499999V0209999C000012200019N0500001N1-02411-02601104561ADDAA199000091GA1001+999999999GF100991001001999999001001KA1120M-01151MD1110111+9999REMSYN074AAXX  25121 30576 32999 00000 11241 21260 40456 51011 333 11115 555 53002;EQDQ01  00002PRCP99
0210305760999992000012600004+54430+119900FM-12+064499999V0201801N004012200019N0500001N1-03021-03251104841ADDAA199000091AJ100379199999999GF104991001001999999001011IA1239KA1120N-03131MD1410001+9999REMSYN092AAXX  26001 30576 32999 41804 11302 21325 40484 54000 80001 333 21313 47037 555 53004 7000/;EQDQ01  00002PRCP99
0185305760999992000012612004+54430+119900FM-12+064499999V0200201N002012200019N0500001N1-02361-02611103551ADDAA199000091GA1001+999999999GF100991001001999999001001KA1120M-02131MD1710171+9999REMSYN074AAXX  26121 30576 32999 00202 11236 21261 40355 57017 333 11213 555 53002;EQDQ01  00002PRCP99
0210305760999992000012700004+54430+119900FM-12+064499999V0202301N002012200019N0500001N1-03511-03741103901ADDAA199000091AJ100379199999999GF102991001001999999001061IA1239KA1120N-03581MD1710071+9999REMSYN092AAXX  27001 30576 32999 22302 11351 21374 40390 57007 80006 333 21358 47037 555 53004 7000/;EQDQ01  00002PRCP99
0175305760999992000012712004+54430+119900FM-12+064499999V0209999C000019999999N0500001N1-03191-03501103371ADDAA199000091GF106991001001999999001061KA1120M-02061MD1310041+9999REMSYN080AAXX  27121 30576 32999 60000 11319 21350 40337 53004 80006 333 11206 555 53000;EQDQ01  00002PRCP99
0219305760999992000012800004+54430+119900FM-12+064499999V0201801N004019999999N0200001N1+99999+99999103771ADDAA112000791AJ100379199999999AY171061AY211061GF108991051001999999011081IA1239KA1120N-03441MD1310171+9999MW1711REMSYN098AAXX  28001 30576 11998 81804 21334 40377 53017 69902 77171 85018 333 21344 47037 555 53006 7990/;
0204305760999992000012900004+54430+119900FM-12+064499999V0202001N002019999999N0500001N1-03821-04091105281ADDAA199000091AJ100379199999999GF108991001001999999001061IA1239KA1120N-03821MD1210201+9999REMSYN086AAXX  29001 30576 32999 82002 11382 21409 40528 52020 80006 333 21382 47037 555 7990/;EQDQ01  00002PRCP99
0184305760999992000012912004+54430+119900FM-12+064499999V0209999C000012200019N0500001N1-03121-03421105211ADDAA199000091GA1001+999999999GF100991001001999999001001KA1120M-01821MD1210011+9999REMSYN073AAXX  29121 30576 32999 00000 11312 21342 40521 52001 333 11182 555 5302;EQDQ01  00002PRCP99
0210305760999992000013000004+54430+119900FM-12+064499999V0201801N004012200019N0500001N1-03561-03831105231ADDAA199000091AJ100379199999999GF103991001001999999001061IA1239KA1120N-03761MD1610021+9999REMSYN092AAXX  30001 30576 32999 31804 11356 21383 40523 56002 80006 333 21376 47037 555 53004 7000/;EQDQ01  00002PRCP99
0160305760999992000013012004+54430+119900FM-12+064499999V0202001N002012200019N0500001N1-02661-02971104871ADDAA199000091GF102991999999999999999999KA1120M-01731REMSYN079AAXX  30121 30576 32999 22002 11266 21297 40487 5000 80006 333 11173 555 53004;EQDQ01  00002PRCP99
0210305760999992000013100004+54430+119900FM-12+064499999V0209999C000012200019N0500001N1-02931-03171104481ADDAA199000091AJ100379199999999GF103991001001999999001061IA1239KA1120N-03151MD1810151+9999REMSYN092AAXX  31001 30576 32999 30000 11293 21317 40448 58015 80006 333 21315 47037 555 53004 7000/;EQDQ01  00002PRCP99
0175305760999992000013112004+54430+119900FM-12+064499999V0200901N002012200019N0500001N1-01841-02251103331ADDAA199000091GF104991001001999999001061KA1120M-00371MD1810081+9999REMSYN080AAXX  31121 30576 32999 40902 11184 21225 40333 58008 80006 333 11037 555 53002;EQDQ01  00002PRCP99
0210305760999992000020100004+54430+119900FM-12+064499999V0201801N004019999999N0500001N1-02821-03061103281ADDAA199000091AJ100369199999999GF106991001001999999001081IA1239KA1120N-02901MD1610021+9999REMSYN092AAXX  01001 30576 32999 61804 11282 21306 40328 56002 80008 333 21290 47036 555 53006 7000/;EQDQ01  00002PRCP99
0185305760999992000020112004+54430+119900FM-12+064499999V0201801N002012200019N0500001N1-02411-02731102741ADDAA199000091GA1001+999999999GF100991001001999999001001KA1120M-00831MD1410001+9999REMSYN074AAXX  01121 30576 32999 01802 11241 21273 40274 54000 333 11083 555 53004;EQDQ01  00002PRCP99
0220305760999992000020200004+54430+119900FM-12+064499999V0202301N002012200019N0500001N1-03661-03941103401ADDAA199000091AJ100369199999999GA1001+999999999GF100991001001999999001001IA1239KA1120N-03661MD1410001+9999REMSYN086AAXX  02001 30576 32999 02302 11366 21394 40340 54000 333 21366 47036 555 53002 7000/;EQDQ01  00002PRCP99
0175305760999992000020212004+54430+119900FM-12+064499999V0209999C000012200019N0500001N1-03001-03301102951ADDAA199000091GF102991001001999999001061KA1120M-01751MD1310011+9999REMSYN080AAXX  02121 30576 32999 20000 11300 21330 40295 53001 80006 333 11175 555 53002;EQDQ01  00002PRCP99
0210305760999992000020300004+54430+119900FM-12+064499999V0201801N002012200019N0500001N1-03511-03801103121ADDAA199000091AJ100369199999999GF102991001001999999001061IA1239KA1120N-03611MD1310041+9999REMSYN092AAXX  03001 30576 32999 21802 11351 21380 40312 53004 80006 333 21361 47036 555 53004 7000/;EQDQ01  00002PRCP99
0175305760999992000020312004+54430+119900FM-12+064499999V0202001N002012200019N0500001N1-02761-03061103001ADDAA199000091GF102991001001999999001999KA1120M-01161MD1310121+9999REMSYN080AAXX  03121 30576 32999 22002 11276 21306 40300 53012 8000/ 333 11116 555 53002;EQDQ01  00002PRCP99
0167305760999992000020400004+54430+119900FM-12+064499999V0202001N002012200019N0500001N1-03631-03901999999ADDAA199000091GF101991999999999999999999IA1239KA1120N-03661REMSYN080AAXX  04001 30576 32999 12002 11363 21390 5/007 333 21366 4706/ 555 53004 7000/;EQDQ01  00002PRCP99
0175305760999992000020412004+54430+119900FM-12+064499999V0203201N002019999999N0500001N1-03141-03421103501ADDAA199000091GF105991001001999999001081KA1120M-01771MD1210071+9999REMSYN080AAXX  04121 30576 32999 53202 11314 21342 40350 52007 80008 333 11177 555 53002;EQDQ01  00002PRCP99
0210305760999992000020500004+54430+119900FM-12+064499999V0209999C000012200019N0500001N1-03901-04171103931ADDAA199000091AJ100369199999999GF102991001001999999001081IA1239KA1120N-04001MD1210051+9999REMSYN092AAXX  05001 30576 32999 20000 11390 21417 40393 52005 80008 333 21400 47036 555 53004 7000/;EQDQ01  00002PRCP99
0190305760999992000020512004+54430+119900FM-12+064499999V0201101N004019999999N0200001N1-03411-03781103631ADDAA112000791AY171061AY221061GF108991001001999999001081KA1120M-02381MD1210021+9999MW1711REMSYN092AAXX  05121 30576 11998 81104 11341 21378 40363 52002 69902 77172 80008 333 11238 555 53004;
0225305760999992000020600004+54430+119900FM-12+064499999V0202001N002012200019N0500001N1-03901-04171103941ADDAA112000791AJ100369199999999AY171061AY211061GF102991001001999999001081IA1239KA1120N-03961MD1310081+9999MW1021REMSYN104AAXX  06001 30576 11999 22002 11390 21417 40394 53008 69902 70271 80008 333 21396 47036 555 53004 7990/;
0185305760999992000020612004+54430+119900FM-12+064499999V0209999C000012200019N0500001N1-03381-03681103661ADDAA199000091GA1001+999999999GF100991001001999999001001KA1120M-02061MD1210061+9999REMSYN074AAXX  06121 30576 32999 00000 11338 21368 40366 52006 333 11206 555 53002;EQDQ01  00002PRCP99
0210305760999992000020700004+54430+119900FM-12+064499999V0201801N002019999999N0500001N1-03891-04171103891ADDAA199000091AJ100369199999999GF106991001001999999001061IA1239KA1120N-03951MD1810021+9999REMSYN092AAXX  07001 30576 32999 61802 11389 21417 40389 58002 80006 333 21395 47036 555 53004 7008<;EQDQ01  00002PRCP99
0210305760999992000020800004+54430+119900FM-12+064499999V0201801N002019999999N0500001N1-03321-03621103091ADDAA199000091AJ100369199999999GF108991001001999999001061IA1239KA1120N-03431MD1810111+9999REMSYN092AAXX  08001 30576 32999 81802 11332 21362 40309 58011 80006 333 21343 47036 555 53004 7000/;EQDQ01  00002PRCP99
0162305760999992000020812004+54430+119900FM-12+064499999V0201801N002019999999N0500001N1-02691-03071102731ADDAA199000091GF108991001001999999001081MD1010041+9999REMSYN080AAXX  08121 30576 32999 81802 11269 21307 40273 50004 80008 333 80185 555 53002;EQDQ01  00002PRCP99
0210305760999992000020900004+54430+119900FM-12+064499999V0201801N002012200019N0500001N1-03501-03801102981ADDAA199000091AJ100369199999999GF103991001001999999001081IA1239KA1120N-03541MD1710021+9999REMSYN092AAXX  09001 30576 32999 31802 11350 21380 40298 57002 80008 333 21354 47036 555 53006 7000/;EQDQ01  00002PRCP99
0185305760999992000020912004+54430+119900FM-12+064499999V0201101N002012200019N0500001N1-02641-03021102381ADDAA199000091GA1001+999999999GF100991001001999999001001KA1120M-01261MD1110021+9999REMSYN074AAXX  09121 30576 32999 01102 11264 21302 40238 51002 333 11126 555 53002;EQDQ01  00002PRCP99
0210305760999992000021000004+54430+119900FM-12+064499999V0202001N004019999999N0500001N1-03271-03571102531ADDAA199000091AJ100369199999999GF108991001001999999001081IA1239KA1120N-03371MD1410001+9999REMSYN092AAXX  10001 30576 32999 82004 11327 21357 40253 54000 80008 333 21337 47036 555 53006 7000/;EQDQ01  00002PRCP99
0175305760999992000021012004+54430+119900FM-12+064499999V0209999C000012200019N0500001N1-02671-02981102161ADDAA199000091GF103991001001999999001061KA1120M-01621MD1410001+9999REMSYN080AAXX  10121 30576 32999 30000 11267 21298 40216 54000 80006 333 11162 555 53000;EQDQ01  00002PRCP99
0258305760999992000021100004+54430+119900FM-12+064499999V0209999C000019999999N0500001N1-03471-03771102551ADDAA112000791AA224999999AJ100369199999999AY171061AY221061GF105991011001999999041061IA1239KA1120N-03501MD1210141+9999MW1021REMSYN107AAXX  11001 30576 11999 50000 11347 21377 40255 52014 69902 70272 81046 333 21350 47036 555 53004 7990/ /-;EQDQ01  99992PRCP24
0188305760999992000021112004+54430+119900FM-12+064499999V0202301N002012200019N0500001N1-02921-03221102661ADDAA199000091GA1001+999999999GF100991001001999999001001KA1120M-01521MD1310081+9999REMSYN077AAXX  11121 30576 32999 02302 11292 21322 40266 53008 333 11152 555 53002 /-;EQDQ01  00002PRCP99
0229305760999992000021200004+54430+119900FM-12+064499999V0201801N002019999999N0500001N1-03371-03651103081ADDAA124000091AJ100369199999999GF108991011001999999041061IA1239KA1120N-05611MD1310011+9999REMSYN095AAXX  12001 30576 32999 81802 11337 21365 40308 53001 81046 333 21561 47036 555 53004 7000/ /-;EQDQ01  00002PRCP99Q02  00003PRCP99
0175305760999992000021212004+54430+119900FM-12+064499999V0201801N002019999999N0500001N1-02421-02891102791ADDAA199000091GF108991001001999999001081KA1120M-01361MD1210041+9999REMSYN080AAXX  12121 30576 32999 81802 11242 21289 40279 52004 80008 333 11136 555 53002;EQDQ01  00002PRCP99
0210305760999992000021300004+54430+119900FM-12+064499999V0202001N004019999999N0500001N1-03191-03501103261ADDAA199000091AJ100369199999999GF108991021001999999071081IA1239KA1120N-03251MD1310031+9999REMSYN092AAXX  13001 30576 32999 82004 11319 21350 40326 53003 82078 333 21325 47036 555 53006 7000/;EQDQ01  00002PRCP99
0175305760999992000021312004+54430+119900FM-12+064499999V0201401N002019999999N0500001N1-02371-02921102711ADDAA199000091GF108991001001999999001071KA1120M-01271MD1810021+9999REMSYN080AAXX  13121 30576 32999 81402 11237 21292 40271 58002 80007 333 11127 555 53002;EQDQ01  00002PRCP99
0185305760999992000021412004+54430+119900FM-12+064499999V0203401N002012200019N0500001N1-02681-03231102711ADDAA199000091GA1001+999999999GF100991001001999999001001KA1120M-01191MD1410001+9999REMSYN074AAXX  14121 30576 32999 03402 11268 21323 40271 54000 333 11119 555 53006;EQDQ01  00002PRCP99
0193305760999992000021500004+54430+119900FM-12+064499999V0201801N002019999999N0090001N1-03481-03771103171ADDAA199000091GF105991001001999999001061IA1249KA1120N-03591MD1310111+9999REMSYN092AAXX  15001 30576 32/59 51802 11348 21377 40317 53011 80006 333 21359 4806/ 555 53004 7000/;EQDQ01  00002PRCP99
0175305760999992000021512004+54430+119900FM-12+064499999V0201101N002012200019N0500001N1-02541-03091102811ADDAA199000091GF103991001001999999001081KA1120M-01301MD1310081+9999REMSYN080AAXX  15121 30576 32999 31102 11254 21309 40281 53008 80008 333 11130 555 53004;EQDQ01  00002PRCP99
0210305760999992000021600004+54430+119900FM-12+064499999V0202001N002012200019N0500001N1-03541-03831103241ADDAA199000091AJ100369199999999GF102991021001999999041001IA1239KA1120N-03661MD1310031+9999REMSYN092AAXX  16001 30576 32999 22002 11354 21383 40324 53003 82040 333 21366 47036 555 53002 7000/;EQDQ01  00002PRCP99
0175305760999992000021612004+54430+119900FM-12+064499999V0200901N002012200019N0500001N1-02611-03071102971ADDAA199000091GF104991021001999999041081KA1120M-01351MD1210101+9999REMSYN080AAXX  16121 30576 32999 40902 11261 21307 40297 52010 82048 333 11135 555 53004;EQDQ01  00002PRCP99
0210305760999992000021700004+54430+119900FM-12+064499999V0209999C000012200019N0500001N1-03471-03771103541ADDAA199000091AJ100369199999999GF102991001001999999001061IA1239KA1120N-03521MD1210061+9999REMSYN092AAXX  17001 30576 32999 20000 11347 21377 40354 52006 80006 333 21352 47036 555 53004 7000/;EQDQ01  00002PRCP99
0210305760999992000021800004+54430+119900FM-12+064499999V0202001N004012200019N0500001N1-03361-03651103261ADDAA199000091AJ100359199999999GF102991001001999999001061IA1239KA1120N-03391MD1410001+9999REMSYN092AAXX  18001 30576 32999 22004 11336 21365 40326 54000 80006 333 21339 47035 555 53004 7000/;EQDQ01  00002PRCP99
0185305760999992000021812004+54430+119900FM-12+064499999V0209999C000012200019N0500001N1-02471-03021102841ADDAA199000091GA1001+999999999GF100991001001999999001001KA1120M-01271MD1310011+9999REMSYN074AAXX  18121 30576 32999 00000 11247 21302 40284 53001 333 11127 555 53002;EQDQ01  00002PRCP99
0210305760999992000021900004+54430+119900FM-12+064499999V0201801N004019999999N0500001N1-03181-03471103191ADDAA199000091AJ100359199999999GF108991021001999999041061IA1239KA1120N-03281MD1310041+9999REMSYN092AAXX  19001 30576 32999 81804 11318 21347 40319 53004 82046 333 21328 47035 555 53004 7000/;EQDQ01  00002PRCP99
0185305760999992000021912004+54430+119900FM-12+064499999V0209999C000012200019N0500001N1-02411-02971102651ADDAA199000091GA1001+999999999GF100991001001999999001001KA1120M-00941MD1610041+9999REMSYN074AAXX  19121 30576 32999 00000 11241 21297 40265 56004 333 11094 555 53002;EQDQ01  00002PRCP99
0210305760999992000022000004+54430+119900FM-12+064499999V0202001N002012200019N0500001N1-03331-03621103001ADDAA199000091AJ100359199999999GF102991001001999999001061IA1239KA1120N-03431MD1510011+9999REMSYN092AAXX  20001 30576 32999 22002 11333 21362 40300 55001 80006 333 21343 47035 555 53004 7000/;EQDQ01  00002PRCP99
0178305760999992000022012004+54430+119900FM-12+064499999V0201401N002012200019N0500001N1-02381-02941102571ADDAA199000091GF104991001001999999001081KA1120M-01051MD1310031+9999REMSYN083AAXX  20121 30576 32999 41402 11238 21294 40257 53003 80008 333 11105 555 53002 /-;EQDQ01  00002PRCP99
0210305760999992000022100004+54430+119900FM-12+064499999V0201801N002012200019N0500001N1-03391-03681103101ADDAA199000091AJ100359199999999GF104991001001999999001081IA1239KA1120N-03551MD1010011+9999REMSYN092AAXX  21001 30576 32999 41802 11339 21368 40310 50001 80008 333 21355 47035 555 53006 7000/;EQDQ01  00002PRCP99
0175305760999992000022112004+54430+119900FM-12+064499999V0203201N002012200019N0500001N1-02561-03031102591ADDAA199000091GF102991021001999999041001KA1120M-01271MD1310061+9999REMSYN080AAXX  21121 30576 32999 23202 11256 21303 40259 53006 82040 333 11127 555 53002;EQDQ01  00002PRCP99
0210305760999992000022200004+54430+119900FM-12+064499999V0209999C000019999999N0500001N1-03251-03551102931ADDAA199000091AJ100359199999999GF108991001001999999001071IA1239KA1120N-03251MD1210061+9999REMSYN092AAXX  22001 30576 32999 80000 11325 21355 40293 52006 80007 333 21325 47035 555 53004 7000/;EQDQ01  00002PRCP99
0161305760999992000022212004+54430+119900FM-12+064499999V02099999999992200019N0500001N1-02601-03141102601ADDAA112000791GA1001+999999999GF100991001001999999001001MD1210041+9999REMSYN082AAXX  22121 30576 12999 02//2 11260 21314 40260 52004 69902 333 71127 555 53002. ;
0210305760999992000022300004+54430+119900FM-12+064499999V0201801N002019999999N0500001N1-03611-03901103221ADDAA199000091AJ100359199999999GF106991001001999999001011IA1239KA1120N-03851MD1110071+9999REMSYN092AAXX  23001 30576 32999 61802 11361 21390 40322 51007 80001 333 21385 47035 555 53004 7990/;EQDQ01  00002PRCP99
0188305760999992000022312004+54430+119900FM-12+064499999V0209999C000012200019N0500001N1-02541-03181102771ADDAA199000091GA1001+999999999GF100991001001999999001001KA1120M-01551MD1110051+9999REMSYN077AAXX  23121 30576 32999 00000 11254 21318 40277 51005 333 11155 555 53000 /-;EQDQ01  00002PRCP99
0220305760999992000022400004+54430+119900FM-12+064499999V0202001N002012200019N0500001N1-03531-03901102211ADDAA199000091AJ100359199999999GA1001+999999999GF100991001001999999001001IA1239KA1120N-03751MD1710011+9999REMSYN086AAXX  24001 30576 32999 02002 11353 21390 40221 57001 333 21375 47035 555 53004 7000/;EQDQ01  00002PRCP99
0175305760999992000022412004+54430+119900FM-12+064499999V0201601N002019999999N0500001N1-02681-03231102481ADDAA199000091GF108991001001999999001081KA1120M-01501MD1310031+9999REMSYN080AAXX  24121 30576 32999 81602 11268 21323 40248 53003 80008 333 11150 555 53002;EQDQ01  00002PRCP99
0204305760999992000022500004+54430+119900FM-12+064499999V02099999999999999999N0500001N1-03211+99999102601ADDAA199000091AJ100359199999999GF108991031001999999081071IA1239KA1120N-03491MD1310021+9999REMSYN086AAXX  25001 30576 32999 8000/ 11321 40260 53002 83087 333 21349 47035 555 53004 7000/;EQDQ01  00002PRCP99
0175305760999992000022512004+54430+119900FM-12+064499999V0201401N002019999999N0500001N1-02701-03251102381ADDAA199000091GF108991001001999999001061KA1120M-01431MD1310061+9999REMSYN080AAXX  25121 30576 32999 81402 11270 21325 40238 53006 80006 333 11143 555 53004;EQDQ01  00002PRCP99
0162305760999992000022612004+54430+119900FM-12+064499999V0209999C000012200019N0500001N1-02761-03131102931ADDAA112000791GF101991001001999999001061KA1120M-01501MD1110191+9999REMSYN086AAXX  26121 30576 12999 10000 11276 21313 40293 51019 69902 80006 333 11150 555 53004;
0210305760999992000022700004+54430+119900FM-12+064499999V0201801N002012200019N0500001N1-03541-03831103801ADDAA199000091AJ100359199999999GF103991001001999999001061IA1239KA1120N-03711MD1210171+9999REMSYN092AAXX  27001 30576 32999 31802 11354 21383 40380 52017 80006 333 21371 47035 555 53004 7990/;EQDQ01  00002PRCP99
0185305760999992000022712004+54430+119900FM-12+064499999V0201401N002012200019N0500001N1-02571-03211103361ADDAA199000091GA1001+999999999GF100991001001999999001001KA1120M-01351MD1810051+9999REMSYN074AAXX  27121 30576 32999 01402 11257 21321 40336 58005 333 11135 555 53004;EQDQ01  00002PRCP99
0225305760999992000022800004+54430+119900FM-12+064499999V0203201N002019999999N0100001N1-02371-02761102421ADDAA112000191AJ100359199999999AY171061AY221061GF108991081001999999021999IA1239KA1120N-03061MD1810151+9999MW1711REMSYN104AAXX  28001 30576 11997 83202 11237 21276 40242 58015 69922 77172 8802/ 333 21306 47035 555 53004 7992/;
0156305760999992000022812004+54430+119900FM-12+064499999V0209999C000019999999N0500001N1-01891-02381102121ADDAA112000791GF108991001001999999001071IA1019MD1310021+9999REMSYN087AAXX  28121 30576 12999 80000 11189 21238 40212 53002 69902 80007 333 07/// 555 5 3000;
0210305760999992000022900004+54430+119900FM-12+064499999V0202701N002012200019N0500001N1-02151-02401101951ADDAA199000091AJ100359199999999GF104991011001999999041081IA1239KA1120N-02301MD1710011+9999REMSYN092AAXX  29001 30576 32999 42702 11215 21240 40195 57001 81048 333 21230 47035 555 53006 7990/;EQDQ01  00002PRCP99
0175305760999992000022912004+54430+119900FM-12+064499999V0200901N002019999999N0500001N1-00871-01361102211ADDAA199000091GF108991001001999999001081KA1120M-00301MD1310151+9999REMSYN080AAXX  29121 30576 32999 80902 11087 21136 40221 53015 80008 333 11030 555 53002;EQDQ01  00002PRCP99
0239305760999992000030100004+54430+119900FM-12+064499999V0201401N002019999999N0100001N1-01231-01361102281ADDAA112001092AA224000992AJ100359199999999AY171061AY221061GF108991031001999999081061IA1239KA1120N-01331MD1210211+9999MW1711REMSYN107AAXX  01001 30576 11997 81402 11123 21136 40228 52021 69992 77172 83086 333 21133 47035 555 53002 7999/ /-;
0181305760999992000030112004+54430+119900FM-12+064499999V0209999C000019999999N0500001N1-01431-02141102061ADDAA112000791GF108991001001999999001061KA1120M-00171MD1810081+9999REMSYN086AAXX  01121 30576 11299 80100 11143 21214 40206 58008 69902 80006 333 11017 555 53002;EQDQ01+001502SCOLCB
0210305760999992000030200004+54430+119900FM-12+064499999V0209999C000019999999N0500001N1-02241-02491101911ADDAA199000091AJ100349199999999GF108991001001999999001081IA1239KA1120N-02581MD1710121+9999REMSYN092AAXX  02001 30576 32999 80000 11224 21249 40191 57012 80008 333 21258 47034 555 53002 7990/;EQDQ01  00002PRCP99
0162305760999992000030212004+54430+119900FM-12+064499999V0201401N002019999999N0500001N1-01821-02151100891ADDAA112000791GF108991021001999999041081KA1120M-00801MD1610031+9999REMSYN086AAXX  02121 30576 12999 81402 11182 21215 40089 56003 69902 82048 333 11080 555 53002;
0225305760999992000030300004+54430+119900FM-12+064499999V0209999C000019999999N0045001N1-01591-01781100891ADDAA112000391AJ100369199999999AY171061AY221061GF108991031001999999041081IA1239KA1120N-02171MD1310101+9999MW1711REMSYN104AAXX  03001 30576 11945 80000 11159 21178 40089 53010 69932 77172 83048 333 21217 47036 555 53002 7993/;
0190305760999992000030312004+54430+119900FM-12+064499999V0203601N002019999999N0040001N1-01091-01291100851ADDAA112000191AY181061AY271061GF108991021001999999041071KA1120M-00621MD1110031+9999MW1711REMSYN092AAXX  03121 30576 11996 83602 11109 21129 40085 51003 69922 77187 82047 333 11062 555 53006;
0225305760999992000030400004+54430+119900FM-12+064499999V0201401N002019999999N0500001N1-01691-02031101391ADDAA112000591AJ100369199999999AY171061AY221061GF108991001001999999001081IA1239KA1120N-01821MD1210121+9999MW1021REMSYN104AAXX  04001 30576 11999 81402 11169 21203 40139 52012 69962 70272 80008 333 21182 47036 555 53006 7998/;
0175305760999992000030412004+54430+119900FM-12+064499999V0201801N002019999999N0500001N1-01881-02461101371ADDAA199000091GF108991001001999999001081KA1120M-00771MD1210041+9999REMSYN080AAXX  04121 30576 32999 81802 11188 21246 40137 52004 80008 333 11077 555 53004;EQDQ01  00002PRCP99
0210305760999992000030500004+54430+119900FM-12+064499999V0209999C000019999999N0500001N1-02771-03011102131ADDAA199000091AJ100369199999999GF108991001001999999001061IA1239KA1120N-03151MD1210161+9999REMSYN092AAXX  05001 30576 32999 80000 11277 21301 40213 52016 80006 333 21315 47036 555 53002 7000/;EQDQ01  00002PRCP99
0193305760999992000030512004+54430+119900FM-12+064499999V0200501N004010750019N0500001N1-01731-02231102331ADDAA112000791AY181061AY221061GF108991041091012501001081KA1120M-00921MD1210211+9999MW1021REMSYN095AAXX  05121 30576 11699 80504 11173 21223 40233 52021 69902 70282 84908 333 11092 555 53012 /-;
0213305760999992000030600004+54430+119900FM-12+064499999V0202001N002019999999N0500001N1-03211-03501103321ADDAA124000091AJ100369199999999GF105991001001999999001071IA1239KA1120N-03371MD1210251+9999REMSYN095AAXX  06001 30576 32999 52002 11321 21350 40332 52025 80007 333 21337 47036 555 53002 7990/ /-;EQDQ01  00002PRCP24
0175305760999992000030612004+54430+119900FM-12+064499999V0201401N004012200019N0500001N1-02641-03481102941ADDAA199000091GF102991001001999999001061KA1120M-01361MD1610041+9999REMSYN080AAXX  06121 30576 32999 21404 11264 21348 40294 56004 80006 333 11136 555 53008;EQDQ01  00002PRCP99
0210305760999992000030700004+54430+119900FM-12+064499999V0202001N002012200019N0500001N1-03461-03811102941ADDAA199000091AJ100369199999999GF103991001001999999001061IA1239KA1120N-03611MD1310021+9999REMSYN092AAXX  07001 30576 32999 32002 11346 21381 40294 53002 80006 333 21361 47036 555 53004 7000/;EQDQ01  00002PRCP99
0245305760999992000030800004+54430+119900FM-12+064499999V0202001N002012200019N0500001N1-03201-03501103141ADDAA124000091AJ100369199999999GF102991001001999999001061IA1239KA1120M+99999MD1310041+9999REMSYN095AAXX  08001 30576 32999 22002 11320 21350 40314 53004 80006 333 11361 47036 555 53004 7000/ /-;EQDQ01  00002PRCP99Q02  00003PRCP99Q03 -03612ATMX  
0175305760999992000030812004+54430+119900FM-12+064499999V0200701N002012200019N0500001N1-02451-03311102631ADDAA199000091GF102991001001999999001061KA1120M-01161MD1410001+9999REMSYN080AAXX  08121 30576 32999 20702 11245 21331 40263 54007 80006 333 11116 555 53002;EQDQ01  00002PRCP99
0210305760999992000030900004+54430+119900FM-12+064499999V0202301N004012200019N0500001N1-03191-03571103151ADDAA199000091AJ100369199999999GF102991001001999999001061IA1239KA1120N-03591MD1110011+9999REMSYN092AAXX  09001 30576 32999 22304 11319 21357 40315 51001 80006 333 21359 47036 555 53006 7000/;EQDQ01  00002PRCP99
0175305760999992000030912004+54430+119900FM-12+064499999V0201601N004019999999N0500001N1-01111-01841101591ADDAA199000091GF108991001001999999001081KA1120M-00551MD1710221+9999REMSYN080AAXX  09121 30576 32999 81604 11111 21184 40159 57022 80008 333 11055 555 53004;EQDQ01  00002PRCP99
0229305760999992000031000004+54430+119900FM-12+064499999V0202301N002019999999N0500001N1-02051-02241102091ADDAA124000091AJ100369199999999GF108991001001999999001071IA1239KA1120N-02281MD1210111+9999REMSYN095AAXX  10001 30576 32999 82302 11205 21224 40209 52011 80007 333 21228 47036 555 53004 7000/ /-;EQDQ01  00002PRCP99Q02  00003PRCP99
0229305760999992000031100004+54430+119900FM-12+064499999V0202001N002019999999N0500001N1-02271-02521102201ADDAA124000091AJ100369199999999GF108991021001999999071081IA1239KA1120N-02581MD1810021+9999REMSYN095AAXX  11001 30576 32999 82002 11227 21252 40220 58002 82078 333 21258 47036 555 53004 7000/ /-;EQDQ01  00002PRCP99Q02  00003PRCP99
0175305760999992000031112004+54430+119900FM-12+064499999V0201401N004019999999N0500001N1-01651-02341102041ADDAA199000091GF108991001001999999001081KA1120M-00561MD1310091+9999REMSYN080AAXX  11121 30576 32999 81404 11165 21234 40204 53009 80008 333 11056 555 53004;EQDQ01  00002PRCP99
0185305760999992000031200004+54430+119900FM-12+064499999V0202301N002019999999N0500001N1-01901+99999102571ADDAA199000091AJ100369199999999GF107991071001999999051001IA1239MD1210071+9999REMSYN080AAXX  12001 30576 32999 72302 11190 40257 52007 87050 333 47036 555 53004 7000/;EQDQ01  00002PRCP99
0185305760999992000031212004+54430+119900FM-12+064499999V0201101N002012200019N0500001N1-01911-02491102691ADDAA199000091GA1001+999999999GF100991001001999999001001KA1120M-00501MD1210101+9999REMSYN074AAXX  12121 30576 32999 01102 11191 21249 40269 52010 333 11050 555 53006;EQDQ01  00002PRCP99
0210305760999992000031300004+54430+119900FM-12+064499999V0202001N004012200019N0500001N1-02501-02671103131ADDAA199000091AJ100369199999999GF104991001001999999001091IA1239KA1120N-02841MD1310031+9999REMSYN092AAXX  13001 30576 32999 42004 11250 21267 40313 53003 80009 333 21284 47036 555 53006 7000/;EQDQ01  00002PRCP99
0210305760999992000031400004+54430+119900FM-12+064499999V0202001N002019999999N0500001N1-02211-02471102621ADDAA199000091AJ100369199999999GF107991001001999999001061IA1239KA1120N-02551MD1810031+9999REMSYN092AAXX  14001 30576 32999 72002 11221 21247 40262 58003 80006 333 21255 47036 555 53004 7000/;EQDQ01  00002PRCP99
0175305760999992000031412004+54430+119900FM-12+064499999V0201101N002019999999N0500001N1-01551-02151102131ADDAA199000091GF108991001001999999001071KA1120M-00271MD1310061+9999REMSYN080AAXX  14121 30576 32999 81102 11155 21215 40213 53006 80007 333 11027 555 53004;EQDQ01  00002PRCP99
0210305760999992000031500004+54430+119900FM-12+064499999V0202301N002012200019N0500001N1-02151-02331102481ADDAA199000091AJ100359199999999GF102991001001999999001011IA1239KA1120N-02601MD1210041+9999REMSYN092AAXX  15001 30576 32999 22302 11215 21233 40248 52004 80001 333 21260 47035 555 53002 7000/;EQDQ01  00002PRCP99
0185305760999992000031512004+54430+119900FM-12+064499999V0201601N002012200019N0500001N1-01371-01981101861ADDAA199000091GA1001+999999999GF100991001001999999001001KA1120M-00271MD1610021+9999REMSYN074AAXX  15121 30576 32999 01602 11137 21198 40186 56002 333 11027 555 53004;EQDQ01  00002PRCP99
0210305760999992000031600004+54430+119900FM-12+064499999V0202001N004012200019N0500001N1-02601-02841102071ADDAA199000091AJ100349199999999GF101991001001999999001061IA1239KA1120N-02991MD1610051+9999REMSYN092AAXX  16001 30576 32999 12004 11260 21284 40207 56005 80006 333 21299 47034 555 53004 7000/;EQDQ01  00002PRCP99
0175305760999992000031612004+54430+119900FM-12+064499999V0200901N002012200019N0500001N1-01561-02071101331ADDAA199000091GF103991011001999999041011KA1120M-00311MD1310061+9999REMSYN080AAXX  16121 30576 32999 30902 11156 21207 40133 53006 81041 333 11031 555 53006;EQDQ01  00002PRCP99
0210305760999992000031700004+54430+119900FM-12+064499999V0202001N002012200019N0500001N1-02281-02461101931ADDAA199000091AJ100349199999999GF104991011001999999041081IA1239KA1120N-02821MD1310161+9999REMSYN092AAXX  17001 30576 32999 42002 11228 21246 40193 53016 81048 333 21282 47034 555 53002 7000/;EQDQ01  00002PRCP99
0163305760999992000031712004+54430+119900FM-12+064499999V0200901N002012200019N0500001N1+99999+99999101901ADDAA199000091GF102991001001999999001061KA1120M-00351MD1310141+9999REMSYN068AAXX  17121 30576 32999 20902 40190 53014 80006 333 11035 555 53004;EQDQ01  00002PRCP99
0210305760999992000031800004+54430+119900FM-12+064499999V0202001N002019999999N0500001N1-02201-02381102641ADDAA199000091AJ100349199999999GF106991021051999999081081IA1239KA1120N-02671MD1310141+9999REMSYN092AAXX  18001 30576 32999 62002 11220 21238 40264 53014 82588 333 21267 47034 555 53004 7000/;EQDQ01  00002PRCP99
0175305760999992000031812004+54430+119900FM-12+064499999V0201401N002012200019N0500001N1-01531-02231102341ADDAA199000091GF102991001001999999001061KA1120M-00291MD1310051+9999REMSYN080AAXX  18121 30576 32999 21402 11153 21223 40234 53005 80006 333 11029 555 53002;EQDQ01  00002PRCP99
0220305760999992000031900004+54430+119900FM-12+064499999V0202301N002012200019N0500001N1-02451-02701102741ADDAA199000091AJ100349199999999GA1001+999999999GF100991001001999999001001IA1239KA1120N-02991MD1310041+9999REMSYN086AAXX  19001 30576 32999 02302 11245 21270 40274 53004 333 21299 47034 555 53004 7000/;EQDQ01  00002PRCP99
0175305760999992000031912004+54430+119900FM-12+064499999V0201101N002019999999N0500001N1-01321-02031101941ADDAA199000091GF108991021001999999041071KA1120M-00201MD1310031+9999REMSYN080AAXX  19121 30576 32999 81102 11132 21203 40194 53003 82047 333 11020 555 53002;EQDQ01  00002PRCP99
0175305760999992000032000004+54430+119900FM-12+064499999V0201301N004019999999N0500001N1-02091-02341999999ADDAA124999999AJ100349199999999GF108991011001999999041061KA1120N-02681MD1210101+9999REMSYN082AAXX  20001 30576 32999 81304 11209 21234 52010 81046 333 21268 4/034 530/4 7000/;
0185305760999992000032012004+54430+119900FM-12+064499999V0201401N002012200019N0500001N1-01231-01951102421ADDAA199000091GA1001+999999999GF100991001001999999001001KA1120M-00271MD1210061+9999REMSYN074AAXX  20121 30576 32999 01402 11123 21195 40242 52006 333 11027 555 53004;EQDQ01  00002PRCP99
0210305760999992000032100004+54430+119900FM-12+064499999V0201801N002012200019N0500001N1-01991-02251102821ADDAA199000091AJ100349199999999GF102991001001999999001081IA1239KA1120N-02341MD1310011+9999REMSYN092AAXX  21001 30576 32999 21802 11199 21225 40282 53001 80008 333 21234 47034 555 53004 7000/;EQDQ01  00002PRCP99
0185305760999992000032112004+54430+119900FM-12+064499999V0201101N002012200019N0500001N1-01351-02171102291ADDAA199000091GA1001+999999999GF100991001001999999001001KA1120M-00091MD1310011+9999REMSYN074AAXX  21121 30576 32999 01102 11135 21217 40229 53001 333 11009 555 53001;EQDQ01  00002PRCP99
0210305760999992000032200004+54430+119900FM-12+064499999V0202301N002019999999N0500001N1-02351-02601102731ADDAA199000091AJ100349199999999GF106991001001999999001081IA1239KA1120N-02941MD1510001+9999REMSYN092AAXX  22001 30576 32999 62302 11235 21260 40273 55000 80008 333 21294 47034 555 53002 7000/;EQDQ01  00002PRCP99
0162305760999992000032212004+54430+119900FM-12+064499999V0201401N002012200019N0500001N1-01751+99999102261ADDAA199000091GA1001+999999999GF100991001001999999001001MD1210071+9999REMSYN064AAXX  22121 30576 32999 01402 11175 212/4 40226 52007 555 53006;EQDQ01  00002PRCP99
0220305760999992000032300004+54430+119900FM-12+064499999V0202301N002012200019N0500001N1-02231-02481102621ADDAA199000091AJ100349199999999GA1001+999999999GF100991001001999999001001IA1239KA1120N-02821MD1210101+9999REMSYN086AAXX  23001 30576 32999 02302 11223 21248 40262 52010 333 21282 47034 555 53002 7000/;EQDQ01  00002PRCP99
0175305760999992000032312004+54430+119900FM-12+064499999V0201401N002019999999N0500001N1-01271-01991101961ADDAA199000091GF108991001001999999001061KA1120M-00371MD1310031+9999REMSYN080AAXX  23121 30576 32999 81402 11127 21199 40196 53003 80006 333 11037 555 53004;EQDQ01  00002PRCP99
0225305760999992000032400004+54430+119900FM-12+064499999V0209999C000019999999N0100001N1-01571-01841101951ADDAA112000591AJ100349199999999AY171061AY221061GF107991071001999999071001IA1239KA1120N-02121MD1410001+9999MW1711REMSYN104AAXX  24001 30576 11997 70000 11157 21184 40195 54000 69952 77172 87070 333 21212 47034 555 53002 7995/;
0172305760999992000032412004+54430+119900FM-12+064499999V0201601N002012200019N0500001N1-01521-01941102101ADDAA112000391GA1001+999999999GF100991001001999999001001KA1120M-00421MD1210091+9999REMSYN080AAXX  24121 30576 12999 01602 11152 21194 40210 52009 69932 333 11042 555 53004;
0220305760999992000032500004+54430+119900FM-12+064499999V0201801N004012200019N0500001N1-02191-02371102341ADDAA199000091AJ100349199999999GA1001+999999999GF100991001001999999001001IA1239KA1120N-02771MD1510011+9999REMSYN086AAXX  25001 30576 32999 01804 11219 21237 40234 55001 333 21277 47034 555 53004 7993/;EQDQ01  00002PRCP99
0175305760999992000032512004+54430+119900FM-12+064499999V0201101N002019999999N0500001N1-01211-01931101421ADDAA199000091GF106991001001999999001061KA1120M-00151MD1810071+9999REMSYN080AAXX  25121 30576 32999 61102 11121 21193 40142 58007 80006 333 11015 555 53002;EQDQ01  00002PRCP99
0162305760999992000032612004+54430+119900FM-12+064499999V0200501N002019999999N0500001N1-00771-01081100311ADDAA112000591GF108991011091999999001081KA1120M+00051MD1210181+9999REMSYN086AAXX  26121 30576 12999 80502 11077 21108 40031 52018 69962 81908 333 10005 555 53002;
0175305760999992000032712004+54430+119900FM-12+064499999V0201101N002012200019N0500001N1-01271-02101102241ADDAA199000091GF101991011001999999041001KA1120M-00061MD1210191+9999REMSYN080AAXX  27121 30576 32999 11102 11127 21210 40224 52019 81040 333 11006 555 53010;EQDQ01  00002PRCP99
0210305760999992000032800004+54430+119900FM-12+064499999V0202001N004019999999N0500001N1-01701-02041102761ADDAA199000091AJ100349199999999GF105991031001999999081011IA1239KA1120N-02251MD1310091+9999REMSYN092AAXX  28001 30576 32999 52004 11170 21204 40276 53009 83081 333 21225 47034 555 53004 7000/;EQDQ01  00002PRCP99
0175305760999992000032812004+54430+119900FM-12+064499999V0201801N002012200019N0500001N1-00231-01371101181ADDAA199000091GF104991021001999999041011KA1120M+00241MD1710131+9999REMSYN080AAXX  28121 30576 32999 41802 11023 21137 40118 57013 82041 333 10024 555 53008;EQDQ01  00002PRCP99
0210305760999992000032900004+54430+119900FM-12+064499999V0209999C000019999999N0500001N1-00191-01031100251ADDAA199000091AJ100349199999999GF108991021001999999081081IA1239KA1120N-00371MD1710211+9999REMSYN092AAXX  29001 30576 32999 80000 11019 21103 40025 57021 82088 333 21037 47034 555 53010 7000/;EQDQ01  00002PRCP99
0190305760999992000032912004+54430+119900FM-12+064499999V0209999C000010300019N0200001N1-00421-00541100701ADDAA112002091AY181061AY221061GF108991041091012501041081KA1120M+00071MD1210121+9999MW1021REMSYN092AAXX  29121 30576 11698 80000 11042 21054 40070 52012 60022 70282 84948 333 10007 555 53004;
0229305760999992000033000004+54430+119900FM-12+064499999V0201801N002010075019N0500001N1-00481-01291101001ADDAA124000091AJ100369199999999GF108991051051008001041081IA1239KA1120N-01291MD1310061+9999REMSYN095AAXX  30001 30576 32599 81802 11048 21129 40100 53006 85548 333 21129 47036 555 53002 7000/ /-;EQDQ01  00002PRCP99Q02  00003PRCP99
0175305760999992000033012004+54430+119900FM-12+064499999V0209999C000010750019N0500001N1-00501-00951100981ADDAA199000091GF108991021091008001001081KA1120M+00321MD1310111+9999REMSYN080AAXX  30121 30576 32599 80000 11050 21095 40098 53011 82908 333 10032 555 53004;EQDQ01  00002PRCP99
0239305760999992000033100004+54430+119900FM-12+064499999V0202301N004012200019N0500001N1-01741-01931101641ADDAA124000091AJ100359199999999GA1001+999999999GF100991001001999999001001IA1239KA1120N-02461MD1310031+9999REMSYN089AAXX  31001 30576 32999 02304 11174 21193 40164 53003 333 21246 47035 555 53004 7000/ /-;EQDQ01  00002PRCP99Q02  00003PRCP99
0175305760999992000033112004+54430+119900FM-12+064499999V0200901N002012200019N0500001N1-00891-01081101521ADDAA199000091GF102991021001999999041001KA1120M-00081MD1210121+9999REMSYN080AAXX  31121 30576 32999 20902 11089 21108 40152 52012 82040 333 11008 555 53006;EQDQ01  00002PRCP99
0233305760999992000040100004+54430+119900FM-12+064499999V0202301N002012200019N0500001N1-01751-02171102091ADDAA124000091AJ100359199999999GA1001+999999999GF100991001001999999001001IA1239KA1120N-02501MD1210061+9999REMSYN083AAXX  01001 30576 32999 02302 11175 21217 40209 52006 333 21250 47035 555 7000/ /-;EQDQ01  00002PRCP99Q02  00003PRCP99
0175305760999992000040112004+54430+119900FM-12+064499999V0201401N002012200019N0500001N1-00971-01981101661ADDAA199000091GF101991011041012501001001KA1120M+00031MD1310081+9999REMSYN080AAXX  01121 30576 32699 11402 11097 21198 40166 53008 81400 333 10003 555 53004;EQDQ01  00002PRCP99
0210305760999992000040200004+54430+119900FM-12+064499999V0202001N002010300019N0500001N1-01491-01911101661ADDAA199000091AJ100359199999999GF108991031051012501011999IA1239KA1120N-02191MD1710011+9999REMSYN092AAXX  02001 30576 32699 82002 11149 21191 40166 57001 8351/ 333 21219 47035 555 53002 7000/;EQDQ01  00002PRCP99
0206305760999992000040300004+54430+119900FM-12+064499999V0203601N002019999999N0500001N1-01351-01551101031ADDAA112000591AJ100359199999999AY171061AY221061GF108991081001999999021999IA1239MD1810021+9999MW1221REMSYN098AAXX  03001 30576 11999 83602 11135 21155 40103 58002 69942 72272 8802/ 333 47035 555 53002 7994/;
0190305760999992000040312004+54430+119900FM-12+064499999V0200501N002010075019N0040001N1-00391-00471100971ADDAA112004191AY181061AY221061GF108991081091008001999999KA1120M-00231MD1210211+9999MW1851REMSYN092AAXX  03121 30576 11596 80502 11039 21047 40097 52021 60042 78582 889// 333 11023 555 53006;
0212305760999992000040400004+54430+119900FM-12+064499999V0203601N002019999999N0500001N1-00471-01091101831ADDAA112002091AJ100459199999999AY181061AY221061GF106991051001999999041081IA1239MD1210151+9999MW1021REMSYN104AAXX  04001 30576 11999 63602 11047 21109 40183 52015 60022 70282 85048 333 2106/ 47045 555 53008 7006/;
0185305760999992000040412004+54430+119900FM-12+064499999V0200701N002012200019N0500001N1-01231-02181101951ADDAA199000091GA1001+999999999GF100991001001999999001001KA1120M+00001MD1710021+9999REMSYN074AAXX  04121 30576 32999 00702 11123 21218 40195 57002 333 10000 555 53010;EQDQ01  00002PRCP99
