0212306360999992000010100004+53620+109630FM-12+048699999V0209999C000012200019N0200001N1-03421-03471103881ADDAA112000791AA224000891AJ100509199999999GF102991001001999999001011GJ100009IA1239MD1210111+9999REMSYN107AAXX  01001 30636 12970 20000 11342 21347 40388 52011 69902 80001 333 47050 55000 555 51311 53000 7998/ /-;
0173306360999992000010112004+53620+109630FM-12+048699999V0209999C000019999999N0100001N1-02641+99999103731ADDAY171061AY221061GF108991001001999999001071KA1120M-02641MD1710031+9999MW1711REMSYN086AAXX  01121 30636 11/60 80000 11264 21/70 40373 57003 77172 80007 333 11264 555 53000;
0198306360999992000010200004+53620+109630FM-12+048699999V0209999C000012200019N0200001N1-03441-03561103751ADDAA112000791AJ100509199999999GF101991011001999999031001GJ100009IA1239MD1710041+9999REMSYN104AAXX  02001 30636 12970 10000 11344 21356 40375 57004 69902 81030 333 47050 55000 555 51296 53000 7990/;
0185306360999992000010212004+53620+109630FM-12+048699999V0209999C000012200019N0200001N1-03641-03761103631ADDAA106000091GA1001+999999999GF100991001001999999001001KA1120M-02981MD1210011+9999REMSYN074AAXX  02121 30636 32970 00000 11364 21376 40363 52001 333 11298 555 53003;EQDQ01  00002PRCP06
0221306360999992000010300004+53620+109630FM-12+048699999V0209999C000012200019N0200001N1-04121-04201103641ADDAA106000091AJ100489199999999GA1001+999999999GF100991001001999999001001GJ103009IA1239MD1310031+9999REMSYN092AAXX  03001 30636 32970 00000 11412 21420 40364 53003 333 47048 55050 555 51320 53000 7000/;EQDQ01  00002PRCP06
0185306360999992000010312004+53620+109630FM-12+048699999V0209999C000012200019N0200001N1-04031-04151103891ADDAA106000091GA1001+999999999GF100991001001999999001001KA1120M-03471MD1210201+9999REMSYN074AAXX  03121 30636 32970 00000 11403 21415 40389 52020 333 11347 555 53001;EQDQ01  00002PRCP06
0221306360999992000010400004+53620+109630FM-12+048699999V0209999C000012200019N0200001N1-04241-04321104421ADDAA106000091AJ100489199999999GA1001+999999999GF100991001001999999001001GJ102229IA1239MD1210121+9999REMSYN092AAXX  04001 30636 32970 00000 11424 21432 40442 52012 333 47048 55037 555 51392 53000 7000/;EQDQ01  00002PRCP06
0185306360999992000010412004+53620+109630FM-12+048699999V0209999C000012200019N0200001N1-04041-04151104741ADDAA106000091GA1001+999999999GF100991001001999999001001KA1120M-03611MD1210111+9999REMSYN074AAXX  04121 30636 32970 00000 11404 21415 40474 52011 333 11361 555 53000;EQDQ01  00002PRCP06
0221306360999992000010500004+53620+109630FM-12+048699999V0209999C000012200019N0200001N1-04331-04451105111ADDAA106000091AJ100489199999999GA1001+999999999GF100991001001999999001001GJ100729IA1239MD1210051+9999REMSYN092AAXX  05001 30636 32970 00000 11433 21445 40511 52005 333 47048 55012 555 51399 53000 7000/;EQDQ01  00002PRCP06
0175306360999992000010512004+53620+109630FM-12+048699999V0209999C000012200019N0200001N1-03971-04051105031ADDAA106000091GF102991001001999999001011KA1120M-03621MD1210081+9999REMSYN080AAXX  05121 30636 32970 20000 11397 21405 40503 52008 80001 333 11362 555 53000;EQDQ01  00002PRCP06
0181306360999992000010612004+53620+109630FM-12+048699999V0209999C000012200019N0200001N1-04011-04101999999ADDAA106000091GA1001+999999999GF100991001001999999001001KA1120M-03401MD1710051+9999REMSYN070AAXX  06121 30636 32970 00000 11401 21410 40/95 57005 333 11340 5/953;EQDQ01  00002PRCP06
0223306360999992000010700004+53620+109630FM-12+048699999V0209999C000012200019N0200001N1-04461-04531104331ADDAA106000091AJ100489199999999GA1001+999999999GF100991001001999999001001GJ102289IA1239MD1710071+9999REMSYN094AAXX  07001 30636 32970 00000 11446 21453 40433 57007 333 47048 55038 555 51379 53000 7000>. ;EQDQ01  00002PRCP06
0185306360999992000010712004+53620+109630FM-12+048699999V0209999C000012200019N0200001N1-04061-04151103711ADDAA106000091GA1001+999999999GF100991001001999999001001KA1120M-03701MD1710031+9999REMSYN074AAXX  07121 30636 32970 00000 11406 21415 40371 57003 333 11370 555 53000;EQDQ01  00002PRCP06
0221306360999992000010800004+53620+109630FM-12+048699999V0209999C000012200019N0200001N1-04281-04381103541ADDAA106000091AJ100489199999999GA1001+999999999GF100991001001999999001001GJ101989IA1239MD1010031+9999REMSYN092AAXX  08001 30636 32970 00000 11428 21438 40354 50003 333 47048 55033 555 51414 53002 7000/;EQDQ01  00002PRCP06
0185306360999992000010812004+53620+109630FM-12+048699999V0209999C000012200019N0200001N1-03981-04101103531ADDAA106000091GA1001+999999999GF100991001001999999001001KA1120M-03521MD1210041+9999REMSYN074AAXX  08121 30636 32970 00000 11398 21410 40353 52004 333 11352 555 53000;EQDQ01  00002PRCP06
0221306360999992000010900004+53620+109630FM-12+048699999V0209999C000012200019N0200001N1-04081-04201103761ADDAA106000091AJ100489199999999GA1001+999999999GF100991001001999999001001GJ102649IA1239MD1210021+9999REMSYN092AAXX  09001 30636 32970 00000 11408 21420 40376 52002 333 47048 55044 555 51405 53000 7000/;EQDQ01  00002PRCP06
0194306360999992000010912004+53620+109630FM-12+048699999V0209999C000012200019N0200001N1-03821-03911999999ADDAA106000091GA1001+999999999GF100991001001999999001001KA1120M-03261MD1210121+9999ME1103839REMSYN074AAXX  09121 30636 32970 00000 11382 21391 41383 52012 333 11326 555 53000;EQDQ01  00002PRCP06
0211306360999992000011000004+53620+109630FM-12+048699999V0209999C000012200019N0200001N1-04031-04151104361ADDAA106000091AJ100489199999999GF102991001001999999001011GJ103009IA1239MD1210111+9999REMSYN098AAXX  10001 30636 32970 20000 11403 21415 40436 52011 80001 333 47048 55050 555 51375 53000 7000/;EQDQ01  00002PRCP06
0198306360999992000011100004+53620+109630FM-12+048699999V0209999C000012200019N0200001N1-03781-08702104841ADDAA112000791AJ100489199999999GF102991001001999999001011GJ100009IA1239MD1210011+9999REMSYN104AAXX  11001 30636 12970 20000 11378 2187/ 40484 52001 69902 80001 333 47048 55000 555 -1367 53000 7990/;
0175306360999992000011212004+53620+109630FM-12+048699999V0209999C000019999999N0200001N1-03481-03531103651ADDAA106000091GF105991001001999999001011KA1120M-03191MD1710111+9999REMSYN080AAXX  12121 30636 32970 50000 11348 21353 40365 57011 80001 333 11319 555 53000;EQDQ01  00002PRCP06
0211306360999992000011300004+53620+109630FM-12+048699999V0209999C000019999999N0200001N1-03381-03441103251ADDAA106000091AJ100489199999999GF106991001001999999001011GJ100609IA1239MD1410001+9999REMSYN098AAXX  13001 30636 32970 60000 11338 21344 40325 54000 80001 333 47048 55010 555 51369 53002 7000/;EQDQ01  00002PRCP06
0215306360999992000011400004+53620+109630FM-12+048699999V0209999C000012200019N0200001N1-03601-03721103651ADDAA199000091AJ100489199999999GF102991021001999999031001GJ102949IA1239MD1210101+9999REMSYN102    AAXX  14001 30636 32970 20000 11360 21372 40365 52010 82030 333 47048 55049 555 51322 53000 7000/;EQDQ01  00002PRCP99
0179306360999992000011412004+53620+109630FM-12+048699999V0209999C000012200019N0200001N1-03391-03501103931ADDAA199000091GF102991001001999999001011KA1120M-02941MD1210131+9999REMSYN084    AAXX  14121 30636 32970 20000 11339 21350 40393 52013 80001 333 11294 555 53003;EQDQ01  00002PRCP99
0215306360999992000011500004+53620+109630FM-12+048699999V0209999C000019999999N0200001N1-03181-03291104141ADDAA199000091AJ100489199999999GF106991001001999999001011GJ103369IA1239MD1210101+9999REMSYN102    AAXX  15001 30636 32970 60000 11318 21329 40414 52010 80001 333 47048 55056 555 51342 53000 7000/;EQDQ01  00002PRCP99
0179306360999992000011512004+53620+109630FM-12+048699999V0209999C000012200019N0200001N1-03081-03141104091ADDAA199000091GF102991001001999999001011KA1120M-02611MD1310021+9999REMSYN084    AAXX  15121 30636 32970 20000 11308 21314 40409 53002 80001 333 11261 555 53002;EQDQ01  00002PRCP99
0201306360999992000011600004+53620+109630FM-12+048699999V0209999C000012200019N0200001N1-03821-03911103951ADDAA199000091AJ100489199999999GF102991021001999999031001IA1239MD1710081+9999REMSYN096    AAXX  16001 30636 32970 20000 11382 21391 40395 57008 82030 333 47048 555 51306 53000 7000/;EQDQ01  00002PRCP99
0179306360999992000011612004+53620+109630FM-12+048699999V0209999C000012200019N0200001N1-03281-03331103451ADDAA199000091GF102991001001999999001011KA1120M-02901MD1710031+9999REMSYN084    AAXX  16121 30636 32970 20000 11328 21333 40345 57003 80001 333 11290 555 53003;EQDQ01  00002PRCP99
0215306360999992000011700004+53620+109630FM-12+048699999V0209999C000012200019N0200001N1-03651-03701103681ADDAA199000091AJ100489199999999GF103991021001999999031011GJ100009IA1239MD1210081+9999REMSYN102    AAXX  17001 30636 32970 30000 11365 21370 40368 52008 82031 333 47048 55000 555 51335 53000 7000/;EQDQ01  00002PRCP99
0130306360999992000011712004+53620+109630FM-12+048699999V02099999999999999999N0200001N1-03231-03281104131ADDAA199000091MD1210251+9999REMSYN074    AAXX  17121 30636 32970 ///00 11323 21328 40413 52025 82030 333 5002/;EQDQ01  00002PRCP99
0202306360999992000011800004+53620+109630FM-12+048699999V0200301N001019999999N0200001N1-02911-03031104061ADDAA112000791AJ100489199999999GF105991051001999999031001GJ100189IA1239MD1410001+9999REMSYN108    AAXX  18001 30636 12970 50301 11291 21303 40406 54000 69902 85030 333 47048 55003 555 51331 53002 7990/;
0225306360999992000011900004+53620+109630FM-12+048699999V0209999C000012200019N0200001N1-04121-04201104401ADDAA199000091AJ100489199999999GA1001+999999999GF100991001001999999001001GJ102469IA1239MD1710021+9999REMSYN096    AAXX  19001 30636 32970 00000 11412 21420 40440 57002 333 47048 55041 555 51307 53000 7000/;EQDQ01  00002PRCP99
0177306360999992000011912004+53620+109630FM-12+048699999V0209999C000019999999N0110001N1-03081-03141103951ADDAA112000791AY171061AY211061GF108991001001999999001071MD1410001+9999MW1711REMSYN092    AAXX  19121 30636 11961 80000 11308 21314 40395 54000 69902 77171 80007 333 1/4/1 53002;
0226306360999992000012000004+53620+109630FM-12+048699999V0209999C000019999999N0100001N1-02991-03051103891ADDAA112000591AJ100489199999999AY171061AY221061GF108991001001999999001071GJ102049IA1239MD1210031+9999MW1711REMSYN110AAXX  20001 30636 11960 80000 11299 21305 40389 52003 69952 77172 80007 333 47048 55034 555 51360 53001 7995/;
0181306360999992000012012004+53620+109630FM-12+048699999V0209999C000012200019N0200001N1-03221-03281104101ADDAA112000791GF102991001001999999001011KA1120M-02741MD1211152+9999REMSYN086AAXX  20121 30636 12970 20000 11322 21328 40410 52115 69902 80001 333 11274 555 53002;EQDQ01+001152APC3  
0226306360999992000012100004+53620+109630FM-12+048699999V0209999C000019999999N0100001N1-02941-02991104331ADDAA112000791AJ100489199999999AY171061AY221061GF108991051001999999031071GJ102949IA1239MD1210081+9999MW1711REMSYN110AAXX  21001 30636 11960 80000 11294 21299 40433 52008 69902 77172 85037 333 47048 55049 555 51301 53000 7990/;
0211306360999992000012200004+53620+109630FM-12+048699999V0209999C000019999999N0200001N1-03661-03761104901ADDAA199000091AJ100489199999999GF105991051001999999031001GJ102349IA1239MD1210111+9999REMSYN098AAXX  22001 30636 32970 50000 11366 21376 40490 52011 85030 333 47048 55039 555 51306 53000 7990/;EQDQ01  00002PRCP99
0212306360999992000012212004+53620+109630FM-12+048699999V0209999C000012200019N9999999N1-03061-03171105081ADDAA199000091GA1001+999999999GF100991001001999999001001KA1120M-01981MA1999999098521MD1210181+9999REMSYN086AAXX  22121 30636 329// 00000 11306 21317 39852 40508 52018 333 11198 555 1/135 53006;EQDQ01  00002PRCP99
0221306360999992000012300004+53620+109630FM-12+048699999V0209999C000012200019N0200001N1-04101-04201106101ADDAA199000091AJ100489199999999GA1001+999999999GF100991001001999999001001GJ103369IA1239MD1210101+9999REMSYN092AAXX  23001 30636 32970 00000 11410 21420 40610 52010 333 47048 55056 555 51333 53000 7000/;EQDQ01  00002PRCP99
0211306360999992000012400004+53620+109630FM-12+048699999V0209999C000012200019N0200001N1-03671-03791106361ADDAA199000091AJ100489199999999GF101991001001999999001011GJ100909IA1239MD1210121+9999REMSYN098AAXX  24001 30636 32970 10000 11367 21379 40636 52012 80001 333 47048 55015 555 51356 53000 7000/;EQDQ01  00002PRCP99
0185306360999992000012411004+53620+109630FM-12+048699999V0209999C000012200019N0200001N1-03281-03391106271ADDAA199000091GA1001+999999999GF100991001001999999001001KA1120M-02791MD1310161+9999REMSYN074AAXX  24111 30636 32970 00000 11328 21339 40627 53016 333 11279 555 53000;EQDQ01  00002PRCP99
0239306360999992000012500004+53620+109630FM-12+048699999V0209999C000012200019N0200001N1-03601-03721106271ADDAA199000091AJ100489199999999GA1001+999999999GF100991001001999999001001GJ103369IA1239REMSYN092AAXX  25001 30636 32970 00000 11360 21372 40627 53000 333 47048 55056 555 51327 53000 7000/;EQDQ01+000032APCTENQ02+000002APC3  Q03  00002PRCP99
0185306360999992000012512004+53620+109630FM-12+048699999V0209999C000012200019N0200001N1-03251-03361105961ADDAA199000091GA1001+999999999GF100991001001999999001001KA1120M-02821MD1710041+9999REMSYN074AAXX  25121 30636 32970 00000 11325 21336 40596 57004 333 11282 555 53003;EQDQ01  00002PRCP99
0211306360999992000012600004+53620+109630FM-12+048699999V0209999C000019999999N0200001N1-03781-03871105681ADDAA199000091AJ100489199999999GF105991001001999999001011GJ103369IA1239MD1710121+9999REMSYN098AAXX  26001 30636 32970 50000 11378 21387 40568 57012 80001 333 47048 55056 555 51331 53000 7000/;EQDQ01  00002PRCP99
0185306360999992000012612004+53620+109630FM-12+048699999V0209999C000012200019N0200001N1-03421-03471104831ADDAA199000091GA1001+999999999GF100991001001999999001001KA1120M-02771MD1710071+9999REMSYN074AAXX  26121 30636 32970 00000 11342 21347 40483 57007 333 11277 555 53003;EQDQ01  00002PRCP99
0211306360999992000012700004+53620+109630FM-12+048699999V0209999C000019999999N0200001N1-03671-03791104721ADDAA199000091AJ100489199999999GF108991001001999999001011GJ103369IA1239MD1210031+9999REMSYN098AAXX  27001 30636 32970 80000 11367 21379 40472 52003 80001 333 47048 55056 555 51345 53002 7000/;EQDQ01  00002PRCP99
0175306360999992000012712004+53620+109630FM-12+048699999V0209999C000012200019N0200001N1-03071-03171104601ADDAA199000091GF103991001001999999001011KA1120M-02991MD1210081+9999REMSYN080AAXX  27121 30636 32970 30000 11307 21317 40460 52008 80001 333 11299 555 53002;EQDQ01  00002PRCP99
0211306360999992000012800004+53620+109630FM-12+048699999V0209999C000012200019N9999999N1-03671-03791105141ADDAA199000091AJ100489199999999GF102991001001999999001011GJ100009IA1239MD1210111+9999REMSYN098AAXX  28001 30636 3290/ 20000 11367 21379 40514 52011 80001 333 47048 55000 555 51338 53002 7000/;EQDQ01  00002PRCP99
0221306360999992000012900004+53620+109630FM-12+048699999V0209999C000012200019N0200001N1-03761-03871106021ADDAA199000091AJ100489199999999GA1001+999999999GF100991001001999999001001GJ101809IA1239MD1210121+9999REMSYN092AAXX  29001 30636 32970 00000 11376 21387 40602 52012 333 47048 55030 555 51331 53000 7000/;EQDQ01  00002PRCP99
0215306360999992000013000004+53620+109630FM-12+048699999V0209999C000012200019N0200001N1-03711-03831106361ADDAA199000091AJ100489199999999GA1001+999999999GF100991001001999999001001GJ103369IA1239MD1210021+9999REMSYN086AAXX  30001 30636 32970 00000 11371 21383 40636 52002 333 47048 55056 555 51338 53000;EQDQ01  00002PRCP99
0185306360999992000013012004+53620+109630FM-12+048699999V0209999C000012200019N0200001N1-03261-03361106081ADDAA199000091GA1001+999999999GF100991001001999999001001KA1120M-02721MD1310011+9999REMSYN074AAXX  30121 30636 32970 00000 11326 21336 40608 53001 333 11272 555 53003;EQDQ01  00002PRCP99
0215306360999992000013100004+53620+109630FM-12+048699999V0209999C000012200019N0200001N1-03711-03831105671ADDAA199000091AJ100489199999999GA1001+999999999GF100991001001999999001001GJ103429IA1239MD1710151+9999REMSYN086AAXX  31001 30636 32970 00000 11371 21383 40567 57015 333 47048 55057 555 51333 53000;EQDQ01  00002PRCP99
0212306360999992000013112004+53620+109630FM-12+048699999V0201301N003012200019N9999999N1-02241-02491104371ADDAA199000091GA1001+999999999GF100991001001999999001001KA1120M-01571MA1999999098051MD1710121+9999REMSYN086AAXX  31121 30636 329// 01303 11224 21249 39805 40437 57012 333 11157 555 1/126 53010;EQDQ01  00002PRCP99
0221306360999992000020100004+53620+109630FM-12+048699999V0209999C000012200019N0200001N1-03821-03911104341ADDAA199000091AJ100489199999999GA1001+999999999GF100991001001999999001001GJ103549IA1239MD1710101+9999REMSYN092AAXX  01001 30636 32970 00000 11382 21391 40434 57010 333 47048 55059 555 51328 53000 7000/;EQDQ01  00002PRCP99
0172306360999992000020112004+53620+109630FM-12+048699999V0209999C000012200019N0200001N1-03251-03361104751ADDAA199000091GA1001+999999999GF100991001001999999001001MD1710031+9999REMSYN074AAXX  01121 30636 32970 00000 11325 21336 40475 57003 333 16270 555 53003;EQDQ01  00002PRCP99
0211306360999992000020200004+53620+109630FM-12+048699999V0209999C000019999999N0200001N1-03541-03651103811ADDAA199000091AJ100489199999999GF105991001001999999001999GJ103669IA1239MD1310051+9999REMSYN098AAXX  02001 30636 32970 50000 11354 21365 40381 53005 8000/ 333 47048 55061 555 51333 53000 7000/;EQDQ01  00002PRCP99
0175306360999992000020212004+53620+109630FM-12+048699999V0209999C000019999999N0200001N1-03021-03131103661ADDAA199000091GF106991031001999999031011KA1120M-02581MD1210071+9999REMSYN080AAXX  02121 30636 32970 60000 11302 21313 40366 52007 83031 333 11258 555 53003;EQDQ01  00002PRCP99
0226306360999992000020300004+53620+109630FM-12+048699999V0209999C000019999999N0200001N1-03171-03291103741ADDAA112000191AJ100489199999999AY171061AY211061GF108991001001999999001011GJ102349IA1239MD1210041+9999MW1021REMSYN110AAXX  03001 30636 11970 80000 11317 21329 40374 52004 69922 70271 80001 333 47048 55039 555 51317 53000 7992/;
0149306360999992000020312004+53620+109630FM-12+048699999V0200401N001019999999N9999999N1-02361-02481103421ADDAA112000391AY171061GF108991001999999999001071MW1711REMSYN086AAXX  03121 30636 1196/ 80401 11236 21248 40342 69932 7717/ 80/07 333 112/2 555 53004;
0176306360999992000020400004+53620+109630FM-12+048699999V02099999999999999999N0200001N1-03191-03311103761ADDAA112999999AY111061IA1239MD1210822+9999MW1171REMSYN100AAXX  04001 30636 11970 ///50 11319 21331 40376 52082 65//2 7171/ 80001 333 47/48 5501/ 51282 53002;EQDQ01+000822APC3  
0185306360999992000020412004+53620+109630FM-12+048699999V0209999C000012200019N0200001N1-02801-02861103541ADDAA199000091GA1001+999999999GF100991001001999999001001KA1120M-02341MD1310051+9999REMSYN074AAXX  04121 30636 32970 00000 11280 21286 40354 53005 333 11234 555 53003;EQDQ01  00002PRCP99
0226306360999992000020500004+53620+109630FM-12+048699999V0209999C000019999999N0100001N1-03301-03361103751ADDAA112000391AJ100489199999999AY171061AY211061GF108991051001999999031071GJ102949IA1239MD1310061+9999MW1711REMSYN110AAXX  05001 30636 11960 80000 11330 21336 40375 53006 69932 77171 85037 333 47048 55049 555 51267 53002 7993/;
0162306360999992000020512004+53620+109630FM-12+048699999V0209999C000019999999N0200001N1-02541-02591103611ADDAA112000791GF108991061001999999031071KA1120M-02211MD1310071+9999REMSYN086AAXX  05121 30636 12970 80000 11254 21259 40361 53007 69902 86037 333 11221 555 53000;
0198306360999992000020600004+53620+109630FM-12+048699999V0209999C000012200019N0200001N1-03391-03441104091ADDAA112000791AJ100489199999999GF103991001001999999001011GJ101449IA1239MD1310141+9999REMSYN104AAXX  06001 30636 12970 30000 11339 21344 40409 53014 69902 80001 333 47048 55024 555 51276 53000 79902;
0185306360999992000020612004+53620+109630FM-12+048699999V0209999C000012200019N0200001N1-03081-03101104161ADDAA199000091GA1001+999999999GF100991001001999999001001KA1120M-02471MD1210191+9999REMSYN074AAXX  06121 30636 32970 00000 11308 2131/ 40416 52019 333 11247 555 53002;EQDQ01  00002PRCP99
0221306360999992000020700004+53620+109630FM-12+048699999V0209999C000012200019N0200001N1-03651-03761104351ADDAA199000091AJ100489199999999GA1001+999999999GF100991001001999999001001GJ103489IA1239MD1210031+9999REMSYN092AAXX  07001 30636 32970 00000 11365 21376 40435 52003 333 47048 55058 555 51289 53000 7000/;EQDQ01  00002PRCP99
0213306360999992000020800004+53620+109630FM-12+048699999V0209999C000012200019N0200001N1-03171-03291103891ADDAA199000091AJ100489199999999GA1001+999999999GF100991001001999999001001IA1259MD1310051+9999REMSYN092AAXX  08001 30636 32970 00000 11317 21329 40389 53005 333 41048 5505/ 555 51315 53003 7000/;EQDQ01  00002PRCP99
0185306360999992000020812004+53620+109630FM-12+048699999V0209999C000012200019N0200001N1-02921-02971103571ADDAA199000091GA1001+999999999GF100991001001999999001001KA1120M-02211MD1710011+9999REMSYN074AAXX  08121 30636 32970 00000 11292 21297 40357 57001 333 11221 555 53003;EQDQ01  00002PRCP99
0211306360999992000020900004+53620+109630FM-12+048699999V0209999C000012200019N0200001N1-03381-03441103411ADDAA199000091AJ100489199999999GF101991011001999999031001GJ103549IA1239MD1710031+9999REMSYN098AAXX  09001 30636 32970 10000 11338 21344 40341 57003 81030 333 47048 55059 555 51270 53001 7000/;EQDQ01  00002PRCP99
0220306360999992000020912004+53620+109630FM-12+048699999V0209999C000012200019N9999999N1-02491-02741102841ADDAA112000191AY171061AY211061GF102991001001999999001021KA1120M-01591MA1999999096551MD1710031+9999MW1011REMSYN107AAXX  09121 30636 119// 20000 11249 21274 39655 40284 57003 69922 70171 80002 333 11159 555 1/128 53005 /-;
0221306360999992000021000004+53620+109630FM-12+048699999V0209999C000012200019N0200001N1-03221-03281102951ADDAA199000091AJ100489199999999GA1001+999999999GF100991001001999999001001GJ103789IA1239MD1710031+9999REMSYN092AAXX  10001 30636 32970 00000 11322 21328 40295 57003 333 47048 55063 555 51297 53000 7000/;EQDQ01  00002PRCP99
0171306360999992000021012004+53620+109630FM-12+048699999V0209999C000012200019N0200001N1-02781-02881999999ADDAA112000791GA1001+999999999GF100991001001999999001001KA1120M-02091MD1710041+9999REMSYN079AAXX  10121 30636 12970 00000 11278 21288 402// 57004 69902 333 11209 555 5004;
0211306360999992000021100004+53620+109630FM-12+048699999V0209999C000019999999N0200001N1-03231-03331103111ADDAA199000091AJ100489199999999GF108991031001999999031011GJ103249IA1239MD1210281+9999REMSYN098AAXX  11001 30636 32970 80000 11323 21333 40311 52028 83031 333 47048 55054 555 51283 53800 790/#;EQDQ01  00002PRCP99
0181306360999992000021112004+53620+109630FM-12+048699999V0209999C000012200019N0200001N1+99999+99999103521ADDAA199000091GA1001+999999999GF100991001001999999001001KA1120M-02261MD1210111+9999REMSYN070AAXX  11121 30636 32970 00000 17287 21299 40352 52011 333 11226 5504/;EQDQ01  00002PRCP99
0211306360999992000021200004+53620+109630FM-12+048699999V0209999C000012200019N0200001N1-03361-03471103961ADDAA199000091AJ100489199999999GF102991021001999999031001GJ103909IA1239MD1210051+9999REMSYN098AAXX  12001 30636 32970 20000 11336 21347 40396 52005 82030 333 47048 55065 555 51279 53000 7000/;EQDQ01  00002PRCP99
0175306360999992000021212004+53620+109630FM-12+048699999V0209999C000019999999N0200001N1-02711-02761103941ADDAA199000091GF108991001001999999001011KA1120M-02181MD1310121+9999REMSYN080AAXX  12121 30636 32970 80000 11271 21276 40394 53012 80001 333 11218 555 53004;EQDQ01  00002PRCP99
0211306360999992000021300004+53620+109630FM-12+048699999V0209999C000019999999N0200001N1-03241-03301104181ADDAA199000091AJ100479199999999GF108991021001999999031011GJ102109IA1239MD1210031+9999REMSYN098AAXX  13001 30636 32970 80000 11324 21330 40418 52003 82031 333 47047 55035 555 51293 53001 7000/;EQDQ01  00002PRCP99
0175306360999992000021312004+53620+109630FM-12+048699999V0209999C000019999999N0200001N1-02871-02931103941ADDAA199000091GF108991001001999999001011KA1120M-02251MD1310061+9999REMSYN080AAXX  13121 30636 32970 80000 11287 21293 40394 53006 80001 333 11225 555 53005;EQDQ01  00002PRCP99
0185306360999992000021412004+53620+109630FM-12+048699999V0209999C000012200019N0200001N1-03081-03191103991ADDAA199000091GA1001+999999999GF100991001001999999001001KA1120M-02381MD1710051+9999REMSYN074AAXX  14121 30636 32970 00000 11308 21319 40399 57005 333 11238 555 53003;EQDQ01  00002PRCP99
0185306360999992000021512004+53620+109630FM-12+048699999V0209999C000012200019N0200001N1-03101-03221103851ADDAA199000091GA1001+999999999GF100991001001999999001001KA1120M-02371MD1710011+9999REMSYN074AAXX  15121 30636 32970 00000 11310 21322 40385 57001 333 11237 555 53004;EQDQ01  00002PRCP99
0221306360999992000021600004+53620+109630FM-12+048699999V0209999C000012200019N0200001N1-03701-03791103841ADDAA199000091AJ100469199999999GA1001+999999999GF100991001001999999001001GJ103969IA1239MD1710011+9999REMSYN092AAXX  16001 30636 32970 00000 11370 21379 40384 57001 333 47046 55066 555 51318 53000 7000/;EQDQ01  00002PRCP99
0185306360999992000021612004+53620+109630FM-12+048699999V0209999C000012200019N0200001N1-03091-03191103371ADDAA199000091GA1001+999999999GF100991001001999999001001KA1120M-02521MD1310021+9999REMSYN074AAXX  16121 30636 32970 00000 11309 21319 40337 53002 333 11252 555 53002;EQDQ01  00002PRCP99
0223306360999992000021700004+53620+109630FM-12+048699999V0209999C000012200019N0280001N1-03591-03801103621ADDAA199000091AJ100469199999999GA1001+999999999GF100991001001999999001001GJ104029IA1239MD1210051+9999REMSYN094AAXX  17001 30636 32978 00000 11359 2138/ 40362 52005 333 47046 55067 555 51320 53002 7000/. ;EQDQ01  00002PRCP99
0198306360999992000021800004+53620+109630FM-12+048699999V0209999C000019999999N0200001N1-02141-02201103491ADDAA112000791AJ100469199999999GF108991001001999999001071GJ102709IA1239MD1210041+9999REMSYN104AAXX  18001 30636 12970 80000 11214 21220 40349 52004 69902 80007 333 47046 55045 555 51290 53002 7990/;
0181306360999992000021812004+53620+109630FM-12+048699999V0209999C000012200019N0200001N1-02441-02561103541ADDAA199000091GA1001+999999999GF100991001001999999001001KA1120M-01551MD1310011+9999REMSYN070AAXX  18121 30636 32970 00000 11244 21256 40354 53001 333 11155 53003;EQDQ01  00002PRCP99
0211306360999992000021900004+53620+109630FM-12+048699999V0209999C000019999999N9999999N1-03131-03241103841ADDAA199000091AJ100469199999999GF108991081001999999051999GJ103489IA1239MD1410001+9999REMSYN098AAXX  19001 30636 329// 80000 11313 21324 40384 54000 8805/ 333 47046 55058 555 51206 53000 7000/;EQDQ01  00002PRCP99
0175306360999992000021912004+53620+109630FM-12+048699999V0209999C000019999999N0200001N1-02371-02421103291ADDAA199000091GF105991001001999999001011KA1120M-01861MD1710031+9999REMSYN080AAXX  19121 30636 32970 50000 11237 21242 40329 57003 80001 333 11186 555 53003;EQDQ01  00002PRCP99
0205306360999992000022000004+53620+109630FM-12+048699999V0209999C000012200019N9999999N1-03131-03181103511ADDAA199000091AJ100469199999999GF102991021001999999031011GJ103969IA1239MD1210011+9999REMSYN092AAXX  20001 30636 329// 20000 11313 21318 40351 52001 82031 333 47046 55066 555 51253 53003;EQDQ01  00002PRCP99
0175306360999992000022012004+53620+109630FM-12+048699999V0209999C000012200019N0200001N1-02251-02311103081ADDAA199000091GF102991001001999999001011KA1120M-01781MD1310051+9999REMSYN080AAXX  20121 30636 32970 20000 11225 21231 40308 53005 80001 333 11178 555 53003;EQDQ01  00002PRCP99
0226306360999992000022100004+53620+109630FM-12+048699999V0209999C000019999999N9999999N1-02761-02811103261ADDAA112000791AJ100469199999999AY171061AY221061GF108991001001999999001071GJ103849IA1239MD1210021+9999MW1711REMSYN110AAXX  21001 30636 119// 80000 11276 21281 40326 52002 69902 77172 80007 333 47046 55064 555 51253 53002 7990/;
0172306360999992000022112004+53620+109630FM-12+048699999V0202601N003012200019N0200001N1-01401-01751103011ADDAA112000791GA1001+999999999GF100991001001999999001001KA1120M-01041MD1210151+9999REMSYN080AAXX  21121 30636 12970 02603 11140 21175 40301 52015 69902 333 11104 555 53008;
0239306360999992000022200004+53620+109630FM-12+048699999V0203001N005012200019N9999999N1-01821-02011103381ADDAA199000091AJ100459199999999AY131061AY211061GF102991021001999999041001GJ102889IA1239MD1210031+9999MW1361REMSYN104AAXX  22001 30636 319// 23005 11182 21201 40338 52003 73631 82040 333 47045 55048 555 51213 53014 7990/;EQDQ01  00002PRCP99
0213306360999992000022212004+53620+109630FM-12+048699999V0202701N003012200019N0200001N1-01581-02001103241ADDAA199000091AY131061AY211061GA1001+999999999GF100991001001999999001001KA1120M-01101MD1710021+9999MW1011REMSYN080AAXX  22121 30636 31970 02703 11158 21200 40324 57002 70131 333 11110 555 53016;EQDQ01  00002PRCP99
0226306360999992000022300004+53620+109630FM-12+048699999V0209999C000019999999N9999999N1-02721-02901103481ADDAA112000791AJ100439199999999AY171061AY211061GF108991001001999999001071GJ104329IA1239MD1210041+9999MW1711REMSYN110AAXX  23001 30636 119// 80000 11272 21290 40348 52004 69902 77171 80007 333 47043 55072 555 51152 53007 7990/;
0184306360999992000022312004+53620+109630FM-12+048699999V0209999C000010090019N0200001N1-01581-01711102971ADDAA112000791GA1051+009009099GF108991051091008001001011KA1120M-01581MD1710091+9999REMSYN092AAXX  23121 30636 12570 80000 11158 21171 40297 57009 69902 85901 333 11158 85930 555 53005;
0226306360999992000022400004+53620+109630FM-12+048699999V0209999C000019999999N9999999N1-02001-02061102651ADDAA112008991AJ100509199999999AY171061AY221061GF108991081001999999021999GJ102889IA1239MD1710091+9999MW1731REMSYN110AAXX  24001 30636 119// 80000 11200 21206 40265 57009 60092 77372 8802/ 333 47050 55048 555 51197 53004 7009/;
0212306360999992000022412004+53620+109630FM-12+048699999V0202801N002010081019N0200001N1-01241-01301102111ADDAA112002091AY181061AY221061GA1081+008109099GF108991081091008001999999KA1120M-00571MD1310061+9999MW1851REMSYN098AAXX  24121 30636 11598 82802 11124 21130 40211 53006 60022 78582 889// 333 11057 88927 555 53008;
0198306360999992000022500004+53620+109630FM-12+048699999V0202701N001019999999N9999999N1-01121+99999102271ADDAA112000591AJ100549199999999GF108991081001999999011999GJ100009IA1239MD1210071+9999REMSYN104AAXX  25001 30636 129// 82701 11112 20125 40227 52007 69942 8801/ 333 47054 55000 555 51160 53007 7002/;
0212306360999992000022512004+53620+109630FM-12+048699999V0202901N001010090019N0100001N1-00991-01111102101ADDAA112000791AY181061AY221061GA1081+009009099GF108991081091008001999999KA1120M-00751MD1710041+9999MW1851REMSYN098AAXX  25121 30636 11560 82901 11099 21111 40210 57004 69902 78582 889// 333 11075 88930 555 53007;
0213306360999992000022612004+53620+109630FM-12+048699999V0202701N002012200019N0200001N1-01691-02281102861ADDAA199000091AY131061AY201061GA1001+999999999GF100991001001999999001001KA1120M-01031MD1210181+9999MW1361REMSYN080AAXX  26121 30636 31970 02702 11169 21228 40286 52018 73630 333 11103 555 53017;EQDQ01  00002PRCP99
0213306360999992000022700004+53620+109630FM-12+048699999V0209999C000012200019N0200001N1-03141-03241103851ADDAA199000091AJ100499199999999GA1001+999999999GF100991001001999999001001IA1239MD1210041+9999REMSYN092AAXX  27001 30636 32998 00000 11314 21324 40385 52004 333 47049 5507/ 555 51114 53004 7000/;EQDQ01  00002PRCP99
0175306360999992000022712004+53620+109630FM-12+048699999V0209999C000012200019N0200001N1-02321-02571103291ADDAA199000091GF101991001001999999001011KA1120M-01791MD1710111+9999REMSYN080AAXX  27121 30636 32970 10000 11232 21257 40329 57011 80001 333 11179 555 53004;EQDQ01  00002PRCP99
0211306360999992000022800004+53620+109630FM-12+048699999V0200501N001019999999N0200001N1-02111-02231102841ADDAA199000091AJ100499199999999GF108991081001999999021999GJ104089IA1239MD1210021+9999REMSYN098AAXX  28001 30636 32998 80501 11211 21223 40284 52002 8802/ 333 47049 55068 555 51246 53002 7000/;EQDQ01  00002PRCP99
0185306360999992000022812004+53620+109630FM-12+048699999V0209999C000012200019N0200001N1-01941-02201102401ADDAA199000091GA1001+999999999GF100991001001999999001001KA1120M-01321MD1710011+9999REMSYN074AAXX  28121 30636 32970 00000 11194 21220 40240 57001 333 11132 555 53004;EQDQ01  00002PRCP99
0211306360999992000022900004+53620+109630FM-12+048699999V0202701N003012200019N0200001N1-01511-01641102201ADDAA199000091AJ100489199999999GF103991011001999999031011GJ103789IA1239MD1310051+9999REMSYN098AAXX  29001 30636 32998 32703 11151 21164 40220 53005 81031 333 47048 55063 555 51198 53008 7000/;EQDQ01  00002PRCP99
0155306360999992000022912004+53620+109630FM-12+048699999V0202401N001012200019N0200001N1-00901-01341102501ADDGA1001+999999999GF100991001001999999001001KA1120M-00161MD1210161+9999REMSYN074AAXX  29121 30636 42970 02401 11090 21134 40250 52016 333 11016 555 53006;
0211306360999992000030100004+53620+109630FM-12+048699999V0209999C000019999999N0200001N1-02181-02241102671ADDAA199000091AJ100469199999999GF105991001001999999001011GJ104029IA1239MD1710091+9999REMSYN098AAXX  01001 30636 32998 50000 11218 21224 40267 57009 80001 333 47046 55067 555 51132 53004 7000/;EQDQ01  00002PRCP99
0175306360999992000030112004+53620+109630FM-12+048699999V02099999999999999999N0200001N1-01171-01441101801ADDAA199000091GF108991081001999999051999KA1120M-00901MD1710141+9999REMSYN080AAXX  01121 30636 32970 8000/ 11117 21144 40180 57014 8805/ 333 11090 555 53000;EQDQ01  00002PRCP99
0211306360999992000030200004+53620+109630FM-12+048699999V0203501N002019999999N0200001N1-01121-01321101131ADDAA199000091AJ100479199999999GF105991051001999999031001GJ103009IA1239MD1710071+9999REMSYN098AAXX  02001 30636 32998 53502 11112 21132 40113 57007 85030 333 47047 55050 555 51143 53005 7000/;EQDQ01  00002PRCP99
0190306360999992000030212004+53620+109630FM-12+048699999V0202701N004012200019N0200001N1-00581-00801101111ADDAA112000791AY181061AY211061GF103991011091008001001011KA1120M-00341MD1210111+9999MW1011REMSYN092AAXX  02121 30636 11570 32704 11058 21080 40111 52011 69902 70181 81901 333 11034 555 53012;
0233306360999992000030300004+53620+109630FM-12+048699999V0202601N002010081019N0200001N1-01091-01191101741ADDAA199000091AJ100469199999999GA1061+008109099GF108991061091008001001011GJ103009IA1239MD1210111+9999REMSYN104AAXX  03001 30636 32598 82602 11109 21119 40174 52011 86901 333 47046 55050 86927 555 51090 53009 7990/;EQDQ01  00002PRCP99
0190306360999992000030312004+53620+109630FM-12+048699999V0209999C000010300019N0200001N1-01261-01781102551ADDAA112000791AY131061AY221061GF108991031091012501031999KA1120M-00931MD1210041+9999MW1031REMSYN092AAXX  03121 30636 11670 80000 11126 21178 40255 52004 69902 70332 8393/ 333 11093 555 53016;
0248306360999992000030400004+53620+109630FM-12+048699999V0209999C000010090019N0100001N1-01221-01221101691ADDAA112000191AJ100459199999999AY181061AY221061GA1051+009009099GF108991051091008001011999GJ101089IA1239MD1710241+9999MW1851REMSYN116AAXX  04001 30636 11597 80000 11122 21122 40169 57024 69922 78582 8591/ 333 47045 55018 85930 555 51102 53004 7992/;
0237306360999992000030412004+53620+109630FM-12+048699999V0202801N003010090019N0090001N1-01081-01211101451ADDAA112003091AY181061AY231061GA1081+009009099GF108991081091008001999999KA1120M-00521MD1310542+9999MW1851REMSYN104AAXX  04121 30636 11559 82803 11108 21121 40145 53054 60032 78583 889// 333 11052 88930 92980 555 53019;EQDQ01+000542APC3  
0236306360999992000030500004+53620+109630FM-12+048699999V0200601N001012200019N0200001N1-02041-02611103041ADDAA112000791AJ100519199999999AY131061AY201061GA1001+999999999GF100991001001999999001001GJ100009IA1239MD1210301+9999MW1021REMSYN104AAXX  05001 30636 11998 00601 11204 21261 40304 52030 69902 70230 333 47051 55000 555 51124 53024 7003/;
0236306360999992000030512004+53620+109630FM-12+048699999V0202801N007012200019N0200001N1-01821-02321103241ADDAA199000091AY131061AY231061GA1001+999999999GF100991001001999999001001KA1120M-01301MD1310061+9999MW1381OA149901601REMSYN092AAXX  05121 30636 31970 02807 11182 21232 40324 53006 73833 333 11130 91116 92982 555 53018;EQDQ01  00002PRCP99
0211306360999992000030600004+53620+109630FM-12+048699999V0209999C000012200019N0200001N1-03161-03211104151ADDAA199000091AJ100439199999999GF103991031001999999041001GJ104329IA1239MD1210221+9999REMSYN098AAXX  06001 30636 32998 30000 11316 21321 40415 52022 83040 333 47043 55072 555 51155 53015 7000/;EQDQ01  00002PRCP99
0203306360999992000030612004+53620+109630FM-12+048699999V0202901N004019999999N0200001N1-01341-01771103421ADDAA199000091AY131061AY221061GF108991021091999999031011KA1120M-01161MD1710081+9999MW1361REMSYN086AAXX  06121 30636 31970 82904 11134 21177 40342 57008 73632 82931 333 11116 555 53009;EQDQ01  00002PRCP99
0262306360999992000030700004+53620+109630FM-12+048699999V0203001N005019999999N0100001N1-01261-01461103131ADDAA199000091AJ100439199999999AY131061AY231061GF108991061001999999031011GJ101929IA1239MD1310031+9999MW1381OA149901601REMSYN116AAXX  07001 30636 31997 83005 11126 21146 40313 53003 73833 86031 333 47043 55032 91116 92981 555 51224 53018 7000/;EQDQ01  00002PRCP99
0211306360999992000030800004+53620+109630FM-12+048699999V0203001N002019999999N0200001N1-01741-01861103151ADDAA199000091AJ100439199999999GF105991011001999999041011GJ104569IA1239MD1210041+9999REMSYN098AAXX  08001 30636 32998 53002 11174 21186 40315 52004 81041 333 47043 55076 555 51099 53010 7990/;EQDQ01  00002PRCP99
0156306360999992000030812004+53620+109630FM-12+048699999V0202801N004012200019N0200001N1-00511-01101102631ADDAA124000391GA1001+999999999GF100991001001999999001001MD1710021+9999REMSYN077AAXX  08121 30636 32970 02804 11051 21110 40263 57002 333 71027 555 53009 /-;
0221306360999992000030900004+53620+109630FM-12+048699999V0200401N001012200019N0200001N1-01621-01621103071ADDAA199000091AJ100429199999999GA1001+999999999GF100991001001999999001001GJ105349IA1239MD1210141+9999REMSYN092AAXX  09001 30636 32998 00401 11162 21162 40307 52014 333 47042 55089 555 510-7 53013 7000/;EQDQ01  00002PRCP99
0175306360999992000030912004+53620+109630FM-12+048699999V0202801N004012200019N0200001N1-00421-01611102631ADDAA199000091GF102991021001999999041001KA1120M-00041MD1710021+9999REMSYN080AAXX  09121 30636 32970 22804 11042 21161 40263 57002 82040 333 11004 555 53008;EQDQ01  00002PRCP99
0211306360999992000031000004+53620+109630FM-12+048699999V0203501N005012200019N0200001N1-00731-00941102731ADDAA199000091AJ100419199999999GF103991031001999999031001GJ105229IA1239MD1410001+9999REMSYN098AAXX  10001 30636 32998 33505 11073 21094 40273 54000 83030 333 47041 55087 555 51078 53013 7000/;EQDQ01  00002PRCP99
0162306360999992000031012004+53620+109630FM-12+048699999V0202701N002012200019N0200001N1-00101-00761102281ADDAA199000091GF103991021001999999031011MD1410001+9999REMSYN080AAXX  10121 30636 32970 32702 11010 21076 40228 54000 82031 333 1//29 555 53062;EQDQ01  00002PRCP99
0211306360999992000031100004+53620+109630FM-12+048699999V0209999C000019999999N0200001N1-01651-01651102691ADDAA199000091AJ100429199999999GF106991021001999999031011GJ105709IA1239MD1210011+9999REMSYN098AAXX  11001 30636 32998 60000 11165 21165 40269 52001 82031 333 47042 55095 555 51031 53009 7000/;EQDQ01  00002PRCP99
0175306360999992000031112004+53620+109630FM-12+048699999V0209999C000019999999N0200001N1-00671-00951102371ADDAA199000091GF106991001001999999001011KA1120M-00261MD1310081+9999REMSYN080AAXX  11121 30636 32970 60000 11067 21095 40237 53008 80001 333 11026 555 53005;EQDQ01  00002PRCP99
0211306360999992000031200004+53620+109630FM-12+048699999V0209999C000019999999N0200001N1-01441-01441102781ADDAA199000091AJ100429199999999GF108991061001999999031011GJ105529IA1239MD1210041+9999REMSYN098AAXX  12001 30636 32998 80000 11144 21144 40278 52004 86031 333 47042 55092 555 51075 53007 7000/;EQDQ01  00002PRCP99
0175306360999992000031212004+53620+109630FM-12+048699999V0200801N001019999999N0200001N1-00661-00861102551ADDAA199000091GF105991001001999999001011KA1120M-00281MD1310081+9999REMSYN080AAXX  12121 30636 32970 50801 11066 21086 40255 53008 80001 333 11028 555 53004;EQDQ01  00002PRCP99
0211306360999992000031300004+53620+109630FM-12+048699999V0209999C000012200019N0200001N1-01931-01991103111ADDAA199000091AJ100409199999999GF103991031001999999041001GJ102949IA1239MD1210041+9999REMSYN098AAXX  13001 30636 32970 30000 11193 21199 40311 52004 83040 333 47040 55049 555 51091 53003 7000/;EQDQ01  00002PRCP99
0211306360999992000031400004+53620+109630FM-12+048699999V0202701N001019999999N0200001N1-01251-01251102501ADDAA199000091AJ100399199999999GF107991071001999999031001GJ105349IA1239MD1710031+9999REMSYN098AAXX  14001 30636 32998 72701 11125 21125 40250 57003 87030 333 47039 55089 555 51109 53003 7000/;EQDQ01  00002PRCP99
0175306360999992000031412004+53620+109630FM-12+048699999V0202801N001019999999N0200001N1-00161-00761101951ADDAA199000091GF106991041001999999031011KA1120M+00241MD1210021+9999REMSYN080AAXX  14121 30636 32970 62801 11016 21076 40195 52002 84031 333 10024 555 53003;EQDQ01  00002PRCP99
0211306360999992000031500004+53620+109630FM-12+048699999V0209999C000019999999N0200001N1-01331-01331102111ADDAA199000091AJ100419199999999GF105991001001999999001011GJ103069IA1239MD1210031+9999REMSYN098AAXX  15001 30636 32998 50000 11133 21133 40211 52003 80001 333 47041 55051 555 51067 53003 7000/;EQDQ01  00002PRCP99
0212306360999992000031512004+53620+109630FM-12+048699999V0209999C000010090019N0090001N1-00241-00241101411ADDAA112000591AY181061AY221061GA1081+009009099GF108991081091008001999999KA1120M+00111MD1710151+9999MW1851REMSYN098AAXX  15121 30636 11559 80000 11024 21024 40141 57015 69942 78582 889// 333 10011 88930 555 53005;
0226306360999992000031600004+53620+109630FM-12+048699999V0202701N001012200019N0200001N1-00501-00531101131ADDAA112001091AJ100449199999999AY181061AY211061GF105991011091012501001011GJ103729IA1239MD1710011+9999MW1851REMSYN110AAXX  16001 30636 11698 52701 11050 21053 40113 57001 60012 78581 81901 333 47044 55062 555 51053 53004 7002/;
0166306360999992000031612004+53620+109630FM-12+048699999V0209999C000012200019N0200001N1-00281-00991101041ADDAA199000021GA1001+999999999GF100991001001999999001001KA1120M+00091MD1210101+9999REMSYN074AAXX  16121 30636 32970 00000 11028 21099 40104 52010 333 10009 555 53003;
0221306360999992000031700004+53620+109630FM-12+048699999V0209999C000012200019N0200001N1-01711-01771101831ADDAA199000091AJ100449199999999GA1001+999999999GF100991001001999999001001GJ104569IA1239MD1210221+9999REMSYN092AAXX  17001 30636 32998 00000 11171 21177 40183 52022 333 47044 55076 555 51025 53007 7990/;EQDQ01  00002PRCP99
0185306360999992000031712004+53620+109630FM-12+048699999V0200901N002012200019N0200001N1-00421-01211101961ADDAA199000091GA1001+999999999GF100991001001999999001001KA1120M-00041MD1210161+9999REMSYN074AAXX  17121 30636 32970 00902 11042 21121 40196 52016 333 11004 555 53005;EQDQ01  00002PRCP99
0211306360999992000031800004+53620+109630FM-12+048699999V0202701N001012200019N0200001N1-01351-01411102621ADDAA199000091AJ100439199999999GF102991021001999999031001GJ105229IA1239MD1210091+9999REMSYN098AAXX  18001 30636 32998 22701 11135 21141 40262 52009 82030 333 47043 55087 555 51083 53007 7000/;EQDQ01  00002PRCP99
0162306360999992000031812004+53620+109630FM-12+048699999V0209999C000019999999N0200001N1-00901-01101102101ADDAA112000791GF108991031001999999031011KA1120M-00251MD1410001+9999REMSYN086AAXX  18121 30636 12970 80000 11090 21110 40210 54000 69902 83031 333 11025 555 53004;
0148306360999992000031900004+53620+109630FM-12+048699999V0209999C000019999999N9999999N1-01061-01121102011ADDAA199000091MD1210061+9999REMSYN092AAXX  19001 30636 32/// /0000 11106 21112 40201 52006 8802/ 333 15085 555 51086 53000 7990/;EQDQ01  00002PRCP99
0175306360999992000031912004+53620+109630FM-12+048699999V0202601N002019999999N0200001N1-00491-00731102141ADDAA199000091GF106991061001999999031001KA1120M-00061MD1210171+9999REMSYN080AAXX  19121 30636 32970 62602 11049 21073 40214 52017 86030 333 11006 555 53007;EQDQ01  00002PRCP99
0221306360999992000032000004+53620+109630FM-12+048699999V0202601N001012200019N0200001N1-01131-01131102711ADDAA199000091AJ100419199999999GA1001+999999999GF100991001001999999001001GJ103249IA1279MD1210121+9999REMSYN092AAXX  20001 30636 32998 02601 11113 21113 40271 52012 333 43041 55054 555 51072 53008 7000/;EQDQ01  00002PRCP99
0169306360999992000032012004+53620+109630FM-12+048699999V02099999999999999999N0200001N1+99999+99999102401ADDAA199000091GF105991001001999999001011KA1120M+00061MD1310021+9999REMSYN074AAXX  20121 30636 32970 5240/ 21103 40240 53002 80001 333 10006 555 53005;EQDQ01  00002PRCP99
0221306360999992000032100004+53620+109630FM-12+048699999V0209999C000012200019N0200001N1-01781-01781102841ADDAA199000091AJ100389199999999GA1001+999999999GF100991001001999999001001GJ105469IA1239MD1810011+9999REMSYN092AAXX  21001 30636 32998 00000 11178 21178 40284 58001 333 47038 55091 555 51052 53003 7000/;EQDQ01  00002PRCP99
0175306360999992000032112004+53620+109630FM-12+048699999V0209999C000019999999N0200001N1-00581-01101102031ADDAA199000091GF108991081001999999051999KA1120M-00121MD1710021+9999REMSYN080AAXX  21121 30636 32970 80000 11058 21110 40203 57002 8805/ 333 11012 555 53003;EQDQ01  00002PRCP99
0211306360999992000032200004+53620+109630FM-12+048699999V0209999C000019999999N0200001N1-01451-01511102651ADDAA199000091AJ100389199999999GF106991061001999999031001GJ104449IA1239MD1210191+9999REMSYN098AAXX  22001 30636 32998 60000 11145 21151 40265 52019 86030 333 47038 55074 555 51099 53003 7000/;EQDQ01  00002PRCP99
0175306360999992000032212004+53620+109630FM-12+048699999V0202701N002012200019N0200001N1-00751-01301102361ADDAA199000091GF102991021001999999031001KA1120M-00151MD1310121+9999REMSYN080AAXX  22121 30636 32970 22702 11075 21130 40236 53012 82030 333 11015 555 53011;EQDQ01  00002PRCP99
0226306360999992000032300004+53620+109630FM-12+048699999V0203001N003019999999N0200001N1-00971-01091102431ADDAA112000791AJ100409199999999AY181061AY221061GF108991081001999999011999GJ104929IA1239MD1210081+9999MW1011REMSYN110AAXX  23001 30636 11998 83003 11097 21109 40243 52008 69902 70182 8801/ 333 47040 55082 555 51091 53007 7990/;
0212306360999992000032312004+53620+109630FM-12+048699999V0202701N002010081019N0100001N1-00471-00531102151ADDAA112000191AY181061AY221061GA1081+008109099GF108991081091008001999999KA1120M-00351MD1310041+9999MW1851REMSYN098AAXX  23121 30636 11560 82702 11047 21053 40215 53004 69922 78582 889// 333 11035 88927 555 53009;
0184306360999992000032400004+53620+109630FM-12+048699999V0202601N001019999999N0200001N1-00821-00881102231ADDAA112000391AJ100409199999999GF108991051001999999031011IA1239MD1210011+9999REMSYN098AAXX  24001 30636 12998 82601 11082 21088 40223 52001 69932 85031 333 47040 555 51069 53006 7995/;
0212306360999992000032412004+53620+109630FM-12+048699999V0202501N002010090019N0200001N1-00101-00231101971ADDAA112000791AY181061AY281061GA1081+009009099GF108991081091008001999999KA1120M+00061MD1710051+9999MW1851REMSYN098AAXX  24121 30636 11570 82502 11010 21023 40197 57005 69902 78588 889// 333 10006 88930 555 53007;
0198306360999992000032500004+53620+109630FM-12+048699999V0203501N002010300019N0200001N1-00121-00381101641ADDAA112000791AJ100399199999999GF108991021091008001031001GJ100009IA1239MD1710031+9999REMSYN104AAXX  25001 30636 12598 83502 11012 21038 40164 57003 69902 82930 333 47039 55000 555 51034 53007 7990/;
0197306360999992000032512004+53620+109630FM-12+048699999V0202301N001010090019N0200001N1+00091-00031100561ADDAA199000091GA1051+009009099GF108991051091008001031011KA1120M+00851MD1710211+9999REMSYN086AAXX  25121 30636 32570 82301 10009 21003 40056 57021 85931 333 10085 85930 555 53008;EQDQ01  00002PRCP99
0212306360999992000032612004+53620+109630FM-12+048699999V0202301N002010081019N0080001N1-00021-00051101281ADDAA112000191AY181061AY221061GA1081+008109099GF108991081091008001999999KA1120M+00481MD1210241+9999MW1851REMSYN098AAXX  26121 30636 11558 82302 11002 21005 40128 52024 69912 78582 889// 333 10048 88927 555 53009;
0212306360999992000032700004+53620+109630FM-12+048699999V0202501N003010300019N0200001N1-00231-00631101991ADDAA112000391AA224000491AJ100279199999999GF105991031091008001031001GJ103789IA1239MD1210321+9999REMSYN107AAXX  27001 30636 12598 52503 11023 21063 40199 52032 69932 83930 333 47027 55063 555 50016 53009 7994/ /-;
0262306360999992000032900004+53620+109630FM-12+048699999V0202701N004010090019N0200001N1-00011-00551101991ADDAA112001091AA224001091AJ100249199999999AY181061AY211061GA1051+009009099GF105991051091008001001001GJ101569IA1239MD1210131+9999MW1011REMSYN119AAXX  29001 30636 11598 52704 11001 21055 40199 52013 60012 70181 85900 333 47024 55026 85930 555 51004 53009 7001/ /-;
0175306360999992000032912004+53620+109630FM-12+048699999V0209999C000012200019N9999999N1-00221-00941101941ADDAA199000091GF105991021091008001001011KA1120M+00221MD1310061+9999REMSYN080AAXX  29121 30636 325// 50000 11022 21094 40194 53006 82901 333 10022 555 53014;EQDQ01  00002PRCP99
0211306360999992000033000004+53620+109630FM-12+048699999V0202801N001019999999N0200001N1-00191-00681101781ADDAA199000091AJ100259199999999GF106991061001999999031001GJ106069IA1279MD1310051+9999REMSYN098AAXX  30001 30636 32998 62801 11019 21068 40178 53005 86030 333 43025 55101 555 50004 53004 7000/;EQDQ01  00002PRCP99
0212306360999992000033012004+53620+109630FM-12+048699999V0202901N002010090019N9999999N1-00351-00601101781ADDAA112000791AY181061AY221061GA1051+009009099GF108991051091008001031999KA1120M-00021MD1710021+9999MW1011REMSYN098AAXX  30121 30636 115// 82902 11035 21060 40178 57002 69902 70182 8593/ 333 11002 85930 555 53010;
0221306360999992000033100004+53620+109630FM-12+048699999V0203501N001012200019N0200001N1-00891-01131101021ADDAA199000091AJ100249199999999GA1001+999999999GF100991001001999999001001GJ102409IA1279MD1310061+9999REMSYN092AAXX  31001 30636 32998 03501 11089 21113 40102 53006 333 43024 55040 555 51032 53004 7990/;EQDQ01  00002PRCP99
0178306360999992000033112004+53620+109630FM-12+048699999V0209999C000019999999N0200001N1-00281-01031101731ADDAA199000091GF108991081001999999051999KA1120M+00031MD1710011+9999REMSYN083AAXX  31121 30636 32998 80000 11028 21103 40173 57001 8805/ 333 10003 555 53004 /-;EQDQ01  00002PRCP99
0175306360999992000040112004+53620+109630FM-12+048699999V0209999C000019999999N9999999N1+00161-00641101161ADDAA199000091GF108991081001999999051999KA1120M+00531MD1310041+9999REMSYN080AAXX  01121 30636 329// 80000 10016 21064 40116 53004 8805/ 333 10053 555 53008;EQDQ01  00002PRCP99
0211306360999992000040200004+53620+109630FM-12+048699999V0209999C000019999999N0200001N1-00461-00621101231ADDAA199000091AJ100229199999999GF105991001001999999001011GJ104149IA1279MD1310061+9999REMSYN098AAXX  02001 30636 32998 50000 11046 21062 40123 53006 80001 333 43022 55069 555 51022 53006 7000/;EQDQ01  00002PRCP99
0248306360999992000040300004+53620+109630FM-12+048699999V0202701N003010090019N0100001N1-00181-00461101491ADDAA112001091AJ100219199999999AY181061AY211061GA1081+009009099GF108991081091008001999999GJ101809IA1239MD1210231+9999MW1851REMSYN116AAXX  03001 30636 11597 82703 11018 21046 40149 52023 60012 78581 889// 333 47021 55030 88930 555 51019 53008 7002/;
0215306360999992000040312004+53620+109630FM-12+048699999V0201701N004010090019N9999999N1-00121-00481102161ADDAA112001091AY181061AY221061GA1051+009009099GF105991051091008001001001KA1120M+00071MD1210071+9999MW1261REMSYN101AAXX  03121 30636 115// 51704 11012 21048 40216 52007 60012 72682 85900 333 10007 85930 555 53009 /-;
0184306360999992000040400004+53620+109630FM-12+048699999V0203501N003012200019N0200001N1-00491-00851102711ADDAA199000021AJ100219199999999GA1001+999999999GF100991001001999999001001GJ100009IA1279MD1210091+9999REMSYN074AAXX  04001 30636 32998 03503 11049 21085 40271 52009 333 43021 55000 955;
0175306360999992000040412004+53620+109630FM-12+048699999V0202901N004019999999N9999999N1-00101-00891101951ADDAA199000091GF108991061001999999031011KA1120M+00281MD1710261+9999REMSYN080AAXX  04121 30636 329// 82904 11010 21089 40195 57026 86031 333 10028 555 53008;EQDQ01  00002PRCP99
