0225308580999992000010100004+51200+113720FM-12+080599999V0209999C000019999999N0040001N1-02611-02791103521ADDAA112000891AJ100049199999999AY171061AY221061GF108991081001999999011999IA1239KA1120N-03031MD1310031+9999MW1711REMSYN104AAXX  01001 30858 11996 80000 11261 21279 40352 53003 69982 77172 8801/ 333 21303 47004 555 53000 7998/;
0212308580999992000010112004+51200+113720FM-12+080599999V0209999C000019999999N0100001N1-02041-02271999999ADDAA112000591AY171061AY221061GF108991081001999999021999KA1120M-01921MD1210071+9999MW1711REMSYN095AAXX  01121 30858 11997 80000 11204 21227 40555 52007 69942 77172 8802/ 333 11192 555 53003 /-;EQDQ01 105553APOSLP
0239308580999992000010200004+51200+113720FM-12+080599999V0209999C000019999999N0100001N1-02461-02701103181ADDAA112000791AA224001091AJ100059199999999AY121061AY221061GF108991061001999999011071IA1239KA1120N-02481MD1710051+9999MW1151REMSYN107AAXX  02001 30858 11997 80000 11246 21270 40318 57005 69902 71522 86017 333 21248 47005 555 53002 7001/ /-;
0185308580999992000010212004+51200+113720FM-12+080599999V0209999C000012200019N0200001N1-03141-03361103471ADDAA106000091GA1001+999999999GF100991001001999999001001KA1120M-02031MD1310051+9999REMSYN074AAXX  02121 30858 32998 00000 11314 21336 40347 53005 333 11203 555 53006;EQDQ01  00002PRCP06
0232308580999992000010300004+51200+113720FM-12+080599999V0209999C000012200019N0200001N1-04081+99999999999ADDAA106000091AA224000091AJ100059199999999AY101061GA1001+999999999GF100991001001999999001001IA1239KA1120N-04101REMSYN077AAXX  03001 30858 31998 00000 11408 7670/ 333 21410 47005 555 53000 7000/ /-;EQDQ01+000672PRSWM1Q02  00002PRCP06
0169308580999992000010312004+51200+113720FM-12+080599999V0209999C000019999999N0200001N1-04031-04321999999ADDAA106000091GF108991999999999999999999KA1120M-04051MD1210041+9999REMSYN074AAXX  03121 30858 32998 80000 11403 21432 43069 52004 333 11405 555 53000;EQDQ01  00002PRCP06
0229308580999992000010400004+51200+113720FM-12+080599999V0209999C000012200019N0100001N1-04351-04611104451ADDAA106000021AJ100059199999999AY171061AY241061GA1001+999999999GF100991001001999999001001IA1239KA1120N-04381MD1210061+9999MW1761REMSYN092AAXX  04001 30858 31997 00000 11435 21461 40445 52006 77674 333 21438 47005 555 53000 7000/;
0175308580999992000010412004+51200+113720FM-12+080599999V0209999C000012200019N0200001N1-03391-03611104321ADDAA106000091GF102991001001999999001011KA1120M-02651MD1210121+9999REMSYN080AAXX  04121 30858 32998 20000 11339 21361 40432 52012 80001 333 11265 555 53000;EQDQ01  00002PRCP06
0229308580999992000010500004+51200+113720FM-12+080599999V0209999C000012200019N0200001N1-03761-03991104561ADDAA106000021AJ100059199999999AY171061AY201061GA1001+999999999GF100991001001999999001001IA1239KA1120N-03791MD1310021+9999MW1761REMSYN092AAXX  05001 30858 31998 00000 11376 21399 40456 53002 77670 333 21379 47005 555 53000 7000/;
0206308580999992000010612004+51200+113720FM-12+080599999V0202901N001012200019N0200001N1-02531-02861103241ADDAA106000091AY131061AY211061GF102991001001999999001011KA1120M-02241MD1110031+9999MW1011REMSYN089AAXX  06121 30858 31998 22901 11253 21286 40324 51003 70131 80001 333 11224 555 53009 /-;EQDQ01  00002PRCP06
0210308580999992000010700004+51200+113720FM-12+080599999V0209999C000012200019N0200001N1-02771-03151103051ADDAA106000091AJ100059199999999GF102991011001999999031061IA1249KA1120N-02761MD1410001+9999REMSYN092AAXX  07001 30858 32998 20000 11277 21315 40305 54000 81036 333 21276 48005 555 53008 7000/;EQDQ01  00002PRCP06
0175308580999992000010712004+51200+113720FM-12+080599999V0203101N002012200019N0200001N1-02451-02851101511ADDAA106000091GF103991001001999999001999KA1120M-02111MD1610041+9999REMSYN080AAXX  07121 30858 32998 33102 11245 21285 40151 56004 8000/ 333 11211 555 53008;EQDQ01  00002PRCP06
0210308580999992000010800004+51200+113720FM-12+080599999V0209999C000019999999N0200001N1-02941-03241102671ADDAA106000091AJ100059199999999GF108991001001999999001011IA1239KA1120N-02951MD1410001+9999REMSYN092AAXX  08001 30858 32998 80000 11294 21324 40267 54000 80001 333 21295 47005 555 53003 7000/;EQDQ01  00002PRCP06
0185308580999992000010812004+51200+113720FM-12+080599999V0209999C000012200019N0200001N1-02881-03251102801ADDAA106000091GA1001+999999999GF100991001001999999001001KA1120M-01671MD1210101+9999REMSYN074AAXX  08121 30858 32998 00000 11288 21325 40280 52010 333 11167 555 53003;EQDQ01  00002PRCP06
0126308580999992000010900004+51200+113720FM-12+080599999V0209999C000012200019N0200001N1-02811-03181999999ADDAA106000091GA1001+999999999GF100991001001999999001001REMSYN042AAXX  09001 30858 32998 00000 11281 21318;EQDQ01  00002PRCP06
0185308580999992000010912004+51200+113720FM-12+080599999V0209999C000012200019N0200001N1-02821-03131103201ADDAA106000091GA1001+999999999GF100991001001999999001001KA1120M-01861MD1210111+9999REMSYN074AAXX  09121 30858 32998 00000 11282 21313 40320 52011 333 11186 555 53002;EQDQ01  00002PRCP06
0220308580999992000011000004+51200+113720FM-12+080599999V0209999C000012200019N0200001N1-03451-03671104061ADDAA106000091AJ100059199999999GA1001+999999999GF100991001001999999001001IA1249KA1120N-03541MD1210151+9999REMSYN086AAXX  10001 30858 32998 00000 11345 21367 40406 52015 333 21354 48005 555 53000 7000/;EQDQ01  00002PRCP06
0189308580999992000011012004+51200+113720FM-12+080599999V0209999C000012200019N0200001N1-02731-02971104171ADDAA106000091GA1001+999999999GF100991001001999999001001KA1120M-01791MD1210111+9999REMSYN078AAXX  10121 30858 32998 00000 11273 21297 40417 52011 333 11179 555 53000 /:,;EQDQ01  00002PRCP06
0220308580999992000011100004+51200+113720FM-12+080599999V0209999C000012200019N0200001N1-03191-03431104511ADDAA106000091AJ100059199999999GA1001+999999999GF100991001001999999001001IA1249KA1120N-03221MD1310021+9999REMSYN086AAXX  11001 30858 32998 00000 11319 21343 40451 53002 333 21322 48005 555 53000 7000/;EQDQ01  00002PRCP06
0185308580999992000011112004+51200+113720FM-12+080599999V0209999C000012200019N0200001N1-02781-03031104231ADDAA106000091GA1001+999999999GF100991001001999999001001KA1120M-01391MD1110071+9999REMSYN074AAXX  11121 30858 32998 00000 11278 21303 40423 51007 333 11139 555 53000;EQDQ01  00002PRCP06
0262308580999992000011200004+51200+113720FM-12+080599999V0209999C000012200019N0200001N1-03511-03741104401ADDAA106000021AA224999999AJ100059199999999AY171061AY201061GA1001+999999999GF100991001001999999001001IA1249KA1120N-03521MD1410001+9999MW1761REMSYN095AAXX  12001 30858 31998 00000 11351 21374 40440 54000 77670 333 21352 48005 555 53000 7000/ /-;EQDQ01  00002PRCP24
0185308580999992000011212004+51200+113720FM-12+080599999V0209999C000012200019N0200001N1-02921-03151103661ADDAA106000091GA1001+999999999GF100991001001999999001001KA1120M-01891MD1710021+9999REMSYN074AAXX  12121 30858 32998 00000 11292 21315 40366 57002 333 11189 555 53000;EQDQ01  00002PRCP06
0210308580999992000011300004+51200+113720FM-12+080599999V0209999C000012200019N0200001N1-03331-03561103321ADDAA106000091AJ100059199999999GF102991001001999999001011IA1249KA1120N-03401MD1610061+9999REMSYN092AAXX  13001 30858 32998 20000 11333 21356 40332 56006 80001 333 21340 48005 555 53000 7000/;EQDQ01  00002PRCP06
0253308580999992000011400004+51200+113720FM-12+080599999V0209999C000012200019N0200001N1-03171-03411103371ADDAA112000391AA224000591AJ100069199999999AY171061AY201061GA1001+999999999GF100991001001999999001001IA1239KA1120N-03181MD1310091+9999MW1761REMSYN105    AAXX  14001 30858 11998 00000 11317 21341 40337 53009 69932 77670 333 21318 47006 555 53000 7995/ /-;
0170308580999992000011412004+51200+113720FM-12+080599999V0209999C000012200019N0200001N1-02691-02931103471ADDAA199000021GA1001+999999999GF100991001001999999001001KA1120M-01521MD1210121+9999REMSYN078    AAXX  14121 30858 32998 00000 11269 21293 40347 52012 333 11152 555 53003;
0233308580999992000011500004+51200+113720FM-12+080599999V0209999C000012200019N0200001N1-03471-03701104121ADDAA199000021AJ100069199999999AY171061AY201061GA1001+999999999GF100991001001999999001001IA1239KA1120N-03481MD1210081+9999MW1761REMSYN096    AAXX  15001 30858 31998 00000 11347 21370 40412 52008 77670 333 21348 47006 555 53000 7000/;
0170308580999992000011512004+51200+113720FM-12+080599999V0209999C000012200019N0200001N1-02651-02901103851ADDAA199000021GA1001+999999999GF100991001001999999001001KA1120M-01441MD1210081+9999REMSYN078    AAXX  15121 30858 32998 00000 11265 21290 40385 52008 333 11144 555 53003;
0281308580999992000011600004+51200+113720FM-12+080599999V0209999C000012200019N0200001N1-03461-03661104161ADDAA124000091AJ100069199999999AY171061AY201061GA1001+999999999GF100991001001999999001001IA1239KA1120N-03471MD1610061+9999REMSYN099    AAXX  16001 30858 31998 00000 11346 21366 40416 56006 76770 333 21347 47006 555 53000 7000/ /-;EQDQ01+000672PRSWM1Q02  00002PRCP99Q03  00003PRCP99
0179308580999992000011612004+51200+113720FM-12+080599999V02099999999999999999N0200001N1-02531-02771103351ADDAA199000091GF106991001001999999001081KA1120M-01941MD1310051+9999REMSYN084    AAXX  16121 30858 32998 6000/ 11253 21277 40335 53005 80008 333 11194 555 53000;EQDQ01  00002PRCP99
0233308580999992000011700004+51200+113720FM-12+080599999V0209999C000012200019N0200001N1-03561-03771103871ADDAA199000021AJ100069199999999AY171061AY201061GA1001+999999999GF100991001001999999001001IA1239KA1120N-03571MD1310051+9999MW1761REMSYN096    AAXX  17001 30858 31998 00000 11356 21377 40387 53005 77670 333 21357 47006 555 53000 7000/;
0192308580999992000011712004+51200+113720FM-12+080599999V0209999C000012200019N0200001N1-02981-03211103741ADDAA199000021GA1011+072009019GF199999001001999999001999MD1210141+9999REMSYN078    AAXX  17121 30858 32998 00000 11298 21321 40374 52014 333 81174 555 53000;EQDQ01+000002SCOTCVQ02+000002SCOHCG
0233308580999992000011800004+51200+113720FM-12+080599999V0209999C000012200019N0200001N1-02581-02761103731ADDAA199000021AJ100069199999999AY171061AY211061GA1001+999999999GF100991001001999999001001IA1239KA1120N-03201MD1310071+9999MW1761REMSYN096    AAXX  18001 30858 31998 00000 11258 21276 40373 53007 77671 333 21320 47006 555 53000 7000/;
0188308580999992000011812004+51200+113720FM-12+080599999V02099999999999999999N0200001N1-02171-02641103801ADDAA199000021AY131061AY221061GF108991001001999999001011KA1120M-01511MD1110031+9999MW1021REMSYN090    AAXX  18121 30858 31998 80/00 11217 21264 4038/ 51003 70232 80001 333 11151 555 53012;
0221308580999992000011900004+51200+113720FM-12+080599999V0209999C000012200019N0500001N1-03251-03481104081ADDAA199000091AJ100069199999999GA1001+999999999GF100991001001999999001001IA1249KA1120N-03261MD1310171+9999REMSYN087    AAXX  19001 30858 32999 00000 11325 21348 40408 53017 333 21326 48006 555 53001 /-;EQDQ01  00002PRCP99
0229308580999992000012000004+51200+113720FM-12+080599999V0209999C000012200019N0200001N1-03331-03561104211ADDAA199000021AJ100069199999999AY171061AY211061GA1001+999999999GF100991001001999999001001IA1249KA1120N-03411MD1310021+9999MW1761REMSYN092AAXX  20001 30858 31998 00000 11333 21356 40421 53002 77671 333 21341 48006 555 53000 7000/;
0267308580999992000012100004+51200+113720FM-12+080599999V0209999C000012200019N0200001N1-03141-03361104171ADDAA124999999AJ100069199999999AY171061AY201061GA1001+999999999GF100991001001999999001001IA1249KA1120N-03151MD1310101+9999MW1761REMSYN095AAXX  21001 30858 31998 00000 11314 21336 40417 53010 77670 333 21315 48006 555 53000 7000/ /-;EQDQ01  00003PRCP99Q02  00002PRCP24
0159308580999992000012112004+51200+113720FM-12+080599999V0209999C000012200019N0200001N1-02541-02781102901ADDAA199000021GF101991001001999999001011KA1120M-02151MD1310101+9999REMSYN083AAXX  21121 30858 32998 10000 11254 21278 40290 53010 80001 333 11215 555 53003 /-;
0225308580999992000012200004+51200+113720FM-12+080599999V0209999C000019999999N0100001N1-02711-02941104081ADDAA112000791AJ100069199999999AY171061AY221061GF108991061001999999011081IA1239KA1120N-03051MD1310061+9999MW1711REMSYN104AAXX  22001 30858 11997 80000 11271 21294 40408 53006 69902 77172 86018 333 21305 47006 555 53000 7990/;
0172308580999992000012212004+51200+113720FM-12+080599999V0209999C000012200019N0200001N1-02911-03151104721ADDAA112000791GA1001+999999999GF100991001001999999001001KA1120M-01491MD1210221+9999REMSYN080AAXX  22121 30858 12998 00000 11291 21315 40472 52022 69902 333 11149 555 53004;
0229308580999992000012300004+51200+113720FM-12+080599999V0209999C000012200019N0200001N1-03761-04051105801ADDAA199000021AJ100069199999999AY171061AY201061GA1001+999999999GF100991001001999999001001IA1239KA1120N-03791MD1210061+9999MW1761REMSYN092AAXX  23001 30858 31998 00000 11376 21405 40580 52006 77670 333 21379 47006 555 53000 7990/;
0267308580999992000012400004+51200+113720FM-12+080599999V0209999C000012200019N0200001N1-02951-03191105381ADDAA124999999AJ100069199999999AY171061AY201061GA1001+999999999GF100991001001999999001001IA1239KA1120N-02981MD1310111+9999MW1761REMSYN095AAXX  24001 30858 31998 00000 11295 21319 40538 53011 77670 333 21298 47006 555 53004 7000/ /-;EQDQ01  00003PRCP99Q02  00002PRCP24
0169308580999992000012412004+51200+113720FM-12+080599999V0202801N002012200019N0200001N1-01711-02301104731ADDAA199000021GA1001+999999999GF100991001001999999001001KA1120M-01371MD1710061+9999REMSYN077AAXX  24121 30858 32998 02802 11171 21230 40473 57006 333 11137 555 53006 /-;
0239308580999992000012500004+51200+113720FM-12+080599999V0203101N003012200019N0200001N1-01701-02291104641ADDAA124000091AJ100069199999999GA1001+999999999GF100991001001999999001001IA1239KA1120N-01921MD1310111+9999REMSYN089AAXX  25001 30858 32998 03103 11170 21229 40464 53011 333 21192 47006 555 53009 7000/ /-;EQDQ01  00002PRCP99Q02  00003PRCP99
0185308580999992000012512004+51200+113720FM-12+080599999V0209999C000012200019N0200001N1-02221-02691105271ADDAA199000091GA1001+999999999GF100991001001999999001001KA1120M-00891MD1210091+9999REMSYN074AAXX  25121 30858 32998 00000 11222 21269 40527 52009 333 11089 555 53006;EQDQ01  00002PRCP99
0220308580999992000012600004+51200+113720FM-12+080599999V0209999C000012200019N0200001N1-02951-03191105621ADDAA199000091AJ100069199999999GA1001+999999999GF100991001001999999001001IA1239KA1120N-03051MD1310021+9999REMSYN086AAXX  26001 30858 32998 00000 11295 21319 40562 53002 333 21305 47006 555 53000 7000/;EQDQ01  00002PRCP99
0185308580999992000012612004+51200+113720FM-12+080599999V0209999C000012200019N0200001N1-02201-02601104541ADDAA199000091GA1001+999999999GF100991001001999999001001KA1120M-01021MD1710091+9999REMSYN074AAXX  26121 30858 32998 00000 11220 21260 40454 57009 333 11102 555 53001;EQDQ01  00002PRCP99
0229308580999992000012700004+51200+113720FM-12+080599999V0209999C000012200019N0200001N1-02881-03121104161ADDAA199000021AJ100069199999999AY171061AY201061GA1001+999999999GF100991001001999999001001IA1239KA1120N-02901MD1710111+9999MW1761REMSYN092AAXX  27001 30858 31998 00000 11288 21312 40416 57011 77670 333 21290 47006 555 53000 7000/;
0156308580999992000012712004+51200+113720FM-12+080599999V0202801N002012200019N0200001N1-01371-02441103221ADDAA199000021GF102991001001999999001011KA1120M-00641MD1210091+9999REMSYN080AAXX  27121 30858 32998 22802 11137 21244 40322 52009 80001 333 11064 555 53007;
0210308580999992000012800004+51200+113720FM-12+080599999V0203101N003019999999N0200001N1-01691-02151103641ADDAA199000091AJ100069199999999GF108991001001999999001081IA1239KA1120N-01701MD1210081+9999REMSYN092AAXX  28001 30858 32998 83103 11169 21215 40364 52008 80008 333 21170 47006 555 53007 7000/;EQDQ01  00002PRCP99
0239308580999992000012900004+51200+113720FM-12+080599999V0209999C000012200019N0200001N1-02531-02841104981ADDAA124000091AJ100069199999999GA1001+999999999GF100991001001999999001001IA1239KA1120N-02731MD1310151+9999REMSYN089AAXX  29001 30858 32998 00000 11253 21284 40498 53015 333 21273 47006 555 53000 7000/ /-;EQDQ01  00002PRCP99Q02  00003PRCP99
0229308580999992000013000004+51200+113720FM-12+080599999V0209999C000012200019N0200001N1-03341-03561105941ADDAA199000021AJ100069199999999AY171061AY201061GA1001+999999999GF100991001001999999001001IA1239KA1120N-03361MD1110041+9999MW1761REMSYN092AAXX  30001 30858 31998 00000 11334 21356 40594 51004 77670 333 21336 47006 555 53000 7000/;
0166308580999992000013012004+51200+113720FM-12+080599999V0209999C000012200019N0200001N1-02281-02681105501ADDAA199000021GA1001+999999999GF100991001001999999001001KA1120M-01301MD1310181+9999REMSYN074AAXX  30121 30858 32998 00000 11228 21268 40550 53018 333 11130 555 53006;
0220308580999992000013100004+51200+113720FM-12+080599999V0209999C000012200019N0200001N1-03051-03271105631ADDAA199000091AJ100069199999999GA1001+999999999GF100991001001999999001001IA1239KA1120N-03061MD1710081+9999REMSYN086AAXX  31001 30858 32998 00000 11305 21327 40563 57008 333 21306 47006 555 53000 7000/;EQDQ01  00002PRCP99
0185308580999992000013112004+51200+113720FM-12+080599999V0209999C000012200019N0200001N1-02121-02521104591ADDAA199000091GA1001+999999999GF100991001001999999001001KA1120M-00751MD1810041+9999REMSYN074AAXX  31121 30858 32998 00000 11212 21252 40459 58004 333 11075 555 53000;EQDQ01  00002PRCP99
0248308580999992000020100004+51200+113720FM-12+080599999V0209999C000012200019N0200001N1-02801-03041104351ADDAA199000091AJ100069199999999AY171061AY201061GA1001+999999999GF100991001001999999001001IA1239KA1120N-02831MD1610061+9999MW1021REMSYN092AAXX  01001 30858 31998 00000 11280 21304 40435 56006 70270 333 21283 47006 555 53000 7000/;EQDQ01  00002PRCP99
0188308580999992000020112004+51200+113720FM-12+080599999V0209999C000012200019N0200001N1-01861-02441103351ADDAA199000091GA1001+999999999GF100991001001999999001001KA1120M-00941MD1210021+9999REMSYN077AAXX  01121 30858 32998 00000 11186 21244 40335 52002 333 11094 555 53002 /-;EQDQ01  00002PRCP99
0239308580999992000020200004+51200+113720FM-12+080599999V0209999C000012200019N0200001N1-02791-03031103541ADDAA124000091AJ100069199999999GA1001+999999999GF100991001001999999001001IA1239KA1120N-02871MD1610031+9999REMSYN089AAXX  02001 30858 32998 00000 11279 21303 40354 56003 333 21287 47006 555 53000 7000/ /-;EQDQ01  00002PRCP99Q02  00003PRCP99
0185308580999992000020212004+51200+113720FM-12+080599999V0209999C000012200019N0200001N1-01201-02321102791ADDAA199000091GA1001+999999999GF100991001001999999001001KA1120M-00331MD1210131+9999REMSYN074AAXX  02121 30858 32998 00000 1112/ 21232 40279 52013 333 11033 555 53005;EQDQ01  00002PRCP99
0210308580999992000020300004+51200+113720FM-12+080599999V0209999C000019999999N0200001N1-02431-02611103411ADDAA199000091AJ100069199999999GF108991011001999999041011IA1239KA1120N-02441MD1310041+9999REMSYN092AAXX  03001 30858 32998 80000 11243 21261 40341 53004 81041 333 21244 47006 555 53000 7000/;EQDQ01  00002PRCP99
0185308580999992000020312004+51200+113720FM-12+080599999V0209999C000012200019N0200001N1-02011-02341103231ADDAA199000091GA1001+999999999GF100991001001999999001001KA1120M-00651MD1310091+9999REMSYN074AAXX  03121 30858 32998 00000 11201 21234 40323 53009 333 11065 555 53004;EQDQ01  00002PRCP99
0229308580999992000020400004+51200+113720FM-12+080599999V0209999C000012200019N0200001N1-03011-03251103981ADDAA199000021AJ100069199999999AY171061AY201061GA1001+999999999GF100991001001999999001001IA1239KA1120N-03031MD1310011+9999MW1761REMSYN092AAXX  04001 30858 31998 00000 11301 21325 40398 53001 77670 333 21303 47006 555 53000 7000/;
0166308580999992000020412004+51200+113720FM-12+080599999V0209999C000012200019N0200001N1-02181-02501103221ADDAA199000021GA1001+999999999GF100991001001999999001001KA1120M-00811MD1310071+9999REMSYN074AAXX  04121 30858 32998 00000 11218 21250 40322 53007 333 11081 555 53002;
0210308580999992000020500004+51200+113720FM-12+080599999V0209999C000019999999N0200001N1-02831-03061103541ADDAA199000091AJ100069199999999GF108991021001999999041011IA1239KA1120N-02911MD1310041+9999REMSYN092AAXX  05001 30858 32998 80000 11283 21306 40354 53004 82041 333 21291 47006 555 53000 7000/;EQDQ01  00002PRCP99
0185308580999992000020512004+51200+113720FM-12+080599999V0209999C000012200019N0200001N1-02031-02441103131ADDAA199000091GA1001+999999999GF100991001001999999001001KA1120M-01021MD1310091+9999REMSYN074AAXX  05121 30858 32998 00000 11203 21244 40313 53009 333 11102 555 53005;EQDQ01  00002PRCP99
0239308580999992000020600004+51200+113720FM-12+080599999V0209999C000019999999N0100001N1-02821-03061103471ADDAA112000791AA224999929AJ100069199999999AY171061AY221061GF108991001001999999001071IA1239KA1120N-02861MD1410001+9999MW1711REMSYN107AAXX  06001 30858 11997 80000 11282 21306 40347 54000 69902 77172 80007 333 21286 47006 555 53001 7990/ /-;
0163308580999992000020612004+51200+113720FM-12+080599999V0209999C000019999999N0200001N1-02341-02661103801ADDAA112000791GF105991001001999999001051KA1999M-01401MD1210061+9999REMSYN087AAXX  06121 30858 12998 50000 11234 21266 4038/ 52006 69902 80005 333 11140. 555 53007;
0219308580999992000020700004+51200+113720FM-12+080599999V0209999C000012200019N0200001N1-03281-03511104071ADDAA199000021AJ100069199999999AY171061AY201061GF102991001001999999001061IA1239KA1120N-03281MD1310131+9999MW1761REMSYN098AAXX  07001 30858 31998 20000 11328 21351 40407 53013 77670 80006 333 21328 47006 555 53000 7990/;
0143308580999992000020712004+51200+113720FM-12+080599999V0209999C000012200019N0200001N1-02611-03001103971ADDAA199000021GA1001+999999999GF100991001001999999001001MD1110041+9999REMSYN064AAXX  07121 30858 32998 00000 11261 21300 40397 51004 555 53005;
0159308580999992000020800004+51200+113720FM-12+080599999V0209999C000019999999N0200001N1-02771-03011103621ADDAA124000091GF108991021001999999071051REMSYN075AAXX  08001 30858 3//98 80000 11277 21301 40362 70371 82075 555 53000 7000;EQDQ01  00002PRCP99Q02  00003PRCP99
0201308580999992000020812004+51200+113720FM-12+080599999V0209999C000012200019N0200001N1+99999-02321102931ADDAA199000091GA1001+999999999GF100991001001999999001001KA1120M-00651MD1319999+9999REMSYN074AAXX  08121 30858 32998 00000 10191 21232 40293 53/06 333 11065 555 53005;EQDQ01  00002PRCP99Q02 +01913ATOT  
0210308580999992000020900004+51200+113720FM-12+080599999V0209999C000019999999N0200001N1-02581-02761103021ADDAA199000091AJ100069199999999GF108991061001999999051011IA1239KA1120N-02631MD1610031+9999REMSYN092AAXX  09001 30858 32998 80000 11258 21276 40302 56003 86051 333 21263 47006 555 53000 7000/;EQDQ01  00002PRCP99
0185308580999992000020912004+51200+113720FM-12+080599999V0209999C000012200019N0200001N1-01821-02011102411ADDAA199000091GA1001+999999999GF100991001001999999001001KA1120M-00481MD1310041+9999REMSYN074AAXX  09121 30858 32998 00000 11182 21201 40241 53004 333 11048 555 53004;EQDQ01  00002PRCP99
0229308580999992000021000004+51200+113720FM-12+080599999V0209999C000012200019N0200001N1-02811-03041102811ADDAA124000091AJ100069199999999GF101991011001999999041001IA1239KA1120N-02831MD1310031+9999REMSYN095AAXX  10001 30858 32998 10000 11281 21304 40281 53003 81040 333 21283 47006 555 53000 7000/ /-;EQDQ01  00002PRCP99Q02  00003PRCP99
0185308580999992000021012004+51200+113720FM-12+080599999V0209999C000012200019N0200001N1-01861-02121102141ADDAA199000091GA1001+999999999GF100991001001999999001001KA1120M-00621MD1410001+9999REMSYN074AAXX  10121 30858 32998 00000 11186 21212 40214 54000 333 11062 555 53005;EQDQ01  00002PRCP99
0225308580999992000021100004+51200+113720FM-12+080599999V0203201N001010300019N0200001N1-01711-01831102061ADDAA112000191AJ100079199999999AY171061AY221061GF108991021071008001011061IA1239KA1120N-02321MD1310161+9999MW1031REMSYN104AAXX  11001 30858 11598 83201 11171 21183 40206 53016 69922 70372 82716 333 21232 47007 555 530#2 7992/;
0172308580999992000021112004+51200+113720FM-12+080599999V0209999C000012200019N0200001N1-01951-02531102821ADDAA199000091GF102991999999999999999999KA1120M-00841MD1210201+9999REMSYN077AAXX  11121 30858 32998 20000 11195 21253 40282 52020 333 11084 555 53008 /-;EQDQ01  00002PRCP99
0220308580999992000021200004+51200+113720FM-12+080599999V0209999C000012200019N0200001N1-02601-03321103571ADDAA199000091AJ100079199999999GA1001+999999999GF100991001001999999001001IA1239KA1120N-03091MD1210051+9999REMSYN086AAXX  12001 30858 32998 00000 11260 21332 40357 52005 333 21309 47007 555 53000 7000/;EQDQ01  00002PRCP99
0178308580999992000021212004+51200+113720FM-12+080599999V0209999C000012200019N0200001N1-02021-02511103191ADDAA199000091GF101991001001999999001011KA1120M-00991MD1310131+9999REMSYN083AAXX  12121 30858 32998 10000 11202 21251 40319 53013 80001 333 11099 555 53007 /-;EQDQ01  00002PRCP99
0229308580999992000021300004+51200+113720FM-12+080599999V0209999C000019999999N0200001N1-02141-02541103321ADDAA124000091AJ100079199999999GF108991021001999999041051IA1239KA1120N-02341MD1210031+9999REMSYN095AAXX  13001 30858 32998 80000 11214 21254 40332 52003 82045 333 21234 47007 555 53004 7000/ /-;EQDQ01  00002PRCP99Q02  00003PRCP99
0175308580999992000021312004+51200+113720FM-12+080599999V0209999C000019999999N0200001N1-02171-02571103251ADDAA199000091GF106991001001999999001061KA1120M-01251MD1210061+9999REMSYN080AAXX  13121 30858 32998 60000 11217 21257 40325 52006 80006 333 11125 555 53007;EQDQ01  00002PRCP99
0179308580999992000021412004+51200+113720FM-12+080599999V0209999C000012200019N0200001N1-01851-02531999999ADDAA199000091GA1001+999999999GF100991001001999999001001KA1120M-01351MD1310071+9999REMSYN068AAXX  14121 30858 32998 00000 11185 21253 53007 333 11135 555 53008;EQDQ01  00002PRCP99
0188308580999992000021512004+51200+113720FM-12+080599999V0209999C000012200019N0200001N1-02201-02771103091ADDAA199000091GA1001+999999999GF100991001001999999001001KA1120M-01061MD1310151+9999REMSYN077AAXX  15121 30858 32998 00000 11220 21277 40309 53015 333 11106 555 53007 /-;EQDQ01  00002PRCP99
0229308580999992000021600004+51200+113720FM-12+080599999V0209999C000012200019N0500001N1-03331-03561103691ADDAA199000021AJ100079199999999AY171061AY201061GA1001+999999999GF100991001001999999001001IA1239KA1120N-03331MD1310081+9999MW1761REMSYN092AAXX  16001 30858 31999 00000 11333 21356 40369 53008 77670 333 21333 47007 555 53000 7000/;
0166308580999992000021612004+51200+113720FM-12+080599999V0209999C000012200019N0200001N1-02221-02691103071ADDAA199000021GA1001+999999999GF100991001001999999001001KA1120M-00971MD1310071+9999REMSYN074AAXX  16121 30858 32998 00000 11222 21269 40307 53007 333 11097 555 53005;
0229308580999992000021700004+51200+113720FM-12+080599999V0209999C000012200019N0200001N1-03201-03431103751ADDAA199000021AJ100059199999999AY171061AY201061GA1001+999999999GF100991001001999999001001IA1239KA1120N-03231MD1210061+9999MW1761REMSYN092AAXX  17001 30858 31998 00000 11320 21343 40375 52006 77670 333 21323 47005 555 53000 7000/;
0169308580999992000021712004+51200+113720FM-12+080599999V0209999C000012200019N0200001N1-02111-02481104421ADDAA199000021GA1001+999999999GF100991001001999999001001KA1120M-00701MD1210131+9999REMSYN077AAXX  17121 30858 32998 00000 11211 21248 40442 52013 333 11070 555 53002 /-;
0225308580999992000021800004+51200+113720FM-12+080599999V0209999C000019999999N0200001N1-02041-02291102891ADDAA112000791AJ100059199999999AY171061AY221061GF108991001001999999001071IA1239KA1120N-02601MD1410001+9999MW1151REMSYN104AAXX  18001 30858 11998 80000 11204 21229 40289 54000 69902 71572 80007 333 21260 47005 555 53000 7990/;
0193308580999992000021812004+51200+113720FM-12+080599999V0209999C000019999999N0200001N1-01521-01721102881ADDAA112000591AY131061AY221061GF105991021001999999031071KA1120M-00831MD1110151+9999MW1011REMSYN095AAXX  18121 30858 11998 50000 11152 21172 40288 51015 69952 70132 82037 333 11083 555 53007 /-;
0210308580999992000021900004+51200+113720FM-12+080599999V0209999C000019999999N0500001N1-02281-02401103321ADDAA199000091AJ100069199999999GF108991051001999999041051IA1249KA1120N-02371MD1310031+9999REMSYN092AAXX  19001 30858 32999 80000 11228 21240 40332 53003 85045 333 21237 48006 555 53000 7995/;EQDQ01  00002PRCP99
0185308580999992000021912004+51200+113720FM-12+080599999V0209999C000012200019N0200001N1-01901-02311102901ADDAA199000091GA1001+999999999GF100991001001999999001001KA1120M-00761MD1310011+9999REMSYN074AAXX  19121 30858 32998 00000 11190 21231 40290 53001 333 11076 555 53006;EQDQ01  00002PRCP99
0220308580999992000022000004+51200+113720FM-12+080599999V0209999C000012200019N0500001N1-02831-03001103281ADDAA199000091AJ100059199999999GA1001+999999999GF100991001001999999001001IA1249KA1120N-02851MD1210021+9999REMSYN086AAXX  20001 30858 32999 00000 11283 21300 40328 52002 333 21285 48005 555 53000 7000/;EQDQ01  00002PRCP99
0185308580999992000022012004+51200+113720FM-12+080599999V0209999C000012200019N0200001N1-01931-02341102791ADDAA199000091GA1001+999999999GF100991001001999999001001KA1120M-00701MD1310091+9999REMSYN074AAXX  20121 30858 32998 00000 11193 21234 40279 53009 333 11070 555 53006;EQDQ01  00002PRCP99
0220308580999992000022100004+51200+113720FM-12+080599999V0209999C000012200019N0500001N1-02741-02981103251ADDAA199000091AJ100059199999999GA1001+999999999GF100991001001999999001001IA1249KA1120N-02751MD1410001+9999REMSYN086AAXX  21001 30858 32999 00000 11274 21298 40325 54000 333 21275 48005 555 53000 7000/;EQDQ01  00002PRCP99
0175308580999992000022112004+51200+113720FM-12+080599999V0209999C000012200019N0200001N1-01231-01951102621ADDAA199000091GF101991011001999999041001KA1120M-00691MD1310171+9999REMSYN080AAXX  21121 30858 32998 10000 11123 21195 40262 53017 81040 333 11069 555 53008;EQDQ01  00002PRCP99
0185308580999992000022212004+51200+113720FM-12+080599999V0209999C000012200019N0200001N1-01721-02411103031ADDAA199000091GA1001+999999999GF100991001001999999001001KA1120M-01071MD1110071+9999REMSYN074AAXX  22121 30858 32998 00000 11172 21241 40303 51007 333 11107 555 53010;EQDQ01  00002PRCP99
0220308580999992000022300004+51200+113720FM-12+080599999V0209999C000012200019N0500001N1-02811-03041103551ADDAA199000091AJ100049199999999GA1001+999999999GF100991001001999999001001IA1249KA1120N-02851MD1310011+9999REMSYN086AAXX  23001 30858 32999 00000 11281 21304 40355 53001 333 21285 48004 555 53000 7000/;EQDQ01  00002PRCP99
0175308580999992000022312004+51200+113720FM-12+080599999V0203201N001019999999N0200001N1-01431-01701101482ADDAA199000091GF108991001001999999001011KA1120M-00951MD1210101+9999REMSYN080AAXX  23121 30858 32998 83201 11143 21170 40148 52010 80001 333 11095 555 53009;EQDQ01  00002PRCP99
0225308580999992000022400004+51200+113720FM-12+080599999V0209999C000019999999N0200001N1-02431-02611103121ADDAA112000791AJ100049199999999AY171061AY221061GF108991001001999999001081IA1239KA1120N-02491MD1710071+9999MW1151REMSYN104AAXX  24001 30858 11998 80000 11243 21261 40312 57007 69902 71572 80008 333 21249 47004 555 53000 7990/;
0190308580999992000022412004+51200+113720FM-12+080599999V0209999C000012200019N0200001N1-01301-01651102141ADDAA112004191AY171061AY211061GF102991011001999999041011KA1120M-00291MD1310011+9999MW1011REMSYN092AAXX  24121 30858 11998 20000 11130 21165 40214 53001 60042 70171 81041 333 11029 555 53007;
0226308580999992000022500004+51200+113720FM-12+080599999V0202901N003019999999N0500001N1-01121-01651102001ADDAA199000091AJ100059199999999GF108991999999999999021999IA1239KA1120M+99999MD1310081+9999REMSYN092AAXX  25001 30858 32999 82903 11112 21165 40200 53008 8//2/ 333 11135 47005 555 53009 7004/;EQDQ01  00002PRCP99Q02 -01352ATMX  
0190308580999992000022512004+51200+113720FM-12+080599999V0202901N002019999999N0100001N1-01141-01581102061ADDAA112000791AY121061AY221061GF108991041001999999011011KA1120M-00671MD1310031+9999MW1151REMSYN092AAXX  25121 30858 11997 82902 11114 21158 40206 53003 69902 71522 84011 333 11067 555 53009;
0193308580999992000022612004+51200+113720FM-12+080599999V0209999C000019999999N0200001N1-01591-01701102291ADDAA112000791AY171061AY221061GF108991001001999999001081KA1120M-00851MD1210031+9999MW1151REMSYN095AAXX  26121 30858 11998 80000 11159 21170 40229 52003 69902 71572 80008 333 11085 555 53004 /-;
0220308580999992000022700004+51200+113720FM-12+080599999V0209999C000012200019N0500001N1-03041-03211104021ADDAA199000091AJ100059199999999GA1001+999999999GF100991001001999999001001IA1239KA1120N-03021MD1210141+9999REMSYN086AAXX  27001 30858 32999 00000 11304 21321 40402 52014 333 21302 47005 555 53000 7990/;EQDQ01  00002PRCP99
0185308580999992000022712004+51200+113720FM-12+080599999V0209999C000012200019N0200001N1-01921-02501103531ADDAA199000091GA1001+999999999GF100991001001999999001001KA1120M-00701MD1310041+9999REMSYN074AAXX  27121 30858 32998 00000 11192 21250 40353 53004 333 11070 555 53001;EQDQ01  00002PRCP99
0210308580999992000022800004+51200+113720FM-12+080599999V0209999C000019999999N0500001N1-02091-02421102951ADDAA199000091AJ100059199999999GF108991081001999999021999IA1239KA1120N-02391MD1710141+9999REMSYN092AAXX  28001 30858 32999 80000 11209 21242 40295 57014 8802/ 333 21239 47005 555 53001 7000/;EQDQ01  00002PRCP99
0175308580999992000022812004+51200+113720FM-12+080599999V0209999C000019999999N0200001N1-00821-01571102061ADDAA199000091GF108991001001999999001011KA1120M-00491MD1610041+9999REMSYN080AAXX  28121 30858 32998 80000 11082 21157 40206 56004 80001 333 11049 555 53002;EQDQ01  00002PRCP99
0210308580999992000022900004+51200+113720FM-12+080599999V0209999C000019999999N0500001N1-01821-01911102351ADDAA199000091AJ100059199999999GF105991021001999999041011IA1239KA1120N-01851MD1610021+9999REMSYN092AAXX  29001 30858 32999 50000 11182 21191 40235 56002 82041 333 21185 47005 555 53000 7000/;EQDQ01  00002PRCP99
0175308580999992000022912004+51200+113720FM-12+080599999V0203001N005012200019N0200001N1-00161-01481101891ADDAA199000091GF101991001001999999001061KA1120M+00471MD1210171+9999REMSYN080AAXX  29121 30858 32998 13005 11016 21148 40189 52017 80006 333 10047 555 53011;EQDQ01  00002PRCP99
0210308580999992000030100004+51200+113720FM-12+080599999V0209999C000012200019N0500001N1-01991-02181103071ADDAA199000091AJ100049199999999GF102991001001999999001011IA1239KA1120N-02011MD1210081+9999REMSYN092AAXX  01001 30858 32999 20000 11199 21218 40307 52008 80001 333 21201 47004 555 53005 7000/;EQDQ01  00002PRCP99
0175308580999992000030112004+51200+113720FM-12+080599999V0209999C000012200019N0200001N1-00641-01661101921ADDAA199000091GF102991001001999999001011KA1120M-00021MD1610051+9999REMSYN080AAXX  01121 30858 32998 20000 11064 21166 40192 56005 80001 333 11002 555 53004;EQDQ01  00002PRCP99
0210308580999992000030200004+51200+113720FM-12+080599999V0209999C000019999999N0500001N1-01901-02021101651ADDAA199000091AJ100009199999999GF105991011001999999041011IA1289KA1120N-01931MD1610111+9999REMSYN092AAXX  02001 30858 32999 50000 11190 21202 40165 56011 81041 333 21193 44000 555 53000 7000/;EQDQ01  00002PRCP99
0175308580999992000030212004+51200+113720FM-12+080599999V0202901N005012200019N0200001N1-00221-01241100681ADDAA199000091GF102991011091008001061011KA1120M+00281MD1310151+9999REMSYN080AAXX  02121 30858 32598 22905 11022 21124 40068 53015 81961 333 10028 555 53009;EQDQ01  00002PRCP99
0205308580999992000030300004+51200+113720FM-12+080599999V0203001N002012200019N0500001N1-00921-01541999999ADDAA199000091AJ100009199999999GA1001+999999999GF100991001001999999001001IA1289KA1120N-00931REMSYN085AAXX  03001 30858 32999 03002 11092 21154 4015 52019 333 21093 44000 555 53011 7000/;EQDQ01  00002PRCP99
0220308580999992000030312004+51200+113720FM-12+080599999V0202801N011019999999N0200001N1-01101-02521102051ADDAA199000091AY131061AY221061GF108991001001999999001081KA1120M-00091MD1210221+9999MW1011OA149901801REMSYN092AAXX  03121 30858 31998 82811 11110 21252 40205 52022 70132 80008 333 11009 91118 555 53018;EQDQ01  00002PRCP99
0210308580999992000030400004+51200+113720FM-12+080599999V0209999C000019999999N0500001N1-01961-02291102431ADDAA199000091AJ100009199999999GF108991001001999999001071IA1289KA1120N-02021MD1810141+9999REMSYN092AAXX  04001 30858 32999 80000 11196 21229 40243 58014 80007 333 21202 44000 555 53013 7000/;EQDQ01  00002PRCP99
0175308580999992000030412004+51200+113720FM-12+080599999V0202401N004019999999N0200001N1-00391-01441100821ADDAA199000091GF105991011001999999041061KA1120M+00021MD1810101+9999REMSYN080AAXX  04121 30858 32998 52404 11039 21144 40082 58010 81046 333 10002 555 53012;EQDQ01  00002PRCP99
0225308580999992000030500004+51200+113720FM-12+080599999V0202701N004019999999N0200001N1-01761-02261101821ADDAA112000191AJ100019199999999AY171061AY231061GF108991061001999999011071IA1249KA1120N-01771MD1210061+9999MW1151REMSYN104AAXX  05001 30858 11998 82704 11176 21226 40182 52006 69922 71573 86017 333 21177 48001 555 53014 7992/;
0203308580999992000030512004+51200+113720FM-12+080599999V0203101N004019999999N0200001N1-01381-02601102521ADDAA199000091AY131061AY221061GF108991001001999999001011KA1120M-00371MD1210171+9999MW1011REMSYN086AAXX  05121 30858 31998 83104 11138 21260 40252 52017 70132 80001 333 11037 555 53013;EQDQ01  00002PRCP99
0220308580999992000030600004+51200+113720FM-12+080599999V0209999C000012200019N0200001N1-02711-03091103691ADDAA199000091AJ100019199999999GA1001+999999999GF100991001001999999001001IA1249KA1120N-03721MD1210151+9999REMSYN086AAXX  06001 30858 32998 00000 11271 21309 40369 52015 333 21372 48001 555 53008 7992/;EQDQ01  00002PRCP99
0206308580999992000030612004+51200+113720FM-12+080599999V0209999C000012200019N0200001N1-01371-03591103031ADDAA199000091AY131061AY201061GF102991001001999999001011KA1120M-00801MD1310011+9999MW1021REMSYN089AAXX  06121 30858 31998 20000 11137 21359 40303 53001 70230 80001 333 11080 555 53010 /-;EQDQ01  00002PRCP99
0239308580999992000030700004+51200+113720FM-12+080599999V0203201N002019999999N0200001N1-01401-01671102581ADDAA112000191AA224000291AJ100019199999999AY171061AY221061GF108991011001999999041011IA1239KA1120N-01411MD1410001+9999MW1151REMSYN107AAXX  07001 30858 11998 83202 11140 21167 40258 54000 69922 71572 81041 333 21141 47001 555 53006 7992/ /-;
0236308580999992000030800004+51200+113720FM-12+080599999V0209999C000012200019N0500001N1-02001-02191103201ADDAA199000091AJ199992999999999GA1001+999999999GF100991001001999999001001IA1309KA1120N-02051MD1210061+9999REMSYN086AAXX  08001 30858 32999 00000 11200 21219 40320 52006 333 21205 42998 555 53008 7000/;EQDQ01  00002PRCP99Q02  09972SNDP  
0213308580999992000030812004+51200+113720FM-12+080599999V0209999C000012200019N0200001N1-00771-01751102331ADDAA199000091AY131061AY201061GA1001+999999999GF100991001001999999001001KA1120M-00061MD1310011+9999MW1011REMSYN080AAXX  08121 30858 32998 00000 11077 21175 40233 53001 70130 333 11006 555 53009;EQDQ01  00002PRCP99
0236308580999992000030900004+51200+113720FM-12+080599999V0209999C000012200019N0500001N1-01621-01751103021ADDAA199000091AJ199992999999999GA1001+999999999GF100991001001999999001001IA1309KA1120N-01691MD1210111+9999REMSYN086AAXX  09001 30858 32999 00000 11162 21175 40302 52011 333 21169 42998 555 53000 7000/;EQDQ01  00002PRCP99Q02  09972SNDP  
0185308580999992000030912004+51200+113720FM-12+080599999V0209999C000012200019N0200001N1-00451-01431102231ADDAA199000091GA1001+999999999GF100991001001999999001001KA1120M+00121MD1710061+9999REMSYN074AAXX  09121 30858 32998 00000 11045 21143 40223 57006 333 10012 555 53008;EQDQ01  00002PRCP99
0226308580999992000031000004+51200+113720FM-12+080599999V0203401N002019999999N0500001N1-01011-01541102471ADDAA199000091AJ199992999999999GF106991001001999999001011IA1309KA1120N-01351MD1210061+9999REMSYN092AAXX  10001 30858 32999 63402 11101 21154 40247 52006 80001 333 21135 42998 555 53005 7000/;EQDQ01  00002PRCP99Q02  09972SNDP  
0194308580999992000031012004+51200+113720FM-12+080599999V0209999C000019999999N0200001N1+99999-01521999999ADDAA199000091GF107991021001999999071061MD1310011+9999REMSYN080AAXX  10121 30858 32998 70000 1024/ 21152 4089/ 53001 82076 333 100/9 555 53010;EQDQ01  00002PRCP99Q02 +02403ATOT  Q03 108903APOSLP
0236308580999992000031100004+51200+113720FM-12+080599999V0209999C000012200019N0500001N1-01601-01731102641ADDAA199000091AJ199992999999999GA1001+999999999GF100991001001999999001001IA1309KA1120N-01601MD1310061+9999REMSYN086AAXX  11001 30858 32999 00000 11160 21173 40264 53006 333 21160 42998 555 53002 7000/;EQDQ01  00002PRCP99Q02  09972SNDP  
0185308580999992000031112004+51200+113720FM-12+080599999V0209999C000012200019N0200001N1-00651-01481102111ADDAA199000091GA1001+999999999GF100991001001999999001001KA1120M+00201MD1310071+9999REMSYN074AAXX  11121 30858 32998 00000 11065 21148 40211 53007 333 10020 555 53007;EQDQ01  00002PRCP99
0243308580999992000031200004+51200+113720FM-12+080599999V0209999C000012200019N9999999N1-02021+99999999999ADDAA199000091AJ199992999999999GA1001+999999999GF100991001001999999001001IA1309KA1120N-02101MD1210091+9999ME1313009REMSYN084AAXX  12001 30858 32/// 00000 11202 212/4 48300 52009 333 21210 42998 555 53000 1XV;EQDQ01  00002PRCP99Q02  09972SNDP  
0175308580999992000031212004+51200+113720FM-12+080599999V0209999C000012200019N0200001N1-00621-01431102371ADDAA199000091GF101991011001999999041001KA1120M+00211MD1310091+9999REMSYN080AAXX  12121 30858 32998 10000 11062 21143 40237 53009 81040 333 10021 555 53007;EQDQ01  00002PRCP99
0236308580999992000031300004+51200+113720FM-12+080599999V0209999C000012200019N0500001N1-01921-02041103161ADDAA199000091AJ199992999999999GA1001+999999999GF100991001001999999001001IA1309KA1120N-01941MD1210081+9999REMSYN086AAXX  13001 30858 32999 00000 11192 21204 40316 52008 333 21194 42998 555 53000 7000/;EQDQ01  00002PRCP99Q02  09972SNDP  
0245308580999992000031400004+51200+113720FM-12+080599999V0209999C000019999999N0500001N1-01601-01731102791ADDAA124000091AJ199992999999999GF108991001001999999001061IA1309KA1120N-01701MD1610031+9999REMSYN095AAXX  14001 30858 32999 80000 11160 21173 40279 56003 80006 333 21170 42998 555 53002 7000/ /-;EQDQ01  00002PRCP99Q02  00003PRCP99Q03  09972SNDP  
0178308580999992000031412004+51200+113720FM-12+080599999V0209999C000012200019N0200001N1-00351-01311101911ADDAA199000091GF102991011041008001001021KA1120M+00421MD1310051+9999REMSYN083AAXX  14121 30858 32598 20000 11035 21131 40191 53005 81402 333 10042 555 53009 /-;EQDQ01  00002PRCP99
0245308580999992000031500004+51200+113720FM-12+080599999V0209999C000019999999N0500001N1-01381-01441102151ADDAA124000091AJ199992999999999GF106991001001999999001081IA1309KA1120N-01491MD1610011+9999REMSYN095AAXX  15001 30858 32999 60000 11138 21144 40215 56001 80008 333 21149 42998 555 53000 7000/ /-;EQDQ01  00002PRCP99Q02  00003PRCP99Q03  09972SNDP  
0175308580999992000031512004+51200+113720FM-12+080599999V0209999C000012200019N0200001N1-00461-01071101631ADDAA199000091GF102991001001999999001011KA1120M+00251MD1310041+9999REMSYN080AAXX  15121 30858 32998 20000 11046 21107 40163 53004 80001 333 10025 555 53008;EQDQ01  00002PRCP99
0244308580999992000031600004+51200+113720FM-12+080599999V0209999C000010750019N0500001N1-00771-00871101211ADDAA112000791AJ199993999999999AY171061AY221061GF108991011011008001001081IA1239KA1120N-00901MD1710101+9999MW1011REMSYN104AAXX  16001 30858 11599 80000 11077 21087 40121 57010 69902 70172 81108 333 21090 47997 555 53001 7990/;EQDQ01  09982SNDP  
0190308580999992000031612004+51200+113720FM-12+080599999V0209999C000012200019N0200001N1-00531-01391100901ADDAA112000391AY171061AY211061GF101991011001999999041001KA1120M+00291MD1310111+9999MW1011REMSYN092AAXX  16121 30858 11998 10000 11053 21139 40090 53011 69932 70171 81040 333 10029 555 53009;
0210308580999992000031700004+51200+113720FM-12+080599999V0209999C000012200019N0500001N1-01781-01901101781ADDAA199000091AJ100039199999999GF102991011051008001001061IA1239KA1120N-01891MD1210161+9999REMSYN092AAXX  17001 30858 32599 20000 11178 21190 40178 52016 81506 333 21189 47003 555 53001 7993/;EQDQ01  00002PRCP99
0175308580999992000031712004+51200+113720FM-12+080599999V0209999C000012200019N0200001N1-00681-00971101871ADDAA199000091GF101991011001999999041001KA1120M+00171MD1210221+9999REMSYN080AAXX  17121 30858 32998 10000 11068 21097 40187 52022 81040 333 10017 555 53005;EQDQ01  00002PRCP99
0236308580999992000031800004+51200+113720FM-12+080599999V0209999C000012200019N0500001N1-01741-01861102901ADDAA199000091AJ199992999999999GA1001+999999999GF100991001001999999001001IA1309KA1120N-01851MD1210171+9999REMSYN086AAXX  18001 30858 32999 00000 11174 21186 40290 52017 333 21185 42998 555 53000 7000/;EQDQ01  00002PRCP99Q02  09972SNDP  
0175308580999992000031812004+51200+113720FM-12+080599999V0209999C000012200019N0200001N1-00631-01631102191ADDAA199000091GF101991001001999999001061KA1120M+00321MD1310071+9999REMSYN080AAXX  18121 30858 32998 10000 11063 21163 40219 53007 80006 333 10032 555 53007;EQDQ01  00002PRCP99
0245308580999992000031900004+51200+113720FM-12+080599999V0209999C000010300019N0500001N1-01561-01691102231ADDAA124000091AJ199992999999999GF105991011051008001071051IA1299KA1120N-01691MD1710051+9999REMSYN095AAXX  19001 30858 32599 50000 11156 21169 40223 57005 81575 333 21169 49998 555 53000 7000/ /-;EQDQ01  00002PRCP99Q02  00003PRCP99Q03  09972SNDP  
0175308580999992000031912004+51200+113720FM-12+080599999V0203001N001012200019N0200001N1-00241-01221101731ADDAA199000091GF101991011041008001001001KA1120M+00431MD1210201+9999REMSYN080AAXX  19121 30858 32598 13001 11024 21122 40173 52020 81400 333 10043 555 53008;EQDQ01  00002PRCP99
0255308580999992000032000004+51200+113720FM-12+080599999V0209999C000012200019N0500001N1-01011-01291102621ADDAA124000091AJ199992999999999GA1001+999999999GF100991001001999999001001IA1309KA1120N-01021MD1310171+9999REMSYN089AAXX  20001 30858 32999 00000 11101 21129 40262 53017 333 21102 42998 555 53007 7000/ /-;EQDQ01  00002PRCP99Q02  00003PRCP99Q03  09972SNDP  
0185308580999992000032012004+51200+113720FM-12+080599999V0209999C000012200019N0200001N1-00491-01501102431ADDAA199000091GA1001+999999999GF100991001001999999001001KA1120M+00381MD1310091+9999REMSYN074AAXX  20121 30858 32998 00000 11049 21150 40243 53009 333 10038 555 53007;EQDQ01  00002PRCP99
0226308580999992000032100004+51200+113720FM-12+080599999V0209999C000019999999N0500001N1-01301-01431102521ADDAA199000091AJ199992999999999GF108991011001999999011081IA1309KA1120N-01411MD1710041+9999REMSYN092AAXX  21001 30858 32999 80000 11130 21143 40252 57004 81018 333 21141 42998 555 53000 7000/;EQDQ01  00002PRCP99Q02  09972SNDP  
0190308580999992000032112004+51200+113720FM-12+080599999V0203101N001019999999N0020001N1-00621-00701101591ADDAA112005191AY171061AY221061GF108991081001999999021999KA1120M-00211MD1610111+9999MW1711REMSYN092AAXX  21121 30858 11995 83101 11062 21070 40159 56011 60052 77172 8802/ 333 11021 555 53003;
0225308580999992000032200004+51200+113720FM-12+080599999V0203401N003019999999N0500001N1-00691-00941101411ADDAA112999999AJ100119199999999AY171061AY221061GF108991081001999999011999IA1239KA1120N-00721MD1310111+9999MW1221REMSYN104AAXX  22001 30858 11999 83403 11069 21094 40141 53011 600/2 72272 8801/ 333 21072 47011 555 53007 7011/;
0203308580999992000032212004+51200+113720FM-12+080599999V0203401N002012200019N0200001N1-00671-02331101891ADDAA199000021AY131061AY211061GF103991999001999999041001KA1120M-00041MD1210201+9999MW1031REMSYN086AAXX  22121 30858 31998 33402 11067 21233 40189 52020 70331 82040 333 11004 555 53012;EQDQ01+000022SCOTLC
0204308580999992000032300004+51200+113720FM-12+080599999V0209999C000012200019N0500001N1-02201+99999102711ADDAA199000091AJ100109199999999GF102991021001999999041001IA1249KA1120N-02421MD1210051+9999REMSYN086AAXX  23001 30858 32999 20000 11220 21219 40271 52005 82040 333 21242 48010 555 53004;EQDQ01  00002PRCP99
0175308580999992000032312004+51200+113720FM-12+080599999V0209999C000019999999N0200001N1-00761-01811102111ADDAA199000091GF108991021001999999031061KA1120M-00121MD1410001+9999REMSYN080AAXX  23121 30858 32998 80000 11076 21181 40211 54000 82036 333 11012 555 53011;EQDQ01  00002PRCP99
0197308580999992000032400004+51200+113720FM-12+080599999V0209999C000012200019N0500001N1-01751-01871102601ADDAA112000791AJ100089199999999GF105991011071008001001011IA1249KA1120N-01851MD1310081+9999REMSYN098AAXX  24001 30858 12599 50000 11175 21187 40260 53008 69902 81701 333 21185 48008 555 53002 7990/;
0190308580999992000032412004+51200+113720FM-12+080599999V0209999C000010300019N0200001N1-00531-00901102051ADDAA112000791AY171061AY221061GF108991011071008001011999KA1120M+00011MD1310101+9999MW1021REMSYN092AAXX  24121 30858 11598 80000 11053 21090 40205 53010 69902 70272 8171/ 333 10001 555 53009;
0225308580999992000032500004+51200+113720FM-12+080599999V0209999C000010300019N0200001N1-01131-01261102291ADDAA112000191AJ100099199999999AY171061AY221061GF108991011021008001011081IA1239KA1120N-01461MD1710031+9999MW1711REMSYN104AAXX  25001 30858 11598 80000 11113 21126 40229 57003 69922 77172 81218 333 21146 47009 555 53000 7992/;
0160308580999992000032512004+51200+113720FM-12+080599999V02099999999992200019N0200001N1-00251-00891101631ADDAA109999999GF103991001001999999001061KA1120M+00601MD1719999+9999REMSYN084AAXX  25121 30858 12998 3///2 11025 21089 40163 57/10 699/8 80006 333 10060 555 530;
0210308580999992000032600004+51200+113720FM-12+080599999V0209999C000019999999N0500001N1-00461-00811100491ADDAA199000091AJ100039199999999GF108991031001999999071051IA1239KA1120N-00821MD1710071+9999REMSYN092AAXX  26001 30858 32999 80000 11046 21081 40049 57007 83075 333 21082 47003 555 53003 7990/;EQDQ01  00002PRCP99
0190308580999992000032612004+51200+113720FM-12+080599999V0203001N007010300019N0200001N1+00191-00891100491ADDAA112000191AY181061AY221061GF108991021071008001011999KA1120M+00941MD1210191+9999MW1021REMSYN092AAXX  26121 30858 11598 83007 10019 21089 40049 52019 69922 70282 8271/ 333 10094 555 53015;
0229308580999992000032700004+51200+113720FM-12+080599999V0203101N003010300019N0500001N1-00471-01191101591ADDAA124000091AJ199992999999999GF106991011081008001071021IA1309KA1120N-00441MD1210241+9999REMSYN095AAXX  27001 30858 32599 63103 11047 21119 40159 52024 81872 333 21044 42998 555 53013 7990/ /-;EQDQ01  00002PRCP24Q02  09972SNDP  
0175308580999992000032712004+51200+113720FM-12+080599999V0209999C000019999999N0200001N1-00271-01391102121ADDAA199000091GF105991011001999999041011KA1120M+00411MD1210201+9999REMSYN080AAXX  27121 30858 32998 50000 11027 21139 40212 52020 81041 333 10041 555 53012;EQDQ01  00002PRCP99
0226308580999992000032800004+51200+113720FM-12+080599999V0209999C000019999999N0500001N1-01201-01331102871ADDAA199000091AJ199992999999999GF106991001001999999001061IA1309KA1120N-01451MD1310071+9999REMSYN092AAXX  28001 30858 32999 60000 11120 21133 40287 53007 80006 333 21145 42998 555 53000 7000/;EQDQ01  00002PRCP99Q02  09972SNDP  
0175308580999992000032812004+51200+113720FM-12+080599999V0209999C000010300019N0200001N1+00311-01481101271ADDAA199000091GF108991021071008001011999KA1120M+00721MD1710161+9999REMSYN080AAXX  28121 30858 32598 80000 10031 21148 40127 57016 8271/ 333 10072 555 53010;EQDQ01  00002PRCP99
0260308580999992000032900004+51200+113720FM-12+080599999V0202801N007012200019N0500001N1-00071-01171101721ADDAA112000791AJ199993999999999AY171061AY231061GF101991011021008001001001IA1249KA1120N+99999MD1210271+9999MW1011REMSYN104AAXX  29001 30858 11599 12807 11007 21117 40172 52027 69902 70173 81200 333 20011 48997 555 53016 7990/;EQDQ01 +00112ATMN  Q02  09982SNDP  
0175308580999992000032912004+51200+113720FM-12+080599999V0209999C000012200019N0200001N1-00031-01821101531ADDAA199000091GF102991001001999999001011KA1120M+00531MD1310071+9999REMSYN080AAXX  29121 30858 31998 20000 11003 21182 40153 53007 80001 333 10053 555 53014;EQDQ01  00002PRCP99
0226308580999992000033000004+51200+113720FM-12+080599999V0202401N002012200019N0500001N1-00671-01511101851ADDAA199000091AJ199992999999999GF101991001001999999001011IA1309KA1120N-01101MD1210021+9999REMSYN092AAXX  30001 30858 32999 12402 11067 21151 40185 52002 80001 333 21110 42998 555 53009 7000/;EQDQ01  00002PRCP99Q02  09972SNDP  
0203308580999992000033012004+51200+113720FM-12+080599999V0202901N003019999999N0200001N1-00091-01521101391ADDAA199000091AY131061AY221061GF108991081001999999011999KA1120M+00471MD1310081+9999MW1011REMSYN086AAXX  30121 30858 31998 82903 11009 21152 40139 53008 70132 8801/ 333 10047 555 53012;EQDQ01  00002PRCP99
0236308580999992000033100004+51200+113720FM-12+080599999V0202801N003012200019N0500001N1-00731-01491101861ADDAA199000091AJ199992999999999GA1001+999999999GF100991001001999999001001IA1309KA1120N-01301MD1310091+9999REMSYN086AAXX  31001 30858 32999 02803 11073 21149 40186 53009 333 21130 42998 555 53010 7000/;EQDQ01  00002PRCP99Q02  09972SNDP  
0178308580999992000033112004+51200+113720FM-12+080599999V0209999C000012200019N0200001N1-00371-01911101841ADDAA199000091GF102991001001999999001011KA1120M+00261MD1210141+9999REMSYN083AAXX  31121 30858 32998 20000 11037 21191 40184 52014 80001 333 10026 555 53011 /-;EQDQ01  00002PRCP99
0236308580999992000040100004+51200+113720FM-12+080599999V0209999C000012200019N0500001N1-01061-01501102251ADDAA199000091AJ199992999999999GA1001+999999999GF100991001001999999001001IA1309KA1120N-01381MD1210051+9999REMSYN086AAXX  01001 30858 32999 00000 11106 21150 40225 52005 333 21138 42998 555 53001 7000/;EQDQ01  00002PRCP99Q02  09972SNDP  
0175308580999992000040112004+51200+113720FM-12+080599999V0209999C000012200019N0200001N1-00081-01431101441ADDAA199000091GF102991011001999999041011KA1120M+00751MD1310071+9999REMSYN080AAXX  01121 30858 32998 20000 11008 21143 40144 53007 81041 333 10075 555 53009;EQDQ01  00002PRCP99
0236308580999992000040200004+51200+113720FM-12+080599999V0209999C000012200019N0500001N1-00711-01091101511ADDAA199000091AJ199992999999999GA1001+999999999GF100991001001999999001001IA1309KA1120N-01061MD1310011+9999REMSYN086AAXX  02001 30858 32999 00000 11071 21109 40151 53001 333 21106 42998 555 53000 7000/;EQDQ01  00002PRCP99Q02  09972SNDP  
0197308580999992000040300004+51200+113720FM-12+080599999V0202801N003012200019N0500001N1-00151-01061101071ADDAA112000591AJ100039199999999GF102991021001999999071001IA1239KA1120N-00281MD1310151+9999REMSYN098AAXX  03001 30858 12999 22803 11015 21106 40107 53015 69952 82070 333 21028 47003 555 53012 7995/;
0193308580999992000040312004+51200+113720FM-12+080599999V0203201N006010075019N0040001N1-00181-00751101601ADDAA112000791AY181061AY231061GF108991051091008001021999KA1120M+00651MD1210371+9999MW1851REMSYN095AAXX  03121 30858 11596 83206 11018 21075 40160 52037 69902 78583 8592/ 333 10065 555 53014 /-;
0216308580999992000040400004+51200+113720FM-12+080599999V0203101N005010300019N0500001N1-00371-01531102271ADDAA112000791AJ199992999999999GF106991021051008001061011IA1309KA1120N-00461MD1210121+9999REMSYN098AAXX  04001 30858 12599 63105 11037 21153 40227 52012 69902 82561 333 21046 42998 555 53012 7990/;EQDQ01  09972SNDP  
0203308580999992000040412004+51200+113720FM-12+080599999V0209999C000012200019N0200001N1-00251-01761102061ADDAA199000091AY131061AY211061GF102991001001999999001011KA1120M+00411MD1310021+9999MW1011REMSYN086AAXX  04121 30858 31998 20000 11025 21176 40206 53002 70131 80001 333 10041 555 53012;EQDQ01  00002PRCP99
