0233363070999992000010100004+50280+095170FM-12+110199999V0200901N002012200019N0500001N1-03721-03871999999ADDAA106000091GA1001+999999999GF100991001001999999001001IA1239KA1120N+99999MA1999999090141MD1110061+9999ME1314999REMSYN076AAXX  01001 36307 32999 00902 11372 21387 39014 48499 51006 333 21355 47015;EQDQ01  00002PRCP06Q02 -03552ATMN  
0142363070999992000010106004+50280+095170FM-12+110199999V0200901N004019999999N0500001N1-02451-03201999999ADDGF106991001001999999001041MA1999999089961MD1810231+9999ME1314429REMSYN066AAXX  01061 36307 42999 60904 11245 21320 38996 48442 58023 80004;
0195363070999992000010112004+50280+095170FM-12+110199999V0200901N002019999999N0500001N1-02871-03411999999ADDAA106000091GF107991001001999999001031KA1999M-02451MA1999999089371MD1810381+9999ME1314519REMSYN076AAXX  01121 36307 32999 70902 11287 21341 38937 48451 58038 80003 333 11245;EQDQ01  00002PRCP06
0142363070999992000010118004+50280+095170FM-12+110199999V0200601N002019999999N0500001N1-02541-03021999999ADDGF107991001001999999001031MA1999999089061MD1710141+9999ME1314379REMSYN066AAXX  01181 36307 42999 70602 11254 21302 38906 48437 57014 80003;
0236363070999992000010200004+50280+095170FM-12+110199999V0200901N001019999999N0500001N1-03101-03401999999ADDAA112000791AJ100159199999999GF105991999001022501031001IA1239KA1120N-03131MA1999999088991MD1710071+9999ME1314299REMSYN094AAXX  02001 36307 12899 50901 11310 21340 38899 48429 57007 69902 82030 333 21313 47015 95090;EQDQ01+000022SCOTLC
0152363070999992000010206004+50280+095170FM-12+110199999V0209999C000010210019N0500001N1-02621-03011999999ADDGF108991081001022501011999MA1999999088851MD1810121+9999ME1314219REMSYN076AAXX  02061 36307 42899 80000 11262 21301 38885 48421 58012 8801/ 333 95000;
0201363070999992000010212004+50280+095170FM-12+110199999V0209999C000010210019N0500001N1-02921-03291999999ADDAA106000091GF108991081001022501011999KA1120M-02451MA1999999088741MD1810111+9999ME1314049REMSYN082AAXX  02121 36307 32899 80000 11292 21329 38874 48404 58011 8801/ 333 11245 95090;EQDQ01  00002PRCP06
0152363070999992000010218004+50280+095170FM-12+110199999V0209999C000010210019N0500001N1-02731-03041999999ADDGF108991081001022501021999MA1999999088701MD1810041+9999ME1314049REMSYN076AAXX  02181 36307 42899 80000 11273 21304 38870 48404 58004 8802/ 333 95090;
0193363070999992000010300004+50280+095170FM-12+110199999V0209999C000010210019N0040001N1-02671-02921999999ADDAA112000391AY171061AY221061GF108991081001022501021999MA1999999088661MD1710021+9999ME1314049MW1711REMSYN084AAXX  03001 36307 11896 80000 11267 21292 38866 48404 57002 69932 77172 8802/ 95090;
0180363070999992000010306004+50280+095170FM-12+110199999V0201801N002010210019N0040001N1-02331-02651999999ADDAY171061AY221061GF108991081001022501021999MA1999999088951MD1410001+9999ME1314429MW1711REMSYN082AAXX  03061 36307 41896 81802 11233 21265 38895 48442 54000 77172 8802/ 333 95090;
0216363070999992000010312004+50280+095170FM-12+110199999V0209999C000010210019N0500001N1-02641-02951999999ADDAA112001091AY171061AY221061GF107991051001022501031021KA1120M-02301MA1999999089151MD1110061+9999ME1314449MW1021REMSYN094AAXX  03121 36307 11899 70000 11264 21295 38915 48444 51006 60012 70272 85032 333 11230 95090;
0142363070999992000010318004+50280+095170FM-12+110199999V0203601N001019999999N0500001N1-03181-03511999999ADDGF105991001001999999001011MA1999999089351MD1110031+9999ME1314619REMSYN066AAXX  03181 36307 42999 53601 11318 21351 38935 48461 51003 80001;
0217363070999992000010400004+50280+095170FM-12+110199999V0200901N001012200019N0500001N1-02381-03751999999ADDAA106000091GA1001+999999999GF100991001001999999001001IA1239KA1120N-03401MA1999999089371MD1210011+9999ME1314619REMSYN076AAXX  04001 36307 32999 00901 11238 21375 38937 48461 52001 333 21340 47016;EQDQ01  00002PRCP06
0217363070999992000010406004+50280+095170FM-12+110199999V0200901N001012200019N0500001N1-02381-03751999999ADDAA106000091GA1001+999999999GF100991001001999999001001IA1239KA1120N-03401MA1999999089371MD1210011+9999ME1314619REMSYN076AAXX  04061 36307 32999 00901 11238 21375 38937 48461 52001 333 21340 47016;EQDQ01  00002PRCP06
0205363070999992000010412004+50280+095170FM-12+110199999V0200901N002012200019N0500001N1-03461-03811999999ADDAA106000091GA1001+999999999GF100991001001999999001001KA1999M-02841MA1999999090121MD1210261+9999ME1315169REMSYN070AAXX  04121 36307 32999 00902 11346 21381 39012 48516 52026 333 11284;EQDQ01  00002PRCP06
0171363070999992000010418004+50280+095170FM-12+110199999V0200901N002012200019N0500001N1-03741-04071999999ADDGA1001+999999999GF100991001001999999001001MA1999999091302MD1110061+9999ME1315149REMSYN060AAXX  04181 36307 42999 00902 11374 21407 39130 48514 51006;EQDQ01+091303APOSP 
0170363070999992000010506004+50280+095170FM-12+110199999V0200901N001019999999N0500001N1-03321-03401999999ADDAY141061AY201061GF106991999999999999999999MA1999999089801MD1810021+9999ME1315429MW1021REMSYN072AAXX  05061 36307 42999 60901 11332 21340 38980 48542 58002 70240 90002;
0205363070999992000010512004+50280+095170FM-12+110199999V0200901N002012200019N0500001N1-03651-04071999999ADDAA106000091GA1001+999999999GF100991001001999999001001KA1999M-02361MA1999999090501MD1410001+9999ME1315299REMSYN070AAXX  05121 36307 32999 00902 11365 21407 39050 48529 54000 333 11236;EQDQ01  00002PRCP06
0158363070999992000010518004+50280+095170FM-12+110199999V0200901N002012200019N0500001N1-03721-04151999999ADDGA1001+999999999GF100991001001999999001001MA1999999090401MD1710061+9999ME1315229REMSYN066AAXX  05181 36307 42999 00902 11372 21415 39040 48522 57006 80002;
0258363070999992000010600004+50280+095170FM-12+110199999V0200601N002010750019N0005001N1-04121-04511999999ADDAA106000091AJ100159199999999AY141061AY201061GF107991041001022501031031IA1239KA1120N-04161MA1999999090261MD1810111+9999ME1315149MW1441REMSYN094AAXX  06001 36307 31893 70602 11412 21451 39026 48514 58011 74440 84033 333 21416 47015 95090;EQDQ01  00002PRCP06
0180363070999992000010606004+50280+095170FM-12+110199999V0202701N001010210019N0500001N1-03051-03571999999ADDAY141061AY221061GF108991081001022501011999MA1999999089861MD1710231+9999ME1315009MW1021REMSYN082AAXX  06061 36307 41899 82701 11305 21357 38986 48500 57023 70242 8801/ 333 95000;
0216363070999992000010612004+50280+095170FM-12+110199999V0209999C000010210019N0040001N1-03111-03471999999ADDAA112000191AY171061AY221061GF108991081001022501021999KA1120M-02971MA1999999089471MD1610101+9999ME1314689MW1711REMSYN094AAXX  06121 36307 11896 80000 11311 21347 38947 48468 56010 69922 77172 8802/ 333 11297 95090;
0180363070999992000010618004+50280+095170FM-12+110199999V0209999C000010210019N0100001N1-03141-03501999999ADDAY171061AY221061GF108991081001022501011999MA1999999089171MD1710021+9999ME1314499MW1021REMSYN082AAXX  06181 36307 41897 80000 11314 21350 38917 48449 57002 70272 8801/ 333 95090;
0245363070999992000010700004+50280+095170FM-12+110199999V0209999C000010210019N0100001N1-03071-03431999999ADDAA112000591AJ100159199999999AY171061AY271061GF108991081001022501021999IA1239KA1120N-03201MA1999999089171MD1410001+9999ME1314449MW1711REMSYN100AAXX  07001 36307 11897 80000 11307 21343 38917 48444 54000 69962 77177 8802/ 333 21320 47015 95090;
0180363070999992000010706004+50280+095170FM-12+110199999V0202101N002010210019N0100001N1-02791-03241999999ADDAY171061AY221061GF108991081001022501021999MA1999999089011MD1810161+9999ME1314209MW1711REMSYN082AAXX  07061 36307 41897 82102 11279 21324 38901 4842/ 58016 77172 8802/ 333 95090;
0216363070999992000010712004+50280+095170FM-12+110199999V0200901N001010210019N0200001N1-02871-03251999999ADDAA112001091AY171061AY221061GF108991081001022501021999KA1120M-02701MA1999999089021MD1310091+9999ME1314299MW1021REMSYN094AAXX  07121 36307 11898 80901 11287 21325 38902 48429 53009 60012 70272 8802/ 333 11270 95090;
0180363070999992000010718004+50280+095170FM-12+110199999V0209999C000010210019N0040001N1-02921-03291999999ADDAY171061AY221061GF108991081001022501021999MA1999999089031MD1310081+9999ME1314379MW1711REMSYN082AAXX  07181 36307 41896 80000 11292 21329 38903 48437 53008 77172 8802/ 333 95090;
0245363070999992000010800004+50280+095170FM-12+110199999V0200901N001010210019N0500001N1-03221-03581999999ADDAA112001091AJ100169199999999AY171061AY221061GF106991061001022501031001IA1239KA1120N-03251MA1999999089261MD1210091+9999ME1314529MW1021REMSYN100AAXX  08001 36307 11899 60901 11322 21358 38926 48452 52009 60012 70272 86030 333 21325 47016 95090;
0142363070999992000010806004+50280+095170FM-12+110199999V0209999C000012200019N0500001N1-02821-03361999999ADDGF103991001001999999001031MA1999999089371MD1210041+9999ME1314519REMSYN066AAXX  08061 36307 42999 30000 11282 21336 38937 48451 52004 80003;
0195363070999992000010812004+50280+095170FM-12+110199999V0200901N001012200019N0500001N1-03421-03851999999ADDAA106000091GF102991001001999999001021KA1999M-02761MA1999999089371MD1810011+9999ME1314619REMSYN076AAXX  08121 36307 32999 20901 11342 21385 38937 48461 58001 80002 333 11276;EQDQ01  00002PRCP06
0152363070999992000010818004+50280+095170FM-12+110199999V0201801N002012200019N0500001N1-03641-04001999999ADDGA1001+999999999GF100991001001999999001001MA1999999089241MD1810021+9999ME1314449REMSYN060AAXX  08181 36307 42999 01802 11364 21400 38924 48444 58002;
0217363070999992000010900004+50280+095170FM-12+110199999V0201801N001012200019N0500001N1-03021-03411999999ADDAA106000091GA1001+999999999GF100991001001999999001001IA1239KA1120N-03681MA1999999089061MD1810031+9999ME1314379REMSYN076AAXX  09001 36307 32999 01801 11302 21341 38906 48437 58003 333 21368 47016;EQDQ01  00002PRCP06
0152363070999992000010906004+50280+095170FM-12+110199999V0200901N002010750019N0500001N1-02721-03181999999ADDGF106991041001022501031021MA1999999089231MD1210031+9999ME1314449REMSYN076AAXX  09061 36307 42899 60902 11272 21318 38923 48444 52003 84032 333 95000;
0216363070999992000010912004+50280+095170FM-12+110199999V0209999C000010210019N0040001N1-02721-03181999999ADDAA112000191AY171061AY221061GF108991081001022501021999KA1120M-02571MA1999999089621MD1310261+9999ME1314769MW1711REMSYN094AAXX  09121 36307 11896 80000 11272 21318 38962 48476 53026 69922 77172 8802/ 333 11257 95090;
0138363070999992000010918004+50280+095170FM-12+110199999V0200901N001019999999N0100001N1-02851-03221999999ADDGF107991071999022501031001MA1999999089901ME1315009REMSYN076AAXX  09181 36307 42897 70901 11285 21322 38990 48500 5/014 87/30 333 95090;
0236363070999992000011000004+50280+095170FM-12+110199999V0200901N001010750019N0500001N1-02851-03151999999ADDAA112999999AJ100169199999999GF105991021001022501031031IA1239KA1120N-02901MA1999999090071MD1210081+9999ME1315169REMSYN094AAXX  10001 36307 12899 50901 11285 21315 39007 48516 52008 69002 82033 333 21290 47016 95090;EQDQ01  89992PRCP12
0142363070999992000011006004+50280+095170FM-12+110199999V0200901N001012200019N0500001N1-02671-03321999999ADDGF103991001001999999001021MA1999999090271MD1110051+9999ME1315329REMSYN066AAXX  10061 36307 42999 30901 11267 21332 39027 48532 51005 80002;
0195363070999992000011012004+50280+095170FM-12+110199999V0200901N001012200019N0500001N1-03241-03691999999ADDAA106000091GF104991001001999999001021KA1999M-02571MA1999999090351MD1210051+9999ME1315409REMSYN076AAXX  10121 36307 32999 40901 11324 21369 39035 48540 52005 80002 333 11257;EQDQ01  00002PRCP06
0142363070999992000011018004+50280+095170FM-12+110199999V0200901N002012200019N0500001N1-03691-03931999999ADDGF102991001001999999001031MA1999999090351MD1810021+9999ME1315229REMSYN066AAXX  10181 36307 42999 20902 11369 21393 39035 48522 58002 80003;
0207363070999992000011100004+50280+095170FM-12+110199999V0200901N002012200019N0500001N1-03851-04021999999ADDAA106000091GF103991001001999999001071IA1239KA1120N-03881MA1999999090391MD1310041+9999ME1315149REMSYN082AAXX  11001 36307 32999 30902 11385 21402 39039 48514 53004 80007 333 21388 47016;EQDQ01  00002PRCP06
0152363070999992000011106004+50280+095170FM-12+110199999V0209999C000012200019N0500001N1-02971-03511999999ADDGA1001+999999999GF100991001001999999001001MA1999999090191MD1810121+9999ME1315249REMSYN060AAXX  11061 36307 42999 00000 11297 21351 39019 48524 58012;
0205363070999992000011112004+50280+095170FM-12+110199999V0209999C000012200019N0500001N1-03541-03971999999ADDAA106000091GA1001+999999999GF100991001001999999001001KA1999M-02851MA1999999090101MD1410001+9999ME1314999REMSYN070AAXX  11121 36307 32999 00000 11354 21397 39010 48499 54000 333 11285;EQDQ01  00002PRCP06
0142363070999992000011118004+50280+095170FM-12+110199999V0209999C000019999999N0500001N1-03781-04041999999ADDGF105991001001999999001031MA1999999090021MD1810081+9999ME1314919REMSYN066AAXX  11181 36307 42999 50000 11378 21404 39002 48491 58008 80003;
0160363070999992000011200004+50280+095170FM-12+110199999V0200701N001010210019N0500001N1-03531-03891999999ADDAA106000091GF105991051001022501031001KA1120N-03741ME1314849REMSYN070AAXX  12001 36307 32899 50701 11353 21389 48484 85030 333 21374 95090;EQDQ01  00002PRCP06
0161363070999992000011206004+50280+095170FM-12+110199999V0201801N002019999999N0500001N1-02881-03411999999ADDGF107991001001999999001011MA1999999089981MD1810061+9999ME1314299REMSYN066AAXX  12061 36307 42899 71802 11288 21341 38998 48429 58006 80001;EQDQ01+022502SCOLCB
0211363070999992000011212004+50280+095170FM-12+110199999V0200901N001019999999N0500001N1-03301-03741999999ADDAA106000091GF105991001001999999001021KA1999M-02651MA1999999089811MD1710021+9999ME1314929REMSYN076AAXX  12121 36307 32899 50901 11330 21374 38981 48492 57002 80002 333 11265;EQDQ01+022502SCOLCBQ02  00002PRCP06
0152363070999992000011218004+50280+095170FM-12+110199999V0200901N001012200019N0500001N1-03641-04001999999ADDGA1001+999999999GF100991001001999999001001MA1999999089501MD1810261+9999ME1314539REMSYN060AAXX  12181 36307 42999 00901 11364 21400 38950 48453 58026;
0217363070999992000011300004+50280+095170FM-12+110199999V0209999C000012200019N0500001N1-03741-04071999999ADDAA106000091GA1001+999999999GF100991001001999999001001IA1239KA1120N-03761MA1999999089441MD1810061+9999ME1314489REMSYN076AAXX  13001 36307 32999 00000 11374 21407 38944 48448 58006 333 21376 47016;EQDQ01  00002PRCP06
0152363070999992000011306004+50280+095170FM-12+110199999V0209999C000010210019N0500001N1-03021-03461999999ADDGF107991071001022501031001MA1999999089071MD1810261+9999ME1314379REMSYN076AAXX  13061 36307 42899 70000 11302 21346 38907 48437 58026 87030 333 95000;
0216363070999992000011312004+50280+095170FM-12+110199999V0209999C000010210019N0040001N1-02961-03331999999ADDAA112001091AY171061AY221061GF108991081001022501021999KA1120M-02871MA1999999089301MD1310031+9999ME1314529MW1711REMSYN094AAXX  13121 36307 11896 80000 11296 21333 38930 48452 53003 60012 77172 8802/ 333 11287 95090;
0184363070999992000011318004+50280+095170FM-12+110199999V0200901N001010210019N0500001N1-02981-03351999999ADDAY171061AY221061GF107991071001022501031001MA1999999089571MD1210121+9999ME1314769MW1021REMSYN086    AAXX  13181 36307 41899 70901 11298 21335 38957 48476 52012 70272 87030 333 95090;
0156363070999992000011406004+50280+095170FM-12+110199999V0209999C000012200019N0500001N1-02681-03231999999ADDGA1001+999999999GF100991001001999999001001MA1999999089961MD1810021+9999ME1315089REMSYN064    AAXX  14061 36307 42999 00000 11268 21323 38996 48508 58002;
0156363070999992000011418004+50280+095170FM-12+110199999V0209999C000012200019N0500001N1-03971-04351999999ADDGA1001+999999999GF100991001001999999001001MA1999999090071MD1410001+9999ME1314999REMSYN064    AAXX  14181 36307 42999 00000 11397 21435 39007 48499 54000;
0186363070999992000011500004+50280+095170FM-12+110199999V0200901N001012200019N0500001N1-03681-04041999999ADDAA199000091GA1001+999999999GF100991001001999999001001MA1999999089911MD1710061+9999ME1314919REMSYN064    AAXX  15001 36307 32999 00901 11368 21404 38991 48491 57006;EQDQ01  00002PRCP99
0238363070999992000011501004+50280+095170FM-12+110199999V0200901N001012200019N0500001N1-03681-04041999999ADDAA199000091AJ100179199999999GA1001+999999999GF100991001001999999001001IA1239KA1120N-04001MA1999999089911MD1710061+9999ME1314919REMSYN080    AAXX  15011 36307 32999 00901 11368 21404 38991 48491 57006 333 21400 47017;EQDQ01  00002PRCP99
0146363070999992000011506004+50280+095170FM-12+110199999V0200901N001012200019N0500001N1-02951-03491999999ADDGF103991001001999999001031MA1999999089851MD1710081+9999ME1315009REMSYN070    AAXX  15061 36307 42999 30901 11295 21349 38985 48500 57008 80003;
0199363070999992000011512004+50280+095170FM-12+110199999V0200901N001019999999N0500001N1-03251-03691999999ADDAA199000091GF105991001001999999001031KA1999M-02751MA1999999089841MD1710021+9999ME1314929REMSYN080    AAXX  15121 36307 32999 50901 11325 21369 38984 48492 57002 80003 333 11275;EQDQ01  00002PRCP99
0234363070999992000011600004+50280+095170FM-12+110199999V0200901N001010750019N0500001N1-03591-03931999999ADDAA199000091AJ100159199999999GF107991021001022501031031IA1239KA1120N-03821MA1999999089591MD1710121+9999ME1314619REMSYN092    AAXX  16001 36307 32899 70901 11359 21393 38959 48461 57012 82033 333 21382 47015 95090;EQDQ01  00002PRCP99
0184363070999992000011606004+50280+095170FM-12+110199999V0201801N001010210019N0500001N1-02911-03371999999ADDAY171061AY221061GF107991071001022501031001MA1999999089671MD1410001+9999ME1314849MW1021REMSYN086    AAXX  16061 36307 41899 71801 11291 21337 38967 48484 54000 70272 87030 333 95000;
0186363070999992000011612004+50280+095170FM-12+110199999V0201801N001019999999N0500001N1-03371-03791999999ADDAA112000791GF107991001001999999001031KA1999M-02871MA1999999089821MD1310151+9999ME1314929REMSYN086    AAXX  16121 36307 12999 71801 11337 21379 38982 48492 53015 69902 80003 333 11287;
0146363070999992000011618004+50280+095170FM-12+110199999V0200901N001019999999N0500001N1-03541-03901999999ADDGF105991001001999999001091MA1999999090081MD1310201+9999ME1314999REMSYN070    AAXX  16181 36307 42999 50901 11354 21390 39008 48499 53020 80009;
0228363070999992000011700004+50280+095170FM-12+110199999V0200901N001019999999N0500001N1-03461-03811999999ADDAA199000091AJ100169199999999GF107991001001999999001031IA1239KA1120N-03711MA1999999090331MD1110091+9999ME1315329REMSYN086    AAXX  17001 36307 32999 70901 11346 21381 39033 48532 51009 80003 333 21371 47016;EQDQ01  00002PRCP99
0146363070999992000011706004+50280+095170FM-12+110199999V0201801N002019999999N0500001N1-02891-03431999999ADDGF107991001001999999001031MA1999999090751MD1110071+9999ME1315719REMSYN070    AAXX  17061 36307 42999 71802 11289 21343 39075 48571 51007 80003;
0184363070999992000011712004+50280+095170FM-12+110199999V0200901N004019999999N0500001N1-03191-03641999999ADDAA199000091GF105991001001999999001031KA1999M-02351MD1210021+9999ME1315719REMSYN080    AAXX  17121 36307 32999 50904 11319 21364 390/9 48571 52002 80003 333 11235;EQDQ01  00002PRCP99
0156363070999992000011718004+50280+095170FM-12+110199999V0200901N002012200019N0500001N1-03761-04111999999ADDGA1001+999999999GF100991001001999999001001MA1999999090871MD1410001+9999ME1315599REMSYN064    AAXX  17181 36307 42999 00902 11376 21411 39087 48559 54000;
0238363070999992000011800004+50280+095170FM-12+110199999V0200901N002012200019N0500001N1-04031-04451999999ADDAA199000091AJ100169199999999GA1001+999999999GF100991001001999999001001IA1239KA1120N-04071MA1999999090181MD1810071+9999ME1315529REMSYN080    AAXX  18001 36307 32999 00902 11403 21445 39018 48552 58007 333 21407 47016;EQDQ01  00002PRCP99
0194363070999992000011806004+50280+095170FM-12+110199999V0201801N001012200019N0500001N1-03041-03551999999ADDAY141061AY201061GA1001+999999999GF100991001001999999001001MA1999999090531MD1710121+9999ME1315489MW1021REMSYN080    AAXX  18061 36307 41999 01801 11304 21355 39053 48548 57012 70240 333 95000;
0174363070999992000011812004+50280+095170FM-12+110199999V0200901N001012200019N9999999N1-03961-03981999999ADDAA199000091GA1001+999999999GF100991001001999999001001KA1999M-02851ME1199999REMSYN068    AAXX  18121 36307 3//// 00901 11396 21398 4154/ 93004 333 11285;EQDQ01  00002PRCP99
0146363070999992000011818004+50280+095170FM-12+110199999V0200901N001019999999N0500001N1-03811-04231999999ADDGF106991001001999999001011MA1999999090091MD1810191+9999ME1314999REMSYN070    AAXX  18181 36307 42999 60901 11381 21423 39009 48499 58019 80001;
0234363070999992000011900004+50280+095170FM-12+110199999V0200901N001012200019N0500001N1-02981-04351999999ADDAA199000091AJ100209199999999GF102991001001999999001011IA1239KA1120N-04031MA1999999090001MD1310021+9999ME1314919REMSYN092    AAXX  19001 36307 32999 20901 11298 21435 39000 48491 53002 80001 333 21403 47020 92363;EQDQ01  00002PRCP99
0146363070999992000011906004+50280+095170FM-12+110199999V0201801N001019999999N0500001N1-03221-03661999999ADDGF107991001001999999001011MA1999999091021MD1310061+9999ME1315089REMSYN070    AAXX  19061 36307 42999 71801 11322 21366 39102 48508 53006 80001;
0152363070999992000011918004+50280+095170FM-12+110199999V0200901N001010210019N0500001N1-03251-03901999999ADDGF107991071001022501031001MA1999999090081MD1810051+9999ME1315169REMSYN076AAXX  19181 36307 42899 70901 11325 21390 39008 48516 58005 87030 333 95090;
0230363070999992000012000004+50280+095170FM-12+110199999V0209999C000019999999N0500001N1-02951-03331999999ADDAA199000091AJ100209199999999GF108991081001999999011999IA1239KA1120N-03621MA1999999090151MD1210071+9999ME1315249REMSYN088AAXX  20001 36307 32999 80000 11295 21333 39015 48524 52007 8801/ 333 21362 47020 95090;EQDQ01  00002PRCP99
0142363070999992000012006004+50280+095170FM-12+110199999V0202501N001019999999N0500001N1-02721-03261999999ADDGF105991001001999999001021MA1999999090141MD1810061+9999ME1315169REMSYN066AAXX  20061 36307 42999 52501 11272 21326 39014 48516 58006 80002;
0195363070999992000012012004+50280+095170FM-12+110199999V0202701N001012200019N0500001N1-03201-03641999999ADDAA199000091GF104991001001999999001031KA1999M-02641MA1999999090121MD1310041+9999ME1315169REMSYN076AAXX  20121 36307 32999 42701 11320 21364 39012 48516 53004 80003 333 11264;EQDQ01  00002PRCP99
0142363070999992000012018004+50280+095170FM-12+110199999V0200901N001012200019N0500001N1-03421-03781999999ADDGF104991001001999999001031MA1999999090081MD1810051+9999ME1315169REMSYN066AAXX  20181 36307 42999 40901 11342 21378 39008 48516 58005 80003;
0245363070999992000012100004+50280+095170FM-12+110199999V0200901N001010210019N0200001N1-03401-03751999999ADDAA112000791AJ100209199999999AY171061AY221061GF108991081001022501011999IA1239KA1120N-03501MA1999999090081MD1810011+9999ME1315169MW1711REMSYN100AAXX  21001 36307 11898 80901 11340 21375 39008 48516 58001 69902 77172 8801/ 333 21350 47020 95090;
0180363070999992000012106004+50280+095170FM-12+110199999V0209999C000010750019N0500001N1-02731-03291999999ADDAY171061AY221061GF107991041001022501031021MA1999999090211MD1410001+9999ME1315249MW1021REMSYN082AAXX  21061 36307 41899 70000 11273 21329 39021 48524 54000 70272 84032 333 95000;
0188363070999992000012112004+50280+095170FM-12+110199999V0209999C000010210019N0500001N1-03061-03511999999ADDAA112000191GF107991071001022501031001KA1120M-02551MA1999999090231MD1310031+9999ME1315249REMSYN088AAXX  21121 36307 12899 70000 11306 21351 39023 48524 53003 69912 87030 333 11255 95090;
0142363070999992000012118004+50280+095170FM-12+110199999V0200901N001019999999N0500001N1-03311-03671999999ADDGF107991001001999999001031MA1999999090381MD1410001+9999ME1315029REMSYN066AAXX  21181 36307 42999 70901 11331 21367 39038 48502 54000 80003;
0250363070999992000012200004+50280+095170FM-12+110199999V0200901N001012200019N0500001N1-03741-04071999999ADDAA199000091AJ100209199999999GA1001+999999999GF100991001001999999001001IA1239KA1120N+99999MA1999999090351MD1410001+9999ME1315229REMSYN076AAXX  22001 36307 32999 00901 11374 21407 39035 48522 54000 333 21335 47020;EQDQ01  00002PRCP99Q02 -03352ATMN  
0142363070999992000012206004+50280+095170FM-12+110199999V0201801N002019999999N0500001N1-02951-03401999999ADDGF107991001001999999001031MA1999999090531MD1110041+9999ME1315489REMSYN066AAXX  22061 36307 42999 71802 11295 21340 39053 48548 51004 80003;
0172363070999992000012212004+50280+095170FM-12+110199999V0209999C000019999999N0500001N1-03351-03791999999ADDAA199000091GF107991001001999999001021MA1999999090601MD1110031+9999ME1315559REMSYN066AAXX  22121 36307 32999 70000 11335 21379 39060 48555 51003 80002;EQDQ01  00002PRCP99
0152363070999992000012218004+50280+095170FM-12+110199999V0200901N001012200019N0500001N1-03741-04071999999ADDGA1001+999999999GF100991001001999999001001MA1999999090521MD1310041+9999ME1315299REMSYN060AAXX  22181 36307 42999 00901 11374 21407 39052 48529 53004;
0234363070999992000012300004+50280+095170FM-12+110199999V0200901N002012200019N0500001N1-03821-04231999999ADDAA199000091AJ100209199999999GA1001+999999999GF100991001001999999001001IA1239KA1120N-03851MA1999999090691MD1210071+9999ME1315449REMSYN076AAXX  23001 36307 32999 00902 11382 21423 39069 48544 52007 333 21385 47020;EQDQ01  00002PRCP99
0180363070999992000012306004+50280+095170FM-12+110199999V0202701N001019999999N0500001N1-03101-03721999999ADDAY141061AY211061GF106991001001999999001031MA1999999090381MD1410001+9999ME1315719MW1031REMSYN082AAXX  23061 36307 41999 62701 11310 21372 39038 48571 54000 70341 80003 333 95000;
0195363070999992000012312004+50280+095170FM-12+110199999V0209999C000019999999N0500001N1-03481-03911999999ADDAA199000091GF107991001001999999001031KA1999M-02631MA1999999091051MD1110021+9999ME1315959REMSYN076AAXX  23121 36307 32999 70000 11348 21391 39105 48595 51002 80003 333 11263;EQDQ01  00002PRCP99
0152363070999992000012318004+50280+095170FM-12+110199999V0200901N001012200019N0500001N1-03781-04181999999ADDGA1001+999999999GF100991001001999999001001MA1999999091111MD1310061+9999ME1315749REMSYN060AAXX  23181 36307 42999 00901 11378 21418 39111 48574 53006;
0246363070999992000012400004+50280+095170FM-12+110199999V0209999C000012200019N0020001N1-03991-04411999999ADDAA199000091AJ100209199999999GA1001+999999999GF100991001001999999001001IA1239KA1120N-04011MA1999999091231MD1210071+9999ME1315829REMSYN088AAXX  24001 36307 31995 00000 11399 21441 39123 48582 52007 744=0 333 21401 47020 95090;EQDQ01  00002PRCP99
0164363070999992000012418004+50280+095170FM-12+110199999V0209999C000012200019N0500001N1-03801-04151999999ADDGA1001+999999999GF100991001001999999001001MA1999999091531REMSYN060AAXX  24181 36307 42999 00000 11380 21415 39153 48/04 5200/;EQDQ01+000022APCTENQ02+000002APC3  
0268363070999992000012500004+50280+095170FM-12+110199999V0200901N001012200019N0020001N1-03951-04351999999ADDAA199000091AJ100209199999999AY141061AY201061GA1001+999999999GF100991001001999999001001IA1239KA1120N-04011MA1999999091761MD1110061+9999ME1202709MW1441REMSYN088AAXX  25001 36307 31995 00901 11395 21435 39176 4227/ 51006 74440 333 21401 47020 95090;EQDQ01  00002PRCP99
0190363070999992000012506004+50280+095170FM-12+110199999V0200901N001012200019N0500001N1-02991-03531999999ADDAY141061AY221061GA1001+999999999GF100991001001999999001001MA1999999091721MD1710011+9999ME1316419MW1021REMSYN076AAXX  25061 36307 41999 00901 11299 21353 39172 48641 57001 70242 333 95000;
0258363070999992000012600004+50280+095170FM-12+110199999V0200901N002012200019N0040001N1-03921-04311999999ADDAA199000091AJ100209199999999AY141061AY201061GF102991001001999999001031IA1239KA1120N-04001MA1999999091601MD1710081+9999ME1316129MW1441REMSYN094AAXX  26001 36307 31996 20902 11392 21431 39160 48612 57008 74440 80003 333 21400 47020 95090;EQDQ01  00002PRCP99
0180363070999992000012606004+50280+095170FM-12+110199999V0209999C000019999999N0500001N1-03121-03651999999ADDAY141061AY211061GF105991001001999999001021MA1999999091351MD1810161+9999ME1315189MW1031REMSYN082AAXX  26061 36307 41999 50000 11312 21365 39135 48518 58016 70341 80002 333 95000;
0201363070999992000012612004+50280+095170FM-12+110199999V0209999C000010210019N0500001N1-02921-03371999999ADDAA199000091GF108991081001022501021999KA1120M-02801MA1999999091271MD1310081+9999ME1316109REMSYN082AAXX  26121 36307 32899 80000 11292 21337 39127 48610 53008 8802/ 333 11280 95090;EQDQ01  00002PRCP99
0180363070999992000012618004+50280+095170FM-12+110199999V0200901N001010210019N0500001N1-03211-03571999999ADDAY171061AY221061GF107991071001022501031001MA1999999091451MD1410001+9999ME1316269MW1021REMSYN082AAXX  26181 36307 41899 70901 11321 21357 39145 48626 54000 70272 87030 333 95090;
0230363070999992000012700004+50280+095170FM-12+110199999V0200901N001019999999N0500001N1-03741-04071999999ADDAA112000791AJ100209199999999GF105991001001999999001031IA1239KA1120N+99999MA1999999091391MD1810061+9999ME1315979REMSYN088AAXX  27001 36307 12999 50901 11374 21407 39139 48597 58006 69902 80003 333 21276 47020;EQDQ01 -02762ATMN  
0165363070999992000012706004+50280+095170FM-12+110199999V0202501N002019999999N0500001N1-02881-03411999999ADDAY141061AY211061GF107991001001999999001041MD1810081+9999ME1316269MW1031REMSYN082AAXX  27061 36307 41999 72502 11288 21341 3/747 48626 58008 70341 80004 333 95000;
0195363070999992000012712004+50280+095170FM-12+110199999V0209999C000019999999N0500001N1-03501-04021999999ADDAA199000091GF105991001001999999001011KA1999M-02701MA1999999091421MD1310031+9999ME1316189REMSYN076AAXX  27121 36307 32999 50000 11350 21402 39142 48618 53003 80001 333 11270;EQDQ01  00002PRCP99
0152363070999992000012718004+50280+095170FM-12+110199999V0200901N001012200019N0500001N1-03861-04271999999ADDGA1001+999999999GF100991001001999999001001MA1999999091341MD1810121+9999ME1315899REMSYN060AAXX  27181 36307 42999 00901 11386 21427 39134 48589 58012;
0268363070999992000012800004+50280+095170FM-12+110199999V0200901N003012200019N0020001N1-04101-04511999999ADDAA199000091AJ100209199999999AY141061AY201061GA1001+999999999GF100991001001999999001001IA1239KA1120N-04111MA1999999091361MD1410001+9999ME1315979MW1441REMSYN088AAXX  28001 36307 31995 00903 11410 21451 39136 48597 54000 74440 333 21411 47020 95090;EQDQ01  00002PRCP99
0190363070999992000012806004+50280+095170FM-12+110199999V0201801N001012200019N0500001N1-03071-03671999999ADDAY141061AY201061GA1001+999999999GF100991001001999999001001MA1999999091461MD1410001+9999ME1316269MW1021REMSYN076AAXX  28061 36307 41999 01801 11307 21367 39146 48626 54000 70240 333 95000;
0205363070999992000012812004+50280+095170FM-12+110199999V0200701N001012200019N0500001N1-03481-03991999999ADDAA199000091GA1001+999999999GF100991001001999999001001KA1999M-02831MA1999999091721MD1110041+9999ME1316419REMSYN070AAXX  28121 36307 32999 00701 11348 21399 39172 48641 51004 333 11283;EQDQ01  00002PRCP99
0234363070999992000012900004+50280+095170FM-12+110199999V0200901N001012200019N0500001N1-03861-04271999999ADDAA199000091AJ100209199999999GA1001+999999999GF100991001001999999001001IA1239KA1120N-03931MA1999999091881MD1410001+9999ME1316349REMSYN076AAXX  29001 36307 32999 00901 11386 21427 39188 48634 54000 333 21393 47020;EQDQ01  00002PRCP99
0152363070999992000012906004+50280+095170FM-12+110199999V0200901N002012200019N0500001N1-03011-03631999999ADDGA1001+999999999GF100991001001999999001001MA1999999091931MD1310241+9999ME1316579REMSYN060AAXX  29061 36307 42999 00902 11301 21363 39193 48657 53024;
0190363070999992000012912004+50280+095170FM-12+110199999V0201801N001012200019N0500001N1-03301-03821999999ADDAA199000091GA1001+999999999GF100991001001999999001001KA1999M-02751MA1999999091921MD1310011+9999REMSYN064AAXX  29121 36307 32999 01801 11330 21382 39192 53001 333 11275;EQDQ01  00002PRCP99
0152363070999992000012918004+50280+095170FM-12+110199999V0200901N001012200019N0500001N1-03761-04181999999ADDGA1001+999999999GF100991001001999999001001MA1999999091901MD1810161+9999ME1316339REMSYN060AAXX  29181 36307 42999 00901 11376 21418 39190 48633 58016;
0268363070999992000013000004+50280+095170FM-12+110199999V0200901N001012200019N0020001N1-04031-04451999999ADDAA199000091AJ100209199999999AY141061AY201061GA1001+999999999GF100991001001999999001001IA1239KA1120N-04071MA1999999091901MD1310011+9999ME1316349MW1441REMSYN088AAXX  30001 36307 31995 00901 11403 21445 39190 48634 53001 74440 333 21407 47020 95090;EQDQ01  00002PRCP99
0190363070999992000013006004+50280+095170FM-12+110199999V0201801N001012200019N0500001N1-03071+99999999999ADDAY101061AY221061GA1001+999999999GF100991001001999999001001MA1999999091781MD1810201+9999ME1316499MW1401REMSYN076AAXX  30061 36307 41999 01801 11307 21267 39178 48649 58020 74002 333 95000;
0205363070999992000013012004+50280+095170FM-12+110199999V0200901N001012200019N0500001N1-03441-03881999999ADDAA199000091GA1001+999999999GF100991001001999999001001KA1999M-02881MA1999999091621MD1710091+9999ME1316349REMSYN070AAXX  30121 36307 32999 00901 11344 21388 39162 48634 57009 333 11288;EQDQ01  00002PRCP99
0152363070999992000013018004+50280+095170FM-12+110199999V0200901N001012200019N0500001N1-03831-04231999999ADDGA1001+999999999GF100991001001999999001001MA1999999091331MD1810181+9999ME1315899REMSYN060AAXX  30181 36307 42999 00901 11383 21423 39133 48589 58018;
0268363070999992000013100004+50280+095170FM-12+110199999V0200901N001012200019N0020001N1-04111-04511999999ADDAA199000091AJ100209199999999AY141061AY201061GA1001+999999999GF100991001001999999001001IA1239KA1120N-04141MA1999999091221MD1610071+9999ME1315749MW1441REMSYN088AAXX  31001 36307 31995 00901 11411 21451 39122 48574 56007 74440 333 21414 47020 95090;EQDQ01  00002PRCP99
0190363070999992000013106004+50280+095170FM-12+110199999V0201801N001012200019N0500001N1-03241-03771999999ADDAY101061AY221061GA1001+999999999GF100991001001999999001001MA1999999090891MD1610071+9999ME1315799MW1401REMSYN076AAXX  31061 36307 41999 01801 11324 21377 39089 48579 56007 74002 333 95000;
0201363070999992000013112004+50280+095170FM-12+110199999V0203601N001010210019N0500001N1-03481-03911999999ADDAA199000091GF107991051001022501031031KA1120M-02001MA1999999090731MD1610021+9999ME1315559REMSYN082AAXX  31121 36307 32899 73601 11348 21391 39073 48555 56002 85033 333 11200 95090;EQDQ01  00002PRCP99
0152363070999992000013118004+50280+095170FM-12+110199999V0200801N001010210019N0500001N1-03421-03851999999ADDGF107991071001022501031001MA1999999090551MD1310041+9999ME1315559REMSYN076AAXX  31181 36307 42899 70801 11342 21385 39055 48555 53004 87030 333 95090;
0246363070999992000020100004+50280+095170FM-12+110199999V0209999C000010210019N0500001N1-03721-03851999999ADDAA199000091AJ100209199999999GF107991071001022501031001IA1239KA1120N+99999MA1999999090451MD1810101+9999ME1315789REMSYN088AAXX  01001 36307 32899 70000 11372 21385 39045 48578 58010 87030 333 21358 47020 95090;EQDQ01  00002PRCP99Q02 -03582ATMN  
0165363070999992000020112004+50280+095170FM-12+110199999V0209999C000019999999N0500001N1-03061-03511999999ADDAA199000091GF107991001001999999001031KA1999M-02701MD1310041+9999REMSYN070AAXX  01121 36307 32999 70000 11306 21351 39/5/ 53004 80003 333 11270;EQDQ01  00002PRCP99
0142363070999992000020118004+50280+095170FM-12+110199999V0200901N001012200019N0500001N1-03731-04071999999ADDGF102991001001999999001011MA1999999090571MD1110051+9999ME1315449REMSYN066AAXX  01181 36307 42999 20901 11373 21407 39057 48544 51005 80001;
0234363070999992000020200004+50280+095170FM-12+110199999V0200901N001012200019N0500001N1-03981-04411999999ADDAA199000091AJ100209199999999GA1001+999999999GF100991001001999999001001IA1239KA1120N-04051MA1999999090571MD1810191+9999ME1315379REMSYN076AAXX  02001 36307 32999 00901 11398 21441 39057 48537 58019 333 21405 47020;EQDQ01  00002PRCP99
0152363070999992000020206004+50280+095170FM-12+110199999V0200901N001012200019N0500001N1-02981-03611999999ADDGA1001+999999999GF100991001001999999001001MA1999999090221MD1610061+9999ME1316249REMSYN060AAXX  02061 36307 42999 00901 11298 21361 39022 48624 56006;
0195363070999992000020212004+50280+095170FM-12+110199999V0209999C000012200019N0500001N1-03331-03741999999ADDAA199000091GF102991001001999999001011KA1999M-02801MA1999999090201MD1310051+9999ME1315249REMSYN076AAXX  02121 36307 32999 20000 11333 21374 39020 48524 53005 80001 333 11280;EQDQ01  00002PRCP99
0152363070999992000020218004+50280+095170FM-12+110199999V0200901N002012200019N0500001N1-03681-04111999999ADDGA1001+999999999GF100991001001999999001001MA1999999090121MD1310071+9999ME1315079REMSYN060AAXX  02181 36307 42999 00902 11368 21411 39012 48507 53007;
0234363070999992000020300004+50280+095170FM-12+110199999V0200901N001012200019N0500001N1-03931-04351999999ADDAA199000091AJ100209199999999GA1001+999999999GF100991001001999999001001IA1239KA1120N-03991MA1999999090031MD1410001+9999ME1314919REMSYN076AAXX  03001 36307 32999 00901 11393 21435 39003 48491 54000 333 21399 47020;EQDQ01  00002PRCP99
0152363070999992000020306004+50280+095170FM-12+110199999V0201801N001012200019N0500001N1-03011-03651999999ADDGA1001+999999999GF100991001001999999001001MA1999999089961MD1810091+9999ME1315089REMSYN060AAXX  03061 36307 42999 01801 11301 21365 38996 48508 58009;
0152363070999992000020318004+50280+095170FM-12+110199999V0200901N001012200019N0500001N1-03811-04231999999ADDGA1001+999999999GF100991001001999999001001MA1999999090011MD1210021+9999ME1314919REMSYN060AAXX  03181 36307 42999 00901 11381 21423 39001 48491 52002;
0234363070999992000020400004+50280+095170FM-12+110199999V0200901N002012200019N0500001N1-03881-04311999999ADDAA199000091AJ100209199999999GA1001+999999999GF100991001001999999001001IA1239KA1120N-03921MA1999999090051MD1310051+9999ME1314999REMSYN076AAXX  04001 36307 32999 00902 11388 21431 39005 48499 53005 333 21392 47020;EQDQ01  00002PRCP99
0180363070999992000020406004+50280+095170FM-12+110199999V0201801N001010210019N0100001N1-02971-03511999999ADDAY141061AY211061GF107991061001022501031021MA1999999090171MD1110031+9999ME1315249MW1021REMSYN082AAXX  04061 36307 41897 71801 11297 21351 39017 48524 51003 70241 86032 333 95000;
0195363070999992000020412004+50280+095170FM-12+110199999V0203601N001019999999N0500001N1-03171+99999999999ADDAA199000091GF106991001001999999001091KA1999M-02901MA1999999090271MD1310111+9999ME1316329REMSYN076AAXX  04121 36307 32999 63601 11317 28/71 39027 48632 53011 80009 333 11290;EQDQ01  00002PRCP99
0276363070999992000020500004+50280+095170FM-12+110199999V0209999C000019999999N0000001N1-03001-03371999999ADDAA112999999AJ199999999999999AY171061AY221061GA1051+220009099GF108991081001002501021999IA1229KA1120N-03451MA1999999090071ME1316169MW1711REMSYN094AAXX  05001 36307 11300 80000 11300 21337 39007 48616 69802 77172 8802/ 333 21345 46929 85989;EQDQ01  97992PRCP12Q02  09292SNDP  
0180363070999992000020506004+50280+095170FM-12+110199999V0200901N003012200019N0500001N1-02611-03161999999ADDAY171061AY221061GF107991031001022501031011MA1999999090261MD1110041+9999ME1315329MW1021REMSYN082AAXX  05061 36307 41899 70903 11261 21316 39026 48532 51004 70272 83031 333 95000;
0182363070999992000020512004+50280+095170FM-12+110199999V0200901N001019999999N0500001N1-02831-03391999999ADDAA112000591GF107991001001999999001011KA1999M-02351MA1999999090371MD1210031+9999ME1315409REMSYN082AAXX  05121 36307 12999 70901 11283 21339 39037 48540 52003 69952 80001 333 11235;
0142363070999992000020518004+50280+095170FM-12+110199999V0200901N001012200019N0500001N1-02161-03521999999ADDGF102991001001999999011999MA1999999090511MD1410001+9999ME1315559REMSYN066AAXX  05181 36307 42999 20901 11216 21352 39051 48555 54000 8001/;
0250363070999992000020600004+50280+095170FM-12+110199999V0209999C000012200019N0500001N1-03681-03931999999ADDAA199000091AJ100209199999999GA1001+999999999GF100991001001999999001001IA1239KA1120N+99999MA1999999090601MD1810031+9999ME1315379REMSYN076AAXX  06001 36307 32999 00000 11368 21393 39060 48537 58003 333 21360 47020;EQDQ01  00002PRCP99Q02 -03602ATMN  
0142363070999992000020606004+50280+095170FM-12+110199999V0201901N002012200019N0500001N1-02821-03281999999ADDGF102991001001999999001011MA1999999090501MD1710071+9999ME1315559REMSYN066AAXX  06061 36307 42999 21902 11282 21328 39050 48555 57007 80001;
0195363070999992000020612004+50280+095170FM-12+110199999V0209999C000019999999N0500001N1-02981-03511999999ADDAA199000091GF107991001001999999001031KA1999M-02501MA1999999090261MD1710151+9999ME1315329REMSYN076AAXX  06121 36307 32999 70000 11298 21351 39026 48532 57015 80003 333 11250;EQDQ01  00002PRCP99
0136363070999992000020618004+50280+095170FM-12+110199999V0200901N003012200019N0500001N1+99999+99999999999ADDGF102991001001999999001011MA1999999090211MD1719999+9999ME1315249REMSYN060AAXX  06181 36307 42999 20903 21375 39021 48524 570/4 80001;
0224363070999992000020700004+50280+095170FM-12+110199999V0200901N001019999999N0500001N1-03421-03781999999ADDAA199000091AJ100209199999999GF105991001001999999001011IA1239KA1120N-03451MA1999999090281MD1210031+9999ME1315329REMSYN082AAXX  07001 36307 32999 50901 11342 21378 39028 48532 52003 80001 333 21345 47020;EQDQ01  00002PRCP99
0152363070999992000020706004+50280+095170FM-12+110199999V0201801N001012200019N0500001N1-02581-03131999999ADDGF106991031001022501061011MA1999999090281MD1310031+9999ME1315329REMSYN076AAXX  07061 36307 42899 61801 11258 21313 39028 48532 53003 83061 333 95000;
0152363070999992000020718004+50280+095170FM-12+110199999V0200901N001010210019N0500001N1-02751-03131999999ADDGF107991071001022501031001MA1999999089891MD1810171+9999ME1315009REMSYN076AAXX  07181 36307 42899 70901 11275 21313 38989 48500 58017 87030 333 95090;
0230363070999992000020800004+50280+095170FM-12+110199999V0200901N001012200019N0500001N1-02801-03181999999ADDAA199000091AJ100209199999999GF106991021001022501031011IA1239KA1120N-02821MA1999999089661MD1810171+9999ME1314849REMSYN088AAXX  08001 36307 32899 60901 11280 21318 38966 48484 58017 82031 333 21282 47020 95090;EQDQ01  00002PRCP99
0142363070999992000020806004+50280+095170FM-12+110199999V0203601N001012200019N0500001N1-02371-03841999999ADDGF105991021001022501031011MA1999999089641MD1810111+9999ME1314839REMSYN066AAXX  08061 36307 42899 53601 11237 21384 38964 48483 58011 82031;
0195363070999992000020812004+50280+095170FM-12+110199999V0203601N001019999999N0500001N1-02631-03011999999ADDAA199000091GF106991001001999999001031KA1999M-02301MA1999999089631MD1310161+9999ME1314749REMSYN076AAXX  08121 36307 32999 63601 11263 21301 38963 48474 53016 80003 333 11230;EQDQ01  00002PRCP99
0240363070999992000020900004+50280+095170FM-12+110199999V0200901N001012200019N0500001N1-03441-03811999999ADDAA199000091AJ100209199999999GF104991001001999999001011IA1239KA1120N+99999MA1999999089701MD1310211+9999ME1314849REMSYN082AAXX  09001 36307 32999 40901 11344 21381 38970 48484 53021 80001 333 21246 47020;EQDQ01  00002PRCP99Q02 -02462ATMN  
0142363070999992000020906004+50280+095170FM-12+110199999V0201801N002019999999N0500001N1-02821-03021999999ADDGF107991001001999999001021MA1999999089721MD1810071+9999ME1314849REMSYN066AAXX  09061 36307 42999 71802 11282 21302 38972 48484 58007 80002;
0195363070999992000020912004+50280+095170FM-12+110199999V0203601N002019999999N0500001N1-02601-02981999999ADDAA199000091GF107991001001999999001031KA1999M-02441MA1999999089691MD1710011+9999ME1314849REMSYN076AAXX  09121 36307 32999 73602 11260 21298 38969 48484 57001 80003 333 11244;EQDQ01  00002PRCP99
0142363070999992000020918004+50280+095170FM-12+110199999V0200901N001012200019N0500001N1-03041-03341999999ADDGF104991001001999999001021MA1999999089681MD1810041+9999ME1314839REMSYN066AAXX  09181 36307 42999 40901 11304 21334 38968 48483 58004 80002;
0234363070999992000021000004+50280+095170FM-12+110199999V0200901N003012200019N0500001N1-03301-03671999999ADDAA199000091AJ100209199999999GA1001+999999999GF100991001001999999001001IA1239KA1120N-03321MA1999999089561MD1810121+9999ME1314769REMSYN076AAXX  10001 36307 32999 00903 11330 21367 38956 48476 58012 333 21332 47020;EQDQ01  00002PRCP99
0152363070999992000021006004+50280+095170FM-12+110199999V0201001N001012200019N0500001N1-02261+99999999999ADDGA1001+999999999GF100991001001999999001001MA1999999089581MD1810041+9999ME1314929REMSYN060AAXX  10061 36307 42999 01001 11226 21222 38958 48492 58004;
0195363070999992000021012004+50280+095170FM-12+110199999V0201801N002019999999N0500001N1-02401-02871999999ADDAA199000091GF107991001001999999001031KA1999M-02221MA1999999089451MD1710061+9999ME1314839REMSYN076AAXX  10121 36307 32999 71802 11240 21287 38945 48483 57006 80003 333 11222;EQDQ01  00002PRCP99
0152363070999992000021018004+50280+095170FM-12+110199999V0200901N001010210019N0500001N1-02361-02761999999ADDGF108991081001022501021999MA1999999089601MD1110011+9999ME1314929REMSYN076AAXX  10181 36307 42899 80901 11236 21276 38960 48492 51001 8802/ 333 95090;
0245363070999992000021100004+50280+095170FM-12+110199999V0200901N001010210019N0500001N1-02401-02721999999ADDAA112000591AJ100209199999999AY171061AY221061GF108991081001022501021999IA1239KA1120N-02431MA1999999089681MD1810021+9999ME1315009MW1021REMSYN100AAXX  11001 36307 11899 80901 11240 21272 38968 48500 58002 69952 70272 8802/ 333 21243 47020 95090;
0187363070999992000021106004+50280+095170FM-12+110199999V0201001N001012200019N0500001N1-01231-01401999999ADDGA1001+999999999GF100991001001999999001001MA1999999999999MD1210041+9999ME1314929REMSYN076AAXX  11061 36307 42899 01001 11123 21140 38540 48492 52004 84030 333 95000;EQDQ01 085403APOSP 
0211363070999992000021112004+50280+095170FM-12+110199999V0201801N002019999999N0500001N1-02381-02851999999ADDAA199000091GF106991001001999999001031KA1999M-01801MA1999999090012MD1210061+9999ME1315259REMSYN076AAXX  11121 36307 32999 61802 11238 21285 39001 48525 52006 80003 333 11180;EQDQ01+090013APOSP Q02  00002PRCP99
0152363070999992000021118004+50280+095170FM-12+110199999V0209999C000012200019N0500001N1-03201-03571999999ADDGA1001+999999999GF100991001001999999001001MA1999999090041MD1210091+9999ME1315169REMSYN060AAXX  11181 36307 42999 00000 11320 21357 39004 48516 52009;
0234363070999992000021200004+50280+095170FM-12+110199999V0200901N002012200019N0500001N1-03261-03611999999ADDAA199000091AJ100209199999999GA1001+999999999GF100991001001999999001001IA1239KA1120N-03281MA1999999090291MD1310111+9999ME1315329REMSYN076AAXX  12001 36307 32999 00902 11326 21361 39029 48532 53011 333 21328 47020;EQDQ01  00002PRCP99
0152363070999992000021206004+50280+095170FM-12+110199999V0200901N001010210019N0500001N1-02181-02661999999ADDGF107991051001022501031031MA1999999090301MD1810011+9999ME1315509REMSYN076AAXX  12061 36307 42899 70901 11218 21266 39030 48550 58001 85033 333 95000;
0195363070999992000021212004+50280+095170FM-12+110199999V0209999C000019999999N0500001N1-02441-02911999999ADDAA199000091GF108991001001999999001031KA1999M-01901MA1999999090311MD1310031+9999ME1315509REMSYN076AAXX  12121 36307 32999 80000 11244 21291 39031 48550 53003 80003 333 11190;EQDQ01  00002PRCP99
0142363070999992000021218004+50280+095170FM-12+110199999V0200901N002019999999N0500001N1-03121-03421999999ADDGF106991001001999999011031MA1999999090321MD1310011+9999ME1315329REMSYN066AAXX  12181 36307 42999 60902 11312 21342 39032 48532 53001 80013;
0246363070999992000021300004+50280+095170FM-12+110199999V0200901N001019999999N0500001N1-03481-03841999999ADDAA124999999AJ100209199999999GF107991001001999999001031IA1239KA1120N-03501MA1999999999999MD1310031+9999ME1315029REMSYN088AAXX  13001 36307 42999 70901 11348 21384 39213 48502 53003 80003 333 21350 47020 7000/;EQDQ01+092133APOSP Q02 092133APOSP 
0142363070999992000021306004+50280+095170FM-12+110199999V0202701N001019999999N0500001N1-02291-02861999999ADDGF107991001001999999001011MA1999999090301MD1810081+9999ME1315509REMSYN066AAXX  13061 36307 42999 72701 11229 21286 39030 48550 58008 80001;
0196363070999992000021312004+50280+095170FM-12+110199999V0202601N002019999999N0500001N1-02801-03261999999ADDAA199000091GF107991001001999999001011KA1999M-02001MD1310121+9999ME1315439REMSYN076AAXX  13121 36307 32999 72602 11280 21326 39141 48543 53012 80001 333 11200;EQDQ01+091413APOSP Q02  00002PRCP99
0137363070999992000021318004+50280+095170FM-12+110199999V0200901N002012200019N0500001N1-03221-03991999999ADDGA1001+999999999GF100991001001999999001001MA1999999090381MD1810081+9999REMSYN054AAXX  13181 36307 42999 00902 11322 21399 39038 58008;
0250363070999992000021400004+50280+095170FM-12+110199999V0200901N002012200019N0500001N1-03141-03601999999ADDAA199000091AJ100209199999999GA1001+999999999GF100991001001999999001001IA1239KA1120N-03381MA1999999091412MD1310101+9999ME1315139REMSYN076AAXX  14001 36307 32999 00902 11314 21360 39141 48513 53010 333 21338 47020;EQDQ01+091413APOSP Q02  00002PRCP99
0195363070999992000021412004+50280+095170FM-12+110199999V0202501N002019999999N0500001N1-02501-02961999999ADDAA199000091GF107991001001999999001031KA1999M-02101MA1999999090231MD1410001+9999ME1315249REMSYN076AAXX  14121 36307 32999 72502 11250 21296 39023 48524 54000 80003 333 11210;EQDQ01  00002PRCP99
0152363070999992000021418004+50280+095170FM-12+110199999V0200901N001010210019N0500001N1-02801-03111999999ADDGF107991071001022501031001MA1999999090121MD1710081+9999ME1315149REMSYN076AAXX  14181 36307 42899 70901 11280 21311 39012 48514 57008 87030 333 95090;
0230363070999992000021500004+50280+095170FM-12+110199999V0200901N001010210019N0500001N1-02981-03501999999ADDAA199000091AJ100209199999999GF107991071001022501031001IA1239KA1120N-03181MA1999999090041MD1810091+9999ME1315409REMSYN088AAXX  15001 36307 32899 70901 11298 21350 39004 48540 58009 87030 333 21318 47020 95090;EQDQ01  00002PRCP99
0142363070999992000021506004+50280+095170FM-12+110199999V0201801N001019999999N0500001N1-02221-02771999999ADDGF107991001001999999001031MA1999999089961MD1410001+9999ME1315259REMSYN066AAXX  15061 36307 42999 71801 11222 21277 38996 48525 54000 80003;
0195363070999992000021512004+50280+095170FM-12+110199999V0209999C000019999999N0500001N1-02541-02921999999ADDAA199000091GF106991001001999999001031KA1999M-01961MA1999999089741MD1310021+9999ME1314849REMSYN076AAXX  15121 36307 32999 60000 11254 21292 38974 48484 53002 80003 333 11196;EQDQ01  00002PRCP99
0152363070999992000021518004+50280+095170FM-12+110199999V0200901N002012200019N0500001N1-03181-03471999999ADDGA1001+999999999GF100991001001999999001001MA1999999089971MD1310231+9999ME1315089REMSYN060AAXX  15181 36307 42999 00902 11318 21347 38997 48508 53023;
0230363070999992000021600004+50280+095170FM-12+110199999V0200901N001010210019N0500001N1-03041-03341999999ADDAA199000091AJ100209199999999GF107991071001022501031001IA1239KA1120N-03271MA1999999089641MD1310081+9999ME1314769REMSYN088AAXX  16001 36307 32899 70901 11304 21334 38964 48476 53008 87030 333 21327 47020 95090;EQDQ01  00002PRCP99
0195363070999992000021612004+50280+095170FM-12+110199999V0200901N001019999999N0500001N1-05431+99999999999ADDAA199000091GF105991001001999999001011KA1999M-02001MA1999999089571MD1210021+9999ME1314929REMSYN076AAXX  16121 36307 32999 50901 11543 21285 38957 48492 52002 80001 333 11200;EQDQ01  00002PRCP99
0161363070999992000021618004+50280+095170FM-12+110199999V0200901N001019999999N0500001N1-02792-03041999999ADDGF107991001001999999001021MA1999999089521MD1710031+9999ME1314639REMSYN066AAXX  16181 36307 42999 70901 11279 21304 38952 48463 57003 80002;EQDQ01-002793ATOT  
0245363070999992000021700004+50280+095170FM-12+110199999V0200901N001010750019N0500001N1-02521-02911999999ADDAA112001091AJ100209199999999AY171061AY221061GF107991041001022501031021IA1239KA1120N-02921MA1999999089901MD1310371+9999ME1315009MW1021REMSYN100AAXX  17001 36307 11899 70901 11252 21291 38990 48500 53037 69992 70272 84032 333 21292 47020 95090;
0142363070999992000021706004+50280+095170FM-12+110199999V0202701N001019999999N0500001N1-02021-02801999999ADDGF107991001001999999001031MA1999999090191MD1710271+9999ME1315739REMSYN066AAXX  17061 36307 42999 72701 11202 21280 39019 48573 57027 80003;
0195363070999992000021712004+50280+095170FM-12+110199999V0209999C000019999999N0500001N1-02401-03151999999ADDAA199000091GF107991001001999999001031KA1999M-01651MA1999999090391MD1810021+9999ME1315589REMSYN076AAXX  17121 36307 32999 70000 11240 21315 39039 48558 58002 80003 333 11165;EQDQ01  00002PRCP99
0240363070999992000021800004+50280+095170FM-12+110199999V0200901N001012200019N0500001N1-03451-03811999999ADDAA199000091AJ100209199999999GF104991001001999999001031IA1239KA1120N+99999MA1999999090251MD1310041+9999ME1315329REMSYN082AAXX  18001 36307 32999 40901 11345 21381 39025 48532 53004 80003 333 21246 47020;EQDQ01  00002PRCP99Q02 -02462ATMN  
0195363070999992000021812004+50280+095170FM-12+110199999V0200901N001012200019N0500001N1-02771-03151999999ADDAA199000091GF103991001001999999001031KA1999M-02251MA1999999090081MD1310031+9999ME1315169REMSYN076AAXX  18121 36307 32999 30901 11277 21315 39008 48516 53003 80003 333 11225;EQDQ01  00002PRCP99
0200363070999992000021900004+50280+095170FM-12+110199999V0200901N001010750019N0500001N1-03351-03721999999ADDAJ100209199999999GF107991031001022501031031IA1239KA1120N-03371MA1999999089901MD1710071+9999ME1315009REMSYN088AAXX  19001 36307 42899 70901 11335 21372 38990 48500 57007 83033 333 21337 47020 95090;
0142363070999992000021906004+50280+095170FM-12+110199999V0201801N001019999999N0500001N1-02291-02901999999ADDGF107991001001999999001021MA1999999089811MD1810151+9999ME1315809REMSYN066AAXX  19061 36307 42999 71801 11229 21290 38981 48580 58015 80002;
0195363070999992000021912004+50280+095170FM-12+110199999V0202901N001019999999N0500001N1-02521-02991999999ADDAA199000091GF107991001001999999001021KA1999M-02101MA1999999089541MD1810121+9999ME1314879REMSYN076AAXX  19121 36307 32999 72901 11252 21299 38954 48487 58012 80002 333 11210;EQDQ01  00002PRCP99
0142363070999992000021918004+50280+095170FM-12+110199999V0200901N002012200019N0500001N1-03061-03361999999ADDGF104991001001999999001021MA1999999089571MD1710061+9999ME1314769REMSYN066AAXX  19181 36307 42999 40902 11306 21336 38957 48476 57006 80002;
0224363070999992000022000004+50280+095170FM-12+110199999V0200901N002019999999N0500001N1-03501-03871999999ADDAA199000091AJ100209199999999GF107991001001999999001021IA1239KA1120N-03541MA1999999089531MD1810031+9999ME1316109REMSYN082AAXX  20001 36307 32999 70902 11350 21387 38953 4861/ 58003 80002 333 21354 47020;EQDQ01  00002PRCP99
0142363070999992000022006004+50280+095170FM-12+110199999V0200801N001012200019N0500001N1-02081-02751999999ADDGF102991001001999999001021MA1999999089081MD1710081+9999ME1313759REMSYN066AAXX  20061 36307 42999 20801 11208 21275 38908 48375 57008 80002;
0195363070999992000022012004+50280+095170FM-12+110199999V0200901N001019999999N0500001N1-02331-02801999999ADDAA199000091GF107991001001999999001021KA1999M-01981MA1999999089421MD1810031+9999ME1314759REMSYN076AAXX  20121 36307 32999 70901 11233 21280 38942 48475 58003 80002 333 11198;EQDQ01  00002PRCP99
0142363070999992000022018004+50280+095170FM-12+110199999V0200901N001019999999N0500001N1-03041-03411999999ADDGF105991001001999999001011MA1999999089561MD1210051+9999ME1314769REMSYN066AAXX  20181 36307 42999 50901 11304 21341 38956 48476 52005 80001;
0224363070999992000022100004+50280+095170FM-12+110199999V0200901N001019999999N0500001N1-03461-03811999999ADDAA199000091AJ100209199999999GF106991001001999999001021IA1239KA1120N-03491MA1999999089671MD1210051+9999ME1314849REMSYN082AAXX  21001 36307 32999 60901 11346 21381 38967 48484 52005 80002 333 21349 47020;EQDQ01  00002PRCP99
0142363070999992000022106004+50280+095170FM-12+110199999V0202701N001012200019N0500001N1-02311-02961999999ADDGF103991001001999999001011MA1999999089901MD1210101+9999ME1315179REMSYN066AAXX  21061 36307 42999 32701 11231 21296 38990 48517 52010 80001;
0142363070999992000022118004+50280+095170FM-12+110199999V0200901N001012200019N0500001N1-03261-03611999999ADDGF102991001001999999001011MA1999999090591MD1110121+9999ME1315559REMSYN066AAXX  21181 36307 42999 20901 11326 21361 39059 48555 51012 80001;
0224363070999992000022200004+50280+095170FM-12+110199999V0200901N001012200019N0500001N1-03371-03721999999ADDAA199000091AJ100189199999999GF102991001001999999001011IA1239KA1120N-03381MA1999999090651MD1210021+9999ME1315639REMSYN082AAXX  22001 36307 32999 20901 11337 21372 39065 48563 52002 80001 333 21338 47018;EQDQ01  00002PRCP99
0152363070999992000022206004+50280+095170FM-12+110199999V0202901N001012200019N0500001N1-02041-02811999999ADDGA1001+999999999GF100991001001999999001001MA1999999090761MD1310111+9999ME1315919REMSYN060AAXX  22061 36307 42999 02901 11204 21281 39076 48591 53011;
0234363070999992000022300004+50280+095170FM-12+110199999V0200901N002012200019N0500001N1-03001-03371999999ADDAA199000091AJ100189199999999GA1001+999999999GF100991001001999999001001IA1239KA1120N-03111MA1999999090861MD1210061+9999ME1315799REMSYN076AAXX  23001 36307 32999 00902 11300 21337 39086 48579 52006 333 21311 47018;EQDQ01  00002PRCP99
0142363070999992000022306004+50280+095170FM-12+110199999V0201801N002019999999N0500001N1-02801+99999999999ADDGF107991001001999999001031MA1999999090471MD1810021+9999ME1315079REMSYN066AAXX  23061 36307 42999 71802 11280 21275 39047 48507 58002 80003;
0195363070999992000022312004+50280+095170FM-12+110199999V0202701N001019999999N0500001N1-02401-02961999999ADDAA199000091GF107991001001999999001031KA1999M-01901MA1999999090941MD1810071+9999ME1315999REMSYN076AAXX  23121 36307 32999 72701 11240 21296 39094 48599 58007 80003 333 11190;EQDQ01  00002PRCP99
0230363070999992000022400004+50280+095170FM-12+110199999V0209999C000010750019N0500001N1-03341-03691999999ADDAA199000091AJ100189199999999GF107991041001022501031021IA1239KA1120N-03361MA1999999090951MD1310051+9999ME1315799REMSYN088AAXX  24001 36307 32899 70000 11334 21369 39095 48579 53005 84032 333 21336 47018 95090;EQDQ01  00002PRCP99
0152363070999992000022406004+50280+095170FM-12+110199999V0200901N002010750019N0500001N1-02131-02701999999ADDGF107991041001022501031021MA1999999090991MD1810021+9999ME1316709REMSYN076AAXX  24061 36307 42899 70902 11213 21270 39099 48670 58002 84032 333 95000;
0195363070999992000022412004+50280+095170FM-12+110199999V0203601N002019999999N0500001N1-02301-02781999999ADDAA199000091GF107991001001999999001021KA1999M-01851MA1999999090781MD1810141+9999ME1315919REMSYN076AAXX  24121 36307 32999 73602 11230 21278 39078 48591 58014 80002 333 11185;EQDQ01  00002PRCP99
0146363070999992000022418004+50280+095170FM-12+110199999V0200901N001019999999N0500001N1-02961-03551999999ADDGF107991001001999999001021MD1410001+9999ME1315909REMSYN066AAXX  24181 36307 42999 70901 11296 21355 38983 48590 54000 80002;EQDQ01+089833APOSP 
0224363070999992000022500004+50280+095170FM-12+110199999V0200901N002019999999N0500001N1-03161-03621999999ADDAA199000091AJ100189199999999GF107991001001999999001021IA1239KA1120N-03181MA1999999090771MD1810101+9999ME1315719REMSYN082AAXX  25001 36307 32999 70902 11316 21362 39077 48571 58010 80002 333 21318 47018;EQDQ01  00002PRCP99
0142363070999992000022506004+50280+095170FM-12+110199999V0201801N001012200019N0500001N1-02141-02711999999ADDGF102991001001999999001021MA1999999090721MD1810061+9999ME1315829REMSYN066AAXX  25061 36307 42999 21801 11214 21271 39072 48582 58006 80002;
0195363070999992000022512004+50280+095170FM-12+110199999V0200901N001012200019N0500001N1-02401-02861999999ADDAA199000091GF103991001001999999001021KA1999M-01831MA1999999090481MD1610061+9999ME1315669REMSYN076AAXX  25121 36307 32999 30901 11240 21286 39048 48566 56006 80002 333 11183;EQDQ01  00002PRCP99
0152363070999992000022518004+50280+095170FM-12+110199999V0200901N001012200019N0500001N1-03061-03361999999ADDGA1001+999999999GF100991001001999999001001MA1999999090411MD1810071+9999ME1315409REMSYN060AAXX  25181 36307 42999 00901 11306 21336 39041 48540 58007;
0211363070999992000022600004+50280+095170FM-12+110199999V0200901N001012200019N0500001N1-03461-03811999999ADDAA199000091AJ100189199999999GF102991001001999999001021IA1239MA1999999090321MD1710031+9999ME1315329REMSYN082AAXX  26001 36307 32999 20901 11346 21381 39032 48532 57003 80002 333 213// 47018;EQDQ01  00002PRCP99
0152363070999992000022606004+50280+095170FM-12+110199999V0201801N001012200019N0500001N1-02241-02801999999ADDGA1001+999999999GF100991001001999999001001MA1999999090211MD1810091+9999ME1315419REMSYN060AAXX  26061 36307 42999 01801 11224 21280 39021 48541 58009;
0191363070999992000022612004+50280+095170FM-12+110199999V0203101N001012200019N0500001N1-02391-02861999999ADDAA199000091GA1001+999999999GF100991001001999999001001KA1999M-01901MA1999999090121ME1313959REMSYN070AAXX  26121 36307 32999 03101 11239 21286 39012 48395 5/000 333 11190;EQDQ01  00002PRCP99
0152363070999992000022618004+50280+095170FM-12+110199999V0200901N002012200019N0500001N1-03061-03431999999ADDGA1001+999999999GF100991001001999999001001MA1999999090011MD1710051+9999ME1315089REMSYN060AAXX  26181 36307 42999 00902 11306 21343 39001 48508 57005;
0234363070999992000022700004+50280+095170FM-12+110199999V0200901N002012200019N0500001N1-03481-03741999999ADDAA199000091AJ100189199999999GA1001+999999999GF100991001001999999001001IA1239KA1120N-03501MA1999999090071MD1210041+9999ME1315139REMSYN076AAXX  27001 36307 32999 00902 11348 21374 39007 48513 52004 333 21350 47018;EQDQ01  00002PRCP99
0152363070999992000022706004+50280+095170FM-12+110199999V0202701N001012200019N0500001N1-02041-02711999999ADDGA1001+999999999GF100991001001999999001001MA1999999090031MD1810111+9999ME1315259REMSYN060AAXX  27061 36307 42999 02701 11204 21271 39003 48525 58011;
0205363070999992000022712004+50280+095170FM-12+110199999V0202701N001012200019N0500001N1-02361-02841999999ADDAA199000091GA1001+999999999GF100991001001999999001001KA1999M-01871MA1999999089961MD1310011+9999ME1315259REMSYN070AAXX  27121 36307 32999 02701 11236 21284 38996 48525 53001 333 11187;EQDQ01  00002PRCP99
0152363070999992000022718004+50280+095170FM-12+110199999V0200901N001012200019N0500001N1-03041-03341999999ADDGA1001+999999999GF100991001001999999001001MA1999999089881MD1810081+9999ME1315009REMSYN060AAXX  27181 36307 42999 00901 11304 21334 38988 48500 58008;
0234363070999992000022800004+50280+095170FM-12+110199999V0200901N002012200019N0500001N1-03441-03811999999ADDAA199000091AJ100189199999999GA1001+999999999GF100991001001999999001001IA1239KA1120N-03461MA1999999089851MD1410001+9999ME1315009REMSYN076AAXX  28001 36307 32999 00902 11344 21381 38985 48500 54000 333 21346 47018;EQDQ01  00002PRCP99
0131363070999992000022806004+50280+095170FM-12+110199999V0203001N999992200019N0500001N1-02231-02711999999ADDGF101991999999999999999999MD1210061+9999REMSYN060AAXX  28061 36307 42999 18028 11223 21271 389/9 48/25 52006;EQDQ01+012801WOSPD 
0195363070999992000022812004+50280+095170FM-12+110199999V0200901N001019999999N0500001N1+99999+99999999999ADDAA199000091GF106991001001999999001021KA1999M-01951MA1999999089991MD1810041+9999ME1315259REMSYN076AAXX  28121 36307 32999 60901 112/4 21282 38999 48525 58004 80002 333 11195;EQDQ01  00002PRCP99
0142363070999992000022818004+50280+095170FM-12+110199999V0200901N001012200019N0500001N1-02941+99999999999ADDGF103991001001999999001011MA1999999090531MD1810061+9999ME1315089REMSYN066AAXX  28181 36307 42999 30901 11294 21272 39053 48508 58006 80001;
0234363070999992000022900004+50280+095170FM-12+110199999V0200901N001012200019N0500001N1-03161-03521999999ADDAA199000091AJ100179199999999GA1001+999999999GF100991001001999999001001IA1239KA1120N-03201MA1999999089931MD1810091+9999ME1315089REMSYN076AAXX  29001 36307 32999 00901 11316 21352 38993 48508 58009 333 21320 47017;EQDQ01  00002PRCP99
0142363070999992000022906004+50280+095170FM-12+110199999V0201801N002019999999N0500001N1-02491-02881999999ADDGF106991001001999999001021MA1999999089731MD1610051+9999ME1315009REMSYN066AAXX  29061 36307 42999 61802 11249 21288 38973 48500 56005 80002;
0201363070999992000022912004+50280+095170FM-12+110199999V0201801N002010210019N0500001N1-02241-02631999999ADDAA199000091GF107991071001022501031001KA1120M-01871MA1999999089461MD1710121+9999ME1314839REMSYN082AAXX  29121 36307 32899 71802 11224 21263 38946 48483 57012 87030 333 11187 95090;EQDQ01  00002PRCP99
0230363070999992000030100004+50280+095170FM-12+110199999V0201801N002010210019N0500001N1-02521-02911999999ADDAA199000091AJ100179199999999GF107991071001022501031001IA1239KA1120N-02541MA1999999089261MD1710041+9999ME1314529REMSYN088AAXX  01001 36307 32899 71802 11252 21291 38926 48452 57004 87030 333 21254 47017 95090;EQDQ01  00002PRCP99
0230363070999992000030101004+50280+095170FM-12+110199999V0201801N002010210019N0500001N1-02521+99999999999ADDAA199000091AJ100179199999999GF107991071001022501031001IA1239KA1120N-02541MA1999999089261MD1710041+9999ME1314529REMSYN088AAXX  01011 36307 32899 71802 11252 20291 38926 48452 57004 87030 333 21254 47017 95090;EQDQ01  00002PRCP99
0142363070999992000030106004+50280+095170FM-12+110199999V0201801N002019999999N0500001N1-01931-02471999999ADDGF107991001001999999001021MA1999999089281MD1310121+9999ME1314679REMSYN066AAXX  01061 36307 42999 71802 11193 21247 38928 48467 53012 80002;
0195363070999992000030112004+50280+095170FM-12+110199999V0200901N001019999999N0500001N1-02041-02531999999ADDAA199000091GF105991001001999999001021KA1999M-01731MA1999999089461MD1310151+9999ME1314839REMSYN076AAXX  01121 36307 32999 50901 11204 21253 38946 48483 53015 80002 333 11173;EQDQ01  00002PRCP99
0142363070999992000030118004+50280+095170FM-12+110199999V0200901N002019999999N0500001N1-01901+99999999999ADDGF106991001001999999001021MA1999999089251MD1610061+9999ME1314579REMSYN066AAXX  01181 36307 42999 60902 11190 21/39 38925 48457 56006 80002;
0230363070999992000030200004+50280+095170FM-12+110199999V0200901N002010210019N0500001N1-02381-02701999999ADDAA199000091AJ100179199999999GF107991071001022501031021IA1239KA1120N-02481MA1999999089131MD1710051+9999ME1314509REMSYN088AAXX  02001 36307 32899 70902 11238 21270 38913 48450 57005 87032 333 21248 47017 95090;EQDQ01  00002PRCP99
0234363070999992000031400004+50280+095170FM-12+110199999V0200901N001012200019N0500001N1-02691-02931999999ADDAA199000091AJ105009199999999GA1001+999999999GF100991001001999999001001IA1249KA1120N-02721MA1999999089901MD1410001+9999ME1315009REMSYN076AAXX  14001 36307 32999 00901 11269 21293 38990 48500 54000 333 21272 48500;EQDQ01  00002PRCP99
0152363070999992000031406004+50280+095170FM-12+110199999V0201801N001012200019N0500001N1-01391-01911999999ADDGA1001+999999999GF100991001001999999001001MA1999999089931MD1810061+9999ME1315339REMSYN060AAXX  14061 36307 42999 01801 11139 21191 38993 48533 58006;
0205363070999992000031412004+50280+095170FM-12+110199999V0203601N001012200019N0500001N1-01491-01911999999ADDAA199000091GA1001+999999999GF100991001001999999001001KA1999M-01051MA1999999089861MD1310011+9999ME1315339REMSYN070AAXX  14121 36307 32999 03601 11149 21191 38986 48533 53001 333 11105;EQDQ01  00002PRCP99
0152363070999992000031418004+50280+095170FM-12+110199999V0200301N001012200019N0500001N1-02401-02421999999ADDGA1001+999999999GF100991001001999999001001MA1999999089881MD1210021+9999ME1315129REMSYN060AAXX  14181 36307 42999 00301 1124/ 21242 38988 48512 52002;
0224363070999992000031500004+50280+095170FM-12+110199999V0200901N001019999999N0500001N1-02641-02881999999ADDAA199000091AJ100109199999999GF107991001001999999001021IA1239KA1120N-02661MA1999999089911MD1810051+9999ME1315009REMSYN082AAXX  15001 36307 32999 70901 11264 21288 38991 48500 58005 80002 333 21266 47010;EQDQ01  00002PRCP99
0152363070999992000031506004+50280+095170FM-12+110199999V0201801N001012200019N0500001N1-01231-01851999999ADDGA1001+999999999GF100991001001999999001001MA1999999089791MD1810141+9999ME1315259REMSYN060AAXX  15061 36307 42999 01801 11123 21185 38979 48525 58014;
0189363070999992000031512004+50280+095170FM-12+110199999V0203301N001012200019N0500001N1-01431+99999999999ADDAA199000091GF101991999999999999999999KA1999M-01141MA1999999089571MD1719999+9999ME1315079REMSYN070AAXX  15121 36307 32999 13301 11143 21038 38957 48507 57/09 333 11114;EQDQ01  00002PRCP99
0142363070999992000031518004+50280+095170FM-12+110199999V0209999C000019999999N0500001N1-02211-02471999999ADDGF107991001001999999001031MA1999999089581MD1410001+9999ME1314929REMSYN066AAXX  15181 36307 42999 70000 11221 21247 38958 48492 54000 80003;
0230363070999992000031600004+50280+095170FM-12+110199999V0200901N002010210019N0500001N1-02191-02441999999ADDAA199000091AJ100099199999999GF108991081001022501021999IA1239KA1120N-02241MA1999999089391MD1610061+9999ME1314759REMSYN088AAXX  16001 36307 32899 80902 11219 21244 38939 48475 56006 8802/ 333 21224 47009 95000;EQDQ01  00002PRCP99
0211363070999992000031612004+50280+095170FM-12+110199999V0202501N002019999999N0500001N1-01401-01671999999ADDAA199000091GF107991001001999999001031KA1999M-01201MA1999999088421MD1810502+9999ME1314039REMSYN076AAXX  16121 36307 32999 72502 11140 21167 38842 48403 58050 80003 333 11120;EQDQ01+000502APC3  Q02  00002PRCP99
0180363070999992000031618004+50280+095170FM-12+110199999V0200901N003010210019N0200001N1-02021-02281999999ADDAY171061AY221061GF107991071001022501031001MA1999999089201MD1110031+9999ME1314599MW1021REMSYN082AAXX  16181 36307 41898 70903 11202 21228 38920 48459 51003 70272 87030 333 95090;
0120363070999992000031700004+50280+095170FM-12+110199999V0200901N002012200019N0500001N1-02391+99999999999ADDGF102991999999999999999999REMSYN082AAXX  17001 36307 12999 20902 11239 21/6= 38946 53024 69952 800/3 333 21242 47010;
0152363070999992000031706004+50280+095170FM-12+110199999V0209999C000012200019N0500001N1-00961-01601999999ADDGA1001+999999999GF100991001001999999001001MA1999999089471MD1410001+9999ME1314999REMSYN060AAXX  17061 36307 42999 00000 11096 21160 38947 48499 54000;
0205363070999992000031712004+50280+095170FM-12+110199999V0203401N003012200019N0500001N1-01421-01771999999ADDAA199000091GA1001+999999999GF100991001001999999001001KA1999M-00661MA1999999089371MD1710041+9999ME1314909REMSYN070AAXX  17121 36307 32999 03403 11142 21177 38937 48490 57004 333 11066;EQDQ01  00002PRCP99
0152363070999992000031718004+50280+095170FM-12+110199999V0209999C000010210019N0500001N1-01841-02101999999ADDGF108991081001022501011999MA1999999089371MD1410001+9999ME1314909REMSYN076AAXX  17181 36307 42899 80000 11184 21210 38937 48490 54000 8801/ 333 95090;
0230363070999992000031800004+50280+095170FM-12+110199999V0203201N001010210019N0500001N1-01761-01951999999ADDAA199000091AJ100099199999999GF108991081001022501021999IA1239KA1120N-01931MA1999999089111MD1810261+9999ME1314509REMSYN088AAXX  18001 36307 32899 83201 11176 21195 38911 48450 58026 8802/ 333 21193 47009 95000;EQDQ01  00002PRCP99
0152363070999992000031806004+50280+095170FM-12+110199999V0200901N001010210019N0500001N1-01021-01551999999ADDGF107991071001022501031001MA1999999089161MD1310051+9999ME1314739REMSYN076AAXX  18061 36307 42899 70901 11102 21155 38916 48473 53005 87030 333 95000;
0201363070999992000031812004+50280+095170FM-12+110199999V0209999C000010210019N0500001N1-00901-01461999999ADDAA199000091GF107991071001022501031001KA1120M-00531MA1999999089151MD1310131+9999ME1314739REMSYN082AAXX  18121 36307 32899 70000 11090 21146 38915 48473 53013 87030 333 11053 95000;EQDQ01  00002PRCP99
0152363070999992000031818004+50280+095170FM-12+110199999V0200901N001010210019N0500001N1-01731-01921999999ADDGF106991061001022501031001MA1999999089111MD1310041+9999ME1314509REMSYN076AAXX  18181 36307 42899 60901 11173 21192 38911 48450 53004 86030 333 95090;
0152363070999992000031906004+50280+095170FM-12+110199999V0201801N001010750019N0500001N1-00831-01591999999ADDGF106991041001022501031031MA1999999089301MD1810061+9999ME1314819REMSYN076AAXX  19061 36307 42899 61801 11083 21159 38930 48481 58006 84033 333 95000;
0201363070999992000031912004+50280+095170FM-12+110199999V0203601N001010210019N0500001N1-00991-01521999999ADDAA199000091GF106991061001022501031001KA1120M-00561MA1999999089141MD1710061+9999ME1314649REMSYN082AAXX  19121 36307 32899 63601 11099 21152 38914 48464 57006 86030 333 11056 95000;EQDQ01  00002PRCP99
0142363070999992000031918004+50280+095170FM-12+110199999V0200901N001019999999N0500001N1-01921+99999999999ADDGF107991001001999999001031MA1999999089141MD1810081+9999ME1314549REMSYN066AAXX  19181 36307 42999 70901 11192 27/18 38914 48454 58008 80003;
0230363070999992000032000004+50280+095170FM-12+110199999V0209999C000010210019N0500001N1-01701-01891999999ADDAA199000091AJ100089199999999GF108991081001022501021999IA1239KA1120N-01941MA1999999088971MD1410001+9999ME1314429REMSYN088AAXX  20001 36307 32899 80000 11170 21189 38897 48442 54000 8802/ 333 21194 47008 95000;EQDQ01  00002PRCP99
0142363070999992000032006004+50280+095170FM-12+110199999V0200901N001019999999N0500001N1-00841-01741999999ADDGF106991001001999999001011MA1999999089151MD1210021+9999ME1314649REMSYN066AAXX  20061 36307 42999 60901 11084 21174 38915 48464 52002 80001;
0195363070999992000032012004+50280+095170FM-12+110199999V0209999C000012200019N0500001N1-00851-01491999999ADDAA199000091GF102991001001999999001011KA1999M-00571MA1999999089141MD1810011+9999ME1314549REMSYN076AAXX  20121 36307 32999 20000 11085 21149 38914 48454 58001 80001 333 11057;EQDQ01  00002PRCP99
0230363070999992000032100004+50280+095170FM-12+110199999V0200901N001010210019N0500001N1-01911-02171999999ADDAA199000091AJ100089199999999GF108991081001022501021999IA1239KA1120N-01971MA1999999089361MD1310101+9999ME1314759REMSYN088AAXX  21001 36307 32899 80901 11191 21217 38936 48475 53010 8802/ 333 21197 47008 95040;EQDQ01  00002PRCP99
0142363070999992000032106004+50280+095170FM-12+110199999V0203601N001019999999N0500001N1-01181-01521999999ADDGF107991001001999999001071MA1999999089471MD1210071+9999ME1314999REMSYN066AAXX  21061 36307 42999 73601 11118 21152 38947 48499 52007 80007;
0195363070999992000032112004+50280+095170FM-12+110199999V0203601N001019999999N0500001N1-01151-01501999999ADDAA199000091GF107991001001999999001021KA1999M-00911MA1999999089701MD1310251+9999ME1315159REMSYN076AAXX  21121 36307 32999 73601 11115 21150 38970 48515 53025 80002 333 11091;EQDQ01  00002PRCP99
0211363070999992000032200004+50280+095170FM-12+110199999V0200901N004019999999N0500001N1-01621-02221999999ADDAA112000791AJ100079199999999GF106991001001999999001071IA1239KA1120N-01711MA1999999089941MD1210031+9999ME1315159REMSYN088AAXX  22001 36307 12999 60904 11162 21222 38994 48515 52003 69902 80007 333 21171 47007;
0142363070999992000032206004+50280+095170FM-12+110199999V0200901N004019999999N0500001N1-00901-01511999999ADDGF107991001001999999001071MA1999999090021MD1810041+9999ME1315429REMSYN066AAXX  22061 36307 42999 70904 11090 21151 39002 48542 58004 80007;
0211363070999992000032212004+50280+095170FM-12+110199999V0200901N002019999999N0500001N1-00721-01661999999ADDAA199000091GF107991001001999999001071KA1999M+99999MA1999999090111MD1810051+9999ME1313509REMSYN076AAXX  22121 36307 32999 70902 11072 21166 39011 48350 58005 80007 333 11152;EQDQ01  00002PRCP99Q02 -01522ATMX  
0142363070999992000032218004+50280+095170FM-12+110199999V0200901N002019999999N0500001N1-01441-01871999999ADDGF107991001001999999001021MA1999999090131MD1310031+9999ME1315509REMSYN066AAXX  22181 36307 42999 70902 11144 21187 39013 48550 53003 80002;
0240363070999992000032300004+50280+095170FM-12+110199999V0200901N002019999999N0500001N1-01461-01511999999ADDAA199000091AJ100079199999999GF107991001001999999001021IA1239KA1120N-01481MA1999999090251MD1410001+9999ME1315679REMSYN082AAXX  23001 36307 32699 70902 11146 21151 39025 48567 54000 80002 333 21148 47007;EQDQ01+012502SCOLCBQ02  00002PRCP99
0142363070999992000032306004+50280+095170FM-12+110199999V0200901N001012200019N0500001N1-00781-01571999999ADDGF102991001001999999001021MA1999999090411MD1110031+9999ME1315769REMSYN066AAXX  23061 36307 42999 20901 11078 21157 39041 48576 51003 80002;
0195363070999992000032312004+50280+095170FM-12+110199999V0200901N001012200019N0500001N1-00731-01501999999ADDAA199000091GF102991001001999999001071KA1999M-00551MA1999999090311MD1710011+9999ME1315579REMSYN076AAXX  23121 36307 32999 20901 11073 21150 39031 48557 57001 80007 333 11055;EQDQ01  00002PRCP99
0152363070999992000032318004+50280+095170FM-12+110199999V0200901N002012200019N0500001N1-01541-01771999999ADDGA1001+999999999GF100991001001999999001001MA1999999090371MD1210011+9999ME1315589REMSYN060AAXX  23181 36307 42999 00902 11154 21177 39037 48558 52001;
0224363070999992000032400004+50280+095170FM-12+110199999V0200901N001012200019N0500001N1-01901-02161999999ADDAA199000091AJ100709199999999GF102991001001999999001011IA1239KA1120N-01911MA1999999090271MD1310011+9999ME1315509REMSYN082AAXX  24001 36307 32999 20901 11190 21216 39027 48550 53001 80001 333 21191 47070;EQDQ01  00002PRCP99
0152363070999992000032406004+50280+095170FM-12+110199999V0201801N001012200019N0500001N1-00301-00491999999ADDGA1001+999999999GF100991001001999999001001MA1999999090361MD1110011+9999ME1315769REMSYN060AAXX  24061 36307 42999 01801 11030 21049 39036 48576 51001;
0205363070999992000032412004+50280+095170FM-12+110199999V0203601N001012200019N0500001N1-00721-01201999999ADDAA199000091GA1001+999999999GF100991001001999999001001KA1999M-00331MA1999999090291MD1310031+9999ME1315679REMSYN070AAXX  24121 36307 32999 03601 11072 21120 39029 48567 53003 333 11033;EQDQ01  00002PRCP99
0152363070999992000032418004+50280+095170FM-12+110199999V0200901N002012200019N0500001N1-01461-01591999999ADDGA1001+999999999GF100991001001999999001001MA1999999090121MD1710111+9999ME1315509REMSYN060AAXX  24181 36307 42999 00902 11146 21159 39012 48550 57011;
0224363070999992000032500004+50280+095170FM-12+110199999V0209999C000019999999N0500001N1-01901-02021999999ADDAA199000091AJ100069199999999GF107991001001999999001071IA1239KA1120N-01911MA1999999089641MD1710121+9999ME1315089REMSYN082AAXX  25001 36307 32999 70000 11190 21202 38964 48508 57012 80007 333 21191 47006;EQDQ01  00002PRCP99
0195363070999992000032512004+50280+095170FM-12+110199999V0202701N001019999999N0500001N1-00841-01741999999ADDAA199000091GF107991001001999999001051KA1999M-00701MA1999999089291MD1710021+9999ME1314819REMSYN076AAXX  25121 36307 32999 72701 11084 21174 38929 48481 57002 80005 333 11070;EQDQ01  00002PRCP99
0158363070999992000032518004+50280+095170FM-12+110199999V0209999C000012200019N0500001N1-01391-01521999999ADDGA1001+999999999GF100991001001999999001001MA1999999089461MD1310131+9999ME1314999REMSYN066AAXX  25181 36307 42999 00000 11139 21152 38946 48499 53013 80001;
0230363070999992000032600004+50280+095170FM-12+110199999V0201801N001012200019N0500001N1-01411-01641999999ADDAA199000091AJ100059199999999GF106991041001022501031011IA1239KA1120N-01641MA1999999089531MD1810011+9999ME1314999REMSYN088AAXX  26001 36307 32899 61801 11141 21164 38953 48499 58001 84031 333 21164 47005 95000;EQDQ01  00002PRCP99
0142363070999992000032606004+50280+095170FM-12+110199999V0200901N001019999999N0500001N1-00391-01161999999ADDGF106991001001999999001011MA1999999089591MD1210101+9999ME1315329REMSYN066AAXX  26061 36307 42999 60901 11039 21116 38959 48532 52010 80001;
0195363070999992000032612004+50280+095170FM-12+110199999V0201801N001019999999N0500001N1-00401-00911999999ADDAA199000091GF107991001001999999001011KA1999M+00101MA1999999089711MD1310061+9999ME1315329REMSYN076AAXX  26121 36307 32999 71801 11040 21091 38971 48532 53006 80001 333 10010;EQDQ01  00002PRCP99
0142363070999992000032618004+50280+095170FM-12+110199999V0200901N001019999999N0500001N1-00861-01101999999ADDGF107991001001999999001011MA1999999089571MD1710081+9999ME1315079REMSYN066AAXX  26181 36307 42999 70901 11086 21110 38957 48507 57008 80001;
0230363070999992000032700004+50280+095170FM-12+110199999V0201801N002010210019N0500001N1-01201-01331999999ADDAA199000091AJ100059199999999GF107991071001022501031001IA1239KA1120N-01221MA1999999089651MD1210051+9999ME1315169REMSYN088AAXX  27001 36307 32899 71802 11120 21133 38965 48516 52005 87030 333 21122 47005 95000;EQDQ01  00002PRCP99
0201363070999992000032712004+50280+095170FM-12+110199999V0202701N001010210019N0500001N1-00421-00581999999ADDAA199000091GF107991071001022501031001KA1120M+00261MA1999999089381MD1710021+9999ME1315059REMSYN082AAXX  27121 36307 32899 72701 11042 21058 38938 48505 57002 87030 333 10026 95000;EQDQ01  00002PRCP99
0152363070999992000032718004+50280+095170FM-12+110199999V0203601N001010210019N0500001N1-00541-00751999999ADDGF107991071001022501031031MA1999999089241MD1810101+9999ME1314739REMSYN076AAXX  27181 36307 42899 73601 11054 21075 38924 48473 58010 87033 333 95090;
0245363070999992000032800004+50280+095170FM-12+110199999V0200901N001010210019N0500001N1-00541-00751999999ADDAA112000791AJ100039199999999AY171061AY221061GF108991081001022501021999IA1239KA1120N-00501MA1999999089171MD1610081+9999ME1314739MW1031REMSYN100AAXX  28001 36307 11899 80901 11054 21075 38917 48473 56008 69902 70372 8802/ 333 21050 47003 95000;
0142363070999992000032806004+50280+095170FM-12+110199999V0201801N008019999999N0500001N1-00141-01051999999ADDGF107991001001999999001071MA1999999089341MD1210091+9999ME1314969REMSYN066AAXX  28061 36307 42999 71808 11014 21105 38934 48496 52009 80007;
0195363070999992000032812004+50280+095170FM-12+110199999V0200901N002019999999N0500001N1-00181-00461999999ADDAA199000091GF107991001001999999001011KA1999M+00171MA1999999089511MD1310131+9999ME1315149REMSYN076AAXX  28121 36307 32999 70902 11018 21046 38951 48514 53013 80001 333 10017;EQDQ01  00002PRCP99
0152363070999992000032818004+50280+095170FM-12+110199999V0200901N002010210019N0500001N1-00181-00921999999ADDGF107991071001022501031001MA1999999089541MD1310041+9999ME1315149REMSYN076AAXX  28181 36307 42899 70902 11018 21092 38954 48514 53004 87030 333 95090;
0230363070999992000032900004+50280+095170FM-12+110199999V0200901N002010210019N0500001N1-00831-01061999999ADDAA199000091AJ100039199999999GF107991071001022501031001IA1239KA1120N-00851MA1999999089551MD1310011+9999ME1315079REMSYN088AAXX  29001 36307 32899 70902 11083 21106 38955 48507 53001 87030 333 21085 47003 95000;EQDQ01  00002PRCP99
0142363070999992000032906004+50280+095170FM-12+110199999V0202901N001019999999N0500001N1-00141-01201999999ADDGF107991001001999999001011MA1999999089471MD1810031+9999ME1314979REMSYN066AAXX  29061 36307 42999 72901 11014 21120 38947 48497 58003 80001;
0195363070999992000032912004+50280+095170FM-12+110199999V0202001N002019999999N0500001N1-00221-00941999999ADDAA199000091GF107991001001999999001999KA1999M+00101MA1999999089401MD1610071+9999ME1315059REMSYN076AAXX  29121 36307 32999 72002 11022 21094 38940 48505 56007 8000/ 333 10010;EQDQ01  00002PRCP99
0142363070999992000032918004+50280+095170FM-12+110199999V0200901N002012200019N0500001N1-01511-01701999999ADDGF102991001001999999001011MA1999999089371MD1710021+9999ME1314759REMSYN066AAXX  29181 36307 42999 20902 11151 21170 38937 48475 57002 80001;
0203363070999992000033000004+50280+095170FM-12+110199999V0200101N001012200019N0500001N1-01011-01291999999ADDAA199000091AJ100029199999999GF104991001001999999001011IA1279KA1120N-01561MD1210031+9999ME1314909REMSYN076AAXX  30001 36307 32999 40101 11101 21129 48490 52003 80001 333 21156 43002;EQDQ01  00002PRCP99
0142363070999992000033006004+50280+095170FM-12+110199999V0200901N003019999999N0500001N1-00051-00801999999ADDGF107991001001999999001071MA1999999089371MD1810211+9999ME1315059REMSYN066AAXX  30061 36307 42999 70903 11005 21080 38937 48505 58021 80007;
0195363070999992000033012004+50280+095170FM-12+110199999V0202701N002019999999N0500001N1-00011-00701999999ADDAA199000091GF107991001001999999001071KA1999M+00301MA1999999088951MD1410001+9999ME1314699REMSYN076AAXX  30121 36307 32999 72702 11001 21070 38895 48469 54000 80007 333 10030;EQDQ01  00002PRCP99
0137363070999992000033018004+50280+095170FM-12+110199999V0200901N001010210019N0500001N1-00701-00871999999ADDGF107991071001022501031001MD1410001+9999ME1314349REMSYN076AAXX  30181 36307 42899 70901 11070 21087 389/6 48434 54000 87030 333 95090;
0252363070999992000033100004+50280+095170FM-12+110199999V0200901N002010210019N0010001N1-01081-01811999999ADDAA199000091AJ100029199999999AY141061AY221061GF108991081001022501021999IA1239KA1120N-01101MA1999999089271MD1310191+9999ME1314819MW1431REMSYN088AAXX  31001 36307 31894 80902 11108 21181 38927 48481 53019 74342 8802/ 333 21110 47002;EQDQ01  00002PRCP99
0180363070999992000033106004+50280+095170FM-12+110199999V0203201N002019999999N0500001N1-00351-00391999999ADDAY141061AY221061GF107991001001999999001031MA1999999089201MD1710011+9999ME1314879MW1011REMSYN082AAXX  31061 36307 41999 73202 11035 21039 38920 48487 57001 70142 80003 333 95100;
0195363070999992000033112004+50280+095170FM-12+110199999V0202301N002019999999N0500001N1-00221-00601999999ADDAA199000091GF106991001001999999001011KA1999M-00041MA1999999089111MD1310021+9999ME1314789REMSYN076AAXX  31121 36307 32999 62302 11022 21060 38911 48478 53002 80001 333 11004;EQDQ01  00002PRCP99
0152363070999992000033118004+50280+095170FM-12+110199999V0200901N001012200019N0500001N1-00821-00961999999ADDGA1001+999999999GF100991001001999999001001MA1999999089871MD1210081+9999ME1314889REMSYN060AAXX  31181 36307 42999 00901 11082 21096 38987 48488 52008;
0227363070999992000040100004+50280+095170FM-12+110199999V0200901N001012200019N0500001N1-01181-01381999999ADDAA199000091GF104991001001999999001011KA1999N-01221MA1999999999999MD1610011+9999ME1314739REMSYN076AAXX  01001 36307 32999 40901 11118 21138 3815/ 48473 56001 80001 333 21122;EQDQ01+081503APOSP Q02  00002PRCP99Q03 081503APOSP 
0185363070999992000040103004+50280+095170FM-12+110199999V0200901N001019999999N0500001N1-01181-01381999999ADDAA199000091KA1999N-01221MA1999999089151MD1610812+9999ME1314739REMSYN076AAXX  01031 36307 32999 /0901 11118 21138 38915 48473 56081 80001 333 21122;EQDQ01+000812APC3  Q02  00002PRCP99
0142363070999992000040106004+50280+095170FM-12+110199999V0202701N001012200019N0500001N1+00172-00931999999ADDGF102991001001999999001011MA1999999089041MD1710071+9999ME1311599REMSYN066AAXX  01061 36307 42999 22701 10017 21093 38904 48159 57007 80001;
0195363070999992000040112004+50280+095170FM-12+110199999V0202901N001012200019N0500001N1+00121-00501999999ADDAA199000091GF104991001001999999001011KA1999M+00101MA1999999088811MD1610071+9999ME1314519REMSYN076AAXX  01121 36307 32999 42901 10012 21050 38881 48451 56007 80001 333 10010;EQDQ01  00002PRCP99
0142363070999992000040118004+50280+095170FM-12+110199999V0203601N001012200019N0500001N1-00501-00791999999ADDGF103991001001999999001011MA1999999088761MD1710091+9999ME1314389REMSYN066AAXX  01181 36307 42999 33601 11050 21079 38876 48438 57009 80001;
0201363070999992000040200004+50280+095170FM-12+110199999V0200901N001010210019N0500001N1-00661-00821999999ADDAA199000091GF108991081001022501011999KA1120N-00701MA1999999089001MD1210121+9999ME1314559REMSYN082AAXX  02001 36307 32899 80901 11066 21082 38900 48455 52012 8801/ 333 21070 95000;EQDQ01  00002PRCP99
0142363070999992000040206004+50280+095170FM-12+110199999V0201801N001019999999N0500001N1+00181-00611999999ADDGF107991001001999999001011MA1999999089081MD1810041+9999ME1314789REMSYN066AAXX  02061 36307 42999 71801 10018 21061 38908 48478 58004 80001;
0180363070999992000040212004+50280+095170FM-12+110199999V0202601N002019999999N0500001N1+00041-00431999999ADDAA199000091GF107991001001999999001011KA1999M+00561MA1999999089061MD1310041+9999REMSYN070AAXX  02121 36307 32999 72602 10004 21043 38906 53004 80001 333 10056;EQDQ01  00002PRCP99
0152363070999992000040218004+50280+095170FM-12+110199999V0203601N003010210019N0500001N1-00341-01061999999ADDGF107991071001022501031001MA1999999089211MD1810221+9999ME1314879REMSYN076AAXX  02181 36307 42899 73603 11034 21106 38921 48487 58022 87030 333 95090;
0217363070999992000040300004+50280+095170FM-12+110199999V0200901N002010210019N0500001N1-00581-01421999999ADDAA199000091GF107991071001022501031001KA1120N-00601MA1999999090022MD1110141+9999ME1315429REMSYN082AAXX  03001 36307 32899 70902 11058 21142 39002 48542 51014 87030 333 21060 95000;EQDQ01+090023APOSP Q02  00002PRCP99
0174363070999992000040306004+50280+095170FM-12+110199999V0202701N003012200019N0500001N1+00051-01331999999ADDGA1011+009909089GF101991011011008001001001MA1999999091232MD1110021+9999ME1317899REMSYN082AAXX  03061 36307 42599 12703 10005 21133 39123 48789 51002 81100 333 81833 95001;
0205363070999992000040312004+50280+095170FM-12+110199999V0202701N002012200019N0500001N1+00041-01151999999ADDAA199000091GA1001+999999999GF100991001001999999001001KA1999M+00281MA1999999090121MD1710071+9999ME1315679REMSYN070AAXX  03121 36307 32999 02702 10004 21115 39012 48567 57007 333 10028;EQDQ01  00002PRCP99
0152363070999992000040318004+50280+095170FM-12+110199999V0203601N003012200019N0500001N1-00621-01061999999ADDGA1001+999999999GF100991001001999999001001MA1999999090061MD1810121+9999ME1315509REMSYN060AAXX  03181 36307 42999 03603 11062 21106 39006 48550 58012;
0205363070999992000040400004+50280+095170FM-12+110199999V0200901N002012200019N0500001N1-00661-01421999999ADDAA199000091GA1001+999999999GF100991001001999999001001KA1999N-00741MA1999999089981MD1310031+9999ME1315429REMSYN070AAXX  04001 36307 32999 00902 11066 21142 38998 48542 53003 333 21074;EQDQ01  00002PRCP99
0152363070999992000040406004+50280+095170FM-12+110199999V0200601N001012200019N0500001N1+00261-00971999999ADDGA1001+999999999GF100991001001999999001001MA1999999089381MD1810121+9999ME1315589REMSYN060AAXX  04061 36307 42999 00601 10026 21097 38938 48558 58012;
0201363070999992000040412004+50280+095170FM-12+110199999V0201801N002010210019N0500001N1+00221-00701999999ADDAA199000091GF107991071001022501031001KA1120M+00631MA1999999089691MD1610031+9999ME1315329REMSYN082AAXX  04121 36307 32899 71802 10022 21070 38969 48532 56003 87030 333 10063 95000;EQDQ01  00002PRCP99
0152363070999992000040418004+50280+095170FM-12+110199999V0200901N002010210019N0500001N1-00261-00671999999ADDGF108991081001022501011999MA1999999089821MD1310151+9999ME1315049REMSYN076AAXX  04181 36307 4/899 80902 11026 21067 38982 48504 53015 8801/ 333 95090;
0201363070999992000040500004+50280+095170FM-12+110199999V0200901N001010210019N0500001N1-00661-00861999999ADDAA199000091GF107991071001022501031001KA1120N-00681MA1999999089651MD1710071+9999ME1315169REMSYN082AAXX  05001 36307 32899 70901 11066 21086 38965 48516 57007 87030 333 21068 95000;EQDQ01  00002PRCP99
0142363070999992000040506004+50280+095170FM-12+110199999V0203601N001012200019N0500001N1+00401-00871999999ADDGF102991001001999999001011MA1999999089861MD1110021+9999ME1315499REMSYN066AAXX  05061 36307 42999 23601 10040 21087 38986 48549 51002 80001;
