0182434180999992000013006004+08580+081250FM-12+0007VCCT V02099999999992200019N0200001N1+02851+02311101471ADDAA124013291GA1011+005409089GF104991011011004501031011MA1999999100601MD1999999+0151REMSYN088AAXX  30064 43418 3/498 4050/ 10285 20231 30060 40147 81131 333 58015 70132 81818 83080;
0195434180999992000013012004+08580+081250FM-12+0007VCCT V0200501N003112200019N0049001N1+02701+02311101261ADDAA124005391GA1041+002409029GF104991041021001501001001KA1120M+02951MA1999999100371MD1999999+0111REMSYN088AAXX  30124 43418 32249 40506 10270 20231 30037 40126 84200 333 10295 58011 70054 84808;
0224434180999992000013103004+08580+081250FM-12+0007VCCT V0203501N999992200019N0200001N1+02651+02141102151ADDAA199000091GA1021+005409029GF103991021001004501001011KA1120N+02501MA1999999100621MD1999999+0041REMSYN082AAXX  31034 43418 32498 38505 10265 20214 30062 40215 82001 333 20250 58004 82818;EQDQ01+005403WOSPD Q02  00002PRCP99
0189434180999992000013106004+08580+081250FM-12+0007VCCT V0200501N002112200019N0049001N1+99999+99999101501ADDAA199000091GA1041+005409029GF104991041021999999001011MA1999999100601MD1999999+0021REMSYN076AAXX  31064 43418 32/49 40504 18286 20227 3006/ 40150 84201 333 58002 84818;EQDQ01  00002PRCP99
0214434180999992000013112004+08580+081250FM-12+0007VCCT V0200501N00151105001CN0200001N1+02661+02151101171ADDAA199000091GA1021+005409089GF105991021021004501031011KA1120M+02951MA1999999100301MD1999999-0071REMSYN088AAXX  31124 43418 32498 50503 10266 20215 30030 40117 82231 333 10295 59007 82818 83080;EQDQ01  00002PRCP99
0218434180999992000020106004+08580+081250FM-12+0007VCCT V0200501N00211045001CN0200001N1+99999+99999101331ADDAA199000091GA1011+005409089GA2031+008409069GF107991031081004501031081MD1999999-0071REMSYN088AAXX  01064 43418 32498 70504 18/75 20221 32004 40133 83838 333 59007 81818 83628 86358;EQDQ01+020041APOSP Q02  00002PRCP99
0231434180999992000020312004+08580+081250FM-12+0007VCCT V0200501N001510240019N0200001N1+02571+02481101051ADDAA103002091AA209002091GA1081+024009079GF199999021051004501081051KA1120M+02771MA1999999100181MD1999999+0071REMSYN094AAXX  03124 43418 21498 50503 10257 20248 30018 40105 82585 333 10277 58007 60027 78288 88358;EQDQ01+000052SCOTCV
0238434180999992000020406004+08580+081250FM-12+0007VCCT V0201201N001010048019N0200001N1+02451+02411101341ADDAA103000491AY181061AY261061GA1051+004809089GA2031+008409069GF108991061081004501071999MA1999999100461MD1999999+0091MW1601REMSYN106AAXX  04064 43418 21498 81202 10245 20241 30046 40134 76086 8687/ 333 58009 69947 70750 85816 83628 87458;
0182434180999992000020506004+08580+081250FM-12+0007VCCT V0200501N001011050019N0200001N1+02751+02451101231ADDAA124000791GA1011+005409089GF105991011021004501031011MA1999999100351MD1999999-0111REMSYN088AAXX  05064 43418 32498 50502 10275 20245 30035 40123 81231 333 59011 79999 81818 83358;
0189434180999992000020606004+08580+081250FM-12+0007VCCT V0200901N001012200019N0200001N1+02901+02391101201ADDAA199000091GA1041+005409029GF104991041021004501001001MA1999999100321MD1999999-0031REMSYN076AAXX  06064 43418 32498 40902 10290 20239 30032 40120 84200 333 59003 84818;EQDQ01  00002PRCP99
0214434180999992000020612004+08580+081250FM-12+0007VCCT V0200901N001512200019N0200001N1+02661+02351100861ADDAA199000091GA1011+005409089GF102991011091004501001011KA1120M+02951MA1999999099981MD1999999-0051REMSYN088AAXX  06124 43418 32498 20903 10266 20235 39998 40086 81901 333 10295 59005 81818 81920;EQDQ01  00002PRCP99
0195434180999992000020706004+08580+081250FM-12+0007VCCT V0200401N00101045001CN0200001N1+02851+02421101161ADDAA199000091GA1011+005409089GF107991031081004501031001MA1999999100281MD1999999-0041REMSYN082AAXX  07064 43418 32498 70402 10285 20242 30028 40116 83830 333 59004 81818 86358;EQDQ01  00002PRCP99
0214434180999992000020712004+08580+081250FM-12+0007VCCT V0200901N001012200019N0200001N1+02681+02351100831ADDAA199000091GA1011+084009089GF102991021091004501031001KA1120M+02931MA1999999099951MD1999999-0031REMSYN088AAXX  07124 43418 32498 20902 10268 20235 39995 40083 82930 333 10293 59003 81878 81920;EQDQ01  00002PRCP99
0189434180999992000020806004+08580+081250FM-12+0007VCCT V0201401N000510054019N0200001N1+02851+99999101101ADDAA199000091GA1061+005409029GF106991061011004501001011MA1999999100231MD1999999-0051REMSYN076AAXX  08064 43418 3/498 61401 10285 20/35 30023 40110 86101 333 59005 86818;EQDQ01  00002PRCP99
0195434180999992000020809004+08580+081250FM-12+0007VCCT V0201401N001512200019N0200001N1+02861+02311100881ADDAA199000091GA1011+005409089GF104991011011004501001011MA1999999100781MD1999999-0011REMSYN082AAXX  08094 43418 32498 41403 10286 20231 30078 40088 81101 333 59001 81818 83080;EQDQ01  00002PRCP99
0240434180999992000020903004+08580+081250FM-12+0007VCCT V0201401N001012200019N0200001N1+99999+99999101891ADDAA199000091GA1041+090009019GF104991999021999999001999KA1120N+02291MA1999999100321MD1999999+0071REMSYN082AAXX  09034 43418 32998 41402 18260 20/26 30032 40189 80200 333 20229 58007 84080;EQDQ01+000002SCOTLCQ02+000002SCOHCGQ03  00002PRCP99
0206434180999992000020909004+08580+081250FM-12+0007VCCT V0201401N001512200019N0200001N1+02851+02191100941ADDAA199000091GA1011+005409089GF104991999999004501001011MD1999999+0071REMSYN076AAXX  09094 43418 32498 41403 10285 20219 40094 87001 333 58007 81818 84080;EQDQ01+000072SCOTLCQ02+000002SCOLCGQ03  00002PRCP99
0224434180999992000020912004+08580+081250FM-12+0007VCCT V0200201N046320840019N0200001N1+02691+02131100911ADDAA199000091GA1061+084009089GF106991001001999999001061KA1120M+02941MA1999999100041MD1999999+0061REMSYN082AAXX  09124 43418 32998 60290 10269 20213 30004 40091 80006 333 10294 58006 86278;EQDQ01+004633WOSPD Q02  00002PRCP99
0208434180999992000021012004+08580+081250FM-12+0007VCCT V0200901N001512200019N0200001N1+02701+02211100971ADDAA199000091GA1011+090009019GF101991001001999999001011KA1120M+02951MA1999999100101MD1999999+0061REMSYN082AAXX  10124 43418 32998 10903 10270 20221 30010 40097 80001 333 10295 58006 81080;EQDQ01  00002PRCP99
0208434180999992000021103004+08580+081250FM-12+0007VCCT V0201401N001012200019N0200001N1+02591+02311100251ADDAA199000091GA1011+005409029GF101991011021004501011001KA1120N+02351MA1999999100371MD1999999-0041REMSYN082AAXX  11034 43418 32498 11402 10259 20231 30037 40025 81210 333 20235 59004 81818;EQDQ01  00002PRCP99
0208434180999992000021512004+08580+081250FM-12+0007VCCT V0200501N000512200019N0029001N1+02761+02201100881ADDAA199000091GA1031+005409029GF103991031011004501001001KA1120M+03091MA1999999100011MD1999999+0061REMSYN082AAXX  15124 43418 32429 30501 10276 20220 30001 40088 83100 333 10309 58006 83818;EQDQ01  00002PRCP99
0208434180999992000021612004+08580+081250FM-12+0007VCCT V0200201N000510900019N0200001N1+02781+02191100951ADDAA199000091GA1051+090009089GF105991001001999999001061KA1120M+03021MA1999999100201MD1999999+0061REMSYN082AAXX  16124 43418 32998 50201 10278 20219 30020 40095 80006 333 10302 58006 85280;EQDQ01  00002PRCP99
0217434180999992000021706004+08580+081250FM-12+0007VCCT V0200501N000510240019N0200001N1+02901+02341101091ADDAA199000091GA1021+005409089GA2041+024009039GF107991021011004501031061MA1999999100211MD1999999-0191REMSYN088AAXX  17064 43418 32498 70501 1029/ 20234 30021 40109 82136 333 59019 82818 84358 87280;EQDQ01  00002PRCP99
0189434180999992000021709004+08580+081250FM-12+0007VCCT V0200501N000510450019N0200001N1+99999+99999100781ADDAA199000091GA1011+084009089GF107991011011004501031999MA1999999099901MD1999999-0201REMSYN076AAXX  17094 43418 32498 70501 20231 39990 40078 8113/ 333 59020 81878 87358;EQDQ01  00002PRCP99
0214434180999992000021712004+08580+081250FM-12+0007VCCT V0200701N00151045001CN0200001N1+02751+02271100761ADDAA199000091GA1031+006609069GF108991031051008001031001KA1120M+03021MA1999999099881MD1999999-0191REMSYN088AAXX  17124 43418 32598 80703 10275 20227 39988 40076 83530 333 10302 59019 83622 87358;EQDQ01  00002PRCP99
0217434180999992000021809004+08580+081250FM-12+0007VCCT V0203601N001010240019N0200001N1+03011+02371100761ADDAA199000091GA1011+005409089GA2041+024009039GF106991011011004501031011MA1999999099891MD1999999-0081REMSYN088AAXX  18094 43418 32498 63602 10301 20237 39989 40076 81131 333 59008 81818 84358 85080;EQDQ01  00002PRCP99
0104434180999992000021903004+08580+081250FM-12+0007VCCT V0209999C000019999999N0200001N1+99999+99999999999ADDAA199000091GF107991999999004501999999REMSYN036AAXX  19034 43418 32498 70000 1//88;EQDQ01  00002PRCP99
0203434180999992000021909004+08580+081250FM-12+0007VCCT V0200901N00101045001CN0200001N1+02971+99999100741ADDAA199000091GA1011+005409089GA2021+006009099GF108991021091004501031011MA1999999099861REMSYN088AAXX  19094 43418 32498 80902 10297 20/46 39986 40074 82931 333 5900/ 81818 82920 86080;EQDQ01  00002PRCP99
0223434180999992000022103004+08580+081250FM-12+0007VCCT V0209999C00001105001CN0200001N1+02651+02431999999ADDAA199000091GA1011+005409089GF105991011011004501031011KA1120N+02491MA1999999100151MD1999999+0071ME1311029REMSYN088AAXX  21034 43418 32498 50000 10265 20243 30015 48102 81131 333 20249 58007 81818 84080;EQDQ01  00002PRCP99
0217434180999992000022109004+08580+081250FM-12+0007VCCT V0209999C000019999999N0200001N1+02811+02441100751ADDAA199000091GA1011+005409089GA2011+006009099GF107991031999004501001061MA1999999099881MD1999999+0031REMSYN088AAXX  21094 43418 32498 70000 10281 20244 39988 40075 83/06 333 58003 81818 81920 86278;EQDQ01  00002PRCP99
0214434180999992000022203004+08580+081250FM-12+0007VCCT V0209999C00001045001CN0200001N1+02521+02321100991ADDAA199000091GA1011+005409089GF106991011081004501031001KA1120N+02361MA1999999100111MD1999999-0041REMSYN088AAXX  22034 43418 32498 60000 10252 20232 30011 40099 81830 333 20236 59004 81818 86368;EQDQ01  00002PRCP99
0168434180999992000022206004+08580+081250FM-12+0007VCCT V02099999999992200019N0200001N1+99999+99999101041ADDAA199000091GA1021+002409029GF107991021021004501001011MD1999999+0021REMSYN070AAXX  22064 43418 32498 772/7 1/202 300/8 40104 82201 333 58002 82808;EQDQ01  00002PRCP99
0217434180999992000022209004+08580+081250FM-12+0007VCCT V0200501N000512200019N0200001N1+03081+02481100741ADDAA199000091GA1021+005409089GA2011+006009099GF104991031091004501001011MA1999999099861MD1999999-0021REMSYN088AAXX  22094 43418 32498 40501 10308 20248 39986 40074 83901 333 59002 82818 81920 83080;EQDQ01  00002PRCP99
0242434180999992000022212004+08580+081250FM-12+0007VCCT V0200501N000510054019N0200001N1+02781+02371100701ADDAA199000091AY191061AY221061GA1061+005409089GF107991041091004501031061KA1120M+03121MA1999999099841MD1999999+0051MW1031REMSYN094AAXX  22124 43418 31498 70501 10278 20237 39984 4007/ 70392 84936 333 10312 58005 86818 81920;EQDQ01  00002PRCP99
0223434180999992000022412004+08580+081250FM-12+0007VCCT V0200901N00101045001CN0200001N1+99999+99999100911ADDAA124013791GA1011+005409089GA2011+006009099GF107991021091004501021021KA1120M+02901MA1999999100031MD1999999+0151REMSYN100AAXX  24124 43418 31498 70902 10/75 20248 30003 40091 82922 333 10290 58015 70137 81818 81920 87278;
0223434180999992000022502004+08580+081250FM-12+0007VCCT V0209999C000012200019N0200001N1+03041+02501100811ADDAA199000091AY191999AY211999GA1021+005409089GF104991031999004501001011MA1999999099931MD1999999-8001MW1171REMSYN088AAXX  25024 43418 31498 40000 10304 20250 39993 40081 71791 83/01 333 59800 82818 82920;EQDQ01  00002PRCP99
0182434180999992000022706004+08580+081250FM-12+0007VCCT V0200901N00101045001CN0002001N1+02721+99999101001ADDAA124002391GA1041+005409079GF108991041071004501021999MA1999999100121MD1999999+0051REMSYN088AAXX  27064 43418 32492 80902 10272 20/43 30012 40100 8472/ 333 58005 70022 84718 88460;
0246434180999992000022709004+08580+081250FM-12+0007VCCT V0200501N00151045001CN0100001N1+02481+02391100941ADDAA103001091AA206001091AY181031AY221031GA1041+005409089GF108991041071004501021999MA1999999100742MD1999999+0371MW1801REMSYN100AAXX  27094 43418 21497 80503 10248 20239 30074 40094 78082 8472/ 333 58037 60017 80034 84818 88460;EQDQ01+100743APOSP 
0246434180999992000022809004+08580+081250FM-12+0007VCCT V0200501N00361045001CN0200001N1+02851+02531100801ADDAA103000791AA206999999AY181031AY221031GA1041+005409089GF105991041011004501021999MA1999999099931MD1999999-0741MW1021REMSYN100AAXX  28094 43418 21498 50507 10285 20253 39993 40080 70282 8412/ 333 59074 69907 70051 84818 85460;EQDQ01  99992PRCP06
0240434180999992000022912004+08580+081250FM-12+0007VCCT V0200501N006210048019N0100001N1+02661+02491100841ADDAA103002091AA209002091AY181061AY221061GA1061+004809029GF106991061071004501001001KA1120M+03011MA1999999099971MD1999999+0011MW1021REMSYN100AAXX  29124 43418 21497 60512 10266 20249 39997 40084 70282 86700 333 10301 58001 60027 70085 86816;
0176434180999992000030106004+08580+081250FM-12+0007VCCT V0200501N001512200019N0200001N1+02961+02351101171ADDAA124001891GA1031+005409029GF103991031011004501001001MA1999999100291MD1999999+0021REMSYN082AAXX  01064 43418 32498 30503 10296 20235 30029 40117 83100 333 58002 70017 83818;
0195434180999992000030406004+08580+081250FM-12+0007VCCT V0200501N00151220001CN0200001N1+02991+02431101241ADDAA199000091GA1021+005409089GF107991021011004501001011MA1999999100361MD1999999+0021REMSYN082AAXX  04064 43418 32498 70503 10299 20243 30036 40124 82101 333 58002 82818 87080;EQDQ01  00002PRCP99
0238434180999992000030606004+08580+081250FM-12+0007VCCT V0209999C000010054019N0100001N1+02501+02441101131ADDAA103002091AY191061AY291061GA1041+004809089GA2031+005409099GF108991061091004501071999MA1999999100251MD1999999+0031MW1951REMSYN106AAXX  06064 43418 21497 80000 10250 20244 30025 40113 79599 8697/ 333 58003 60027 70022 84816 83918 87458;
0236434180999992000030812004+08580+081250FM-12+0007VCCT V0200901N00211220001CN0200001N1+02801+02451100761ADDAA199000091GA1011+005409089GA2011+006009099GF107991011091004501001011KA1120M+03041MA1999999099881MD1999999-0071REMSYN094AAXX  08124 43418 32498 70904 10280 20245 39988 40076 81901 333 10304 59007 81818 81920 86080;EQDQ01  00002PRCP99
0189434180999992000030906004+08580+081250FM-12+0007VCCT V0200901N001512200019N0200001N1+03051+02471101041ADDAA199000091GA1011+004809029GF101991011011004501001001MA1999999100181MD1999999+0001REMSYN076AAXX  09064 43418 32498 10903 10305 20247 30018 40104 81100 333 58000 81816;EQDQ01  00002PRCP99
0208434180999992000030911004+08580+081250FM-12+0007VCCT V0200901N000512200019N0200001N1+02861+02371100721ADDAA199000091GA1021+005409029GF102991021011004501001001KA1120M+03111MA1999999099851MD1999999-0031REMSYN082AAXX  09114 43418 32498 20901 10286 20237 39985 40072 82100 333 10311 59003 82818;EQDQ01  00002PRCP99
0208434180999992000030912004+08580+081250FM-12+0007VCCT V0200901N000512200019N0200001N1+02861+02371100721ADDAA199000091GA1021+005409029GF102991021011004501001001KA1120M+03111MA1999999099851MD1999999-0031REMSYN082AAXX  09124 43418 32498 20901 10286 20237 39985 40072 82100 333 10311 59003 82818;EQDQ01  00002PRCP99
0214434180999992000031112004+08580+081250FM-12+0007VCCT V0201801N001012200019N0200001N1+02841+02411100831ADDAA199000091GA1011+005409089GF103991011011004501001011KA1120M+03151MA1999999099961MD1999999+0091REMSYN088AAXX  11124 43418 32498 31802 10284 20241 39996 40083 81101 333 10315 58009 81818 83080;EQDQ01  00002PRCP99
0189434180999992000031309004+08580+081250FM-12+0007VCCT V0201801N001512200019N0200001N1+03021+02391100671ADDAA199000091GA1031+090009019GF103991999001999999001011MA1999999099791MD1999999-0121REMSYN076AAXX  13094 43418 32998 31803 10302 20239 39979 40067 8/001 333 59012 83080;EQDQ01  00002PRCP99
0195434180999992000031409004+08580+081250FM-12+0007VCCT V0200901N001512200019N0200001N1+03101+02381100751ADDAA199000091GA1011+005409089GF104991011011004501001011MA1999999099871MD1999999+0081REMSYN082AAXX  14094 43418 32498 40903 10310 20238 39987 40075 81101 333 58008 81818 84080;EQDQ01  00002PRCP99
0214434180999992000031412004+08580+081250FM-12+0007VCCT V0200901N00101220001CN0200001N1+02901+02231100741ADDAA199000091GA1021+005409089GF105991021011004501001011KA1120M+03281MA1999999099861MD1999999+0051REMSYN088AAXX  14124 43418 32498 50902 10290 20223 39986 40074 82101 333 10328 58005 82818 84080;EQDQ01  00002PRCP99
0195434180999992000031506004+08580+081250FM-12+0007VCCT V0209999C00001220001CN0200001N1+03121+02471101101ADDAA199000091GA1041+005409089GF106991041011004501001011MA1999999100231MD1999999+0041REMSYN082AAXX  15064 43418 32498 60000 10312 20247 30023 40110 84101 333 58004 84818 85080;EQDQ01  00002PRCP99
0208434180999992000031512004+08580+081250FM-12+0007VCCT V0200901N001010300019N0200001N1+02881+02421100841ADDAA199000091GA1071+030009019GF107991071001012501021999KA1120M+03221MA1999999099961MD1999999+0101REMSYN082AAXX  15124 43418 32698 70902 10288 20242 39996 40084 8702/ 333 10322 58010 87460;EQDQ01  00002PRCP99
0189434180999992000031606004+08580+081250FM-12+0007VCCT V0200901N000512200019N0200001N1+03041+02381101091ADDAA199000091GA1031+005409029GF103991031011004501001001MA1999999100211MD1999999-0031REMSYN076AAXX  16064 43418 32498 30901 10304 20238 30021 40109 83100 333 59003 83818;EQDQ01  00002PRCP99
0166434180999992000031609004+08580+081250FM-12+0007VCCT V0200901N001512200019N0200001N1+03141+02361100741ADDAA199000091GF102991021011004501001011KA1999M+99999MA1999999099861REMSYN070AAXX  16094 43418 32498 20903 10314 20236 39986 40074 82101 333 12818;EQDQ01  00002PRCP99
0224434180999992000031612004+08580+081250FM-12+0007VCCT V0200501N001512200019N0200001N1+02901+02391100721ADDAA199000091GA1041+030009019GF104991041001012501021999KA1120M+03251MA1999999099851MD1999999-0111REMSYN082AAXX  16124 43418 32698 40503 10290 20239 39985 40072 84020 333 10325 59011 84460;EQDQ01+000002SCOHCGQ02  00002PRCP99
0189434180999992000031706004+08580+081250FM-12+0007VCCT V0209999C000012200019N0200001N1+03081+02391100981ADDAA199000091GA1021+090009019GF102991001001999999001011MA1999999100101MD1999999-0111REMSYN076AAXX  17064 43418 32998 20000 10308 20239 30010 40098 80001 333 59011 82080;EQDQ01  00002PRCP99
0177434180999992000031709004+08580+081250FM-12+0007VCCT V0209999C000012200019N0200001N1+03051+02371100701ADDAA199000091GA1001+999999999GF100991001001999999001001MA1999999099811MD1999999-0051REMSYN064AAXX  17094 43418 32998 00000 10305 20237 39981 40070 333 59005;EQDQ01  00002PRCP99
0208434180999992000031712004+08580+081250FM-12+0007VCCT V0200901N001512200019N0200001N1+02821+02391100641ADDAA199000091GA1011+090009019GF101991001001999999001011KA1120M+03141MA1999999099761MD1999999-0091REMSYN082AAXX  17124 43418 32998 10903 10282 20239 39976 40064 80001 333 10314 59009 81080;EQDQ01  00002PRCP99
0208434180999992000031803004+08580+081250FM-12+0007VCCT V0209999C000010900019N0200001N1+02761+02441101051ADDAA199000091GA1051+090009019GF105991001001999999001011KA1120N+02401MA1999999100191MD1999999+0051REMSYN082AAXX  18034 43418 32998 50000 10276 20244 30019 40105 80001 333 20240 58005 85080;EQDQ01  00002PRCP99
0195434180999992000031806004+08580+081250FM-12+0007VCCT V0209999C00001220001CN0200001N1+03061+02391101041ADDAA199000091GA1031+005409089GF106991031011004501001011MA1999999100161MD1999999+0061REMSYN082AAXX  18064 43418 32498 60000 10306 20239 30016 40104 83101 333 58006 83818 86080;EQDQ01  00002PRCP99
0195434180999992000031906004+08580+081250FM-12+0007VCCT V0209999C00001220001CN0200001N1+03121+02211101171ADDAA199000091GA1021+005409089GF105991021021004501001011MA1999999100291MD1999999+0131REMSYN082AAXX  19064 43418 32498 50000 10312 20221 30029 40117 82201 333 58013 82818 84080;EQDQ01  00002PRCP99
0195434180999992000031909004+08580+081250FM-12+0007VCCT V0200901N000512200019N0200001N1+03081+02291100891ADDAA199000091GA1011+005409089GF104991011011004501001011MA1999999100021MD1999999+0131REMSYN082AAXX  19094 43418 32498 40901 10308 20229 30002 40089 81101 333 58013 81818 83080;EQDQ01  00002PRCP99
0208434180999992000031912004+08580+081250FM-12+0007VCCT V0209999C000012200019N0200001N1+02851+02271100781ADDAA199000091GA1041+090009019GF104991001001999999001011KA1120M+03191MA1999999099901MD1999999+0001REMSYN082AAXX  19124 43418 32998 40000 10285 20227 39990 40078 80001 333 10319 58000 84080;EQDQ01  00002PRCP99
0189434180999992000032106004+08580+081250FM-12+0007VCCT V0209999C000012200019N0200001N1+03021+02061101131ADDAA199000091GA1021+005409029GF103991021011004501001011MA1999999100251MD1999999+0121REMSYN076AAXX  21064 43418 32498 30000 10302 20206 30025 40113 82101 333 58012 82818;EQDQ01  00002PRCP99
0195434180999992000040506004+08580+081250FM-12+0007VCCT V0200901N00051220001CN0200001N1+03181+02441100971ADDAA199000091GA1041+005409089GF105991041021004501001061MA1999999100091MD1999999-0031REMSYN082AAXX  05064 43418 32498 50901 10318 20244 30009 40097 84206 333 59003 84818 84080;EQDQ01  00002PRCP99
0230434180999992000040912004+08580+081250FM-12+0007VCCT V0209999C999992200019N0200001N1+02941+99999100691ADDAA199000091GA1011+005409089GF102991999021004501001061KA1120M+03271MA1999999099801MD1999999-0091REMSYN088AAXX  09124 43418 32498 26000 10294 28429 39980 40069 80206 333 10327 59009 81818 86280;EQDQ01+000002SCOTLCQ02  00002PRCP99
0189434180999992000041406004+08580+081250FM-12+0007VCCT V0202701N001512200019N0200001N1+03441+02481100621ADDAA199000091GA1021+005409029GF102991021011004501001011MA1999999099741MD1999999-0171REMSYN076AAXX  14064 43418 32498 22703 10344 20248 39974 40062 82101 333 59017 82818;EQDQ01  00002PRCP99
0264434180999992000042312004+08580+081250FM-12+0007VCCT V0202501N00151004201CN0100001N1+03091+02331100641ADDAA199000091AY191061AY221061GA1031+005409089GA2011+006009099GF108991051091004501071061KA1120M+03611MA1999999099761MD1999999+0121MW1171REMSYN100AAXX  23124 43418 31497 82503 10309 20233 39976 40064 71792 85976 333 10361 58012 83818 81920 84628;EQDQ01  00002PRCP99
0189434180999992000042706004+08580+081250FM-12+0007VCCT V0202701N000512200019N0200001N1+03451+02471100691ADDAA199000091GA1011+005409029GF101991011011004501001001MA1999999099801MD1999999-0011REMSYN076AAXX  27064 43418 32498 12701 10345 20247 39980 40069 81100 333 59001 81818;EQDQ01  00002PRCP99
0208434180999992000051312004+08580+081250FM-12+0007VCCT V0202701N001510900019N0200001N1+03411+02331100471ADDAA199000091GA1071+090009019GF107991001001999999001011KA1120M+03741MA1999999099591MD1999999-0101REMSYN082AAXX  13124 43418 32998 72703 10341 20233 39959 40047 80001 333 10374 59010 87080;EQDQ01  00002PRCP99
0189434180999992000052306004+08580+081250FM-12+0007VCCT V0202301N000512200019N0200001N1+03521+02411100691ADDAA199000091GA1011+005409029GF101991011011004501001001MA1999999099801MD1999999+0031REMSYN076AAXX  23064 43418 32498 12301 10352 20241 39980 40069 81100 333 58003 81818;EQDQ01  00002PRCP99
0189434180999992000052406004+08580+081250FM-12+0007VCCT V0202701N004112200019N0200001N1+03451+02311100631ADDAA199000091GA1011+005409029GF105991011011004501001011MA1999999099851MD1999999-0051REMSYN076AAXX  24064 43418 32498 52708 10345 20231 39985 40063 81101 333 59005 81818;EQDQ01  00002PRCP99
0242434180999992000052512004+08580+081250FM-12+0007VCCT V0202701N00101220001CN0200001N1+03441+02221100451ADDAA199000091AY191061AY221061GA1021+005409089GF105991021011004501001011KA1120M+03741MA1999999099581MD1999999+0011MW1021REMSYN094AAXX  25124 43418 31498 52702 10344 20222 39958 40045 70292 82101 333 10374 58001 82818 85080;EQDQ01  00002PRCP99
0189434180999992000052806004+08580+081250FM-12+0007VCCT V0202701N002612200019N0200001N1+03401+02241100741ADDAA199000091GA1011+005409029GF101991011011004501001001MA1999999099871MD1999999+0031REMSYN076AAXX  28064 43418 32498 12705 10340 20224 39987 40074 81100 333 58003 81818;EQDQ01  00002PRCP99
0182434180999992000053106004+08580+081250FM-12+0007VCCT V0202701N00101045001CN0200001N1+03101+02291100751ADDAA124000591GA1031+005409089GF107991031011004501071061MA1999999099871MD1999999+0021REMSYN088AAXX  31064 43418 32498 72702 10310 20229 39987 40075 83176 333 58002 70004 83818 84360;
0214434180999992000060312004+08580+081250FM-12+0007VCCT V0202701N00261105001CN0200001N1+03121+02211100201ADDAA199000091GA1011+005409089GF107991011011004501001071KA1120M+03581MA1999999099321MD1999999-0111REMSYN088AAXX  03124 43418 32498 72705 10312 20221 39932 40020 81107 333 10358 59011 81818 87280;EQDQ01  00002PRCP99
0214434180999992000060712004+08580+081250FM-12+0007VCCT V0202301N00151045001CN0200001N1+03001+02421100631ADDAA199000091GA1031+005409089GF107991031021004501071999KA1120M+03181MA1999999099751MD1999999+0371REMSYN088AAXX  07124 43418 32498 72303 10300 20242 39975 40063 8327/ 333 10318 58037 83818 87360;EQDQ01  00002PRCP99
0195434180999992000061206004+08580+081250FM-12+0007VCCT V0202701N004110054019N0200001N1+02961+02291100961ADDAA199000091GA1051+005409089GF108991051011004501071999MA1999999100081MD1999999+0131REMSYN082AAXX  12064 43418 32498 82708 10296 20229 30008 40096 8517/ 333 58013 85818 87460;EQDQ01  00002PRCP99
0197434180999992000061406004+08580+081250FM-12+0007VCCT V0203201N003610054019N0200001N1+03301+02191100981ADDAA199000091GA1081+005409029GF199999021011004501001011MA1999999100131REMSYN082AAXX  14064 43418 32498 73207 10330 20219 30013 40098 82101 333 25805 88218 87080;EQDQ01+000072SCOTCVQ02  00002PRCP99
0214434180999992000061612004+08580+081250FM-12+0007VCCT V0202301N00461105001CN0200001N1+03261+02241100541ADDAA199000091GA1021+005409089GF107991021011004501001071KA1120M+03651MA1999999099661MD1999999+0081REMSYN088AAXX  16124 43418 32498 72309 10326 20224 39966 40054 82107 333 10365 58008 82818 87280;EQDQ01  00002PRCP99
0208434180999992000061803004+08580+081250FM-12+0007VCCT V0202701N003112200019N0200001N1+02901+02291100731ADDAA199000091GA1031+090009019GF103991001001999999001011KA1120N+02641MA1999999099851MD1999999-0041REMSYN082AAXX  18034 43418 32998 32706 10290 20229 39985 40073 80001 333 20264 59004 83080;EQDQ01  00002PRCP99
0195434180999992000061806004+08580+081250FM-12+0007VCCT V0202301N00361220001CN0200001N1+03301+02191100561ADDAA199000091GA1011+005409089GF107991011011004501001011MA1999999099681MD1999999-0151REMSYN082AAXX  18064 43418 32498 72307 10330 20219 39968 40056 81101 333 59015 81818 87080;EQDQ01  00002PRCP99
0195434180999992000062206004+08580+081250FM-12+0007VCCT V0202301N00211045001CN0200001N1+03421+02261100721ADDAA199000091GA1041+005409089GF106991041011004501071001MA1999999099811MD1999999+0091REMSYN082AAXX  22064 43418 32498 62304 10342 20226 39981 40072 84170 333 58009 84818 83360;EQDQ01  00002PRCP99
0290434180999992000062212004+08580+081250FM-12+0007VCCT V0209999C000010054019N0200001N1+02641+02481100601ADDAA103019192AA209019092AY191061AY281061GA1061+005409089GA2021+005709099GA3061+030009049GF107991061091004501021011KA1120M+03651MA1999999099701MD1999999+0071MW1251REMSYN118AAXX  22124 43418 21498 70000 10264 20248 3997/ 40060 72598 86921 333 10365 58007 60197 70192 86818 82919 86460 86080;
0164434180999992000062306004+08580+081250FM-12+0007VCCT V0202301N001012200019N0200001N1+03301+02451100761ADDAA124022491GA1001+999999999GF100991001001999999001001MA1999999099881MD1999999+0031REMSYN070AAXX  23064 43418 32998 02302 10330 20245 39988 40076 333 58003 70223;
0214434180999992000070112004+08580+081250FM-12+0007VCCT V0202301N00361105001CN0200001N1+03211+02001100431ADDAA199000091GA1011+005409089GF107991011011004501001071KA1120M+03461MA1999999099551MD1999999+0041REMSYN088AAXX  01124 43418 32498 72307 10321 20200 39955 40043 81107 333 10346 58004 81818 87080;EQDQ01  00002PRCP99
0200434180999992000070312004+08580+081250FM-12+0007VCCT V0202301N003110054019N0200001N1+03161+02161100291ADDAA199000091GA1051+005409089GF108991051011004501021999KA1120M+03501MA1999999099411REMSYN088AAXX  03124 43418 32498 82306 10316 20216 39941 40029 8512/ 333 10350 25908 85818 87460;EQDQ01  00002PRCP99
0189434180999992000070506004+08580+081250FM-12+0007VCCT V0202801N003112200019N0200001N1+03361+02171100361ADDAA199000091GA1031+090009019GF103991001001999999001011MA1999999099491MD1999999-0031REMSYN076AAXX  05064 43418 32998 32806 10336 20217 39949 40036 80001 333 59003 83080;EQDQ01  00002PRCP99
0208434180999992000070512004+08580+081250FM-12+0007VCCT V0202701N002612200019N0200001N1+03301+02121100251ADDAA199000091GA1021+005409029GF104991021021004501031061KA1120M+03661MA1999999099361MD1999999-0031REMSYN082AAXX  05124 43418 32498 42705 10330 20212 39936 40025 82236 333 10366 59003 82818;EQDQ01  00002PRCP99
0195434180999992000070706004+08580+081250FM-12+0007VCCT V0202701N00361220001CN0200001N1+03381+02111100421ADDAA199000091GA1011+005409089GF105991011011004501001011MA1999999099541MD1999999-0071REMSYN082AAXX  07064 43418 32498 52707 10338 20211 39954 40042 81101 333 59007 81818 84080;EQDQ01  00002PRCP99
0189434180999992000080106004+08580+081250FM-12+0007VCCT V0202301N002610900019N0200001N1+03081+02291100751ADDAA199000091GA1071+090009089GF107991071001999999071999MA1999999099871MD1999999-0051REMSYN076AAXX  01064 43418 32998 72305 10308 20229 39987 40075 8707/ 333 59005 87280;EQDQ01  00002PRCP99
0238434180999992000080212004+08580+081250FM-12+0007VCCT V0201301N00151045001CN0200001N1+02801+02461100481ADDAA124000591AY151061AY221061GA1021+005409089GA2011+006009099GF105991031091004501031011MA1999999099591MD1999999-0031MW1031REMSYN106AAXX  02124 43418 31498 51303 10280 20246 39959 40048 70352 83931 333 00308 59003 70005 82818 81920 83360;
0214434180999992000080612004+08580+081250FM-12+0007VCCT V0202301N004110054019N0200001N1+99999+99999100551ADDAA199000091GA1051+005409089GF107991061091004501071999KA1120M+03501MA1999999099671MD1999999+0021REMSYN088AAXX  06124 43418 32498 72308 18308 20225 39967 40055 8697/ 333 10350 58002 85818 81920;EQDQ01  00002PRCP99
0195434180999992000080906004+08580+081250FM-12+0007VCCT V0202301N00461045001CN0200001N1+03101+02291100581ADDAA199000091GA1031+005409089GF106991031011004501021999MA1999999099711MD1999999-0211REMSYN082AAXX  09064 43418 32498 62309 10310 20229 39971 40058 8312/ 333 59021 83818 86460;EQDQ01  00002PRCP99
0195434180999992000081012004+08580+081250FM-12+0007VCCT V0202301N004610900019N0200001N1+03141+02271100311ADDAA199000091GA1061+090009089GF106991001001999999001011MA1999999099441MD1999999-0091REMSYN082AAXX  10124 43418 32998 62309 10314 20227 39944 40031 80001 333 00346 59009 86280;EQDQ01  00002PRCP99
0189434180999992000081106004+08580+081250FM-12+0007VCCT V0202301N002610054019N0200001N1+03441+02111100571ADDAA199000091GA1051+005409029GF105991051011004501001001MA1999999099691MD1999999+0031REMSYN076AAXX  11064 43418 32498 52305 10344 20211 39969 40057 85100 333 58003 85818;EQDQ01  00002PRCP99
0203434180999992000081406004+08580+081250FM-12+0007VCCT V0200901N000510300019N0200001N1+03341+02131101011ADDAA199000091GA1031+005409089GA2031+030009049GF107991031011004501021011MA1999999100141REMSYN088AAXX  14064 43418 32498 70901 10334 20213 30014 40101 83121 333 59802 83818 83460 87080;EQDQ01  00002PRCP99
0214434180999992000081412004+08580+081250FM-12+0007VCCT V0209999C00001220001CN0200001N1+02851+02251100781ADDAA199000091GA1031+005409089GF106991031011004501001011KA1120M+03361MA1999999099901MD1999999-0051REMSYN088AAXX  14124 43418 32498 60000 10285 20225 39990 40078 83101 333 10336 59005 83818 86080;EQDQ01  00002PRCP99
0189434180999992000081506004+08580+081250FM-12+0007VCCT V0201801N002611050019N0200001N1+03301+02151101001ADDAA199000091GA1021+005409029GF105991021021004501031061MA1999999100141MD1999999+0001REMSYN076AAXX  15064 43418 32498 51805 10330 20215 30014 4010/ 82236 333 58000 82818;EQDQ01  00002PRCP99
0195434180999992000081706004+08580+081250FM-12+0007VCCT V0202301N00311220001CN0200001N1+03241+02111100881ADDAA199000091GA1011+005409089GF105991011011004501001061MA1999999100001MD1999999-0141REMSYN082AAXX  17064 43418 32498 52306 10324 20211 30000 40088 81106 333 59014 81818 85280;EQDQ01  00002PRCP99
0209434180999992000081812004+08580+081250FM-12+0007VCCT V0202301N002110450019N0200001N1+03101+02151999999ADDAA199000021AY101061GA1011+005409089GF107991011021004501031071KA1120M+03481MA1999999092901MD1999999+0061MW1541REMSYN088AAXX  18124 43418 32498 72304 10310 20215 3929/ 7540/ 81237 333 10348 58006 81818 8336/;
0239434180999992000081912004+08580+081250FM-12+0007VCCT V0202301N003619999999N0200001N1+02921+02151100681ADDAA199000091GA1011+005409089GA2031+030009049GF107991011999004501041071MA1999999099791MD1999999+0041REMSYN094AAXX  19124 43418 32498 72307 10292 20215 39979 40068 81047 333 18318 58004 81818 83460 87280;EQDQ01+000002SCOLCGQ02  00002PRCP99
0236434180999992000082012004+08580+081250FM-12+0007VCCT V0202301N003610300019N0200001N1+03001+02031100601ADDAA199000091GA1021+005409089GA2031+030009039GF107991021011004501031071KA1120M+03301MA1999999099731MD1999999-0061REMSYN094AAXX  20124 43418 32498 72307 10300 20203 39973 40060 82137 333 10330 59006 82818 83360 87280;EQDQ01  00002PRCP99
0287434180999992000082512004+08580+081250FM-12+0007VCCT V0202301N004110240019N0200001N1+02941+02141100431ADDAA103000791AA209999999AY151061AY251061GA1041+005409089GA2061+024009049GF108991041011004501071071KA1120M+03281MA1999999099551MD1999999+0131MW1021REMSYN112AAXX  25124 43418 21498 82308 10294 20214 39955 40043 70255 84177 333 10328 58013 69907 79999 84818 86458 88280;EQDQ01  99992PRCP09
0259434180999992000082612004+08580+081250FM-12+0007VCCT V0202501N003610300019N0200001N1+02841+02131100711ADDAA103000791AA209999999AY181061AY221061GA1081+030009019GF108991081001004501021999KA1120M+03101MA1999999099831MD1999999+0281MW1031REMSYN100AAXX  26124 43418 21498 82507 10284 20213 39983 40071 70382 8802/ 333 10310 58028 69907 79999 88460;EQDQ01  99992PRCP09
0202434180999992000082712004+08580+081250FM-12+0007VCCT V0200301N003110900019N0200001N1+99999+99999100661ADDAA199000091GA1071+090009999GF107991001001999999001071KA1120M+03431MA1999999099891MD1999999-0041REMSYN076AAXX  27124 43418 32998 70306 20209 39989 40066 80007 333 10343 59004 87/80;EQDQ01  00002PRCP99
0195434180999992000082806004+08580+081250FM-12+0007VCCT V0201801N00211220001CN0200001N1+03321+02141100871ADDAA199000091GA1021+005409089GF106991021011004501001011MA1999999100001MD1999999+0001REMSYN082AAXX  28064 43418 32498 61804 10332 20214 30000 40087 82101 333 58000 82818 86080;EQDQ01  00002PRCP99
0195434180999992000082812004+08580+081250FM-12+0007VCCT V0202701N002612200019N0200001N1+03101+02121100681ADDAA199000091GA1021+005409089GF104991021011004501001011MA1999999099801MD1999999+0071REMSYN082AAXX  28124 43418 32498 42705 10310 20212 39980 40068 82101 333 58007 82818 84080;EQDQ01  00002PRCP99
0189434180999992000082906004+08580+081250FM-12+0007VCCT V0202701N004110300019N0200001N1+03221+02231100831ADDAA199000091GA1081+030009019GF108991081001012501021999MA1999999099951MD1999999-0051REMSYN076AAXX  29064 43418 32698 82708 10322 20223 39995 40083 8802/ 333 59005 88460;EQDQ01  00002PRCP99
0189434180999992000083006004+08580+081250FM-12+0007VCCT V0202701N003112200019N0200001N1+03451+02161100851ADDAA199000091GA1011+004809029GF102991011011004501001011MA1999999099971MD1999999+0021REMSYN076AAXX  30064 43418 32498 22706 10345 20216 39997 40085 81101 333 58002 81816;EQDQ01  00002PRCP99
0195434180999992000090206004+08580+081250FM-12+0007VCCT V0202701N00151220001CN0200001N1+03541+01981100741ADDAA199000091GA1011+005409089GF106991011011004501001011MA1999999099861MD1999999-0101REMSYN082AAXX  02064 43418 32498 62703 10354 20198 39986 40074 81101 333 59010 81818 86080;EQDQ01  00002PRCP99
0214434180999992000090312004+08580+081250FM-12+0007VCCT V0202301N00261220001CN0200001N1+03251+02031100641ADDAA199000091GA1011+005409089GF105991011011004501001011KA1120M+03681MA1999999099761MD1999999+0111REMSYN088AAXX  03124 43418 32498 52305 10325 20203 39976 40064 81101 333 10368 58011 81818 85080;EQDQ01  00002PRCP99
0189434180999992000090806004+08580+081250FM-12+0007VCCT V0202701N001012200019N0029001N1+03581+02021100971ADDAA199000091GA1021+004809029GF102991021011004501001011MA1999999100091MD1999999+0111REMSYN076AAXX  08064 43418 32429 22702 10358 20202 30009 40097 82101 333 58011 82816;EQDQ01  00002PRCP99
0198434180999992000091312004+08580+081250FM-12+0007VCCT V0200901N003119999999N0200001N1+02901+99999999999ADDAA199000091GA1031+005409089GF106991999999004501999999KA1120M+03581MD1999999+0001REMSYN087AAXX  13124 43418 32498 60906 10290 2247 39970 40058 83101 333 10358 58000 83818 86080;EQDQ01  00002PRCP99
0195434180999992000091406004+08580+081250FM-12+0007VCCT V0202301N001012200019N0200001N1+03441+02181100811ADDAA199000091GA1021+005409089GF104991021011004501001011MA1999999099931MD1999999+0021REMSYN082AAXX  14064 43418 32498 42302 10344 20218 39993 40081 82101 333 58002 82818 84080;EQDQ01  00002PRCP99
0195434180999992000091806004+08580+081250FM-12+0007VCCT V0202301N00261220001CN0200001N1+03301+02221100741ADDAA199000091GA1031+005409089GF107991031011004501001011MA1999999099861MD1999999-0081REMSYN082AAXX  18064 43418 32498 72305 10330 20222 39986 40074 83101 333 59008 83818 86460;EQDQ01  00002PRCP99
0176434180999992000091906004+08580+081250FM-12+0007VCCT V0209999C000012200019N0200001N1+03381+02181100661ADDAA124000591GA1031+005409029GF104991031011004501001011MA1999999099791MD1999999-0071REMSYN082AAXX  19064 43418 32498 40000 10338 20218 39979 40066 83101 333 59007 70005 83818;
0268434180999992000092012004+08580+081250FM-12+0007VCCT V0203201N001010048019N0100001N1+02401+02371100671ADDAA103036192AA209036092AY191061AY291061GA1021+004509079GA2061+004809089GF108991071091004501999999KA1120M+03501MA1999999099791MD1999999+0121MW1951REMSYN112AAXX  20124 43418 21497 83202 10240 20237 39979 40067 79599 879// 333 10350 58012 60367 70359 82715 86816 84918;
0182434180999992000092306004+08580+081250FM-12+0007VCCT V0202301N00101220001CN0200001N1+03201+02401100931ADDAA124011791GA1031+005409089GF106991031011004501001011MA1999999100061MD1999999+0041REMSYN088AAXX  23064 43418 32498 62302 10320 20240 30006 40093 83101 333 58004 70118 83818 86080;
0182434180999992000092506004+08580+081250FM-12+0007VCCT V0209999C00001105001CN0200001N1+02841+02381100911ADDAA124011991GA1041+005409089GF107991041021004501001061MA1999999100041MD1999999+0011REMSYN088AAXX  25064 43418 32498 70000 10284 20238 30004 40091 84206 333 58001 70120 84818 87280;
0201434180999992000092512004+08580+081250FM-12+0007VCCT V0200901N00051105001CN0200001N1+02701+02411100641ADDAA124011991GA1021+005409089GF106991021021004501031061KA1120M+02941MA1999999099761MD1999999+0021REMSYN094AAXX  25124 43418 32498 60901 10270 20241 39976 40064 82236 333 10294 58002 70120 82818 85080;
0182434180999992000092606004+08580+081250FM-12+0007VCCT V0202701N00101045001CN0200001N1+03041+02411100991ADDAA124000591GA1041+005409089GF107991041021004501071999MA1999999100111MD1999999+0071REMSYN088AAXX  26064 43418 32498 72702 10304 20241 30011 40099 8427/ 333 58007 70004 84818 87360;
0246434180999992000092612004+08580+081250FM-12+0007VCCT V0201301N001510054019N0200001N1+02761+02471100751ADDAA103000191AA209000291AY181061AY291061GA1061+005409089GF107991071091004501999999KA1120M+03161MA1999999099881MD1999999+0121MW1291REMSYN106AAXX  26124 43418 21498 71303 10276 20247 39988 40075 72989 879// 333 10316 58012 69927 70006 86818 81920;
0265434180999992000092712004+08580+081250FM-12+0007VCCT V0202701N00101045001CN0200001N1+02561+02291100881ADDAA103005192AA209005092AY191061AY281061GA1031+005409089GF107991031021004501031061KA1120M+99999MA1999999100011MD1999999+0131MW1251REMSYN106AAXX  27124 43418 21498 72702 10256 20229 30001 40088 72598 83236 333 10225 58013 60057 70104 83818 85360;EQDQ01 +02252ATMX  
0214434180999992000092812004+08580+081250FM-12+0007VCCT V0202701N00211220001CN0200001N1+03151+02171100731ADDAA199000091GA1011+005409089GF105991011011004501001061KA1120M+03481MA1999999099851MD1999999-0161REMSYN088AAXX  28124 43418 32498 52704 10315 20217 39985 40073 81106 333 10348 59016 81818 85080;EQDQ01  00002PRCP99
0214434180999992000092912004+08580+081250FM-12+0007VCCT V0202301N00151045001CN0200001N1+03031+02291100741ADDAA199000091GA1041+005409089GF107991041021004501031061KA1120M+03451MA1999999099861MD1999999+0011REMSYN088AAXX  29124 43418 32498 72303 10303 20229 39986 40074 84236 333 10345 58001 84818 86080;EQDQ01  00002PRCP99
0182434180999992000100106004+08580+081250FM-12+0007VCCT V0202301N00211045001CN0200001N1+02941+02231101021ADDAA124002891GA1031+005409089GF107991031021004501071061MA1999999100151MD1999999+0021REMSYN088AAXX  01064 43418 32498 72304 10294 20223 30015 40102 83276 333 58002 70027 83818 86360;
0223434180999992000100112004+08580+081250FM-12+0007VCCT V0202301N002610300019N0200001N1+02721+02181100901ADDAA124000191GA1011+005409089GA2061+030009039GF108991011011004501071071KA1120M+03171MA1999999100031MD1999999+0121REMSYN100AAXX  01124 43418 32498 82305 10272 20218 30003 40090 81177 333 10317 58012 70001 81818 86360 88280;
0217434180999992000100206004+08580+081250FM-12+0007VCCT V0201801N00151045001CN0200001N1+02961+02261101151ADDAA199000091GA1011+005409089GA2031+008409069GF107991041081004501071061MA1999999100271MD1999999+0121REMSYN088AAXX  02064 43418 32498 71803 10296 20226 30027 40115 84876 333 58012 81818 83628 83360;EQDQ01  00002PRCP99
0236434180999992000100212004+08580+081250FM-12+0007VCCT V0202301N002610300019N0200001N1+02901+02161100861ADDAA199000091GA1021+005409089GA2031+030009039GF107991021021004501071061KA1120M+03211MA1999999099981MD1999999-0051REMSYN094AAXX  02124 43418 32498 72305 10290 20216 39998 40086 82276 333 10321 59005 82818 83360 87280;EQDQ01  00002PRCP99
0195434180999992000100306004+08580+081250FM-12+0007VCCT V0201601N00101045001CN0200001N1+03261+02341101011ADDAA199000091GA1031+005409089GF107991031011004501031999MA1999999100141MD1999999-0131REMSYN082AAXX  03064 43418 32498 71602 10326 20234 30014 40101 8313/ 333 59013 83818 86360;EQDQ01  00002PRCP99
0214434180999992000100312004+08580+081250FM-12+0007VCCT V0202701N00151045001CN0200001N1+03151+02191100781ADDAA199000091GA1031+005409089GF106991031021004501031001KA1120M+03481MA1999999099911MD1999999-0071REMSYN088AAXX  03124 43418 32498 62703 10315 20219 39991 40078 83230 333 10348 59007 83818 85360;EQDQ01  00002PRCP99
0195434180999992000100406004+08580+081250FM-12+0007VCCT V0202301N00151220001CN0200001N1+03381+02381100931ADDAA199000091GA1021+005409089GF106991021011004501001061MA1999999100051MD1999999-0091REMSYN082AAXX  04064 43418 32498 62303 10338 20238 30005 40093 82106 333 59009 82818 85080;EQDQ01  00002PRCP99
0236434180999992000100412004+08580+081250FM-12+0007VCCT V0202301N001010060019N0200001N1+03211+02331100711ADDAA199000091GA1041+005409089GA2011+006009099GF106991051091004501001061KA1120M+03581MA1999999099831MD1999999-0081REMSYN094AAXX  04124 43418 32498 62302 10321 20233 39983 40071 85906 333 10358 59008 84818 81920 85080;EQDQ01  00002PRCP99
0238434180999992000100506004+08580+081250FM-12+0007VCCT V0201301N001010084019N0100001N1+02681+02431101051ADDAA103999929AY181061AY251061GA1031+005409089GA2041+008409069GF108991051081004501071999MA1999999100201MD1999999+0151MW1801REMSYN106AAXX  05064 43418 21497 81302 10268 20243 30020 40105 78085 8587/ 333 58015 69907 70028 83818 84628 87460;
0246434180999992000100512004+08580+081250FM-12+0007VCCT V0202701N001010054019N0040001N1+02461+02371100921ADDAA102026991AA209027091AY191061AY281061GA1061+005409089GF108991081091004501999999KA1120M+03211MA1999999100041MD1999999+0211MW1951REMSYN106AAXX  05124 43418 21496 82702 10246 20237 30004 40092 79598 889// 333 10321 58021 60276 70299 86818 82920;
0176434180999992000100706004+08580+081250FM-12+0007VCCT V0203101N000510054019N0200001N1+02961+02351101011ADDAA124001891GA1071+005409029GF107991071021004501071999MA1999999100141MD1999999-0061REMSYN082AAXX  07064 43418 32498 73101 10296 20235 30014 40101 8727/ 333 59006 70018 87818;
0246434180999992000100712004+08580+081250FM-12+0007VCCT V0202301N00101045001CN0200001N1+02421+02301100801ADDAA103023991AA209024091AY191061AY281061GA1031+005409089GF106991031021004501071999KA1120M+03031MA1999999099931MD1999999+0021MW1031REMSYN106AAXX  07124 43418 21498 62302 10242 20230 39993 40080 70398 8327/ 333 10303 58002 60247 70306 83818 85360;
0182434180999992000100806004+08580+081250FM-12+0007VCCT V0202701N00151220001CN0200001N1+03151+02431100951ADDAA124030591GA1041+005409089GF106991041021004501001011MA1999999100081MD1999999-0061REMSYN088AAXX  08064 43418 32498 62703 10315 20243 30008 40095 84201 333 59006 70305 84818 85080;
0246434180999992000100812004+08580+081250FM-12+0007VCCT V0203101N00151045001CN0200001N1+02521+02411100701ADDAA103001091AA209001091AY191061AY281061GA1031+005409089GF107991031021004501011999KA1120M+03281MA1999999099811MD1999999-0121MW1031REMSYN106AAXX  08124 43418 21498 73103 10252 20241 39981 40070 70398 8321/ 333 10328 59012 60017 70120 83818 87460;
0182434180999992000100906004+08580+081250FM-12+0007VCCT V0202501N00261045001CN0200001N1+03051+02331100811ADDAA124011991GA1031+005409089GF107991031021004501031061MA1999999099941MD1999999-0141REMSYN088AAXX  09064 43418 32498 72505 10305 20233 39994 40081 83236 333 59014 70120 83818 86360;
0214434180999992000100912004+08580+081250FM-12+0007VCCT V0202701N00261220001CN0200001N1+03001+02171100591ADDAA199000091GA1011+005409089GF105991011011004501001061KA1120M+03251MA1999999099721MD1999999-0091REMSYN088AAXX  09124 43418 32498 52705 10300 20217 39972 40059 81106 333 10325 59009 81818 85080;EQDQ01  00002PRCP99
0195434180999992000101006004+08580+081250FM-12+0007VCCT V0202501N00311105001CN0200001N1+03221+02321100931ADDAA199000091GA1021+005409089GF106991021011004501031061MA1999999100061MD1999999+0121REMSYN082AAXX  10064 43418 32498 62506 10322 20232 30006 40093 82136 333 58012 82818 86080;EQDQ01  00002PRCP99
0214434180999992000101012004+08580+081250FM-12+0007VCCT V0202301N00051220001CN0200001N1+03081+02331100701ADDAA199000091GA1031+005409089GF106991031021004501001061KA1120M+03391MA1999999099811MD1999999+0091REMSYN088AAXX  10124 43418 32498 62301 10308 20233 39981 40070 83206 333 10339 58009 83818 85080;EQDQ01  00002PRCP99
0189434180999992000101106004+08580+081250FM-12+0007VCCT V0202301N002112200019N0200001N1+03221+02391100971ADDAA199000091GA1021+005409029GF103991021011004501001011MA1999999100101MD1999999+0041REMSYN076AAXX  11064 43418 32498 32304 10322 20239 30010 40097 82101 333 58004 82818;EQDQ01  00002PRCP99
0214434180999992000101112004+08580+081250FM-12+0007VCCT V0202701N00261220001CN0200001N1+03161+02291100751ADDAA199000091GA1021+005409089GF106991021021004501001061KA1120M+03431MA1999999099871MD1999999+0061REMSYN088AAXX  11124 43418 32498 62705 10316 20229 39987 40075 82206 333 10343 58006 82818 85280;EQDQ01  00002PRCP99
0195434180999992000101206004+08580+081250FM-12+0007VCCT V0202301N003112200019N0200001N1+03261+02341101031ADDAA199000091GA1011+005409089GF103991011011004501001011MA1999999100151MD1999999+0051REMSYN082AAXX  12064 43418 32498 32306 10326 20234 30015 40103 81101 333 58005 81818 83080;EQDQ01  00002PRCP99
0230434180999992000101212004+08580+081250FM-12+0007VCCT V0202301N003619999999N0200001N1+03001+02271100741ADDAA199000091GA1021+009009069GF108991021999999999031071KA1120M+03381MA1999999099861MD1999999-0011REMSYN088AAXX  12124 43418 32998 82307 10300 20227 39986 40074 82037 333 10338 59001 82630 88280;EQDQ01+000002SCOLCGQ02  00002PRCP99
0216434180999992000101306004+08580+081250FM-12+0007VCCT V0202301N00151045001CN0200001N1+02621+02361100921ADDAA103001091AY181061AY221061GA1011+005409089GF107991011011004501071999MA1999999100041MD1999999-0111MW1021REMSYN100AAXX  13064 43418 21498 72303 10262 20236 30004 40092 70282 8117/ 333 59011 60017 70010 81818 87460;
0223434180999992000101312004+08580+081250FM-12+0007VCCT V0202701N001510900019N0200001N1+02901+02251100611ADDAA124001591AY181061AY221061GA1071+090009089GF107991001001999999001061KA1120M+03101MA1999999099731MD1999999-0131MW1021REMSYN094AAXX  13124 43418 31998 72703 10290 20225 39973 40061 70282 80006 333 10310 59013 70015 87280;
0182434180999992000101406004+08580+081250FM-12+0007VCCT V0203101N002610054019N0200001N1+03211+02411100731ADDAA124000591GA1061+005409089GF107991061011004501001061MA1999999099851MD1999999-0191REMSYN088AAXX  14064 43418 32498 73105 10321 20241 39985 40073 86106 333 59019 70005 86818 85280;
0246434180999992000101412004+08580+081250FM-12+0007VCCT V0201801N000510054019N0040001N1+02701+02411100581ADDAA103002091AA209002091AY191061AY281061GA1071+005409089GF108991081091004501999999KA1120M+03321MA1999999099741MD1999999+0011MW1801REMSYN106AAXX  14124 43418 21496 81801 10270 20241 39974 40058 78098 889// 333 10332 58001 60027 70018 87818 81920;
0176434180999992000101506004+08580+081250FM-12+0007VCCT V0202901N002112200019N0200001N1+03201+02461100761ADDAA124006991GA1011+005409029GF102991011011004501001011MA1999999099881MD1999999+0031REMSYN082AAXX  15064 43418 32498 22904 10320 20246 39988 40076 81101 333 58003 70069 81818;
0201434180999992000101512004+08580+081250FM-12+0007VCCT V0202301N002112200019N0200001N1+02951+02031100551ADDAA124005191GA1011+005409089GF103991011091004501001061KA1120M+03381MA1999999099671MD1999999-0071REMSYN094AAXX  15124 43418 32498 32304 10295 20203 39967 40055 81906 333 10338 59007 70051 81818 81920;
0195434180999992000101606004+08580+081250FM-12+0007VCCT V0202701N001519999999N0200001N1+03241+02321100721ADDAA199000091GA1011+024009039GF106991011001999999031011MA1999999099841MD1999999-0041REMSYN082AAXX  16064 43418 32998 62703 10324 20232 39984 40072 81031 333 59004 81358 86080;EQDQ01  00002PRCP99
0246434180999992000101612004+08580+081250FM-12+0007VCCT V0202701N00101004201CN0200001N1+02431+02231100591ADDAA103004192AA209004092AY191061AY291061GA1021+005409089GF107991051091004501999999KA1120M+03401MA1999999099721MD1999999+0051MW1171REMSYN106AAXX  16124 43418 21498 72702 10243 20223 39972 40059 71799 859// 333 10340 58005 60047 70037 82818 84919;
0182434180999992000101706004+08580+081250FM-12+0007VCCT V0202701N00151220001CN0200001N1+03161+02391100651ADDAA124003891GA1021+005409089GF106991021011004501001011MA1999999099781MD1999999-0061REMSYN088AAXX  17064 43418 32498 62703 10316 20239 39978 40065 82101 333 59006 70037 82818 86080;
0224434180999992000101812004+08580+081250FM-12+0007VCCT V0202501N003619999999N0200001N1+03051+02251100431ADDAA199000091GA1031+090009019GF108991001001999999001011KA1120M+03401MA1999999099561MD1999999+0091REMSYN082AAXX  18124 43418 32498 82507 10305 20225 39956 40043 80001 333 10340 58009 83080;EQDQ01+004502SCOLCBQ02  00002PRCP99
0189434180999992000101906004+08580+081250FM-12+0007VCCT V0202501N003112200019N0200001N1+03321+02361100701ADDAA199000091GA1011+004809029GF101991011011004501001001MA1999999099811MD1999999+0041REMSYN076AAXX  19064 43418 32498 12506 10332 20236 39981 40070 81100 333 58004 81816;EQDQ01  00002PRCP99
0214434180999992000101912004+08580+081250FM-12+0007VCCT V0202701N00261105001CN0200001N1+03081+02231100541ADDAA199000091GA1011+004809089GF106991011011004501001071KA1120M+03471MA1999999099661MD1999999+0101REMSYN088AAXX  19124 43418 32498 62705 10308 20223 39966 40054 81107 333 10347 58010 81816 86280;EQDQ01  00002PRCP99
0195434180999992000102006004+08580+081250FM-12+0007VCCT V0202001N00311220001CN0200001N1+03251+02421100881ADDAA199000091GA1011+004809089GF105991011011004501001011MA1999999100001MD1999999+0191REMSYN082AAXX  20064 43418 32498 52006 10325 20242 30000 40088 81101 333 58019 81816 85080;EQDQ01  00002PRCP99
0208434180999992000102012004+08580+081250FM-12+0007VCCT V0202701N002612200019N0200001N1+03101+02171100681ADDAA199000091GA1031+090009019GF103991001001999999001011KA1120M+03431MA1999999099801MD1999999+0141REMSYN082AAXX  20124 43418 32998 32705 10310 20217 39980 40068 80001 333 10343 58014 83080;EQDQ01  00002PRCP99
0177434180999992000102106004+08580+081250FM-12+0007VCCT V0202701N003112200019N0200001N1+03331+02131100931ADDAA199000091GA1001+999999999GF100991001001999999001001MA1999999100051MD1999999+0051REMSYN064AAXX  21064 43418 32998 02706 10333 20213 30005 40093 333 58005;EQDQ01  00002PRCP99
0208434180999992000102112004+08580+081250FM-12+0007VCCT V0202701N002112200019N0200001N1+03081+02131100711ADDAA199000091GA1041+090009019GF104991001001999999001011KA1120M+03481MA1999999099821MD1999999+0021REMSYN082AAXX  21124 43418 32998 42704 10308 20213 39982 40071 80001 333 10348 58002 84080;EQDQ01  00002PRCP99
0205434180999992000102206004+08580+081250FM-12+0007VCCT V0202701N002610240019N0200001N1+03141+02231100901ADDAA199000091GA1061+024009079GF107991061999022501031011MA1999999100021MD1999999-0031REMSYN076AAXX  22064 43418 32898 72705 10314 20223 30002 40090 86031 333 59003 86358;EQDQ01  00002PRCP99Q02    003SCOLCG
0242434180999992000102312004+08580+081250FM-12+0007VCCT V0203201N001010054019N0200001N1+02851+02371100751ADDAA199000091AY191061AY221061GA1051+005409089GF108991061091004501999999KA1120M+03501MA1999999099871MD1999999+0071MW1171REMSYN094AAXX  23124 43418 31498 83202 10285 20237 39987 40075 71792 869// 333 10350 58007 85818 84919;EQDQ01  00002PRCP99
0189434180999992000102406004+08580+081250FM-12+0007VCCT V0203201N001510054019N0200001N1+03201+02271100941ADDAA199000091GA1051+005409029GF105991051011004501001011MA1999999100061MD1999999+0111REMSYN076AAXX  24064 43418 32498 53203 10320 20227 30006 40094 85101 333 58011 85818;EQDQ01  00002PRCP99
0251434180999992000102412004+08580+081250FM-12+0007VCCT V0203201N00101005701CN0200001N1+02581+02321100871ADDAA124000391AY191061AY281061GA1031+005409089GA2021+005709099GF106991031091004501061031KA1120M+03401MA1999999100001MD1999999+0131MW1031REMSYN106AAXX  24124 43418 31498 63202 10258 20232 30000 40087 70398 83963 333 10340 58013 70003 83818 82919 83080;
0214434180999992000102512004+08580+081250FM-12+0007VCCT V0203201N000519999999N0200001N1+02801+02331100881ADDAA199000091GA1011+024009039GF106991011001999999061031KA1120M+03131MA1999999100011MD1999999+0011REMSYN088AAXX  25124 43418 32998 63201 10280 20233 30001 40088 81063 333 10313 58001 81358 86080;EQDQ01  00002PRCP99
0195434180999992000102606004+08580+081250FM-12+0007VCCT V0203201N00101220001CN0200001N1+03021+02151101011ADDAA199000091GA1031+005409089GF106991031011004501001011MA1999999100141MD1999999-0051REMSYN082AAXX  26064 43418 32498 63202 10302 20215 30014 40101 83101 333 59005 83818 86080;EQDQ01  00002PRCP99
0214434180999992000102612004+08580+081250FM-12+0007VCCT V0203401N00101105001CN0200001N1+02841+02091100821ADDAA199000091GA1011+005409089GF106991011011004501001031KA1120M+03231MA1999999099941MD1999999-0071REMSYN088AAXX  26124 43418 32498 63402 10284 20209 39994 40082 81103 333 10323 59007 81818 86080;EQDQ01  00002PRCP99
0208434180999992000102712004+08580+081250FM-12+0007VCCT V0200901N001012200019N0200001N1+02901+01991100781ADDAA199000091GA1021+090009089GF102991001001999999001061KA1120M+03271MA1999999099911MD1999999-0031REMSYN082AAXX  27124 43418 32998 20902 10290 20199 39991 40078 80006 333 10327 59003 82280;EQDQ01  00002PRCP99
0189434180999992000102806004+08580+081250FM-12+0007VCCT V0203401N000512200019N0200001N1+03251+01931101131ADDAA199000091GA1021+005409029GF102991021011004501001001MA1999999100251MD1999999+0141REMSYN076AAXX  28064 43418 32498 23401 10325 20193 30025 40113 82100 333 58014 82818;EQDQ01  00002PRCP99
0208434180999992000102812004+08580+081250FM-12+0007VCCT V0200901N000512200019N0200001N1+02861+02371100911ADDAA199000091GA1011+005409029GF101991011011004501001001KA1120M+03381MA1999999100031MD1999999+0121REMSYN082AAXX  28124 43418 32498 10901 10286 20237 30003 40091 81100 333 10338 58012 81818;EQDQ01  00002PRCP99
0189434180999992000102906004+08580+081250FM-12+0007VCCT V0201301N001012200019N0200001N1+03121+02311101181ADDAA199000091GA1021+005409029GF102991021021004501001001MA1999999100301MD1999999+0051REMSYN076AAXX  29064 43418 32498 21302 10312 20231 30030 40118 82200 333 58005 82818;EQDQ01  00002PRCP99
0189434180999992000103006004+08580+081250FM-12+0007VCCT V0200501N000512200019N0200001N1+03161+02291101031ADDAA199000091GA1011+005409029GF101991011011004501001001MA1999999100161MD1999999-0141REMSYN076AAXX  30064 43418 32498 10501 10316 20229 30016 40103 81100 333 59014 81818;EQDQ01  00002PRCP99
0208434180999992000103012004+08580+081250FM-12+0007VCCT V0200901N001512200019N0200001N1+02901+02321100841ADDAA199000091GA1041+005409029GF104991041011004501001001KA1120M+03331MA1999999099961MD1999999-0141REMSYN082AAXX  30124 43418 32498 40903 10290 20232 39996 40084 84100 333 10333 59014 84818;EQDQ01  00002PRCP99
0189434180999992000103106004+08580+081250FM-12+0007VCCT V0200701N001012200019N0200001N1+03161+02161100981ADDAA199000091GA1011+005409029GF101991011011004501001001MA1999999100101MD1999999-0061REMSYN076AAXX  31064 43418 32498 10702 10316 20216 30010 40098 81100 333 59006 81818;EQDQ01  00002PRCP99
0214434180999992000103112004+08580+081250FM-12+0007VCCT V0200501N00051009001CN0200001N1+02901+02321100741ADDAA199000091GA1031+005409089GF107991071081004501999999KA1120M+03231MA1999999099861MD1999999-0101REMSYN088AAXX  31124 43418 32498 70501 10290 20232 39986 40074 878// 333 10323 59010 83818 85628;EQDQ01  00002PRCP99
0189434180999992000110106004+08580+081250FM-12+0007VCCT V0200501N000510450019N0200001N1+03121+02281101001ADDAA199000091GA1021+005409029GF106991021021004501031001MA1999999100131MD1999999+0031REMSYN076AAXX  01064 43418 32498 60501 10312 20228 30013 40100 82230 333 58003 82818;EQDQ01  00002PRCP99
0214434180999992000110112004+08580+081250FM-12+0007VCCT V0209999C000010054019N0200001N1+02851+02351100771ADDAA199000091GA1051+005409089GF106991051021004501071999KA1120M+03221MA1999999099901MD1999999+0041REMSYN088AAXX  01124 43418 32498 60000 10285 20235 39990 40077 8527/ 333 10322 58004 85818 84360;EQDQ01  00002PRCP99
0195434180999992000110206004+08580+081250FM-12+0007VCCT V0200901N00101045001CN0200001N1+03021+02291101031ADDAA199000091GA1041+005409089GF105991041021004501031001MA1999999100181MD1999999+0051REMSYN082AAXX  02064 43418 32498 50902 10302 20229 30018 40103 84230 333 58005 84818 83360;EQDQ01  00002PRCP99
0189434180999992000110306004+08580+081250FM-12+0007VCCT V0200701N000512200019N0200001N1+03141+02301101191ADDAA199000091GA1031+005409029GF103991031021004501001001MA1999999100311MD1999999+0131REMSYN076AAXX  03064 43418 32498 30701 10314 20230 30031 40119 83200 333 58013 83818;EQDQ01  00002PRCP99
0208434180999992000110312004+08580+081250FM-12+0007VCCT V0200701N001012200019N0200001N1+02851+02261101001ADDAA199000091GA1011+090009019GF101991001001999999001011KA1120M+03291MA1999999100121MD1999999+0151REMSYN082AAXX  03124 43418 32998 10702 10285 20226 30012 40100 80001 333 10329 58015 81080;EQDQ01  00002PRCP99
0189434180999992000110406004+08580+081250FM-12+0007VCCT V0200901N000512200019N0200001N1+03141+02431101281ADDAA199000091GA1031+005409029GF103991031021004501001001MA1999999100391MD1999999+0081REMSYN076AAXX  04064 43418 32498 30901 10314 20243 30039 40128 83200 333 58008 83818;EQDQ01  00002PRCP99
0208434180999992000110412004+08580+081250FM-12+0007VCCT V0200901N001512200019N0200001N1+02901+02441101051ADDAA199000091GA1031+005409029GF103991031021004501001061KA1120M+03291MA1999999100191MD1999999+0071REMSYN082AAXX  04124 43418 32498 30903 10290 20244 30019 40105 83206 333 10329 58007 83818;EQDQ01  00002PRCP99
0176434180999992000110506004+08580+081250FM-12+0007VCCT V0200901N001510054019N0200001N1+03001+02461101151ADDAA124001891GA1071+005409029GF107991071021004501001061MA1999999100281MD1999999-0111REMSYN082AAXX  05064 43418 32498 70903 10300 20246 30028 40115 87206 333 59011 70017 87818;
0229434180999992000110512004+08580+081250FM-12+0007VCCT V0200901N00051105001CN0200001N1+02821+02261100911ADDAA124001891AY181061AY221061GA1011+005409089GF107991011021004501001061KA1120M+03121MA1999999100041MD1999999-0151MW1031REMSYN100AAXX  05124 43418 31498 70901 10282 20226 30004 40091 70382 81206 333 10312 59015 70017 81818 87280;
0182434180999992000110606004+08580+081250FM-12+0007VCCT V0203601N001010054019N0200001N1+03001+02401100971ADDAA124000791GA1051+005409089GF107991051021004501001061MA1999999100091MD1999999-0191REMSYN088AAXX  06064 43418 32498 73602 10300 20240 30009 40097 85206 333 59019 79999 85818 86280;
0182434180999992000110706004+08580+081250FM-12+0007VCCT V0200501N00051045001CN0200001N1+02861+02491101031ADDAA124016091GA1041+005409089GF105991041021004501031011MA1999999100151MD1999999+0061REMSYN088AAXX  07064 43418 32498 50501 10286 20249 30015 40103 84231 333 58006 70159 84818 83360;
0229434180999992000110712004+08580+081250FM-12+0007VCCT V0200901N00051045001CN0200001N1+02721+02401100801ADDAA124016091AY181061AY221061GA1041+005409089GF107991041021004501071061KA1120M+03041MA1999999099921MD1999999+0001MW1031REMSYN100AAXX  07124 43418 31498 70901 10272 20240 39992 40080 70382 84276 333 10304 58000 70159 84818 86360;
0223434180999992000110812004+08580+081250FM-12+0007VCCT V0200901N001510300019N0200001N1+02721+02371100831ADDAA124024991GA1021+005409089GA2031+030009039GF107991021021004501031061KA1120M+02901MA1999999099951MD1999999+0031REMSYN100AAXX  08124 43418 32498 70903 10272 20237 39995 40083 82236 333 10290 58003 70250 82818 83360 87280;
0182434180999992000110906004+08580+081250FM-12+0007VCCT V0203601N001010054019N0200001N1+03001+02431100981ADDAA124002091GA1051+005409089GF106991051021004501001011MA1999999100101MD1999999-0101REMSYN088AAXX  09064 43418 32498 63602 10300 20243 30010 40098 85201 333 59010 70021 85818 83080;
0195434180999992000111412004+08580+081250FM-12+0007VCCT V0200901N001010054019N0200001N1+02781+02341100761ADDAA124003391GA1051+005409029GF105991051011004501001011KA1120M+03061MA1999999099881MD1999999+0121REMSYN088AAXX  14124 43418 32498 50902 10278 20234 39988 40076 85101 333 10306 58012 70032 85818;
0201434180999992000111512004+08580+081250FM-12+0007VCCT V0200901N00211220001CN0200001N1+02761+02231100831ADDAA124016091GA1011+005409089GF107991011011004501001011KA1120M+03101MA1999999099961MD1999999+0081REMSYN094AAXX  15124 43418 32498 70904 10276 20223 39996 40083 81101 333 10310 58008 70159 81818 87080;
0182434180999992000111606004+08580+081250FM-12+0007VCCT V0201101N00211220001CN0200001N1+02821+02321101031ADDAA124000791GA1041+005409089GF107991041011004501001011MA1999999100161MD1999999+0051REMSYN088AAXX  16064 43418 32498 71104 10282 20232 30016 40103 84101 333 58005 79999 84818 85080;
0216434180999992000111706004+08580+081250FM-12+0007VCCT V0200901N00261045001CN0200001N1+02741+02511100841ADDAA103011091AY181061AY221061GA1041+005409089GF107991041011004501071011MA1999999099971MD1999999-0191MW1251REMSYN100AAXX  17064 43418 21498 70905 10274 20251 39997 40084 72582 84171 333 59019 60117 70316 84818 83360;
0249434180999992000111709004+08580+081250FM-12+0007VCCT V0200501N002110054019N0200001N1+02841+02531100641ADDAA103000791AA206999929AY181031AY221031GA1051+005409089GA2041+030009039GF107991051011004501071011MA1999999099761MD1999999-0161MW1251REMSYN106AAXX  17094 43418 21498 70504 10284 20253 39976 40064 72582 85171 333 59016 69907 70316 85818 84360 85080;
0246434180999992000111712004+08580+081250FM-12+0007VCCT V0200901N003610054019N0200001N1+02661+02311100731ADDAA103001091AA209001091AY181061AY221061GA1051+005409089GF108991051011004501071999KA1120M+02931MA1999999099861MD1999999-0091MW1251REMSYN106AAXX  17124 43418 21498 80907 10266 20231 39986 40073 72582 8517/ 333 10293 59009 60017 70331 85818 86360;
0216434180999992000111806004+08580+081250FM-12+0007VCCT V0200901N003610054019N0200001N1+02521+02401100821ADDAA103011091AY181061AY221061GA1061+005409089GF108991061011004501021999MA1999999099941MD1999999-0031MW1251REMSYN100AAXX  18064 43418 21498 80907 10252 20240 39994 40082 72582 8612/ 333 59003 60117 70710 86818 87460;
0246434180999992000111812004+08580+081250FM-12+0007VCCT V0200901N002610048019N0040001N1+02521+02341100671ADDAA103005192AA209005092AY181061AY281061GA1061+004809089GF108991061011004501021999KA1120M+02591MA1999999099791MD1999999-0071MW1801REMSYN106AAXX  18124 43418 21496 80905 10252 20234 39979 40067 78088 8612/ 333 10259 59007 60057 70816 86816 87460;
0216434180999992000111906004+08580+081250FM-12+0007VCCT V0200901N002110054019N0100001N1+02521+02431100911ADDAA103000891AY181061AY221061GA1051+005409089GF108991051011004501021999MA1999999100031MD1999999+0091MW1801REMSYN100AAXX  19064 43418 21497 80904 10252 20243 30003 40091 78082 8512/ 333 58009 69987 70443 85818 87460;
0246434180999992000111912004+08580+081250FM-12+0007VCCT V0200901N002110048019N0100001N1+02601+02451100681ADDAA103005192AA209005092AY181061AY221061GA1061+004809089GF108991061011004501041999KA1120M+02721MA1999999099801MD1999999+0011MW1801REMSYN106AAXX  19124 43418 21497 80904 10260 20245 39980 40068 78082 8614/ 333 10272 58001 60057 70394 86816 87460;
0216434180999992000112006004+08580+081250FM-12+0007VCCT V0200901N002110048019N0100001N1+02521+02431100851ADDAA103999929AY121061AY221061GA1061+004809089GF108991061011004501021999MA1999999099981MD1999999-0051MW1801REMSYN100AAXX  20064 43418 41497 80904 10252 20243 39998 40085 78022 8612/ 333 59005 69907 70264 86816 87460;
0246434180999992000112012004+08580+081250FM-12+0007VCCT V0201801N001010048019N0040001N1+02401+02281100811ADDAA103004192AA209004092AY121061AY221061GA1061+004809089GF108991061011004501021999KA1120M+02731MA1999999099931MD1999999+0131MW1801REMSYN106AAXX  20124 43418 21496 81802 10240 20228 39993 40081 78022 8612/ 333 10273 58013 60047 70269 86816 87460;
0176434180999992000112106004+08580+081250FM-12+0007VCCT V0200901N001012200019N0200001N1+02861+02461100911ADDAA124010491GA1041+005409029GF104991041011004501001001MA1999999100031MD1999999-0051REMSYN082AAXX  21064 43418 32498 40902 10286 20246 30003 40091 84100 333 59005 70105 84818;
0195434180999992000112112004+08580+081250FM-12+0007VCCT V0201401N001010054019N0200001N1+02681+02361100691ADDAA124002891GA1061+005409029GF106991061011004501001001KA1120M+02931MA1999999099801MD1999999-0131REMSYN088AAXX  21124 43418 32498 61402 10268 20236 39980 40069 86100 333 10293 59013 70028 86818;
0182434180999992000112206004+08580+081250FM-12+0007VCCT V0209999C00001045001CN0200001N1+02821+02531101041ADDAA124002391GA1041+005409089GF107991041011004501071001MA1999999100181MD1999999+0151REMSYN088AAXX  22064 43418 32498 70000 10282 20253 30018 40104 84170 333 58015 70023 84818 85360;
0182434180999992000112306004+08580+081250FM-12+0007VCCT V0201401N00211220001CN0200001N1+02801+02431101271ADDAA124019691GA1011+005409089GF105991011011004501001011MA1999999100391MD1999999+0211REMSYN088AAXX  23064 43418 32498 51404 10280 20243 30039 40127 81101 333 58021 70195 81818 85080;
0182434180999992000112406004+08580+081250FM-12+0007VCCT V0209999C00001045001CN0200001N1+02621+02451101321ADDAA124003891GA1041+005409089GF107991041011004501071001MA1999999100441MD1999999+0051REMSYN088AAXX  24064 43418 32498 70000 10262 20245 30044 40132 84170 333 58005 70039 84818 86460;
0246434180999992000112412004+08580+081250FM-12+0007VCCT V0200501N00101105001CN0200001N1+02661+02371101011ADDAA103000191AA209000191AY181061AY221061GA1041+005409089GF107991041011004501001081KA1120M+02961MA1999999100141MD1999999-0051MW1021REMSYN106AAXX  24124 43418 21498 70502 10266 20237 30014 40101 70282 84108 333 10296 59005 69917 70040 84818 87280;
0182434180999992000112506004+08580+081250FM-12+0007VCCT V0203601N00101220001CN0200001N1+02861+02211101231ADDAA124000191GA1041+005409089GF107991041011004501001011MA1999999100361MD1999999-0081REMSYN088AAXX  25064 43418 32498 73602 10286 20221 30036 40123 84101 333 59008 70001 84818 85080;
0214434180999992000112512004+08580+081250FM-12+0007VCCT V0209999C00001105001CN0200001N1+02701+02161100991ADDAA199000091GA1021+005409089GF107991021011004501001071KA1120M+02921MA1999999100121MD1999999-0021REMSYN088AAXX  25124 43418 32498 70000 10270 20216 30012 40099 82107 333 10292 59002 82818 87280;EQDQ01  00002PRCP99
0195434180999992000112606004+08580+081250FM-12+0007VCCT V0200901N00101220001CN0200001N1+02861+02211101181ADDAA199000091GA1041+005409089GF106991041011004501001011MA1999999100301MD1999999-0061REMSYN082AAXX  26064 43418 32498 60902 10286 20221 30030 40118 84101 333 59006 84818 84080;EQDQ01  00002PRCP99
0195434180999992000112706004+08580+081250FM-12+0007VCCT V0203101N00101220001CN0200001N1+02901+02381101031ADDAA199000091GA1031+005409089GF106991031021004501001061MA1999999100151MD1999999-0151REMSYN082AAXX  27064 43418 32498 63102 10290 20238 30015 40103 83206 333 59015 83818 85280;EQDQ01  00002PRCP99
0251434180999992000112712004+08580+081250FM-12+0007VCCT V0203101N001510300019N0200001N1+02711+02151100811ADDAA124000791AY181061AY221061GA1031+005409089GA2041+030009039GF107991031021004501071061KA1120M+02951MA1999999099931MD1999999-0151MW1031REMSYN106AAXX  27124 43418 31498 73103 10271 20215 39993 40081 70382 83276 333 10295 59015 79999 83818 84360 86280;
0162434180999992000112718004+08580+081250FM-12+0007VCCT V0209999999999045001CN0200001N1+99999+99999100981ADDAA124000791GA1041+005409089GF108991041011004501071999MA1999999100101REMSYN082AAXX  27184 43418 32498 8//// 10/// 20/// 30010 40098 8417/ 333 79999 84818 88458;
0207434180999992000112800004+08580+081250FM-12+0007VCCT V02099999999990054019N0100001N1+99999+99999100751ADDAA101000791AA221999929AY121061AY221061GA1051+005409089GF108991051011004501071999MA1999999099871MW1251REMSYN094AAXX  28004 43418 21497 8//// 10/// 20/// 39987 40075 72522 8517/ 333 69905 79999 85818 88458;
0235434180999992000112806004+08580+081250FM-12+0007VCCT V0203101N00411045001CN0200001N1+02651+02131100891ADDAA103999999AY181061AY221061GA1021+005409089GF108991021011004501071999MA1999999100011MD1999999-0141MW1021REMSYN100AAXX  28064 43418 21498 83108 10265 20213 30001 40089 70282 8217/ 333 59014 69907 79999 82818 88458;EQDQ01  99992PRCP03
0265434180999992000112812004+08580+081250FM-12+0007VCCT V0202301N00211045001CN0100001N1+02581+02191100661ADDAA103000791AA209999999AY181061AY251061GA1031+005409089GF108991031011004501071999KA1120M+02761MA1999999099791MD1999999-0141MW1021REMSYN106AAXX  28124 43418 21497 82304 10258 20219 39979 40066 70285 8317/ 333 10276 59014 69907 79999 83818 88458;EQDQ01  99992PRCP09
0216434180999992000112906004+08580+081250FM-12+0007VCCT V0200901N002110054019N0100001N1+02521+02431100911ADDAA103000891AY181061AY221061GA1051+005409089GF108991051011004501021999MA1999999100031MD1999999+0091MW1801REMSYN100AAXX  29064 43418 21497 80904 10252 20243 30003 40091 78082 8512/ 333 58009 69987 70443 85818 87460;
0195434180999992000112912004+08580+081250FM-12+0007VCCT V0201301N00101045001CN0200001N1+02801+02271100631ADDAA199000021GA1031+008409069GF106991031051008001071001KA1120M+03201MA1999999099751MD1999999-0041REMSYN088AAXX  29124 43418 32598 61302 10280 20227 39975 40063 83570 333 10320 59004 83628 86360;
0195434180999992000113006004+08580+081250FM-12+0007VCCT V0201301N001510054019N0200001N1+03051+02351101061ADDAA199000091GA1051+005409089GF107991051021004501071999MA1999999100201MD1999999+0311REMSYN082AAXX  30064 43418 32498 71303 10305 20235 30020 40106 8527/ 333 58031 85818 84360;EQDQ01  00002PRCP99
0214434180999992000120103004+08580+081250FM-12+0007VCCT V0201801N000512200019N0200001N1+02701+02351101161ADDAA124000391GA1011+030009019GF101991011001999999071999KA1120N+02361MA1999999100281MD1999999+0081REMSYN088AAXX  01034 43418 32998 11801 10270 20235 30028 40116 81070 333 20236 58008 70002 81460;EQDQ01+000002SCOHCG
0176434180999992000120106004+08580+081250FM-12+0007VCCT V0201301N000512200019N0200001N1+03101+02441101141ADDAA124000391GA1021+005409029GF102991021011004501001001MA1999999100261MD1999999+0061REMSYN082AAXX  01064 43418 32498 21301 10310 20244 30026 40114 82100 333 58006 70002 82818;
0208434180999992000120112004+08580+081250FM-12+0007VCCT V0201101N001512200019N0200001N1+02781+02371100881ADDAA199000091GA1021+005409029GF102991021021004501001001KA1120M+03571MA1999999100011MD1999999-0011REMSYN082AAXX  01124 43418 32498 21103 10278 20237 30001 40088 82200 333 10357 59001 82818;EQDQ01  00002PRCP99
0182434180999992000120206004+08580+081250FM-12+0007VCCT V0201101N00051220001CN0200001N1+02941+02391101221ADDAA124000891GA1031+005409089GF106991031021004501001061MA1999999100351MD1999999+0091REMSYN088AAXX  02064 43418 32498 61101 10294 20239 30035 40122 83206 333 58009 70007 83818 85080;
0195434180999992000120212004+08580+081250FM-12+0007VCCT V0200901N002112200019N0200001N1+02751+02391101011ADDAA124000891GA1021+005409029GF103991021021004501001061KA1120M+03081MA1999999100131MD1999999+0121REMSYN088AAXX  02124 43418 32498 30904 10275 20239 30013 40101 82206 333 10308 58012 70007 82818;
0189434180999992000120306004+08580+081250FM-12+0007VCCT V0200901N003112200019N0200001N1+03041+02411101281ADDAA199000091GA1041+005409029GF104991041021004501001001MA1999999100391MD1999999+0041REMSYN076AAXX  03064 43418 32498 40906 10304 20241 30039 40128 84200 333 58004 84818;EQDQ01  00002PRCP99
0208434180999992000120312004+08580+081250FM-12+0007VCCT V0200901N002112200019N0200001N1+02721+02341101081ADDAA199000091GA1031+005409029GF103991031021004501001011KA1120M+03101MA1999999100181MD1999999+0051REMSYN082AAXX  03124 43418 32498 30904 10272 20234 30018 40108 83201 333 10310 58005 83818;EQDQ01  00002PRCP99
0201434180999992000120412004+08580+081250FM-12+0007VCCT V0200501N00211045001CN0200001N1+02771+02411101031ADDAA124000391GA1041+005409089GF106991041021004501031001KA1120M+03051MA1999999100151MD1999999-0031REMSYN094AAXX  04124 43418 32498 60504 10277 20241 30015 40103 84230 333 10305 59003 70002 84818 85360;
0176434180999992000120506004+08580+081250FM-12+0007VCCT V0200901N003612200019N0200001N1+02951+02531101171ADDAA124019191GA1031+005409029GF104991031021004501001011MA1999999100291MD1999999-0091REMSYN082AAXX  05064 43418 32498 40907 10295 20253 30029 40117 83201 333 59009 70190 83818;
0195434180999992000120612004+08580+081250FM-12+0007VCCT V0203601N002112200019N0200001N1+02651+02071101011ADDAA124000391GA1031+005409029GF103991031011004501001001KA1120M+02891MA1999999100131MD1999999+0041REMSYN088AAXX  06124 43418 32498 33604 10265 20207 30013 40101 83100 333 10289 58004 70003 83818;
0189434180999992000120806004+08580+081250FM-12+0007VCCT V0200501N001510054019N0200001N1+02781+02151101241ADDAA199000091GA1071+005409029GF107991071021004501999999MA1999999100361MD1999999-0071REMSYN076AAXX  08064 43418 32498 70503 10278 20215 30036 40124 872// 333 59007 87818;EQDQ01  00002PRCP99
0214434180999992000120812004+08580+081250FM-12+0007VCCT V0203601N00211045001CN0200001N1+02681+02201101021ADDAA199000091GA1041+005409089GF107991041021004501071999KA1120M+02921MA1999999100151MD1999999-0041REMSYN088AAXX  08124 43418 32498 73604 10268 20220 30015 40102 8427/ 333 10292 59004 84818 87460;EQDQ01  00002PRCP99
0195434180999992000120906004+08580+081250FM-12+0007VCCT V0200501N00261009001CN0200001N1+02851+02421101131ADDAA199000091GA1041+005409089GF106991061081004501001011MA1999999100251MD1999999-0111REMSYN082AAXX  09064 43418 32498 60505 10285 20242 30025 40113 86801 333 59011 84818 85628;EQDQ01  00002PRCP99
0208434180999992000120912004+08580+081250FM-12+0007VCCT V0203601N003112200019N0200001N1+02681+02111100961ADDAA199000091GA1021+005409029GF103991031011004501001011KA1120M+02961MA1999999100081MD1999999-0071REMSYN082AAXX  09124 43418 32498 33606 10268 20211 30008 40096 83101 333 10296 59007 82818;EQDQ01  00002PRCP99
0195434180999992000121006004+08580+081250FM-12+0007VCCT V0200501N002112200019N0200001N1+02841+02121101281ADDAA199000091GA1031+005409089GF104991041081004501001001MA1999999100401MD1999999+0151REMSYN082AAXX  10064 43418 32498 40504 10284 20212 30040 40128 84800 333 58015 83818 83628;EQDQ01  00002PRCP99
0208434180999992000121012004+08580+081250FM-12+0007VCCT V0200501N001512200019N0200001N1+02651+02011101051ADDAA199000091GA1011+005409029GF101991011011004501001001KA1120M+02921MA1999999100191MD1999999+0111REMSYN082AAXX  10124 43418 32498 10503 10265 20201 30019 40105 81100 333 10292 58011 81818;EQDQ01  00002PRCP99
0195434180999992000121106004+08580+081250FM-12+0007VCCT V0200501N000510090019N0200001N1+02801+01971101371ADDAA199000091GA1021+005409089GF106991061081004501001001MA1999999100501MD1999999+0101REMSYN082AAXX  11064 43418 32498 60501 10280 20197 30050 40137 86800 333 58010 82818 84630;EQDQ01  00002PRCP99
0208434180999992000121112004+08580+081250FM-12+0007VCCT V0200501N001012200019N0200001N1+02681+02071101151ADDAA199000091GA1021+005409029GF102991021011004501001001KA1120M+02981MA1999999100271MD1999999+0081REMSYN082AAXX  11124 43418 32498 20502 10268 20207 30027 40115 82100 333 10298 58008 82818;EQDQ01  00002PRCP99
0214434180999992000121212004+08580+081250FM-12+0007VCCT V0203601N002112200019N0200001N1+02661+02151101141ADDAA199000091GA1021+005409089GF104991021011004501031011KA1120M+02951MA1999999100271MD1999999+0001REMSYN088AAXX  12124 43418 32498 43604 10266 20215 30027 40114 82131 333 10295 58000 82818 83080;EQDQ01  00002PRCP99
0189434180999992000121306004+08580+081250FM-12+0007VCCT V0200501N002112200019N0200001N1+02781+02151101211ADDAA199000091GA1041+005409029GF104991041021004501001001MA1999999100341MD1999999-0061REMSYN076AAXX  13064 43418 32498 40504 10278 20215 30034 40121 84200 333 59006 84818;EQDQ01  00002PRCP99
0208434180999992000121312004+08580+081250FM-12+0007VCCT V0200501N002112200019N0200001N1+02611+02051101051ADDAA199000091GA1021+005409029GF103991021011004501001011KA1120M+02861MA1999999100191MD1999999-0081REMSYN082AAXX  13124 43418 32498 30504 10261 20205 30019 40105 82101 333 10286 59008 82818;EQDQ01  00002PRCP99
0189434180999992000121406004+08580+081250FM-12+0007VCCT V0200701N001512200019N0200001N1+02841+02611101191ADDAA199000091GA1021+005409029GF103991021011004501001011MA1999999100311MD1999999-0031REMSYN076AAXX  14064 43418 32498 30703 10284 20261 30031 40119 82101 333 59003 82818;EQDQ01  00002PRCP99
0214434180999992000121412004+08580+081250FM-12+0007VCCT V0203601N001012200019N0200001N1+02631+01971101081ADDAA199000091GA1021+005409089GF104991021011004501001011KA1120M+02971MA1999999100201MD1999999+0011REMSYN088AAXX  14124 43418 32498 43602 10263 20197 30020 40108 82101 333 10297 58001 82818 83080;EQDQ01  00002PRCP99
0189434180999992000121506004+08580+081250FM-12+0007VCCT V0200501N001512200019N0200001N1+02841+01921101241ADDAA199000091GA1011+005409029GF102991011011004501001011MA1999999100361MD1999999+0051REMSYN076AAXX  15064 43418 32498 20503 10284 20192 30036 40124 81101 333 58005 81818;EQDQ01  00002PRCP99
0188434180999992000121512004+08580+081250FM-12+0007VCCT V0200501N001012200019N0200001N1+02641+01891101141ADDAA199000091GA1011+005409029GF102991011011004501001011KA1120M+02931MA1999999100261REMSYN076AAXX  15124 43418 32498 20502 10264 20189 30026 40114 81101 333 10293 81818;EQDQ01  00002PRCP99
0235434180999992000121606004+08580+081250FM-12+0007VCCT V0200501N00261045001CN0200001N1+02781+01991101291ADDAA103999999AY181061AY221061GA1021+005409089GF106991021081004501031011MA1999999100411MD1999999+0051MW1031REMSYN100AAXX  16064 43418 21498 60505 10278 20199 30041 40129 70382 82831 333 58005 69907 79999 82818 85358;EQDQ01  99992PRCP03
0246434180999992000121612004+08580+081250FM-12+0007VCCT V0203601N003110054019N0100001N1+02551+02171101201ADDAA103000791AA209999929AY121061AY221061GA1061+005409089GF108991061021004501021999KA1120M+02891MA1999999100321MD1999999+0061MW1801REMSYN106AAXX  16124 43418 21497 83606 10255 20217 30032 40120 78022 8622/ 333 10289 58006 69907 79999 86818 88458;
0210434180999992000121706004+08580+081250FM-12+0007VCCT V0200501N00211045001CN0200001N1+02761+02231101291ADDAA124001091AY181061AY221061GA1041+005409089GF107991041021004501071999MA1999999100411MD1999999+0001MW1031REMSYN094AAXX  17064 43418 31498 70504 10276 20223 30041 40129 70382 8427/ 333 58000 70011 84818 85458;
0268434180999992000121812004+08580+081250FM-12+0007VCCT V0203601N001510054019N0100001N1+02401+02281101041ADDAA103000391AA209000391AY181061AY261061GA1031+004809079GA2031+005409089GF108991061071004501021999KA1120M+02511MA1999999100171MD1999999-0051MW1801REMSYN112AAXX  18124 43418 21497 83603 10240 20228 30017 40104 78086 8672/ 333 10251 59005 69937 70157 83716 83818 88458;
0204434180999992000121906004+08580+081250FM-12+0007VCCT V0200501N002610054019N0200001N1+02681+02511101041ADDAA124028491GA1011+004809079GA2041+005409089GF107991051071004501071999MA1999999100181MD1999999-0131REMSYN094AAXX  19064 43418 32498 70505 10268 20251 30018 40104 8577/ 333 59013 70284 81716 84818 87458;
0223434180999992000121912004+08580+081250FM-12+0007VCCT V0200501N00151005401CN0200001N1+02631+02371100911ADDAA124020191GA1021+004809079GA2031+005409089GF107991041071004501031061KA1120M+02851MA1999999100041MD1999999-0131REMSYN100AAXX  19124 43418 32498 70503 10263 20237 30004 40091 84736 333 10285 59013 70201 82716 83818 86278;
0217434180999992000122006004+08580+081250FM-12+0007VCCT V0200501N001510240019N0200001N1+02701+02101101181ADDAA199000091GA1011+005409089GA2041+024009039GF107991011011004501031061MA1999999100311MD1999999+0131REMSYN088AAXX  20064 43418 32498 70503 10270 20210 30031 40118 81136 333 58013 81818 84358 87278;EQDQ01  00002PRCP99
0195434180999992000122106004+08580+081250FM-12+0007VCCT V0200501N00211045001CN0200001N1+02621+02171101251ADDAA199000091GA1031+005409089GF108991031011004501071999MA1999999100371MD1999999+0061REMSYN082AAXX  21064 43418 32498 80504 10262 20217 30037 40125 8317/ 333 58006 83818 88458;EQDQ01  00002PRCP99
0214434180999992000122112004+08580+081250FM-12+0007VCCT V0200501N00051045001CN0200001N1+02561+02141100991ADDAA199000091GA1031+005409089GF108991031021004501071999KA1120M+02661MA1999999100111MD1999999-0031REMSYN088AAXX  21124 43418 32498 80501 10256 20214 30011 40099 8327/ 333 10266 59003 83818 88460;EQDQ01  00002PRCP99
0182434180999992000122206004+08580+081250FM-12+0007VCCT V0203601N001010054019N0200001N1+02701+02291101181ADDAA124000191GA1051+005409089GF107991051021004501071999MA1999999100301MD1999999-0071REMSYN088AAXX  22064 43418 32498 73602 10270 20229 30030 40118 8527/ 333 59007 70001 85818 87360;
0265434180999992000122212004+08580+081250FM-12+0007VCCT V0203601N00151045001CN0200001N1+02601+02281100981ADDAA103000791AA209999999AY181061AY221061GA1031+005409089GF107991031011004501031999KA1120M+02871MA1999999100101MD1999999-0011MW1021REMSYN106AAXX  22124 43418 21498 73603 10260 20228 30010 40098 70282 8313/ 333 10287 59001 69907 70001 83818 86360;EQDQ01  99992PRCP09
0216434180999992000122306004+08580+081250FM-12+0007VCCT V0200901N00211045001CN0200001N1+02501+02351101041ADDAA103000791AY181061AY261061GA1031+005409089GF107991031011004501071999MA1999999100181MD1999999-0121MW1251REMSYN100AAXX  23064 43418 21498 70904 10250 20235 30018 40104 72586 8317/ 333 59012 69977 70193 83818 87460;
0173434180999992000122318004+08580+081250FM-12+0007VCCT V0203601N00211045001CN0100001N1+99999+99999101001ADDAY181061AY221061GA1031+005409089GF108991031011004501021999MA1999999100131MW1251REMSYN082AAXX  23184 43418 21497 83604 10/// 20/// 30013 40100 72582 8312/ 333 83818 88458;
0246434180999992000122412004+08580+081250FM-12+0007VCCT V0203601N002110048019N0040001N1+02431+02391100781ADDAA103004192AA209004092AY181061AY261061GA1061+004809089GF108991061011004501021999KA1120M+02561MA1999999099901MD1999999-0091MW1801REMSYN106AAXX  24124 43418 21496 83604 10243 20239 39990 40078 78086 8612/ 333 10256 59009 60047 70111 86816 88458;
0193434180999992000122418004+08580+081250FM-12+0007VCCT V0203101N001010048019N0040001N1+99999+99999100951ADDAY181061AY261061GA1051+004809089GF108991051011004501021999MA1999999100081MD1999999-0051MW1611REMSYN088AAXX  24184 43418 41496 83102 10/// 20/// 30008 40095 76186 8512/ 333 59005 85816 88458;
0246434180999992000122512004+08580+081250FM-12+0007VCCT V0203601N003110048019N0040001N1+02321+02291100661ADDAA103002091AA209002091AY181061AY261061GA1071+004809089GF108991071011004501021999KA1120M+02401MA1999999099781MD1999999-0121MW1811REMSYN106AAXX  25124 43418 21496 83606 10232 20229 39978 40066 78186 8712/ 333 10240 59012 60027 70240 87816 88458;
0193434180999992000122518004+08580+081250FM-12+0007VCCT V0203101N002610048019N0040001N1+99999+99999100681ADDAY181061AY261061GA1061+004809089GF108991061011004501021999MA1999999099791MD1999999-0291MW1811REMSYN088AAXX  25184 43418 21496 83105 10/// 20/// 39979 40068 78186 8612/ 333 59029 86816 88458;
0215434180999992000122600004+08580+081250FM-12+0007VCCT V0203101N012910048019N0040001N1+99999+99999100301ADDAY181061AY261061GA1021+003009079GA2071+004809089GF108991071011004501021999MA1999999099421MD1999999-0491MW1871REMSYN094AAXX  26004 43418 41496 83125 10/// 20/// 39942 40030 78786 8712/ 333 59049 82710 87816 88458;
0209434180999992000122706004+08580+081250FM-12+0007VCCT V0201301N006210051019N0200001N1+02661+02431100631ADDAA103999999AY181061AY221061GA1071+005109029GF107991071011004501999999MA1999999099751MW1021REMSYN088AAXX  27064 43418 21498 71312 10266 20243 39975 40063 70282 871// 333 69907 70524 87817;EQDQ01  99992PRCP03
0189434180999992000123006004+08580+081250FM-12+0007VCCT V0201301N000512200019N0200001N1+02861+02451101141ADDAA199000091GA1021+005409029GF103991021011004501001011MA1999999100261MD1999999+0031REMSYN076AAXX  30064 43418 32498 31301 10286 20245 30026 40114 82101 333 58003 82818;EQDQ01  00002PRCP99
0214434180999992000123012004+08580+081250FM-12+0007VCCT V0201101N00101220001CN0200001N1+02701+02381100901ADDAA199000091GA1041+005409089GF105991041021004501001011KA1120M+03001MA1999999100021MD1999999+0001REMSYN088AAXX  30124 43418 32498 51102 10270 20238 30002 40090 84201 333 10300 58000 84818 83080;EQDQ01  00002PRCP99
0176434180999992000123106004+08580+081250FM-12+0007VCCT V0201101N001510450019N0200001N1+02941+02421101151ADDAA124002091GA1041+005409029GF105991041021004501031011MA1999999100271MD1999999+0011REMSYN082AAXX  31064 43418 32498 51103 10294 20242 30027 40115 84231 333 58001 70020 84818;
