0108560930999992000010100004+34720+104880FM-12+137199999V0202201N001019999999N0300001N1-01401-01841999999ADDAA106000091MD1999999+0041REMSYN052AAXX  01001 56093 32980 /2201 11140 21184 333 00454;EQDQ01  00002PRCP06
0186560930999992000010106004+34720+104880FM-12+137199999V0203401N006012200019N0300001N1+00812-01661999999ADDAA106000091GF101991011011008001001001KA1999N-01461MA1999999077041MD1710361+0501REMSYN076AAXX  01061 56093 32580 13406 10081 21166 37704 57036 81100 333 00505 21146;EQDQ01  00002PRCP06
0167560930999992000010112004+34720+104880FM-12+137199999V0209999C000019999999N0300001N1-00121-01801999999ADDAA106000091GF107991001001999999001021MA1999999077391MD1210351+0061REMSYN070AAXX  01121 56093 32980 70000 11012 21180 37739 52035 80002 333 00601;EQDQ01  00002PRCP06
0154560930999992000010118004+34720+104880FM-12+137199999V0209999C000019999999N0300001N1-00981-01631999999ADDAA106000091KA1999M+00981MA1999999077371MD1710101+0401REMSYN070AAXX  01181 56093 32980 /0000 11098 21163 37737 57010 333 00401 10098;EQDQ01  00002PRCP06
0196560930999992000010206004+34720+104880FM-12+137199999V0200201N001012200019N0300001N1+00371-01441999999ADDAA106000091GA1001+999999999GF100991001001999999001001KA1999N-01511MA1999999076741MD1710481-0301REMSYN070AAXX  02061 56093 32980 00201 10037 21144 37674 57048 333 05354 21151;EQDQ01  00002PRCP06
0177560930999992000010212004+34720+104880FM-12+137199999V0202001N001012200019N0300001N1-00311-02291999999ADDAA106000091GA1001+999999999GF100991001001999999001001MA1999999076571MD1210051+0081REMSYN064AAXX  02121 56093 32980 02001 11031 21229 37657 52005 333 05852;EQDQ01  00002PRCP06
0196560930999992000010218004+34720+104880FM-12+137199999V0209999C000012200019N0300001N1-01161-02091999999ADDAA106000091GA1001+999999999GF100991001001999999001001KA1999M+00831MA1999999076791MD1210031-0601REMSYN070AAXX  02181 56093 32980 00000 11116 21209 37679 52003 333 05652 10083;EQDQ01  00002PRCP06
0215560930999992000010300004+34720+104880FM-12+137199999V0209999C000012200019N0250001N1-01071+99999102861ADDAA106000091GA1001+999999999GF100991001001999999001001MA1999999999999MD1210031+0061REMSYN070AAXX  03001 56093 32975 00000 11107 21042 38939 40286 52003 333 05651;EQDQ01+089393APOSP Q02  00002PRCP06Q03 089393APOSP 
0196560930999992000010306004+34720+104880FM-12+137199999V0209999C000012200019N0300001N1+00642-01581999999ADDAA106000091GA1001+999999999GF100991001001999999001001KA1999N-01471MA1999999076341MD1710331-0401REMSYN070AAXX  03061 56093 32980 00000 10064 21158 37634 57033 333 05403 21147;EQDQ01  00002PRCP06
0177560930999992000010312004+34720+104880FM-12+137199999V0203201N001012200019N0300001N1-00201-02181999999ADDAA106000091GA1001+999999999GF100991001001999999001001MA1999999076351MD1210181+0021REMSYN064AAXX  03121 56093 32980 03201 11020 21218 37635 52018 333 05201;EQDQ01  00002PRCP06
0196560930999992000010318004+34720+104880FM-12+137199999V0209999C000012200019N0300001N1-00631-01631999999ADDAA106000091GA1001+999999999GF100991001001999999001001KA1999M+01171MA1999999076471MD1710011-0301REMSYN070AAXX  03181 56093 32980 00000 11063 21163 37647 57001 333 05305 10117;EQDQ01  00002PRCP06
0177560930999992000010400004+34720+104880FM-12+137199999V0209999C000012200019N0300001N1-01211-01791999999ADDAA106000091GA1001+999999999GF100991001001999999001001MA1999999076551MD1210131+0021REMSYN064AAXX  04001 56093 32980 00000 11121 21179 37655 52013 333 05202;EQDQ01  00002PRCP06
0186560930999992000010406004+34720+104880FM-12+137199999V0200701N001012200019N0300001N1+00622-01421999999ADDAA106000091GF101991011011008001001001KA1999N-01281MA1999999076301MD1710371+0001REMSYN076AAXX  04061 56093 32580 10701 10062 21142 37630 57037 81100 333 00000 21128;EQDQ01  00002PRCP06
0167560930999992000010412004+34720+104880FM-12+137199999V0202001N001012200019N0300001N1-00031-01801999999ADDAA106000091GF102991001001999999001021MA1999999076361MD1210251+0001REMSYN070AAXX  04121 56093 32980 22001 11003 21180 37636 52025 80002 333 00002;EQDQ01  00002PRCP06
0186560930999992000010418004+34720+104880FM-12+137199999V0209999C000010075019N0300001N1-00781-01591999999ADDAA106000091GF108991081051008001999999KA1999M+00931MA1999999076321MD1710131-0201REMSYN076AAXX  04181 56093 32580 80000 11078 21159 37632 57013 885// 333 05252 10093;EQDQ01  00002PRCP06
0167560930999992000010500004+34720+104880FM-12+137199999V0202501N001010075019N0300001N1-00701-01521999999ADDAA106000091GF107991071051008001999999MA1999999076441MD1210101+0011REMSYN070AAXX  05001 56093 32580 72501 11070 21152 37644 52010 875// 333 05105;EQDQ01  00002PRCP06
0186560930999992000010506004+34720+104880FM-12+137199999V0209999C000012200019N0250001N1+00701-01401999999ADDAA106000091GF103991011051008001001021KA1999N-00861MA1999999076261MD1710341+0001REMSYN076AAXX  05061 56093 32575 30000 10070 21140 37626 57034 81502 333 00001 21086;EQDQ01  00002PRCP06
0167560930999992000010512004+34720+104880FM-12+137199999V0200701N004010075019N0300001N1-00251-01041999999ADDAA106000091GF107991071051008001999999MA1999999076841MD1210461+0051REMSYN070AAXX  05121 56093 32580 70704 11025 21104 37684 52046 875// 333 00552;EQDQ01  00002PRCP06
0186560930999992000010518004+34720+104880FM-12+137199999V0201401N002010075019N0120001N1-00291-00781999999ADDAA106000091GF108991081051008001999999KA1999M+00791MA1999999076881MD1710051+0601REMSYN076AAXX  05181 56093 32562 81402 11029 21078 37688 57005 885// 333 00605 10079;EQDQ01  00002PRCP06
0167560930999992000010600004+34720+104880FM-12+137199999V0202501N002012200019N0150001N1-00781-01031999999ADDAA106000091GF102991001001999999001021MA1999999077081MD1210191+0061REMSYN070AAXX  06001 56093 32965 22502 11078 21103 37708 52019 80002 333 00651;EQDQ01  00002PRCP06
0196560930999992000010606004+34720+104880FM-12+137199999V0209999C000012200019N0150001N1+00451-00841999999ADDAA106000091GA1001+999999999GF100991001001999999001001KA1999N-00881MA1999999076741MD1710471+0501REMSYN070AAXX  06061 56093 32965 00000 10045 21084 37674 57047 333 00553 21088;EQDQ01  00002PRCP06
0177560930999992000010612004+34720+104880FM-12+137199999V0209999C000012200019N0200001N1+00141-01231999999ADDAA106000091GA1001+999999999GF100991001001999999001001MA1999999076631MD1210101+0021REMSYN064AAXX  06121 56093 32970 00000 10014 21123 37663 52010 333 05204;EQDQ01  00002PRCP06
0177560930999992000010700004+34720+104880FM-12+137199999V0209999C000012200019N0300001N1-01331-01541999999ADDAA106000091GA1001+999999999GF100991001001999999001001MA1999999076631MD1210071+0051REMSYN064AAXX  07001 56093 32980 00000 11133 21154 37663 52007 333 05556;EQDQ01  00002PRCP06
0196560930999992000010706004+34720+104880FM-12+137199999V0202701N002012200019N0300001N1+00401-01251999999ADDAA106000091GA1001+999999999GF100991001001999999001001KA1999N-01361MA1999999076281MD1710401-0501REMSYN070AAXX  07061 56093 32980 02702 10040 21125 37628 57040 333 05551 21136;EQDQ01  00002PRCP06
0141560930999992000010709004+34720+104880FM-12+137199999V0209999C000019999999N0110001N1+00861+99999101561ADDGF108991081001999999021999MD1719999+0041REMSYN070AAXX  07091 56093 42961 80000 10086 20014 40156 57/08 8802/ 333 05454;EQDQ01+000143ATOD  
0177560930999992000010712004+34720+104880FM-12+137199999V0200701N003012200019N0300001N1+00101-01431999999ADDAA106000091GA1001+999999999GF100991001001999999001001MA1999999076411MD1210251+0021REMSYN064AAXX  07121 56093 32980 00703 10010 21143 37641 52025 333 05200;EQDQ01  00002PRCP06
0186560930999992000010718004+34720+104880FM-12+137199999V0209999C000019999999N0300001N1-00561-01161999999ADDAA106000091GF105991001001999999001021KA1999M+00811MA1999999076431MD1710091-0201REMSYN076AAXX  07181 56093 32980 50000 11056 21116 37643 57009 80002 333 05204 10081;EQDQ01  00002PRCP06
0167560930999992000010800004+34720+104880FM-12+137199999V0203401N001012200019N0300001N1-01021-01221999999ADDAA106000091GF101991001001999999001021MA1999999076461MD1210061+0021REMSYN070AAXX  08001 56093 32980 13401 11102 21122 37646 52006 80002 333 05203;EQDQ01  00002PRCP06
0186560930999992000010806004+34720+104880FM-12+137199999V0209999C000012200019N0300001N1+00661-01151999999ADDAA106000091GF102991001001999999001021KA1999N-01201MA1999999076121MD1710391-0201REMSYN076AAXX  08061 56093 32980 20000 10066 21115 37612 57039 80002 333 05203 21120;EQDQ01  00002PRCP06
0177560930999992000010812004+34720+104880FM-12+137199999V0200901N001012200019N0300001N1+00161-01701999999ADDAA106000091GA1001+999999999GF100991001001999999001001MA1999999076421MD1210361+0001REMSYN064AAXX  08121 56093 32980 00901 10016 21170 37642 52036 333 00001;EQDQ01  00002PRCP06
0196560930999992000010818004+34720+104880FM-12+137199999V0209999C000012200019N0300001N1-00901-01671999999ADDAA106000091GA1001+999999999GF100991001001999999001001KA1999M+00861MA1999999076591MD1210041+0201REMSYN070AAXX  08181 56093 32980 00000 11090 21167 37659 52004 333 00253 10086;EQDQ01  00002PRCP06
0167560930999992000010900004+34720+104880FM-12+137199999V0209999C000012200019N0300001N1-01271-01651999999ADDAA106000091GF102991001001999999001021MA1999999076851MD1210121+0041REMSYN070AAXX  09001 56093 32980 20000 11127 21165 37685 52012 80002 333 00453;EQDQ01  00002PRCP06
0167560930999992000010912004+34720+104880FM-12+137199999V0201101N005019999999N0300001N1+00201-01431999999ADDAA106000091GF107991001001999999001021MA1999999076391MD1210051+0001REMSYN070AAXX  09121 56093 32980 71105 10020 21143 37639 52005 80002 333 00000;EQDQ01  00002PRCP06
0186560930999992000010918004+34720+104880FM-12+137199999V0201401N005010075019N0200001N1+00021-01161999999ADDAA106000091GF108991081051008001999999KA1999M+00761MA1999999076251MD1710151-0301REMSYN076AAXX  09181 56093 32570 81405 10002 21116 37625 57015 885// 333 05309 10076;EQDQ01  00002PRCP06
0167560930999992000011000004+34720+104880FM-12+137199999V0209999C000012200019N0300001N1-00901-01451999999ADDAA106000091GF101991001001999999001021MA1999999076111MD1210031+0071REMSYN070AAXX  10001 56093 32980 10000 11090 21145 37611 52003 80002 333 05704;EQDQ01  00002PRCP06
0186560930999992000011006004+34720+104880FM-12+137199999V0209999C000012200019N0250001N1+00491-01111999999ADDAA106000091GF101991011011008001001001KA1999N-00901MA1999999075931MD1710271-0601REMSYN076AAXX  10061 56093 32575 10000 10049 21111 37593 57027 81100 333 05602 21090;EQDQ01  00002PRCP06
0167560930999992000011012004+34720+104880FM-12+137199999V0201601N002012200019N0300001N1-00031-00831999999ADDAA106000091GF101991001001999999001021MA1999999076381MD1210341+0001REMSYN070AAXX  10121 56093 32980 11602 11003 21083 37638 52034 80002 333 00052;EQDQ01  00002PRCP06
0180560930999992000011100004+34720+104880FM-12+137199999V0200401N002010075019N0200001N1-00221-00581999999ADDAA106000791AY171061GF108991081051008001999999MA1999999076541MD1210101+0401MW1701REMSYN088AAXX  11001 56093 11570 80402 11022 21058 37654 52010 69901 77070 885// 333 00407 79999;
0201560930999992000011106004+34720+104880FM-12+137199999V0200701N005010075019N0200001N1-00301-00951999999ADDAA106000791AY171061AY271061GF108991081051008001999999KA1999N-00571MA1999999076641MD1710141+0701MW1701REMSYN088AAXX  11061 56093 11570 80705 11030 21095 37664 57014 69901 77077 885// 333 00758 21057;
0174560930999992000011112004+34720+104880FM-12+137199999V0201601N002010075019N0200001N1-00261-00851999999ADDAA106000791AY171061GF108991081051008001999999MA1999999076801MD1210191+0041MW1001REMSYN082AAXX  11121 56093 11570 81602 11026 21085 37680 52019 69901 70070 885// 333 00452;
0186560930999992000011118004+34720+104880FM-12+137199999V0201101N001010075019N0200001N1-00371-00781999999ADDAA106000091GF108991081051008001999999KA1999M-00151MA1999999076871MD1710051+0401REMSYN076AAXX  11181 56093 32570 81101 11037 21078 37687 57005 885// 333 00451 11015;EQDQ01  00002PRCP06
0183560930999992000011200004+34720+104880FM-12+137199999V0209999C000012200019N0190001N1-01121-01251999999ADDAA106000091GA1001+999999999GF100991001001999999001001MA1999999076811MD1410001+0301REMSYN070AAXX  12001 56093 32969 00000 11112 21125 37681 54000 333 00359 79999;EQDQ01  00002PRCP06
0186560930999992000011206004+34720+104880FM-12+137199999V0202001N001019999999N0150001N1+00251-00911999999ADDAA106000091GF106991001001999999001021KA1999N-01151MA1999999076461MD1710381-0201REMSYN076AAXX  12061 56093 32965 62001 10025 21091 37646 57038 80002 333 05206 21115;EQDQ01  00002PRCP06
0177560930999992000011212004+34720+104880FM-12+137199999V0203401N001012200019N0200001N1-00141-00791999999ADDAA106000091GA1001+999999999GF100991001001999999001001MA1999999076661MD1210301+0011REMSYN064AAXX  12121 56093 32970 03401 11014 21079 37666 52030 333 05101;EQDQ01  00002PRCP06
0186560930999992000011218004+34720+104880FM-12+137199999V0202501N002010075019N0200001N1-00561-00801999999ADDAA106000091GF107991071051008001999999KA1999M+00561MA1999999076391MD1710231-0501REMSYN076AAXX  12181 56093 32570 72502 11056 21080 37639 57023 875// 333 05552 10056;EQDQ01  00002PRCP06
0167560930999992000011300004+34720+104880FM-12+137199999V0202201N003010075019N0150001N1-00531-00831999999ADDAA106000091GF108991081051008001999999MA1999999076201MD1410001+0061REMSYN070AAXX  13001 56093 32565 82203 11053 21083 37620 54000 885// 333 05606;EQDQ01  00002PRCP06
0186560930999992000011306004+34720+104880FM-12+137199999V0203401N002012200019N0200001N1+00171-00771999999ADDAA106000091GF102991011001999999041021KA1999N-00621MA1999999076211MD1710171-0301REMSYN076AAXX  13061 56093 32970 23402 10017 21077 37621 57017 81042 333 05351 21062;EQDQ01  00002PRCP06
0177560930999992000011312004+34720+104880FM-12+137199999V0201101N002012200019N0200001N1-00401-01231999999ADDAA106000091GA1001+999999999GF100991001001999999001001MA1999999076461MD1210181+0021REMSYN064AAXX  13121 56093 32970 01102 11040 21123 37646 52018 333 05253;EQDQ01  00002PRCP06
0186560930999992000011318004+34720+104880FM-12+137199999V0209999C000010120019N0200001N1-00581-01101999999ADDAA106000091GF107991071051012501999091KA1999M+00251MA1999999076391MD1710071+0001REMSYN076AAXX  13181 56093 32670 70000 11058 21110 37639 57007 875/9 333 00000 10025;EQDQ01  00002PRCP06
0171560930999992000011400004+34720+104880FM-12+137199999V0200901N002010075019N0150001N1-00691-01041999999ADDAA199000091GF108991081051008001999999MA1999999076191MD1710061+0001REMSYN074    AAXX  14001 56093 32565 80902 11069 21104 37619 57006 885// 333 00052;EQDQ01  00002PRCP99
0190560930999992000011406004+34720+104880FM-12+137199999V0201601N004010075019N0200001N1-00301-00861999999ADDAA199000091GF107991071051008001999999KA1999N-00921MA1999999075951MD1710261-0301REMSYN080    AAXX  14061 56093 32570 71604 11030 21086 37595 57026 875// 333 05355 21092;EQDQ01  00002PRCP99
0197560930999992000011418004+34720+104880FM-12+137199999V0200401N004019999999N0200001N1-00541-01221999999ADDAA106000791AY171061GF108991081001999999021999KA1999M+00021MA1999999076461MD1210021+0101MW1701REMSYN092    AAXX  14181 56093 11970 80404 11054 21122 37646 52002 69901 77070 8802/ 333 00100 10002;
0192560930999992000011500004+34720+104880FM-12+137199999V0200901N002010075019N0200001N1-00641-01141999999ADDAA106000191AY171061AY271061GF108991081051008001999999MA1999999076561MD1210081+0401MW1701REMSYN092    AAXX  15001 56093 11570 80902 11064 21114 37656 52008 69911 77077 885// 333 00401 70001;
0205560930999992000011506004+34720+104880FM-12+137199999V0201801N001010120019N0200001N1-00421-01041999999ADDAA106000791AY171061AY271061GF108991081051012501999999KA1999N-00641MA1999999076431MD1710201+0501MW1221REMSYN092    AAXX  15061 56093 11670 81801 11042 21104 37643 57020 69901 72277 885// 333 00551 21064;
0152560930999992000011512004+34720+104880FM-12+137199999V0201401N003010075019N0200001N1-00411-00941999999ADDAA199000021GF108991081051008001999999MA1999999076611MD1210211+0041REMSYN074    AAXX  15121 56093 32570 81403 11041 21094 37661 52021 885// 333 00451;
0192560930999992000011600004+34720+104880FM-12+137199999V0209999C000010075019N0150001N1-00701-00971999999ADDAA106000791AY171061AY271061GF108991081051008001999999MA1999999076901MD1210121+0301MW1701REMSYN092    AAXX  16001 56093 11565 80000 11070 21097 37690 52012 69901 77077 885// 333 00351 79999;
0197560930999992000011606004+34720+104880FM-12+137199999V0200701N003010900019N0200001N1-00461-01241999999ADDAA106000791AY171061GF108991011051008001001071KA1999N-00701MA1999999076881MD1710171+0501MW1001REMSYN092    AAXX  16061 56093 11570 80703 11046 21124 37688 57017 69901 70070 81507 333 00500 21070;
0178560930999992000011612004+34720+104880FM-12+137199999V0200701N003010075019N0200001N1-00721-01351999999ADDAA106000191AY171061GF108991081051008001999999MA1999999077231MD1210251+0061MW1001REMSYN086    AAXX  16121 56093 11570 80703 11072 21135 37723 52025 69921 70070 885// 333 00653;
0190560930999992000011618004+34720+104880FM-12+137199999V0209999C000019999999N0200001N1-00821-01251999999ADDAA199000091GF108991081001999999021999KA1999M-00391MA1999999077221MD1710051+0401REMSYN080    AAXX  16181 56093 32970 80000 11082 21125 37722 57005 8802/ 333 00452 11039;EQDQ01  00002PRCP99
0190560930999992000011706004+34720+104880FM-12+137199999V0200201N002010900019N0150001N1-00481-01271999999ADDAA199000091GF107991031051008001001021KA1999N-01141MA1999999076971MD1710221+0101REMSYN080    AAXX  17061 56093 32565 70202 11048 21127 37697 57022 83502 333 00100 21114;EQDQ01  00002PRCP99
0181560930999992000011712004+34720+104880FM-12+137199999V0209999C000012200019N0200001N1-00581-01241999999ADDAA199000091GA1001+999999999GF100991001001999999001001MA1999999077191MD1210221+0001REMSYN068    AAXX  17121 56093 32970 00000 11058 21124 37719 52022 333 00001;EQDQ01  00002PRCP99
0190560930999992000011718004+34720+104880FM-12+137199999V0209999C000012200019N0200001N1-01161-01421999999ADDAA199000091GF102991001001999999001021KA1999M-00241MA1999999077381MD1710011+0201REMSYN080    AAXX  17181 56093 32970 20000 11116 21142 37738 57001 80002 333 00253 11024;EQDQ01  00002PRCP99
0176560930999992000011800004+34720+104880FM-12+137199999V0209999C000019999999N0150001N1-01101-01291999999ADDAA106000791GF108991001001999999001071MA1999999077431MD1210111+0301MW1701REMSYN092    AAXX  18001 56093 11965 80000 11110 21129 37743 52011 69901 77000 80007 333 00300 79999;
0197560930999992000011806004+34720+104880FM-12+137199999V0202501N001012200019N0180001N1-00161-01121999999ADDAA106000791AY171061GF101991011011008001001001KA1999N-01291MA1999999077161MD1710441+0201MW1001REMSYN092    AAXX  18061 56093 11568 12501 11016 21112 37716 57044 69901 70070 81100 333 00203 21129;
0152560930999992000011812004+34720+104880FM-12+137199999V0201801N002012200019N0200001N1-00341-01241999999ADDAA199000021GF101991001001999999001021MA1999999077201MD1210171+0001REMSYN074    AAXX  18121 56093 32970 11802 11034 21124 37720 52017 80002 333 00002;
0200560930999992000011818004+34720+104880FM-12+137199999V0201801N001012200019N0200001N1-01021-01281999999ADDAA199000091GA1001+999999999GF100991001001999999001001KA1999M+00231MA1999999077091MD1710111-0301REMSYN074    AAXX  18181 56093 32970 01801 11102 21128 37709 57011 333 05301 10023;EQDQ01  00002PRCP99
0158560930999992000011900004+34720+104880FM-12+137199999V0209999C000010075019N0200001N1-01341-01521999999ADDAA124000791GF107991071051008001999999MA1999999077041MD1410001-0401REMSYN080    AAXX  19001 56093 32570 70000 11134 21152 37704 54000 875// 333 05452 79999;
0200560930999992000011906004+34720+104880FM-12+137199999V0202201N001012200019N0300001N1+00031-01481999999ADDAA199000091GA1001+999999999GF100991001001999999001001KA1999N-01461MA1999999076621MD1710441-0501REMSYN074    AAXX  19061 56093 32980 02201 10003 21148 37662 57044 333 05502 21146;EQDQ01  00002PRCP99
0181560930999992000011912004+34720+104880FM-12+137199999V0201601N004012200019N0300001N1-00221-01551999999ADDAA199000091GA1001+999999999GF100991001001999999001001MA1999999076721MD1210261+0051REMSYN068    AAXX  19121 56093 32980 01604 11022 21155 37672 52026 333 05501;EQDQ01  00002PRCP99
0186560930999992000011918004+34720+104880FM-12+137199999V0209999C000019999999N0200001N1-00761-01311999999ADDAA199000091GF108991001001999999001071KA1999M+00431MA1999999076821MD1710031-0301REMSYN076AAXX  19181 56093 32970 80000 11076 21131 37682 57003 80007 333 05303 10043;EQDQ01  00002PRCP99
0167560930999992000012000004+34720+104880FM-12+137199999V0209999C000019999999N0200001N1-01131-01381999999ADDAA199000091GF106991001001999999001021MA1999999076741MD1710031+0031REMSYN070AAXX  20001 56093 32970 60000 11113 21138 37674 57003 80002 333 05302;EQDQ01  00002PRCP99
0186560930999992000012006004+34720+104880FM-12+137199999V0201601N005010075019N0200001N1-00481-01001999999ADDAA199000091GF108991061051008001001071KA1999N-01151MA1999999076511MD1710251-0101REMSYN076AAXX  20061 56093 32570 81605 11048 21100 37651 57025 86507 333 05155 21115;EQDQ01  00002PRCP99
0188560930999992000012100004+34720+104880FM-12+137199999V0201801N002010075019N0150001N1-00591-00801999999ADDAA106000791AY171061AY271061GF108991081051008001999999MA1999999076561MD1210061-0201MW1701REMSYN088AAXX  21001 56093 11565 81802 11059 21080 37656 52006 69901 77077 885// 333 05205 79999;
0182560930999992000012101004+34720+104880FM-12+137199999V0201801N002010075019N0190001N1-00591-00801999999ADDAA106000791AY171011AY271011GF108991081051008001999999MA1999999076561MD1210061+9999MW1701REMSYN082AAXX  21011 56093 11569 81802 11059 21080 37656 52006 69901 77077 885// 333 052/5;
0187560930999992000012106004+34720+104880FM-12+137199999V0201401N002012200019N9999999N1+00091-00941999999ADDAA106000791AY171061GF101991999999000751999999KA1999N-00611MA1999999076451MD1710191-0101MW1001REMSYN082AAXX  21061 56093 111// 11402 10009 21094 37645 57019 69901 70070 333 05106 21061;
0148560930999992000012112004+34720+104880FM-12+137199999V0202201N001019999999N0300001N1-00241-00901999999ADDAA199000021GF107991001001999999001021MA1999999076711MD1210291+0031REMSYN070AAXX  21121 56093 32980 72201 11024 21090 37671 52029 80002 333 00303;
0196560930999992000012118004+34720+104880FM-12+137199999V0209999C000012200019N0200001N1-00901-01131999999ADDAA199000091GA1001+999999999GF100991001001999999001001KA1999M+00321MA1999999076821MD1710041+0401REMSYN070AAXX  21181 56093 32970 00000 11090 21113 37682 57004 333 00454 10032;EQDQ01  00002PRCP99
0154560930999992000012200004+34720+104880FM-12+137199999V0209999C000010120019N0200001N1-00681-01021999999ADDAA124000791GF108991081051012501999999MA1999999076741MD1410001+0201REMSYN076AAXX  22001 56093 32670 80000 11068 21102 37674 54000 885// 333 00251 79999;
0193560930999992000012206004+34720+104880FM-12+137199999V0200901N002012200019N0250001N1+00001-00971999999ADDAA106000791AY171061GF101991011011008001001001KA1999N-01071MA1999999076391MD1710371-0101MW1001REMSYN088AAXX  22061 56093 11575 10902 10000 21097 37639 57037 69901 70070 81100 333 05151 21107;
0167560930999992000012212004+34720+104880FM-12+137199999V0201101N005019999999N0300001N1-00141-01271999999ADDAA199000091GF105991001001999999001021MA1999999076551MD1210261+0021REMSYN070AAXX  22121 56093 32980 51105 11014 21127 37655 52026 80002 333 05201;EQDQ01  00002PRCP99
0186560930999992000012218004+34720+104880FM-12+137199999V0203401N001019999999N0200001N1-00661-01171999999ADDAA199000091GF107991001001999999001021KA1999M+00531MA1999999076701MD1710021-0101REMSYN076AAXX  22181 56093 32970 73401 11066 21117 37670 57002 80002 333 05102 10053;EQDQ01  00002PRCP99
0154560930999992000012300004+34720+104880FM-12+137199999V0209999C000019999999N0200001N1-01011-01271999999ADDAA124000791GF106991001001999999001021MA1999999076821MD1210071+0101REMSYN076AAXX  23001 56093 32970 60000 11101 21127 37682 52007 80002 333 00153 79999;
0193560930999992000012306004+34720+104880FM-12+137199999V0201401N002010075019N0200001N1-00301-01121999999ADDAA106000791AY171061GF107991071051008001999999KA1999N-01081MA1999999076631MD1710261+0201MW1001REMSYN088AAXX  23061 56093 11570 71402 11030 21112 37663 57026 69901 70070 875// 333 00253 21108;
0170560930999992000012312004+34720+104880FM-12+137199999V0201401N004010075019N0150001N1-00441-00951999999ADDAA106000791GF108991081051008001999999MD1210191+9999MW1701REMSYN082AAXX  23121 56093 11565 81404 11044 21095 37189 52019 69901 77000 885// 333 0353/;EQDQ01+071893APOSP 
0193560930999992000012318004+34720+104880FM-12+137199999V0202901N001010075019N0200001N1-00681-00911999999ADDAA106000191AY171061GF107991071051008001999999KA1999M-00191MA1999999077141MD1210101+0401MW1001REMSYN088AAXX  23181 56093 11570 72901 11068 21091 37714 52010 69921 70070 875// 333 00400 11019;
0180560930999992000012400004+34720+104880FM-12+137199999V0200201N001010075019N0150001N1-00881-01071999999ADDAA106000791AY171061GF108991081051008001999999MA1999999077331MD1210151+0501MW1001REMSYN088AAXX  24001 56093 11565 80201 11088 21107 37733 52015 69901 70070 885// 333 00501 70002;
0203560930999992000012406004+34720+104880FM-12+137199999V0201801N002012200019N0200001N1-00101-01021999999ADDAA106000791AY171061GA1001+999999999GF100991001001999999001001KA1999N-01061MA1999999077211MD1710331+0601MW1001REMSYN082AAXX  24061 56093 11970 01802 11010 21102 37721 57033 69901 70070 333 00602 21106;
0156560930999992000012412004+34720+104880FM-12+137199999V0201801N003012200019N0200001N1-00451+99999999999ADDAA199000091GA1001+999999999GF100991001001999999001001MD1210311+0061REMSYN058AAXX  24121 56093 32970 01803 11045 377/1 52031 333 00600;EQDQ01  00002PRCP99
0173560930999992000012500004+34720+104880FM-12+137199999V02099999999990150019N0250001N1+00031-00381103401ADDAA199000091GF108991081051017501999999MA1999999090521MD1210061+0011REMSYN076AAXX  25001 56093 32775 83/01 10003 21038 39052 40340 52006 885// 333 00100;EQDQ01  00002PRCP99
0202560930999992000012506004+34720+104880FM-12+137199999V0201801N002019999999N0250001N1-00131-01161999999ADDAA199000091GF108991021001999999041071KA1999N-01261MA1999999077332MD1710291+0101REMSYN076AAXX  25061 56093 32975 81802 11013 21116 37733 57029 82047 333 00100 21126;EQDQ01+077333APOSP Q02  00002PRCP99
0196560930999992000012518004+34720+104880FM-12+137199999V0209999C000012200019N0300001N1-01211-01451999999ADDAA199000091GA1001+999999999GF100991001001999999001001KA1999M+00071MA1999999077781MD1710021+0301REMSYN070AAXX  25181 56093 32980 00000 11121 21145 37778 57002 333 00352 10007;EQDQ01  00002PRCP99
0167560930999992000012600004+34720+104880FM-12+137199999V0201801N001012200019N0200001N1-01461-01611999999ADDAA199000091GF102991001001999999001021MA1999999077721MD1210011+0021REMSYN070AAXX  26001 56093 32970 21801 11146 21161 37772 52001 80002 333 00256;EQDQ01  00002PRCP99
0186560930999992000012606004+34720+104880FM-12+137199999V0201101N002012200019N0200001N1-00081-01321999999ADDAA199000091GF101991011011008001001001KA1999N-01551MA1999999077311MD1710421+0001REMSYN076AAXX  26061 56093 32570 11102 11008 21132 37731 57042 81100 333 00001 21155;EQDQ01  00002PRCP99
0177560930999992000012612004+34720+104880FM-12+137199999V0202201N001012200019N0300001N1-00411+99999999999ADDAA199000091GA1001+999999999GF100991001001999999001001MA1999999077391MD1210271+9999REMSYN064AAXX  26121 56093 32980 02201 11041 22121 37739 52027 333 05/2/;EQDQ01  00002PRCP99
0185560930999992000012618004+34720+104880FM-12+137199999V0201601N002010075019N0200001N1-00791-01121999999ADDAA106000791GF108991081051008001999999KA1999M+00441MA1999999077401MD1710101-0401MW1701REMSYN088AAXX  26181 56093 11570 81602 11079 21112 37740 57010 69901 77000 885// 333 05404 10044;
0188560930999992000012700004+34720+104880FM-12+137199999V0200901N002010075019N0150001N1-00881-01281999999ADDAA106000791AY171061AY271061GF108991081051008001999999MA1999999077251MD1210021-0501MW1701REMSYN088AAXX  27001 56093 11565 80902 11088 21128 37725 52002 69901 77077 885// 333 05506 79999;
0193560930999992000012706004+34720+104880FM-12+137199999V0201601N003019999999N0300001N1-00301-01211999999ADDAA106000791AY171061GF106991001001999999001021KA1999N-00961MA1999999076951MD1710291-0401MW1001REMSYN088AAXX  27061 56093 11980 61603 11030 21121 37695 57029 69901 70070 80002 333 05452 21096;
0158560930999992000012712004+34720+104880FM-12+137199999V0201101N002012200019N0300001N1-00591-01201999999ADDAA199000021GA1001+999999999GF100991001001999999001001MA1999999077111MD1210251+0031REMSYN064AAXX  27121 56093 32980 01102 11059 21120 37711 52025 333 05352;
0186560930999992000012718004+34720+104880FM-12+137199999V0200701N001010900019N0300001N1-00731-01361999999ADDAA199000091GF108991031051008001001071KA1999M-00151MA1999999077081MD1710171-0301REMSYN076AAXX  27181 56093 32580 80701 11073 21136 37708 57017 83507 333 05301 11015;EQDQ01  00002PRCP99
0154560930999992000012800004+34720+104880FM-12+137199999V0202001N001012200019N0200001N1-01121-01471999999ADDAA124000791GF102991001001999999001021MA1999999077011MD1210031-0201REMSYN076AAXX  28001 56093 32970 22001 11112 21147 37701 52003 80002 333 05252 79999;
0196560930999992000012806004+34720+104880FM-12+137199999V0200701N002012200019N0250001N1-00041-01521999999ADDAA199000091GA1001+999999999GF100991001001999999001001KA1999N-01141MA1999999076811MD1710281-0101REMSYN070AAXX  28061 56093 32975 00702 11004 21152 37681 57028 333 05103 21114;EQDQ01  00002PRCP99
0167560930999992000012812004+34720+104880FM-12+137199999V0200401N006019999999N0300001N1-00691-01631999999ADDAA199000091GF107991001001999999001021MA1999999077341MD1210461+0021REMSYN070AAXX  28121 56093 32980 70406 11069 21163 37734 52046 80002 333 00251;EQDQ01  00002PRCP99
0186560930999992000012818004+34720+104880FM-12+137199999V0200901N001010075019N0300001N1-00801-01581999999ADDAA199000091GF108991081051008001999999KA1999M+00171MA1999999077441MD1710011+0401REMSYN076AAXX  28181 56093 32580 80901 11080 21158 37744 57001 885// 333 00451 10017;EQDQ01  00002PRCP99
0167560930999992000012900004+34720+104880FM-12+137199999V0201101N001010075019N0300001N1-00851-01491999999ADDAA199000091GF108991081051008001999999MA1999999077571MD1210131+0061REMSYN070AAXX  29001 56093 32580 81101 11085 21149 37757 52013 885// 333 00603;EQDQ01  00002PRCP99
0186560930999992000012906004+34720+104880FM-12+137199999V0202201N003019999999N0250001N1-00301-01611999999ADDAA199000091GF107991011001999999041021KA1999N-00851MA1999999077461MD1710231+0701REMSYN076AAXX  29061 56093 32975 72203 11030 21161 37746 57023 81042 333 00753 21085;EQDQ01  00002PRCP99
0177560930999992000012912004+34720+104880FM-12+137199999V0201401N003012200019N0250001N1-00801-01641999999ADDAA199000091GA1001+999999999GF100991001001999999001001MA1999999077751MD1210331+0041REMSYN064AAXX  29121 56093 32975 01403 11080 21164 37775 52033 333 00451;EQDQ01  00002PRCP99
0186560930999992000012918004+34720+104880FM-12+137199999V0209999C000019999999N0250001N1-01101-01681999999ADDAA199000091GF107991001001999999001021KA1999M-00181MA1999999077641MD1710161+0201REMSYN076AAXX  29181 56093 32975 70000 11110 21168 37764 57016 80002 333 00253 11018;EQDQ01  00002PRCP99
0180560930999992000013000004+34720+104880FM-12+137199999V0209999C000019999999N0150001N1-01091-01311999999ADDAA106000191AY171061GF108991081001999999011999MA1999999077631MD1210041+0101MW1701REMSYN088AAXX  30001 56093 11965 80000 11109 21131 37763 52004 69911 77070 8801/ 333 00152 70001;
0193560930999992000013006004+34720+104880FM-12+137199999V0200701N005010075019N0150001N1-00701-01141999999ADDAA106000191AY171061GF107991061051008001001021KA1999N-01291MA1999999077471MD1710241+0001MW1701REMSYN088AAXX  30061 56093 11565 70705 11070 21114 37747 57024 69921 77070 86502 333 00054 21129;
0174560930999992000013012004+34720+104880FM-12+137199999V0200701N006010075019N0200001N1-00901-01681999999ADDAA106000791AY171061GF108991081051008001999999MA1999999077721MD1210271+0001MW1221REMSYN082AAXX  30121 56093 11570 80706 11090 21168 37772 52027 69901 72270 885// 333 00051;
0193560930999992000013018004+34720+104880FM-12+137199999V0200901N001019999999N0120001N1-01061-01311999999ADDAA106000191AY171061GF108991081001999999021999KA1999M-00551MA1999999077661MD1710151+0001MW1701REMSYN088AAXX  30181 56093 11962 80901 11106 21131 37766 57015 69911 77070 8802/ 333 00000 11055;
0180560930999992000013100004+34720+104880FM-12+137199999V0209999C000010075019N0150001N1-01321-01581999999ADDAA106000791AY171061GF108991081051008001999999MA1999999077341MD1710091-0301MW1701REMSYN088AAXX  31001 56093 11565 80000 11132 21158 37734 57009 69901 77070 885// 333 05352 70003;
0193560930999992000013106004+34720+104880FM-12+137199999V0202701N002010075019N0200001N1-00711-01381999999ADDAA106000791AY171061GF107991071051008001999999KA1999N-01511MA1999999076911MD1710391-0601MW1001REMSYN088AAXX  31061 56093 11570 72702 11071 21138 37691 57039 69901 70070 875// 333 05600 21151;
0148560930999992000013112004+34720+104880FM-12+137199999V0201401N001019999999N0250001N1-00681-01241999999ADDAA199000021GF105991001999999999001021MA1999999076941MD1210181+0081REMSYN070AAXX  31121 56093 32975 51401 11068 21124 37694 52018 80/02 333 05802;
0196560930999992000013118004+34720+104880FM-12+137199999V0209999C000012200019N0250001N1-01361-01631999999ADDAA199000091GA1001+999999999GF100991001001999999001001KA1999M-00421MA1999999077011MD1710051-0701REMSYN070AAXX  31181 56093 32975 00000 11136 21163 37701 57005 333 05753 11042;EQDQ01  00002PRCP99
0180560930999992000020100004+34720+104880FM-12+137199999V0209999C000012200019N0200001N1-01801-01991999999ADDAA106000791AY171061GF102991001001999999001021MA1999999076971MD1410001-0401MW1001REMSYN088AAXX  01001 56093 11970 20000 11180 21199 37697 54000 69901 70070 80002 333 05455 79999;
0186560930999992000020106004+34720+104880FM-12+137199999V0202901N002012200019N0300001N1-00341-01751999999ADDAA199000091GF102991001001999999001021KA1999N-01801MA1999999076521MD1710411-0401REMSYN076AAXX  01061 56093 32980 22902 11034 21175 37652 57041 80002 333 05404 21180;EQDQ01  00002PRCP99
0186560930999992000020118004+34720+104880FM-12+137199999V0209999C000019999999N0200001N1-00931-01391999999ADDAA199000091GF107991001001999999001021KA1999M+00171MA1999999076781MD1410001-0201REMSYN076AAXX  01181 56093 32970 70000 11093 21139 37678 54000 80002 333 05204 10017;EQDQ01  00002PRCP99
0183560930999992000020200004+34720+104880FM-12+137199999V0209999C000012200019N0200001N1-01071-01321999999ADDAA199000091GA1001+999999999GF100991001001999999001001MA1999999076911MD1410001+0001REMSYN070AAXX  02001 56093 32970 00000 11107 21132 37691 54000 80002 333 00000;EQDQ01  00002PRCP99
0186560930999992000020206004+34720+104880FM-12+137199999V0202901N001012200019N0300001N1-00171-01561999999ADDAA199000091GF102991001001999999001021KA1999N-01541MA1999999076621MD1710331+0101REMSYN076AAXX  02061 56093 32980 22901 11017 21156 37662 57033 80002 333 00102 21154;EQDQ01  00002PRCP99
0167560930999992000020212004+34720+104880FM-12+137199999V0201101N002019999999N0300001N1-00371-02251999999ADDAA199000091GF107991001001999999001021MA1999999076651MD1210171+0001REMSYN070AAXX  02121 56093 32980 71102 11037 21225 37665 52017 80002 333 00000;EQDQ01  00002PRCP99
0196560930999992000020218004+34720+104880FM-12+137199999V0209999C000012200019N0300001N1-01021-01821999999ADDAA199000091GA1001+999999999GF100991001001999999001001KA1999M+00181MA1999999076661MD1710081-0101REMSYN070AAXX  02181 56093 32980 00000 11102 21182 37666 57008 333 05151 10018;EQDQ01  00002PRCP99
0186560930999992000020306004+34720+104880FM-12+137199999V0202001N003012200019N0300001N1+00021-01321999999ADDAA199000091GF101991011011008001001001KA1999N-01431MA1999999076361MD1710291-0301REMSYN076AAXX  03061 56093 32580 12003 10002 21132 37636 57029 81100 333 05302 21143;EQDQ01  00002PRCP99
0167560930999992000020312004+34720+104880FM-12+137199999V0209999C000019999999N0300001N1-00451-01171999999ADDAA199000091GF107991071001999999031999MA1999999076641MD1210291+0001REMSYN070AAXX  03121 56093 32980 70000 11045 21117 37664 52029 8703/ 333 00051;EQDQ01  00002PRCP99
0185560930999992000020318004+34720+104880FM-12+137199999V0200201N001019999999N0150001N1-00701-00891999999ADDAA106000191GF108991081001999999021999KA1999M+00201MA1999999076791MD1710021+0101MW1701REMSYN088AAXX  03181 56093 11965 80201 11070 21089 37679 57002 69911 77000 8802/ 333 00103 10020;
0180560930999992000020400004+34720+104880FM-12+137199999V0209999C000019999999N0180001N1-00721-00961999999ADDAA106000191AY171061GF108991081001999999021999MA1999999076881MD1210171+0301MW1001REMSYN088AAXX  04001 56093 11968 80000 11072 21096 37688 52017 69911 70070 8802/ 333 00307 70002;
0193560930999992000020406004+34720+104880FM-12+137199999V0201101N003012200019N0200001N1-00141-01131999999ADDAA106000791AY171061GF102991011011008001001021KA1999N-00751MA1999999076781MD1710231+0401MW1001REMSYN088AAXX  04061 56093 11570 21103 11014 21113 37678 57023 69901 70070 81102 333 00452 21075;
0167560930999992000020412004+34720+104880FM-12+137199999V0201801N001019999999N0200001N1-00221-01271999999ADDAA199000091GF107991001001999999001021MA1999999076921MD1210181+0031REMSYN070AAXX  04121 56093 32970 71801 11022 21127 37692 52018 80002 333 00302;EQDQ01  00002PRCP99
0186560930999992000020418004+34720+104880FM-12+137199999V0202001N002012200019N0200001N1-00881-01241999999ADDAA199000091GF102991001001999999001021KA1999M+00221MA1999999077031MD1710011+0201REMSYN076AAXX  04181 56093 32970 22002 11088 21124 37703 57001 80002 333 00252 10022;EQDQ01  00002PRCP99
0164560930999992000020500004+34720+104880FM-12+137199999V0209999C000012200019N0200001N1-01291-01521999999ADDAA124000791GA1001+999999999GF100991001001999999001001MA1999999077121MD1210081+0201REMSYN070AAXX  05001 56093 32970 00000 11129 21152 37712 52008 333 00256 79999;
0186560930999992000020506004+34720+104880FM-12+137199999V0200401N002019999999N0200001N1+00011-01261999999ADDAA199000091GF108991001001999999001071KA1999N-01331MA1999999076831MD1710371+0101REMSYN076AAXX  05061 56093 32970 80402 10001 21126 37683 57037 80007 333 00102 21133;EQDQ01  00002PRCP99
0167560930999992000020512004+34720+104880FM-12+137199999V0201801N002012200019N0200001N1-00341-01621999999ADDAA199000091GF101991001001999999001021MA1999999076961MD1210151+0001REMSYN070AAXX  05121 56093 32970 11802 11034 21162 37696 52015 80002 333 00051;EQDQ01  00002PRCP99
0196560930999992000020518004+34720+104880FM-12+137199999V0209999C000012200019N0200001N1-00991-01381999999ADDAA199000091GA1001+999999999GF100991001001999999001001KA1999M+00201MA1999999076971MD1710061-0101REMSYN070AAXX  05181 56093 32970 00000 11099 21138 37697 57006 333 05151 10020;EQDQ01  00002PRCP99
0167560930999992000020600004+34720+104880FM-12+137199999V0209999C000012200019N0200001N1-01381-01621999999ADDAA199000091GF102991001001999999001021MA1999999076951MD1210081+0021REMSYN070AAXX  06001 56093 32970 20000 11138 21162 37695 52008 80002 333 05251;EQDQ01  00002PRCP99
0186560930999992000020606004+34720+104880FM-12+137199999V0202901N002019999999N0300001N1+00482-01421999999ADDAA199000091GF106991001001999999001021KA1999N-01431MA1999999076601MD1710411-0201REMSYN076AAXX  06061 56093 32980 62902 10048 21142 37660 57041 80002 333 05205 21143;EQDQ01  00002PRCP99
0131560930999992000020612004+34720+104880FM-12+137199999V0200701N005012200019N0010001N1-00381+99999999999ADDGF101991001001999999001021MA1999999077211MD1210401+0031REMSYN064AAXX  06121 56093 ///10 10705 11038 37721 5204/ 80002 333 00300;
0181560930999992000020618004+34720+104880FM-12+137199999V0200901N003012200019N0300001N1-00831-01891999999ADDAA199000091GA1001+999999999GF100991001001999999001001KA1999M+00691MD1210021+0101REMSYN070AAXX  06181 56093 32980 00903 11083 21189 377// 52002 333 00102 10069;EQDQ01  00002PRCP99
0167560930999992000020700004+34720+104880FM-12+137199999V0209999C000012200019N0300001N1-01411-01871999999ADDAA199000091GF101991001001999999001021MA1999999077451MD1210061+0051REMSYN070AAXX  07001 56093 32980 10000 11141 21187 37745 52006 80002 333 00500;EQDQ01  00002PRCP99
0186560930999992000020706004+34720+104880FM-12+137199999V0200201N002012200019N0300001N1-00101-01471999999ADDAA199000091GF101991001001999999001021KA1999N-01461MA1999999076901MD1710471+0301REMSYN076AAXX  07061 56093 32980 10202 11010 21147 3769/ 57047 80002 333 0039/ 21146;EQDQ01  00002PRCP99
0196560930999992000020718004+34720+104880FM-12+137199999V0209999C000012200019N0300001N1-00871-01521999999ADDAA199000091GA1001+999999999GF100991001001999999001001KA1999M+00351MA1999999076751MD1710051-0701REMSYN070AAXX  07181 56093 32980 00000 11087 21152 37675 57005 333 05700 10035;EQDQ01  00002PRCP99
0167560930999992000020800004+34720+104880FM-12+137199999V0209999C000010075019N0300001N1-00951-01421999999ADDAA199000091GF107991071051008001999999MA1999999076751MD1210041+0071REMSYN070AAXX  08001 56093 32580 70000 11095 21142 37675 52004 875// 333 05705;EQDQ01  00002PRCP99
0186560930999992000020806004+34720+104880FM-12+137199999V0201101N003012200019N0300001N1+00361-01391999999ADDAA199000091GF102991001001999999001021KA1999N-01181MA1999999076351MD1710321-0601REMSYN076AAXX  08061 56093 32980 21103 10036 21139 37635 57032 80002 333 05605 21118;EQDQ01  00002PRCP99
0159560930999992000020812004+34720+104880FM-12+137199999V0209999C000019999999N0160001N1+00441-00131102181ADDAA106000791AY161061GF108991081001999999071999MD1210081+0031MW1001REMSYN082AAXX  08121 56093 11966 80000 10044 21013 40218 52008 69901 70060 8807/ 333 05352;
0196560930999992000020818004+34720+104880FM-12+137199999V0209999C000012200019N0300001N1-00861-01251999999ADDAA199000091GA1001+999999999GF100991001001999999001001KA1999M+00561MA1999999076531MD1410001-0201REMSYN070AAXX  08181 56093 32980 00000 11086 21125 37653 54000 333 05200 10056;EQDQ01  00002PRCP99
0167560930999992000020900004+34720+104880FM-12+137199999V0209999C000012200019N0300001N1-01221-01461999999ADDAA199000091GF101991001001999999001021MA1999999076561MD1210071+0021REMSYN070AAXX  09001 56093 32980 10000 11122 21146 37656 52007 80002 333 05253;EQDQ01  00002PRCP99
0167560930999992000020912004+34720+104880FM-12+137199999V0201401N003012200019N0300001N1+00011-01651999999ADDAA199000091GF101991001001999999001021MA1999999076501MD1210291+0011REMSYN070AAXX  09121 56093 32980 11403 10001 21165 37650 52029 80002 333 00101;EQDQ01  00002PRCP99
0196560930999992000020918004+34720+104880FM-12+137199999V0202001N001012200019N0300001N1-00731-01361999999ADDAA199000091GA1001+999999999GF100991001001999999001001KA1999M+00781MA1999999076631MD1410001+0101REMSYN070AAXX  09181 56093 32980 02001 11073 21136 37663 54000 333 00101 10078;EQDQ01  00002PRCP99
0167560930999992000021000004+34720+104880FM-12+137199999V0209999C000010120019N0200001N1-01001-01411999999ADDAA199000091GF107991071051012501999999MA1999999076621MD1210021+0011REMSYN070AAXX  10001 56093 32670 70000 1110/ 21141 37662 52002 875// 333 00102;EQDQ01  00002PRCP99
0186560930999992000021006004+34720+104880FM-12+137199999V0200201N002019999999N0200001N1+00161-01271999999ADDAA199000091GF108991001001999999001071KA1999N-01101MA1999999076331MD1710301+0101REMSYN076AAXX  10061 56093 32970 80202 10016 21127 37633 57030 80007 333 00153 21110;EQDQ01  00002PRCP99
0196560930999992000021018004+34720+104880FM-12+137199999V0209999C000012200019N0300001N1-00711-01041999999ADDAA199000091GA1001+999999999GF100991001001999999001001KA1999M+00531MA1999999076591MD1710021+0001REMSYN070AAXX  10181 56093 32980 00000 11071 21104 37659 57002 333 00000 10053;EQDQ01  00002PRCP99
0177560930999992000021100004+34720+104880FM-12+137199999V0209999C000012200019N0200001N1-01161-01351999999ADDAA199000091GA1001+999999999GF100991001001999999001001MA1999999076551MD1210061+0011REMSYN064AAXX  11001 56093 32970 00000 11116 21135 37655 52006 333 05151;EQDQ01  00002PRCP99
0186560930999992000021106004+34720+104880FM-12+137199999V0201101N002012200019N0300001N1+00612-01011999999ADDAA199000091GF101991011011008001001021KA1999N-01261MA1999999076211MD1710351-0101REMSYN076AAXX  11061 56093 32580 11102 10061 21101 37621 57035 81102 333 05105 21126;EQDQ01  00002PRCP99
0167560930999992000021112004+34720+104880FM-12+137199999V0203601N001010900019N0300001N1+00301-01051999999ADDAA199000091GF108991021051008001001071MA1999999076381MD1210321+0011REMSYN070AAXX  11121 56093 32580 83601 10030 21105 37638 52032 82507 333 05102;EQDQ01  00002PRCP99
0196560930999992000021118004+34720+104880FM-12+137199999V0202501N001012200019N0300001N1-00601-01041999999ADDAA199000091GA1001+999999999GF100991001001999999001001KA1999M+01021MA1999999076491MD1410001-0101REMSYN070AAXX  11181 56093 32980 02501 11060 21104 37649 54000 333 05101 10102;EQDQ01  00002PRCP99
0167560930999992000021200004+34720+104880FM-12+137199999V0202501N002010075019N0300001N1-00521-01061999999ADDAA199000091GF108991081051008001999999MA1999999076481MD1210061+0011REMSYN070AAXX  12001 56093 32580 82502 11052 21106 37648 52006 885// 333 05106;EQDQ01  00002PRCP99
0186560930999992000021206004+34720+104880FM-12+137199999V0201601N004010900019N0200001N1+00191-00691999999ADDAA199000091GF107991041051008001001021KA1999N-00851MA1999999076151MD1710321-0101REMSYN076AAXX  12061 56093 32570 71604 10019 21069 37615 57032 84502 333 05154 21085;EQDQ01  00002PRCP99
0174560930999992000021212004+34720+104880FM-12+137199999V0201101N003010075019N0150001N1-00141-00611999999ADDAA106000791AY171061GF108991081051008001999999MA1999999076561MD1210351+0021MW1701REMSYN082AAXX  12121 56093 11565 81103 11014 21061 37656 52035 69901 77070 885// 333 00254;
0193560930999992000021218004+34720+104880FM-12+137199999V0200201N004019999999N0200001N1-00541-01271999999ADDAA106000791AY171061GF108991081001999999021999KA1999M+00221MA1999999076861MD1210121+0401MW1001REMSYN088AAXX  12181 56093 11970 80204 11054 21127 37686 52012 69901 70070 8802/ 333 00401 10022;
0180560930999992000021300004+34720+104880FM-12+137199999V0200901N001019999999N0200001N1-00761-01001999999ADDAA106000791AY171061GF108991081001999999021999MA1999999077081MD1210161+0601MW1701REMSYN088AAXX  13001 56093 11970 80901 11076 21100 37708 52016 69901 77070 8802/ 333 00652 79999;
0193560930999992000021306004+34720+104880FM-12+137199999V0201401N002010075019N0300001N1-00301-00911999999ADDAA106000791AY171061GF107991051051008001001021KA1999N-00761MA1999999076841MD1710281+0701MW1001REMSYN088AAXX  13061 56093 11580 71402 11030 21091 37684 57028 69901 70070 85502 333 00755 21076;
0148560930999992000021312004+34720+104880FM-12+137199999V0200401N004010075019N0300001N1-00471-01251999999ADDAA199000021GF108991081051008001999999MA1999999076951MD1210221+9999REMSYN070AAXX  13121 56093 32580 80404 11047 21125 37695 52022 885// 333 0//5/;
0193560930999992000021318004+34720+104880FM-12+137199999V0203401N001019999999N0200001N1-00721-01081999999ADDAA106000791AY171061GF108991001001999999001071KA1999M-00121MA1999999077261MD1210021+0401MW1221REMSYN088AAXX  13181 56093 11970 83401 11072 21108 37726 52002 69901 72270 80007 333 00452 11012;
0154560930999992000021400004+34720+104880FM-12+137199999V0209999C000019999999N0200001N1-00811-01111999999ADDAA124000791GF107991001001999999001021MA1999999077271MD1210051+0201REMSYN076AAXX  14001 56093 32970 70000 11081 21111 37727 52005 80002 333 00251 79999;
0167560930999992000021406004+34720+104880FM-12+137199999V0202701N003019999999N0300001N1-00061-01231999999ADDAA199000021GF107991001001999999001021KA1999N-00821MA1999999077041MD1710281+0201REMSYN076AAXX  14061 56093 32980 72703 11006 21123 37704 57028 80002 333 00202 21082;
0167560930999992000021412004+34720+104880FM-12+137199999V0209999C000010075019N0300001N1-00111-01271999999ADDAA199000091GF107991051051008001001021MA1999999077061MD1210171+0011REMSYN070AAXX  14121 56093 32580 70900 11011 21127 37706 52017 85502 333 00104;EQDQ01  00002PRCP99
0218560930999992000021418004+34720+104880FM-12+137199999V0209999C999999999999N0300001N1-00491-01241999999ADDAA199000091GF108991001001999999999071KA1999M+00281MA1999999077111MD1710091-0201REMSYN076AAXX  14181 56093 32980 80080 11049 21124 37711 57009 800/7 333 05202 10028;EQDQ01+008003WOSPD Q02  00002PRCP99Q030008003WOSPD 
0167560930999992000021500004+34720+104880FM-12+137199999V0209999C000019999999N0300001N1-00861-01171999999ADDAA199000091GF107991001001999999001021MA1999999077021MD1210041+0031REMSYN070AAXX  15001 56093 32980 70000 11086 21117 37702 52004 80002 333 05351;EQDQ01  00002PRCP99
0186560930999992000021506004+34720+104880FM-12+137199999V0203401N002010900019N0300001N1+00351-01061999999ADDAA199000091GF107991011011008001001021KA1999N-00861MA1999999076711MD1710341-0301REMSYN076AAXX  15061 56093 32580 73402 10035 21106 37671 57034 81102 333 05304 21086;EQDQ01  00002PRCP99
0167560930999992000021512004+34720+104880FM-12+137199999V0201401N002019999999N0300001N1+00171-01551999999ADDAA199000091GF107991001001999999001021MA1999999076771MD1210251+0031REMSYN070AAXX  15121 56093 32980 71402 10017 21155 37677 52025 80002 333 05303;EQDQ01  00002PRCP99
0196560930999992000021518004+34720+104880FM-12+137199999V0209999C000012200019N0300001N1-00721-01161999999ADDAA199000091GA1001+999999999GF100991001001999999001001KA1999M+00691MA1999999076691MD1710111-0401REMSYN070AAXX  15181 56093 32980 00000 11072 21116 37669 57011 333 05452 10069;EQDQ01  00002PRCP99
0177560930999992000021600004+34720+104880FM-12+137199999V0209999C000012200019N0300001N1-01101-01371999999ADDAA199000091GA1001+999999999GF100991001001999999001001MA1999999076691MD1210091+0031REMSYN064AAXX  16001 56093 32980 00000 11110 21137 37669 52009 333 05352;EQDQ01  00002PRCP99
0196560930999992000021606004+34720+104880FM-12+137199999V0201601N003012200019N0300001N1+00742-01301999999ADDAA199000091GA1001+999999999GF100991001001999999001001KA1999N-01121MA1999999076411MD1710341-0301REMSYN070AAXX  16061 56093 32980 01603 10074 21130 37641 57034 333 05304 21112;EQDQ01  00002PRCP99
0180560930999992000021618004+34720+104880FM-12+137199999V0201401N001019999999N0300001N1-00251-01131999999ADDAA199000091GF107991001001999999001021KA1999M+01061MA1999999076441MD1710081+9999REMSYN070AAXX  16181 56093 32980 71401 11025 21113 37644 57008 80002 333 10106;EQDQ01  00002PRCP99
0167560930999992000021700004+34720+104880FM-12+137199999V0209999C000010075019N0300001N1-00651-01071999999ADDAA199000091GF107991071051008001999999MA1999999076331MD1710011+0041REMSYN070AAXX  17001 56093 32580 70000 11065 21107 37633 57001 875// 333 05405;EQDQ01  00002PRCP99
0186560930999992000021706004+34720+104880FM-12+137199999V0201601N006019999999N0300001N1+00241-00661999999ADDAA199000091GF107991001001999999001021KA1999N-00771MA1999999076071MD1710291-0301REMSYN076AAXX  17061 56093 32980 71606 10024 21066 37607 57029 80002 333 05355 21077;EQDQ01  00002PRCP99
0193560930999992000021718004+34720+104880FM-12+137199999V0201601N002010075019N0300001N1-00201-00691999999ADDAA106000791AY171061GF108991081051008001999999KA1999M+00351MA1999999076251MD1710071-0201MW1701REMSYN088AAXX  17181 56093 11580 81602 11020 21069 37625 57007 69901 77070 885// 333 05201 10035;
0206560930999992000021800004+34720+104880FM-12+137199999V0200701N002010075019N0200001N1-00301-00521999999ADDAA106000791AY171061AY271061GF108991081051008001999999IA2999-00469MA1999999076251MD1210051-0101MW1701REMSYN094AAXX  18001 56093 11570 80702 11030 21052 37625 52005 69901 77077 885// 333 05104 31046 79999;
0193560930999992000021806004+34720+104880FM-12+137199999V0200401N004010075019N0300001N1+00081-00871999999ADDAA106000791AY171061GF108991071051008001001071KA1999N-00321MA1999999076161MD1710181+0101MW1001REMSYN088AAXX  18061 56093 11580 80404 10008 21087 37616 57018 69901 70070 87507 333 00152 21032;
0160560930999992000021812004+34720+104880FM-12+137199999V0200701N005010075019N0200001N1-00261-00891999999ADDAA106000791GF108991081051008001999999MA1999999076411MD1999999+0021MW1701REMSYN076AAXX  18121 56093 11570 80705 11026 21089 37641 69901 77000 885// 333 00252;
0201560930999992000021818004+34720+104880FM-12+137199999V0200201N003019999999N0150001N1-00531-00911999999ADDAA106000191AY171061AY271061GF108991081001999999021999KA1999M+00341MA1999999076631MD1210081+0401MW1701REMSYN088AAXX  18181 56093 11965 80203 11053 21091 37663 52008 69911 77077 8802/ 333 00453 10034;
0180560930999992000021900004+34720+104880FM-12+137199999V0209999C000010120019N0300001N1-00701-01131999999ADDAA106000391AY171061GF108991081051012501999999MA1999999076681MD1210121+0401MW1001REMSYN088AAXX  19001 56093 11680 80000 11070 21113 37668 52012 69931 70070 885// 333 00454 70004;
0167560930999992000021906004+34720+104880FM-12+137199999V0203401N002010900019N0300001N1-00241-01111999999ADDAA199000021GF107991021051008001001021KA1999N-00711MA1999999076501MD1710241+0301REMSYN076AAXX  19061 56093 32580 73402 11024 21111 37650 57024 82502 333 00353 21071;
0168560930999992000021912004+34720+104880FM-12+137199999V0200701N004019999999N0300001N1-00381-01201999999ADDAA199000091GF108991081001999999011999MD1210181+0021REMSYN070AAXX  19121 56093 32980 80704 11038 21120 37159 52018 8801/ 333 00251;EQDQ01+071593APOSP Q02  00002PRCP99
0193560930999992000021918004+34720+104880FM-12+137199999V0201101N002019999999N0200001N1-00601-00891999999ADDAA106000791AY171061GF108991001001999999001071KA1999M-00041MA1999999076701MD1710041+0101MW1001REMSYN088AAXX  19181 56093 11970 81102 11060 21089 37670 57004 69901 70070 80007 333 00151 11004;
0180560930999992000022000004+34720+104880FM-12+137199999V0200701N001010075019N0200001N1-00711-00981999999ADDAA106000791AY171061GF108991081051008001999999MA1999999076621MD1210031-0101MW1701REMSYN088AAXX  20001 56093 11570 80701 11071 21098 37662 52003 69901 77070 885// 333 05100 79999;
0193560930999992000022006004+34720+104880FM-12+137199999V0200701N003010075019N0300001N1+00021-00981999999ADDAA106000791AY171061GF106991061051008001001001KA1999N-00861MA1999999076301MD1710311-0201MW1001REMSYN088AAXX  20061 56093 11580 60703 10002 21098 37630 57031 69901 70070 86500 333 05203 21086;
0148560930999992000022012004+34720+104880FM-12+137199999V0201601N004010075019N0300001N1-00221-00911999999ADDAA199000021GF108991081051008001999999MA1999999076331MD1210191+0031REMSYN070AAXX  20121 56093 32580 81604 11022 21091 37633 52019 885// 333 05302;
0193560930999992000022018004+34720+104880FM-12+137199999V0200401N001010075019N0200001N1-00301-00791999999ADDAA106000791AY171061GF108991081051008001999999KA1999M+00201MA1999999076451MD1410001-0301MW1701REMSYN088AAXX  20181 56093 11570 80401 11030 21079 37645 54000 69901 77070 885// 333 05303 10020;
0180560930999992000022100004+34720+104880FM-12+137199999V0209999C000010075019N0200001N1-00451-00631999999ADDAA106000791AY171061GF108991081051008001999999MA1999999076361MD1210011-0301MW1001REMSYN088AAXX  21001 56093 11570 80000 11045 21063 37636 52001 69901 70070 885// 333 05303 79999;
0168560930999992000022101004+34720+104880FM-12+137199999V0209999C000010075019N0200001N1-00451+99999999999ADDAA106000791AY171011GF108991081051008001999999MA1999999076361MD1210071+9999MW1001REMSYN076AAXX  21011 56093 11570 80000 11045 37636 52007 69901 70070 885// 333 79999;
0167560930999992000022106004+34720+104880FM-12+137199999V0202901N001010900019N0300001N1+00301-00721999999ADDAA199000021GF107991011011008001001021KA1999N-00531MA1999999076081MD1710291-0201REMSYN076AAXX  21061 56093 32580 72901 10030 21072 37608 57029 81102 333 05203 21053;
0186560930999992000022118004+34720+104880FM-12+137199999V0201601N002019999999N0300001N1-00271-00611999999ADDAA199000091GF107991001001999999001021KA1999M+00541MA1999999076361MD1710061-0101REMSYN076AAXX  21181 56093 32980 71602 11027 21061 37636 57006 80002 333 05100 10054;EQDQ01  00002PRCP99
0167560930999992000022200004+34720+104880FM-12+137199999V0201601N003010075019N0300001N1-00251-00691999999ADDAA199000091GF108991081051008001999999MA1999999076281MD1210071+0011REMSYN070AAXX  22001 56093 32580 81603 11025 21069 37628 52007 885// 333 05102;EQDQ01  00002PRCP99
0193560930999992000022206004+34720+104880FM-12+137199999V0209999C000010075019N0250001N1-00021-00721999999ADDAA106000791AY171061GF107991071051008001999999KA1999N-00411MA1999999076421MD1710051+0301MW1701REMSYN088AAXX  22061 56093 11575 70000 11002 21072 37642 57005 69901 77070 875// 333 00353 21041;
0174560930999992000022212004+34720+104880FM-12+137199999V0203601N002010120019N0200001N1-00141-00831999999ADDAA106000791AY171061GF108991081051012501999999MA1999999076701MD1210221+0041MW1001REMSYN082AAXX  22121 56093 11670 83602 11014 21083 37670 52022 69901 70070 885// 333 00452;
0160560930999992000022218004+34720+104880FM-12+137199999V0201101N001010075019N0200001N1+99999+99999999999ADDAA106000791AY171061GF108991081051008001999999KA1999M+00141MD1999999+0501MW1001REMSYN070AAXX  22181 56093 11570 81101 21053 69901 70070 885// 333 00500 10014;
0180560930999992000022300004+34720+104880FM-12+137199999V0209999C000019999999N0060001N1-00431-00551999999ADDAA106000591AY171061GF108991081001999999021999MA1999999076721MD1410001+0401MW1701REMSYN088AAXX  23001 56093 11956 80000 11043 21055 37672 54000 69951 77070 8802/ 333 00452 70005;
0193560930999992000022306004+34720+104880FM-12+137199999V0201801N007010075019N0300001N1+00011-00911999999ADDAA106000191AY171061GF107991071091008001001001KA1999N-00431MA1999999076491MD1710271+0101MW1261REMSYN088AAXX  23061 56093 11580 71807 10001 21091 37649 57027 69911 72670 87900 333 00100 21043;
0174560930999992000022312004+34720+104880FM-12+137199999V0201401N003010075019N0200001N1-00291-00751999999ADDAA106000791AY181061GF107991071091008001999999MA1999999076801MD1210341+0011MW1851REMSYN082AAXX  23121 56093 11570 71403 11029 21075 37680 52034 69901 78580 879// 333 00152;
0201560930999992000022318004+34720+104880FM-12+137199999V0202201N001019999999N0120001N1-00531-00701999999ADDAA106000891AY181061AY271061GF108991081001999999021999KA1999M+00181MA1999999077021MD1410001+0201MW1701REMSYN088AAXX  23181 56093 11962 82201 11053 21070 37702 54000 69971 77087 8802/ 333 00252 10018;
0188560930999992000022400004+34720+104880FM-12+137199999V0209999C000019999999N0070001N1-00601-00741999999ADDAA106000391AY171061AY271061GF108991081001999999021999MA1999999077011MD1210051+0301MW1701REMSYN088AAXX  24001 56093 11957 80000 11060 21074 37701 52005 69931 77077 8802/ 333 00352 70011;
0201560930999992000022406004+34720+104880FM-12+137199999V0200401N006019999999N0150001N1-00631-01171999999ADDAA106000191AY171061AY271061GF108991081001999999011999KA1999N-00681MA1999999076971MD1710171+0501MW1701REMSYN088AAXX  24061 56093 11965 80406 11063 21117 37697 57017 69911 77077 8801/ 333 00556 21068;
0182560930999992000022412004+34720+104880FM-12+137199999V0200701N002019999999N0060001N1-01011-01341999999ADDAA106000791AY171061AY271061GF108991081001999999021999MA1999999077501MD1210421+0071MW1701REMSYN082AAXX  24121 56093 11956 80702 11101 21134 37750 52042 69901 77077 8802/ 333 00757;
0193560930999992000022418004+34720+104880FM-12+137199999V0209999C000019999999N0200001N1-01121-01931999999ADDAA106000791AY171061GF108991081001999999011999KA1999M-00521MA1999999077731MD1210011+0701MW1001REMSYN088AAXX  24181 56093 11970 80000 11112 21193 37773 52001 69901 70070 8801/ 333 00756 11052;
0154560930999992000022500004+34720+104880FM-12+137199999V0209999C000019999999N0200001N1-01571-01901999999ADDAA124717892GF107991001001999999001021MA1999999077711MD1219999+0701REMSYN076AAXX  25001 56093 32970 70000 11157 21190 37771 52/06 80002 333 0076/ 77179;
0186560930999992000022506004+34720+104880FM-12+137199999V0202501N003012200019N0200001N1-00441-01261999999ADDAA199000091GF102991001001999999001021KA1999N-01571MA1999999077441MD1710311+0501REMSYN076AAXX  25061 56093 32970 22503 11044 21126 37744 57031 80002 333 00502 21157;EQDQ01  00002PRCP99
0186560930999992000022518004+34720+104880FM-12+137199999V0209999C000019999999N0300001N1-01111-01751999999ADDAA199000091GF107991001001999999001021KA1999M-00171MA1999999077521MD1710031-0201REMSYN076AAXX  25181 56093 32980 70000 11111 21175 37752 57003 80002 333 05200 11017;EQDQ01  00002PRCP99
0167560930999992000022600004+34720+104880FM-12+137199999V0209999C000019999999N0300001N1-01321-01751999999ADDAA199000091GF107991001001999999001021MA1999999077391MD1210021+0031REMSYN070AAXX  26001 56093 32980 70000 11132 21175 37739 52002 80002 333 05303;EQDQ01  00002PRCP99
0186560930999992000022606004+34720+104880FM-12+137199999V0203401N003019999999N0300001N1-00401-01691999999ADDAA199000091GF107991001001999999001021KA1999N-01331MA1999999076991MD1710351-0501REMSYN076AAXX  26061 56093 32980 73403 11040 21169 37699 57035 80002 333 05500 21133;EQDQ01  00002PRCP99
0167560930999992000022612004+34720+104880FM-12+137199999V0201401N003012200019N0300001N1-00281-01501999999ADDAA199000091GF102991001001999999001021MA1999999076891MD1210101+0061REMSYN070AAXX  26121 56093 32980 21403 11028 21150 37689 52010 80002 333 05602;EQDQ01  00002PRCP99
0186560930999992000022618004+34720+104880FM-12+137199999V0201401N001019999999N0300001N1-00681-01241999999ADDAA199000091GF108991001001999999001071KA1999M+00091MA1999999076971MD1710031-0601REMSYN076AAXX  26181 56093 32980 81401 11068 21124 37697 57003 80007 333 05604 10009;EQDQ01  00002PRCP99
0167560930999992000022700004+34720+104880FM-12+137199999V0209999C000019999999N0300001N1-00961-01291999999ADDAA199000091GF107991001001999999001021MA1999999076971MD1210071+0041REMSYN070AAXX  27001 56093 32980 70000 11096 21129 37697 52007 80002 333 05404;EQDQ01  00002PRCP99
0186560930999992000022706004+34720+104880FM-12+137199999V0202001N004010900019N0300001N1+00181-01461999999ADDAA199000091GF107991011011008001001021KA1999N-00991MA1999999076601MD1710361-0401REMSYN076AAXX  27061 56093 32580 72004 10018 21146 37660 57036 81102 333 05406 21099;EQDQ01  00002PRCP99
0174560930999992000022712004+34720+104880FM-12+137199999V0201601N002010075019N0300001N1-00231-00631999999ADDAA106000791AY181061GF108991081091008001999999MA1999999076801MD1210331+0011MW1851REMSYN082AAXX  27121 56093 11580 81602 11023 21063 37680 52033 69901 78580 889// 333 05101;
0193560930999992000022718004+34720+104880FM-12+137199999V0201401N001010075019N0300001N1-00561-00951999999ADDAA106000791AY181061GF106991061051008001001001KA1999M+00241MA1999999077001MD1210031+0001MW1001REMSYN088AAXX  27181 56093 11580 61401 11056 21095 37700 52003 69901 70080 86500 333 00001 10024;
0180560930999992000022800004+34720+104880FM-12+137199999V0200701N002010900019N0200001N1-00661-01081999999ADDAA106000791AY171061GF108991011051008001001071MA1999999077021MD1210121+0101MW1701REMSYN088AAXX  28001 56093 11570 80702 11066 21108 37702 52012 69901 77070 81507 333 00103 79999;
0193560930999992000022806004+34720+104880FM-12+137199999V0202201N003012200019N0300001N1+00121-01231999999ADDAA106000191AY171061GF102991021011008001001001KA1999N-00911MA1999999076951MD1710211+0401MW1001REMSYN088AAXX  28061 56093 11580 22203 10012 21123 37695 57021 69911 70070 82100 333 00451 21091;
0148560930999992000022812004+34720+104880FM-12+137199999V0201401N004010075019N0300001N1-00061-00951999999ADDAA199000021GF108991081091008001999999MA1999999077081MD1210261+0031REMSYN070AAXX  28121 56093 32580 81404 11006 21095 37708 52026 889// 333 00302;
0186560930999992000022818004+34720+104880FM-12+137199999V0209999C000019999999N0300001N1-00501-00871999999ADDAA199000091GF107991001001999999001021KA1999M+00291MA1999999077241MD1710061+0201REMSYN076AAXX  28181 56093 32980 70000 11050 21087 37724 57006 80002 333 00201 10029;EQDQ01  00002PRCP99
0154560930999992000022900004+34720+104880FM-12+137199999V0209999C000010075019N0300001N1-00481-00921999999ADDAA124000191GF107991071051008001999999MA1999999077011MD1710021+0001REMSYN076AAXX  29001 56093 32580 70000 11048 21092 37701 57002 875// 333 00002 70001;
0186560930999992000022906004+34720+104880FM-12+137199999V0200401N002012200019N0300001N1+00331-01101999999ADDAA199000091GF101991011011008001001021KA1999N-00561MA1999999076701MD1710311-0301REMSYN076AAXX  29061 56093 32580 10402 10033 21110 37670 57031 81102 333 05302 21056;EQDQ01  00002PRCP99
0167560930999992000022912004+34720+104880FM-12+137199999V0201401N004010900019N0300001N1+00081-00801999999ADDAA199000091GF107991011041008001001021MA1999999076781MD1210211+0031REMSYN070AAXX  29121 56093 32580 71404 10008 21080 37678 52021 81402 333 05301;EQDQ01  00002PRCP99
0167560930999992000030100004+34720+104880FM-12+137199999V0209999C000010075019N0300001N1-00291-00671999999ADDAA199000091GF107991071051008001999999MA1999999076891MD1210131+0011REMSYN070AAXX  01001 56093 32580 70000 11029 21067 37689 52013 875// 333 05102;EQDQ01  00002PRCP99
0186560930999992000030106004+34720+104880FM-12+137199999V0201601N004012200019N0300001N1+00721-00891999999ADDAA199000091GF101991011011008001001001KA1999N-00431MA1999999076631MD1710331-0101REMSYN076AAXX  01061 56093 32580 11604 10072 21089 37663 57033 81100 333 05104 21043;EQDQ01  00002PRCP99
0161560930999992000030112004+34720+104880FM-12+137199999V0201401N005012200019N0300001N1+00251-00621999999ADDAA199000091GF101991999081999999001021MA1999999076601MD1210231+9999REMSYN064AAXX  01121 56093 32/80 11405 10025 21062 37660 52023 8/802 333;EQDQ01  00002PRCP99
0186560930999992000030118004+34720+104880FM-12+137199999V0200701N004010120019N0300001N1-00061-00701999999ADDAA199000091GF107991071051012501999999KA1999M+00891MA1999999076811MD1210051-0101REMSYN076AAXX  01181 56093 32680 70704 11006 21070 37681 52005 875// 333 05103 10089;EQDQ01  00002PRCP99
0186560930999992000031406004+34720+104880FM-12+137199999V0202001N001010075019N0300001N1+00281-00351999999ADDAA199000091GF108991061051008001001071KA1999N-00021MA1999999076461MD1710141+0101REMSYN076AAXX  14061 56093 32580 82001 10028 21035 37646 57014 86507 333 00101 21002;EQDQ01  00002PRCP99
0174560930999992000031412004+34720+104880FM-12+137199999V0209999C000010075019N0300001N1+00141-00181999999ADDAA106000191AY171061GF108991081051008001999999MA1999999076731MD1210241+0011MW1001REMSYN082AAXX  14121 56093 11580 80000 10014 21018 37673 52024 69911 70070 885// 333 00101;
0154560930999992000031500004+34720+104880FM-12+137199999V0202001N001019999999N0300001N1-00391-00731999999ADDAA124000191GF107991001001999999001021MA1999999077011MD1210041+0501REMSYN076AAXX  15001 56093 32980 72001 11039 21073 37701 52004 80002 333 00554 70001;
0186560930999992000032406004+34720+104880FM-12+137199999V0200701N002010075019N0300001N1+00301-00421999999ADDAA199000091GF108991051051008001001071KA1999N-00041MA1999999077011MD1710241-0501REMSYN076AAXX  24061 56093 32580 80702 10030 21042 37701 57024 85507 333 05552 21004;EQDQ01  00002PRCP99
0157560930999992000032412004+34720+104880FM-12+137199999V0200401N005010075019N0150001N1+00181-00241999999ADDAY171061GF108991081051008001999999MA1999999076991MD1710021+0031MW1701REMSYN076AAXX  24121 56093 41565 80405 10018 21024 37699 57002 77070 885// 333 05355;
0154560930999992000032500004+34720+104880FM-12+137199999V0209999C000010075019N0200001N1-00341-00471999999ADDAA124001091GF107991071051008001999999MA1999999077881MD1210141+0701REMSYN076AAXX  25001 56093 32570 70000 11034 21047 37788 52014 875// 333 00753 70010;
0186560930999992000032506004+34720+104880FM-12+137199999V0202701N002010900019N0300001N1+00371-01411999999ADDAA199000091GF107991011011008001001021KA1999N-00401MA1999999077831MD1710141+0801REMSYN076AAXX  25061 56093 32580 72702 10037 21141 37783 57014 81102 333 00801 21040;EQDQ01  00002PRCP99
0153560930999992000032512004+34720+104880FM-12+137199999V0201601N001012200019N0300001N1+00241-01091999999ADDAA199000091GF104991999999999999999999MA1999999077631REMSYN070AAXX  25121 56093 32980 41601 10024 21109 37763 5=/00 80002 333 00203;EQDQ01  00002PRCP99
0177560930999992000032600004+34720+104880FM-12+137199999V0209999C000012200019N0300001N1-00341-00571999999ADDAA199000091GA1001+999999999GF100991001001999999001001MA1999999077681MD1210081+0021REMSYN064AAXX  26001 56093 32980 00000 11034 21057 37768 52008 333 05200;EQDQ01  00002PRCP99
0196560930999992000032606004+34720+104880FM-12+137199999V0202901N004012200019N0300001N1+01121-01691999999ADDAA199000091GA1001+999999999GF100991001001999999001001KA1999N-00421MA1999999077301MD1710301-0501REMSYN070AAXX  26061 56093 32980 02904 10112 21169 37730 57030 333 05508 21042;EQDQ01  00002PRCP99
0177560930999992000032612004+34720+104880FM-12+137199999V0201801N002012200019N0300001N1+00961-00861999999ADDAA199000091GA1001+999999999GF100991001001999999001001MA1999999076891MD1710101+0071REMSYN064AAXX  26121 56093 32980 01802 10096 21086 37689 57010 333 05707;EQDQ01  00002PRCP99
0196560930999992000032618004+34720+104880FM-12+137199999V0202501N001012200019N0300001N1-00101-00481999999ADDAA199000091GA1001+999999999GF100991001001999999001001KA1999M+01461MA1999999076991MD1210081-0701REMSYN070AAXX  26181 56093 32980 02501 11010 21048 37699 52008 333 05701 10146;EQDQ01  00002PRCP99
0157560930999992000032712004+34720+104880FM-12+137199999V0201801N001019999999N0300001N1+01181-00551999999ADDAA199000091GF105991001001999999001021MA1999999077211MD1210281+9999REMSYN060AAXX  27121 56093 32980 51801 10118 21055 37721 52028 80002;EQDQ01  00002PRCP99
0196560930999992000032718004+34720+104880FM-12+137199999V0201801N001012200019N0300001N1+00161-00351999999ADDAA199000091GA1001+999999999GF100991001001999999001001KA1999M+02061MA1999999077431MD1410001+0401REMSYN070AAXX  27181 56093 32980 01801 10016 21035 37743 54000 333 00403 10206;EQDQ01  00002PRCP99
0186560930999992000032806004+34720+104880FM-12+137199999V0200201N001012200019N0300001N1+01731-00091999999ADDAA199000091GF101991011011008001001001KA1999N-00241MA1999999077061MD1710381+0001REMSYN076AAXX  28061 56093 32580 10201 10173 21009 37706 57038 81100 333 00051 21024;EQDQ01  00002PRCP99
0167560930999992000032812004+34720+104880FM-12+137199999V0201601N003012200019N0300001N1+01571-00291999999ADDAA199000091GF101991011041008001001001MA1999999076951MD1210151+0031REMSYN070AAXX  28121 56093 32580 11603 10157 21029 37695 52015 81400 333 05304;EQDQ01  00002PRCP99
0196560930999992000032818004+34720+104880FM-12+137199999V0202001N002012200019N0300001N1+00411-00111999999ADDAA199000091GA1001+999999999GF100991001001999999001001KA1999M+02241MA1999999077121MD1710011-0301REMSYN070AAXX  28181 56093 32980 02002 10041 21011 37712 57001 333 05303 10224;EQDQ01  00002PRCP99
0167560930999992000032900004+34720+104880FM-12+137199999V0209999C000012200019N0300001N1-00121-00251999999ADDAA199000091GF102991001001999999001021MA1999999077171MD1210071+0031REMSYN070AAXX  29001 56093 32980 20000 11012 21025 37717 52007 80002 333 05301;EQDQ01  00002PRCP99
0186560930999992000032906004+34720+104880FM-12+137199999V0202701N002012200019N0300001N1+02092-00181999999ADDAA199000091GF101991011011008001001001KA1999N-00161MA1999999076701MD1710381-0401REMSYN076AAXX  29061 56093 32580 12702 10209 21018 37670 57038 81100 333 05404 21016;EQDQ01  00002PRCP99
0196560930999992000032918004+34720+104880FM-12+137199999V0209999C000012200019N0300001N1+00501+00001999999ADDAA199000091GA1001+999999999GF100991001001999999001001KA1999M+02251MA1999999076721MD1710051-0401REMSYN070AAXX  29181 56093 32980 00000 10050 20000 37672 57005 333 05401 10225;EQDQ01  00002PRCP99
0195560930999992000033000004+34720+104880FM-12+137199999V0209999C000012200019N0300001N1+00021-00211999999ADDAA199000091GA1001+999999999GF100991001001999999001001IA2999-00409MA1999999076791MD1210121-0401REMSYN070AAXX  30001 56093 32980 00000 10002 21021 37679 52012 333 05400 31042;EQDQ01  00002PRCP99
0167560930999992000033012004+34720+104880FM-12+137199999V0200901N003019999999N0300001N1+01571+00131999999ADDAA199000091GF107991001001999999001021MA1999999076421MD1210151+0021REMSYN070AAXX  30121 56093 32980 70903 10157 20013 37642 52015 80002 333 05251;EQDQ01  00002PRCP99
0196560930999992000033018004+34720+104880FM-12+137199999V0209999C000012200019N0300001N1+00601+00241999999ADDAA199000091GA1001+999999999GF100991001001999999001001KA1999M+02291MA1999999076551MD1410001-0201REMSYN070AAXX  30181 56093 32980 00000 10060 20024 37655 54000 333 05201 10229;EQDQ01  00002PRCP99
0185560930999992000033100004+34720+104880FM-12+137199999V0202201N001010075019N0300001N1+00341+00191999999ADDAA199000091GF107991071051008001999999IA2999+00009MA1999999076491MD1210011-0301REMSYN076AAXX  31001 56093 32580 72201 10034 20019 37649 52001 875// 333 05303 31008;EQDQ01  00002PRCP99
0186560930999992000033106004+34720+104880FM-12+137199999V0201401N004012200019N0250001N1+01981+00421999999ADDAA199000091GF101991011011008001001021KA1999N+00191MA1999999076021MD1710381-0401REMSYN076AAXX  31061 56093 32575 11404 10198 20042 37602 57038 81102 333 05451 20019;EQDQ01  00002PRCP99
0182560930999992000033112004+34720+104880FM-12+137199999V0202201N004010075019N0200001N1+01131+00691999999ADDAA106008991AY191061AY281061GF108991081091008001999999MA1999999076201MD1210371+9999MW1291REMSYN082AAXX  31121 56093 11570 82204 10113 20069 37620 52037 60091 72998 889// 333 0525/;
0193560930999992000040106004+34720+104880FM-12+137199999V0203401N001010075019N0300001N1+00901+00141999999ADDAA106000591AY161061GF108991061051008001001071KA1999N+00631MA1999999076801MD1710081+0801MW1001REMSYN088AAXX  01061 56093 11580 83401 10090 20014 37680 57008 69961 70060 86507 333 00861 20063;
0167560930999992000040112004+34720+104880FM-12+137199999V0200401N004010075019N0300001N1+00711+00181999999ADDAA199000091GF108991081051008001999999MA1999999076851MD1210211+0071REMSYN070AAXX  01121 56093 32580 80404 10071 20018 37685 52021 885// 333 00754;EQDQ01  00002PRCP99
0186560930999992000040118004+34720+104880FM-12+137199999V02099999999990075019N0300001N1+00561+00221999999ADDAA199000091GF108991081051008001999999KA1999M+01061MA1999999077101MD1210011+0501REMSYN076AAXX  01181 56093 32580 8000/ 10056 20022 37710 52001 885// 333 00552 10106;EQDQ01  00002PRCP99
0172560930999992000040200004+34720+104880FM-12+137199999V0201801N002010075019N0300001N1+00431+00121999999ADDAA124000591GF107991061051008001001021IA2999+00379MA1999999077241MD1210181+0601REMSYN082AAXX  02001 56093 32580 71802 10043 20012 37724 52018 86502 333 00652 30037 70006;
0193560930999992000040206004+34720+104880FM-12+137199999V0200901N003010075019N0300001N1+00541+00021999999ADDAA106000791AY161061GF108991061051008001001071KA1999N+00421MA1999999077281MD1410001+0501MW1211REMSYN088AAXX  02061 56093 11580 80903 10054 20002 37728 54000 69901 72160 86507 333 00554 20042;
0174560930999992000040212004+34720+104880FM-12+137199999V0201801N002010075019N0300001N1+00431+00071999999ADDAA106000191AY161061GF108991081051008001999999MA1999999077321MD1210131+0051MW1001REMSYN082AAXX  02121 56093 11580 81802 10043 20007 37732 52013 69911 70060 885// 333 00553;
0193560930999992000040218004+34720+104880FM-12+137199999V0209999C000010075019N0300001N1+00241+00081999999ADDAA106000791AY161061GF108991081051008001999999KA1999M+00691MA1999999077401MD1710121+0301MW1001REMSYN088AAXX  02181 56093 11580 80000 10024 20008 37740 57012 69901 70060 885// 333 00353 10069;
0172560930999992000040300004+34720+104880FM-12+137199999V0202001N001010075019N0300001N1+00161+00041999999ADDAA124000191GF108991081051008001999999IA2999+00069MA1999999077271MD1210011+0001REMSYN082AAXX  03001 56093 32580 82001 10016 20004 37727 52001 885// 333 00053 30006 70001;
0186560930999992000040306004+34720+104880FM-12+137199999V0203401N001010900019N0300001N1+00821-00591999999ADDAA199000091GF108991011011008001001071KA1999N+00131MA1999999077031MD1710251-0301REMSYN076AAXX  03061 56093 32580 83401 10082 21059 37703 57025 81107 333 05303 20013;EQDQ01  00002PRCP99
0177560930999992000040312004+34720+104880FM-12+137199999V0201601N004012200019N0300001N1+00671-00341999999ADDAA199000091GA1001+999999999GF100991001001999999001001MA1999999076831MD1210031+0051REMSYN064AAXX  03121 56093 32980 01604 10067 21034 37683 52003 333 05502;EQDQ01  00002PRCP99
0167560930999992000040318004+34720+104880FM-12+137199999V0202001N002012200019N0300001N1+00031-00141999999ADDAA199000091GA1001+999999999GF100991001001999999001001MA1999999076931MD1710011+9999REMSYN054AAXX  03181 56093 32980 02002 10003 21014 37693 57001;EQDQ01  00002PRCP99
0185560930999992000040400004+34720+104880FM-12+137199999V0201601N001010075019N0300001N1+00081-00111999999ADDAA199000091GF107991071051008001999999IA2999-00209MA1999999077111MD1210201-0201REMSYN076AAXX  04001 56093 32580 71601 10008 21011 37711 52020 875// 333 05251 31020;EQDQ01  00002PRCP99
0186560930999992000040406004+34720+104880FM-12+137199999V0200401N003010360019N0300001N1+00591-00331999999ADDAA199000091GF107991021091008001061999KA1999N-00061MA1999999077181MD1710081+0201REMSYN076AAXX  04061 56093 32580 70403 10059 21033 37718 57008 8296/ 333 00252 21006;EQDQ01  00002PRCP99
