0198573850999992000010100004+31720+113370FM-12+006199999V0203601N001012200019N0015001N1+00211+00081102301ADDAA106000091GA1001+999999999GF100991001001999999001001IA2999-00049MD1210051-0101MW1101REMSYN082AAXX  01001 57385 31915 03601 10021 20008 40230 52005 71000 333 05151 31004 70003;EQDQ01  00002PRCP06
0187573850999992000010106004+31720+113370FM-12+006199999V0203201N002012200019N0070001N1+00711+00221102181ADDAA106000091GA1001+999999999GF100991001001999999001001KA1999N+00191MD1710211+9999MW1101REMSYN070AAXX  01061 57385 31957 03202 10071 20022 40218 57021 71000 333 20019;EQDQ01  00002PRCP06
0134573850999992000010121004+31720+113370FM-12+006199999V0209999C000012200019N0060001N1-00041-00131102621ADDGA1001+999999999GF100991001001999999001001MD1710021+9999MW1101REMSYN060AAXX  01211 57385 41956 00000 11004 21013 40262 57002 71000;
0182573850999992000010200004+31720+113370FM-12+006199999V0209999C000012200019N0011001N1-00121-00181102711ADDAA106000091GF101991011001999999041001IA2999-00409MD1210081+0401MW1101REMSYN082AAXX  02001 57385 31911 10000 11012 21018 40271 52008 71000 81040 333 00453 31044;EQDQ01  00002PRCP06
0195573850999992000010206004+31720+113370FM-12+006199999V0202001N001012200019N0030001N1+01121+00431102321ADDAA106000091AY141061GA1001+999999999GF100991001001999999001001KA1999N-00181MD1710421+9999MW1051REMSYN070AAXX  02061 57385 31930 02001 10112 20043 40232 57042 70540 333 21018;EQDQ01  00002PRCP06
0186573850999992000010300004+31720+113370FM-12+006199999V0209999C000012200019N9999999N1+00181+00041101941ADDAA106000091GA1001+999999999GF100991001001999999001001IA2999-00209MD1210091-0801REMSYN076AAXX  03001 57385 3/20/ 00000 10018 20004 40194 52009 71000 333 05803 31026;EQDQ01  00002PRCP06
0187573850999992000010306004+31720+113370FM-12+006199999V0201601N003012200019N0060001N1+01271+00621101631ADDAA106000091GA1001+999999999GF100991001001999999001001KA1999N+00141MD1710331+9999MW1051REMSYN070AAXX  03061 57385 31956 01603 10127 20062 40163 57033 70500 333 20014;EQDQ01  00002PRCP06
0118573850999992000010321004+31720+113370FM-12+006199999V0203401N011012200019N0010001N1+99999+99999101631ADDGF102991021001999999041001MD1710071+9999REMSYN066AAXX  03211 57385 4//94 23411 10/42 20027 40163 57007 71000 82040;
0177573850999992000010406004+31720+113370FM-12+006199999V0203601N004019999999N0040001N1+00731+00331101491ADDAA106000091GF107991071001999999031999KA1999N+00331MD1710311+9999MW1101REMSYN076AAXX  04061 57385 31940 73604 10073 20033 40149 57031 71000 8703/ 333 20033;EQDQ01  00002PRCP06
0103573850999992000010421004+31720+113370FM-12+006199999V02099999999999999999N0030001N1+00231+99999999999ADDAA124004691AY171031AY281031MW1711REMSYN058AAXX  04211 57385 41930 ///04 10023 77178 871/7 333 70045;
0169573850999992000010500004+31720+113370FM-12+006199999V0203601N003019999999N0040001N1+00241+00081101831ADDAA106000021GF108991081001999999071999IA2999+00279MD1210141+0101MW1101REMSYN088AAXX  05001 57385 31940 83603 10024 20008 40183 52014 71000 8807/ 333 00151 30027 70045;
0172573850999992000010506004+31720+113370FM-12+006199999V0203401N002019999999N0040001N1+00241+00141101741ADDAA106000791AY161061GF108991081001999999071999KA1999N+00201MD1710201+9999MW1601REMSYN082AAXX  05061 57385 11940 83402 10024 20014 40174 57020 69901 76060 8807/ 333 20020;
0145573850999992000010521004+31720+113370FM-12+006199999V0203601N005019999999N0060001N1+00351-00031102511ADDAA124000791GF108991081001999999071999MD1210011+9999MW1101REMSYN076AAXX  05211 57385 41956 83605 10035 21003 40251 52001 71000 8807/ 333 79999;
0165573850999992000010606004+31720+113370FM-12+006199999V0203401N002019999999N0100001N1+00801-00191102561ADDAA106000091GF106991011001999999041021KA1999N+00221MD1710311+9999REMSYN070AAXX  06061 57385 32960 63402 10080 21019 40256 57031 81042 333 20022;EQDQ01  00002PRCP06
0143573850999992000010621004+31720+113370FM-12+006199999V0209999C000012200019N0100001N1-00051-00201102671ADDAA124000791GA1001+999999999GF100991001001999999001001MD1710031+9999REMSYN064AAXX  06211 57385 42960 00000 11005 21020 40267 57003 333 79999;
0182573850999992000010700004+31720+113370FM-12+006199999V0203601N003019999999N0080001N1+00021-00221102701ADDAA106000091GF105991001001999999001021IA2999-00309MD1210021+0001MW1101REMSYN082AAXX  07001 57385 31958 53603 10002 21022 40270 52002 71000 80002 333 00053 31038;EQDQ01  00002PRCP06
0164573850999992000010706004+31720+113370FM-12+006199999V0200201N004019999999N0070001N1+00201-00141102421ADDAA106000791GF108991081001999999071999KA1999N-00101MD1710331+9999MW1221REMSYN082AAXX  07061 57385 11957 80204 10020 21014 40242 57033 69901 72200 8807/ 333 21010;
0172573850999992000010806004+31720+113370FM-12+006199999V0203601N002019999999N0050001N1+00161-00031101981ADDAA106000191AY161061GF108991081001999999071999KA1999N-00071MD1710341+9999MW1101REMSYN082AAXX  08061 57385 11950 83602 10016 21003 40198 57034 69911 71060 8807/ 333 21007;
0145573850999992000010821004+31720+113370FM-12+006199999V0203401N003019999999N0030001N1+00181+99999102211ADDAA124000191GF108991081001008001071999MD1410001+9999MW1101REMSYN076AAXX  08211 57385 41530 83403 10018 200// 40221 54000 71000 8807/ 333 70001;
0188573850999992000010900004+31720+113370FM-12+006199999V0209999C000010360019N0040001N1+00171+00061102311ADDAA106000091GF108991011051008001071999IA2999+00069MD1210091+0101MW1101REMSYN088AAXX  09001 57385 31540 80000 10017 20006 40231 52009 71000 8157/ 333 00102 30006 70001;EQDQ01  00002PRCP06
0153573850999992000010921004+31720+113370FM-12+006199999V0200201N001019999999N0070001N1+00361+00261102271ADDAA124000391AY161031GF108991081001999999071999MD1710071+9999MW1601REMSYN076AAXX  09211 57385 41957 80201 10036 20026 40227 57007 76060 8807/ 333 70003;
0183573850999992000011000004+31720+113370FM-12+006199999V0200201N003019999999N0060001N1+00391+00271102261ADDAA106000591AY161061GF108991081001999999071999IA2999+00169MD1710011+0001MW1601REMSYN094AAXX  10001 57385 11956 80203 10039 20027 40226 57001 69951 76060 8807/ 333 00002 30016 70005;
0172573850999992000011006004+31720+113370FM-12+006199999V0200201N003019999999N0080001N1+00461+00341102111ADDAA106002091AY161061GF108991081001999999071999KA1999N+00341MD1710281+9999MW1601REMSYN082AAXX  10061 57385 11958 80203 10046 20034 40211 57028 60021 76060 8807/ 333 20034;
0153573850999992000011021004+31720+113370FM-12+006199999V0203601N004010042019N0070001N1+00481+00381101791ADDAA124006491AY161031GF108991061071004501021999MD1710101+9999MW1601REMSYN076AAXX  10211 57385 41457 83604 10048 20038 40179 57010 76060 8672/ 333 70063;
0183573850999992000011100004+31720+113370FM-12+006199999V0200201N004010042019N0200001N1+00461+00311101951ADDAA106005191AY161061GF108991061071004501021999IA2999+00349MD1210161-0301MW1601REMSYN094AAXX  11001 57385 11470 80204 10046 20031 40195 52016 60051 76060 8672/ 333 05301 30034 70110;
0172573850999992000011106004+31720+113370FM-12+006199999V0200201N005010042019N0200001N1+00241+00081102111ADDAA106000191AY161061GF108991071071004501071999KA1999N+00221MD1710101+9999MW1601REMSYN082AAXX  11061 57385 11470 80205 10024 20008 40211 57010 69921 76060 8777/ 333 20022;
0132573850999992000011109004+31720+113370FM-12+006199999V0200201N007010042019N0070001N1+00141-00061102231ADDAY161031GF108991061071004501021999MD1210121+9999MW1601REMSYN066AAXX  11091 57385 41457 80207 10014 21006 40223 52012 76060 8672/;
0188573850999992000011200004+31720+113370FM-12+006199999V0200201N004010360019N0080001N1+00021-00251102721ADDAA106000091GF107991021051008001041999IA2999-00059MD1210161+0701MW1101REMSYN088AAXX  12001 57385 31558 70204 10002 21025 40272 52016 71000 8254/ 333 00754 31005 70002;EQDQ01  00002PRCP06
0165573850999992000011206004+31720+113370FM-12+006199999V0203601N004019999999N0100001N1+00561-00081102441ADDAA106000091GF107991001001999999001021KA1999N-00041MD1710291+9999REMSYN070AAXX  12061 57385 32960 73604 10056 21008 40244 57029 80002 333 21004;EQDQ01  00002PRCP06
0192573850999992000011300004+31720+113370FM-12+006199999V0203601N002012200019N0060001N1-00111-00231102471ADDAA106000091GA1001+999999999GF100991001001999999001001IA2999-00309MD1710011-0201MW1101REMSYN076AAXX  13001 57385 31956 03602 11011 21023 40247 57001 71000 333 05251 31036;EQDQ01  00002PRCP06
0177573850999992000011306004+31720+113370FM-12+006199999V0200201N003019999999N0080001N1+00121-00171102421ADDAA106000091GF108991081001999999071999KA1999N-00151MD1710101+9999MW1101REMSYN076AAXX  13061 57385 31958 80203 10012 21017 40242 57010 71000 8807/ 333 21015;EQDQ01  00002PRCP06
0186573850999992000011400004+31720+113370FM-12+006199999V0203401N002019999999N0070001N1-00061-00271102591ADDAA199000091GF108991081001999999071999IA2999-00109MD1210021+0101MW1101REMSYN086    AAXX  14001 57385 31957 83402 11006 21027 40259 52002 71000 8807/ 333 00101 31011;EQDQ01  00002PRCP99
0181573850999992000011406004+31720+113370FM-12+006199999V0203601N004019999999N0080001N1+00161-00221102371ADDAA199000091GF108991081001999999071999KA1999N-00121MD1710281+9999MW1101REMSYN080    AAXX  14061 57385 31958 83604 10016 21022 40237 57028 71000 8807/ 333 21012;EQDQ01  00002PRCP99
0149573850999992000011421004+31720+113370FM-12+006199999V0200201N005019999999N0060001N1+00061-00171102311ADDAA124001091GF108991081001999999071999MD1710091+9999MW1101REMSYN080    AAXX  14211 57385 41956 80205 10006 21017 40231 57009 71000 8807/ 333 70011;
0179573850999992000011500004+31720+113370FM-12+006199999V0203601N004019999999N0070001N1+00041-00201102441ADDAA124001091GF108991081001999999071999IA2999-00039MD1210131-0101MW1101REMSYN098    AAXX  15001 57385 31957 83604 10004 21020 40244 52013 71000 8807/ 333 05101 31003 70011 92500;
0176573850999992000011506004+31720+113370FM-12+006199999V0203401N006019999999N0060001N1-00021-00241102501ADDAA106000791AY171061GF108991081001999999021999KA1999N-00041MD1710141+9999MW1701REMSYN086    AAXX  15061 57385 11956 83406 11002 21024 40250 57014 69901 77070 8802/ 333 21004;
0149573850999992000011521004+31720+113370FM-12+006199999V0203601N005019999999N0030001N1-00081-00201102961ADDAA124000791GF108991081001999999071999MD1210011+9999MW1101REMSYN080    AAXX  15211 57385 41930 83605 11008 21020 40296 52001 71000 8807/ 333 79999;
0179573850999992000011600004+31720+113370FM-12+006199999V0203601N005019999999N0030001N1-00091-00231103071ADDAA124000791GF108991081001999999071999IA2999-00069MD1210111+0601MW1101REMSYN098    AAXX  16001 57385 31930 83605 11009 21023 40307 52011 71000 8807/ 333 00651 31006 79999 92500;
0176573850999992000011606004+31720+113370FM-12+006199999V0203601N005019999999N0060001N1+00011-00181103001ADDAA106000791AY171061GF108991081001999999071999KA1999N-00121MD1710171+9999MW1101REMSYN086    AAXX  16061 57385 11956 83605 10001 21018 40300 57017 69901 71070 8807/ 333 21012;
0149573850999992000011621004+31720+113370FM-12+006199999V0203601N004019999999N0040001N1-00111-00331103151ADDAA124000791GF108991081001999999071999MD1710051+9999MW1101REMSYN080    AAXX  16211 57385 41940 83604 11011 21033 40315 57005 71000 8807/ 333 79999;
0168573850999992000011706004+31720+113370FM-12+006199999V0203201N004010120019N0070001N1+00211-00331103071ADDAA106000791GF108991081051012501999999KA1999N-00131MD1710161+9999MW1701REMSYN086    AAXX  17061 57385 11657 83204 10021 21033 40307 57016 69901 77000 885// 333 21013;
0159573850999992000011721004+31720+113370FM-12+006199999V0203201N002012200019N0060001N1-00131-00221103021ADDAA124000791GA1001+999999999GF100991001001999999001001MD1710071+9999MW1101REMSYN074    AAXX  17211 57385 41956 03202 11013 21022 40302 57007 71000 333 79999;
0183573850999992000011800004+31720+113370FM-12+006199999V0209999C000012200019N0040001N1-00221-00321103081ADDAA124000791GA1001+999999999GF100991001001999999001001IA2999-00429MD1210061-0101MW1101REMSYN086    AAXX  18001 57385 31940 00000 11022 21032 40308 52006 71000 333 05151 31042 79999;
0169573850999992000011806004+31720+113370FM-12+006199999V0202701N003019999999N0100001N1+00571+00171102951ADDAA199000091GF107991001001999999001021KA1999N-00251MD1710211+9999REMSYN074    AAXX  18061 57385 32960 72703 10057 20017 40295 57021 80002 333 21025;EQDQ01  00002PRCP99
0126573850999992000011821004+31720+113370FM-12+006199999V0203601N005012200019N0100001N1+00071-01011103301ADDGA1001+999999999GF100991001001999999001001MD1210101+9999REMSYN058    AAXX  18211 57385 42960 03605 10007 21101 40330 52010;
0142573850999992000011900004+31720+113370FM-12+006199999V0200201N004012200019N0120001N1-00051+99999103511ADDGA1001+999999999GF100991001001999999001001IA2999-00509MD1210201+9999REMSYN062    AAXX  19001 57385 ///62 00204 11005 40351 52020 333 31050;
0179573850999992000011906004+31720+113370FM-12+006199999V0203601N002012200019N0100001N1+00501-00711103291ADDAA199000091GA1001+999999999GF100991001001999999001001KA1999N-00081MD1710351+9999REMSYN068    AAXX  19061 57385 32960 03602 10050 21071 40329 57035 333 21008;EQDQ01  00002PRCP99
0112573850999992000011921004+31720+113370FM-12+006199999V0209999C000012200019N0100001N1-00301-00521103241ADDGF101991001001999999001021MD1710071+9999REMSYN060AAXX  19211 57385 42960 10000 11030 21052 40324 57007 80002;
0152573850999992000012000004+31720+113370FM-12+006199999V0202201N001019999999N0100001N1-00261-00671103421ADDAA199000091GF107991011001999999031021MD1210171+0011REMSYN070AAXX  20001 57385 32960 72201 11026 21067 40342 52017 81032 333 05152;EQDQ01  00002PRCP99
0159573850999992000012006004+31720+113370FM-12+006199999V0203201N002019999999N0100001N1+00741-00571103301ADDAA199000091GF107991999999999999999999KA1999N-00381MD1710221+9999REMSYN064AAXX  20061 57385 32960 73202 10074 21057 40330 57022 333 21038;EQDQ01  00002PRCP99
0112573850999992000012021004+31720+113370FM-12+006199999V0200201N002019999999N0100001N1+00091-00341103311ADDGF108991081001999999071999MD1710101+9999REMSYN060AAXX  20211 57385 42960 80202 10009 21034 40331 57010 8807/;
0145573850999992000012121004+31720+113370FM-12+006199999V0203601N002019999999N0030001N1-00021-00111102961ADDAA124006991GF108991081001999999071999MD1710101+9999MW1101REMSYN076AAXX  21211 57385 41930 83602 11002 21011 40296 57010 71000 8807/ 333 70068;
0172573850999992000012206004+31720+113370FM-12+006199999V0203601N001019999999N0060001N1+00201-00111102771ADDAA106000191AY171061GF108991081001999999071999KA1999N-00041MD1710221+9999MW1101REMSYN082AAXX  22061 57385 11956 83601 10020 21011 40277 57022 69921 71070 8807/ 333 21004;
0145573850999992000012221004+31720+113370FM-12+006199999V0203401N003019999999N0040001N1+00081-00181102651ADDAA124000391GF108991081001999999071999MD1710101+9999MW1101REMSYN076AAXX  22211 57385 41940 83403 10008 21018 40265 57010 71000 8807/ 333 70002;
0191573850999992000012300004+31720+113370FM-12+006199999V0203601N002019999999N0015001N1+00051-00061102871ADDAA106002091AY171061AY261061GF108991081001999999021999IA2999-00039MD1210221-0101MW1791REMSYN094AAXX  23001 57385 11915 83602 10005 21006 40287 52022 60021 77976 8802/ 333 05101 31003 70025;
0180573850999992000012306004+31720+113370FM-12+006199999V0203601N003019999999N0040001N1+00171-00151102781ADDAA106003091AY171061AY261061GF108991081001999999021999KA1999N+00011MD1710181+9999MW1601REMSYN082AAXX  23061 57385 11940 83603 10017 21015 40278 57018 60031 76076 8802/ 333 20001;
0161573850999992000012321004+31720+113370FM-12+006199999V0203401N005019999999N0010001N1-00081-00321103311ADDAA124007191AY171031AY271031GF108991081001999999021999MD1210131+9999MW1791REMSYN076AAXX  23211 57385 41910 83405 11008 21032 40331 52013 77977 8802/ 333 70072;
0185573850999992000012400004+31720+113370FM-12+006199999V0203601N004010120019N0004001N1-00181-00271103501ADDAA106005191AY171061AY271061GF108991081001012501021999MD1210181+0601MW1751REMSYN100AAXX  24001 57385 11604 83604 11018 21027 40350 52018 60051 77577 8802/ 333 00652 1023/ 70090 92506;
0180573850999992000012406004+31720+113370FM-12+006199999V0203601N005010120019N0012001N1-00121-00411103721ADDAA106001091AY171061AY271061GF108991081051012501999999KA1999N-00211MD1710071+9999MW1701REMSYN082AAXX  24061 57385 11612 83605 11012 21041 40372 57007 69991 77077 885// 333 21021;
0124573850999992000012421004+31720+113370FM-12+006199999V0200201N003010120019N0020001N1-00411-00701104301ADDGF108991081051012501999999MD1710031+9999MW1701REMSYN066AAXX  24211 57385 41620 80203 11041 21070 40430 57003 77000 885//;
0171573850999992000012500004+31720+113370FM-12+006199999V0203401N003010120019N0070001N1-00541-00841104391ADDAA106000791AY171061GF107991071051012501999999MD1210081+0901MW1101REMSYN094AAXX  25001 57385 11657 73403 11054 21084 40439 52008 69901 71070 875// 333 00954 70009 92506;
0146573850999992000012506004+31720+113370FM-12+006199999V0203601N003019999999N0100001N1-00171-00701104261ADDAA199000021GF107991071001999999031999KA1999N-00561MD1710201+9999REMSYN070AAXX  25061 57385 32960 73603 11017 21070 40426 57020 8703/ 333 21056;
0158573850999992000012600004+31720+113370FM-12+006199999V0203401N003019999999N0100001N1-00661-01011104401ADDAA199000091GF107991001001999999001021MD1210081+0001REMSYN076AAXX  26001 57385 32960 73403 11066 21101 40440 52008 80002 333 00051 92500;EQDQ01  00002PRCP99
0165573850999992000012606004+31720+113370FM-12+006199999V0203601N004019999999N0100001N1+00181-00531104171ADDAA199000091GF107991011001999999031021KA1999N-00691MD1710261+9999REMSYN070AAXX  26061 57385 32960 73604 10018 21053 40417 57026 81032 333 21069;EQDQ01  00002PRCP99
0122573850999992000012621004+31720+113370FM-12+006199999V0203601N002012200019N0100001N1-00601-01011104201ADDGA1001+999999999GF100991001001999999001001MD1710021+9999REMSYN054AAXX  26211 57385 42960 03602 1106/ 21101 4042/ 57002;
0168573850999992000012700004+31720+113370FM-12+006199999V0203601N001012200019N0100001N1-00671-01081104311ADDAA199000091GA1001+999999999GF100991001001999999001001MD1210061-0101REMSYN070AAXX  27001 57385 32960 03601 11067 21108 40431 52006 333 05100 92500;EQDQ01  00002PRCP99
0175573850999992000012706004+31720+113370FM-12+006199999V0202001N002012200019N0100001N1+00151-00881103991ADDAA199000091GA1001+999999999GF100991001001999999001001KA1999N-00741MD1710281+9999REMSYN064AAXX  27061 57385 32960 02002 10015 21088 40399 57028 333 21074;EQDQ01  00002PRCP99
0112573850999992000012721004+31720+113370FM-12+006199999V0209999C000019999999N0100001N1-00381-00791103541ADDGF107991071001999999031999MD1710201+9999REMSYN060AAXX  27211 57385 42960 70000 11038 21079 40354 57020 8703/;
0170573850999992000012800004+31720+113370FM-12+006199999V0209999C000019999999N0120001N1-00321-00901103591ADDAA199000091GF108991081001999999071999IA2999-00409MD1210041-0701REMSYN076AAXX  28001 57385 32962 80000 11032 21090 40359 52004 8807/ 333 05704 31049;EQDQ01  00002PRCP99
0165573850999992000012806004+31720+113370FM-12+006199999V0201801N002019999999N0120001N1+00051-00841103401ADDAA199000091GF107991071001999999031999KA1999N-00401MD1710251+9999REMSYN070AAXX  28061 57385 32962 71802 10005 21084 40340 57025 8703/ 333 21040;EQDQ01  00002PRCP99
0124573850999992000012821004+31720+113370FM-12+006199999V0209999C000019999999N0080001N1-00041-00291103471ADDGF108991081001999999071999MD1210031+9999MW1101REMSYN066AAXX  28211 57385 41958 80000 11004 21029 40347 52003 71000 8807/;
0170573850999992000012900004+31720+113370FM-12+006199999V0209999C000012200019N0100001N1-00141-00301103621ADDAA199000091GF101991011001999999031001IA2999-00209MD1210141+0001REMSYN076AAXX  29001 57385 32960 10000 11014 21030 40362 52014 81030 333 00002 31027;EQDQ01  00002PRCP99
0165573850999992000012906004+31720+113370FM-12+006199999V0202701N003019999999N0100001N1+00551-00351103701ADDAA199000091GF107991011001999999031021KA1999N-00161MD1710171+9999REMSYN070AAXX  29061 57385 32960 72703 10055 21035 40370 57017 81032 333 21016;EQDQ01  00002PRCP99
0170573850999992000013000004+31720+113370FM-12+006199999V0203601N006012200019N0250001N1-00131-01421104521ADDAA199000091GF101991011001999999041001IA2999-00509MD1210111+0901REMSYN076AAXX  30001 57385 32975 13606 11013 21142 40452 52011 81040 333 00900 31050;EQDQ01  00002PRCP99
0175573850999992000013006004+31720+113370FM-12+006199999V0203601N004012200019N0120001N1+00341-01081104451ADDAA199000091GA1001+999999999GF100991001001999999001001KA1999N-00171MD1710211+9999REMSYN064AAXX  30061 57385 32962 03604 10034 21108 40445 57021 333 21017;EQDQ01  00002PRCP99
0112573850999992000013021004+31720+113370FM-12+006199999V02099999999999999999N0100001N1-00101-01091104551ADDGF108991081001999999071999MD1210011+9999REMSYN060AAXX  30211 57385 42960 82//4 11010 21109 40455 52001 8807/;
0183573850999992000013100004+31720+113370FM-12+006199999V0200201N003010360019N0300001N1-00111-01281104531ADDAA106000791AY171061GF107991011051012501041999IA2999-00239MD1710021+0001MW1001REMSYN094AAXX  31001 57385 11680 70203 11011 21128 40453 57002 69901 70070 8154/ 333 00000 31023 79999;
0165573850999992000013106004+31720+113370FM-12+006199999V0200401N003019999999N0300001N1+00121-01341104171ADDAA199000091GF107991071001999999031999KA1999N-00251MD1710301+9999REMSYN070AAXX  31061 57385 32980 70403 10012 21134 40417 57030 8703/ 333 21025;EQDQ01  00002PRCP99
0143573850999992000013121004+31720+113370FM-12+006199999V0203401N002012200019N0180001N1-00451-00881104031ADDAA124000791GA1001+999999999GF100991001001999999001001MD1710051+9999REMSYN064AAXX  31211 57385 42968 03402 11045 21088 40403 57005 333 79999;
0149573850999992000020100004+31720+113370FM-12+006199999V0209999C000012200019N0100001N1-00501-00901103991ADDAA124000791GA1001+999999999GF100991001001999999001001MD1710051-0601REMSYN070AAXX  01001 57385 32960 00000 11050 21090 40399 57005 333 05654 79999;
0175573850999992000020106004+31720+113370FM-12+006199999V0200701N002012200019N0130001N1+00261-00841103591ADDAA199000091GA1001+999999999GF100991001001999999001001KA1999N-00541MD1710421+9999REMSYN064AAXX  01061 57385 32963 00702 10026 21084 40359 57042 333 21054;EQDQ01  00002PRCP99
0112573850999992000020121004+31720+113370FM-12+006199999V0209999C000019999999N0100001N1-00371-00551103341ADDGF108991081001999999071999MD1710101+9999REMSYN060AAXX  01211 57385 42960 80000 11037 21055 40334 57010 8807/;
0164573850999992000020200004+31720+113370FM-12+006199999V0209999C000019999999N0080001N1-00241-00511103371ADDAA199000091GF107991071001999999031999MD1210031+0061MW1101REMSYN076AAXX  02001 57385 31958 70000 11024 21051 40337 52003 71000 8703/ 333 05603;EQDQ01  00002PRCP99
0165573850999992000020206004+31720+113370FM-12+006199999V0202501N002019999999N0100001N1+00121-00521103241ADDAA199000091GF108991081001999999071999KA1999N-00411MD1710201+9999REMSYN070AAXX  02061 57385 32960 82502 10012 21052 40324 57020 8807/ 333 21041;EQDQ01  00002PRCP99
0122573850999992000020221004+31720+113370FM-12+006199999V0203401N002012200019N0100001N1-00241-00401103191ADDGA1001+999999999GF100991001001999999001001MD1710081+9999REMSYN054AAXX  02211 57385 42960 03402 11024 21040 40319 57008;
0192573850999992000020300004+31720+113370FM-12+006199999V0203601N002012200019N0070001N1-00301-00431103271ADDAA199000091GA1001+999999999GF100991001001999999001001IA2999-00509MD1210081-0101MW1101REMSYN076AAXX  03001 57385 31957 03602 11030 21043 40327 52008 71000 333 05151 31050;EQDQ01  00002PRCP99
0165573850999992000020306004+31720+113370FM-12+006199999V0202701N002019999999N0100001N1+00491-00351103081ADDAA199000091GF107991071001999999031999KA1999N-00331MD1710221+9999REMSYN070AAXX  03061 57385 32960 72702 10049 21035 40308 57022 8703/ 333 21033;EQDQ01  00002PRCP99
0145573850999992000020321004+31720+113370FM-12+006199999V0200201N002019999999N0180001N1+00181-00261102981ADDAA124000791GF108991081001999999021999MD1710081+9999MW1701REMSYN076AAXX  03211 57385 42968 80202 10018 21026 40298 57008 77000 8802/ 333 79999;
0183573850999992000020400004+31720+113370FM-12+006199999V0203401N002019999999N0070001N1+00161-00321103041ADDAA106000791AY171061GF108991081001999999021999IA2999+00079MD1210061-0201MW1101REMSYN094AAXX  04001 57385 11957 83402 10016 21032 40304 52006 69901 71070 8802/ 333 05205 30007 79999;
0172573850999992000020406004+31720+113370FM-12+006199999V0203601N002019999999N0020001N1+00161-00041102831ADDAA106000191AY171061GF108991081001999999021999KA1999N+00141MD1710241+9999MW1711REMSYN082AAXX  04061 57385 11920 83602 10016 21004 40283 57024 69911 77170 8802/ 333 20014;
0145573850999992000020421004+31720+113370FM-12+006199999V0200201N002019999999N0020001N1+00031-00181102891ADDAA124000891GF108991081001999999071999MD1710061+9999MW1101REMSYN076AAXX  04211 57385 41920 80202 10003 21018 40289 57006 71000 8807/ 333 70008;
0169573850999992000020500004+31720+113370FM-12+006199999V0202501N002019999999N0050001N1-00061-00181102971ADDAA124000891GF107991001001999999001021IA2999-00259MD1210081-0101MW1101REMSYN088AAXX  05001 57385 31950 72502 11006 21018 40297 52008 71000 80002 333 05152 31025 70008;
0137573850999992000020506004+31720+113370FM-12+006199999V0201801N002019999999N0100001N1+00531-00061999999ADDAA199000091GF105991999999012501999999REMSYN069AAXX  05061 57385 32660 51802 10053 21006 4020 57027 81502 333 21010;EQDQ01  00002PRCP99
0124573850999992000020521004+31720+113370FM-12+006199999V0201401N002019999999N0080001N1+00021-00101102741ADDGF107991071001999999031999MD1710091+9999MW1101REMSYN066AAXX  05211 57385 41958 71402 10002 21010 40274 57009 71000 8703/;
0192573850999992000020600004+31720+113370FM-12+006199999V0201401N002012200019N0020001N1+00041-00071102751ADDAA199000091GA1001+999999999GF100991001001999999001001IA2999-00309MD1410001-0201MW1101REMSYN076AAXX  06001 57385 31920 01402 10004 21007 40275 54000 71000 333 05201 31030;EQDQ01  00002PRCP99
0187573850999992000020606004+31720+113370FM-12+006199999V0202201N001012200019N0070001N1+00881+00151102441ADDAA199000091GA1001+999999999GF100991001001999999001001KA1999N-00021MD1710321+9999MW1051REMSYN070AAXX  06061 57385 31957 02201 10088 20015 40244 57032 70500 333 21002;EQDQ01  00002PRCP99
0134573850999992000020621004+31720+113370FM-12+006199999V0203201N003012200019N0040001N1+00151+00011102611ADDGA1001+999999999GF100991001001999999001001MD1210051+9999MW1101REMSYN060AAXX  06211 57385 41940 03203 10015 20001 40261 52005 71000;
0170573850999992000020700004+31720+113370FM-12+006199999V0203401N003019999999N0100001N1+00381-00291102901ADDAA199000091GF108991081001999999071999IA2999-00209MD1210281+0201REMSYN076AAXX  07001 57385 32960 83403 10038 21029 40290 52028 8807/ 333 00203 31025;EQDQ01  00002PRCP99
0165573850999992000020706004+31720+113370FM-12+006199999V0203601N007012200019N0300001N1+01021-01601102861ADDAA199000091GF101991011001999999041011KA1999N+00111MD1710191+9999REMSYN070AAXX  07061 57385 32980 13607 10102 21160 40286 57019 81041 333 20011;EQDQ01  00002PRCP99
0122573850999992000020721004+31720+113370FM-12+006199999V0209999C000012200019N0300001N1-00271-00551102721ADDGA1001+999999999GF100991001001999999001001MD1710031+9999REMSYN054AAXX  07211 57385 42980 00000 11027 21055 40272 57003;
0156573850999992000020800004+31720+113370FM-12+006199999V0203401N001012200019N0190001N1-00301+99999102841ADDAA199000091GA1001+999999999GF100991001001999999001001MD1210101+0011REMSYN058AAXX  08001 57385 32969 03401 11030 40284 52010 333 05157;EQDQ01  00002PRCP99
0165573850999992000020806004+31720+113370FM-12+006199999V0200701N002012200019N0300001N1+01081-00921102691ADDAA199000091GF101991001001999999001011KA1999N-00361MD1710201+9999REMSYN070AAXX  08061 57385 32980 10702 10108 21092 40269 57020 80001 333 21036;EQDQ01  00002PRCP99
0112573850999992000020821004+31720+113370FM-12+006199999V0203601N001019999999N0200001N1+00151-00371102501ADDGF107991071001999999031999MD1710131+9999REMSYN060AAXX  08211 57385 42970 73601 10015 21037 4025/ 57013 8703/;
0170573850999992000020900004+31720+113370FM-12+006199999V0209999C000019999999N0150001N1+00161-00321102571ADDAA199000091GF108991081001999999071999IA2999+00009MD1210021-0301REMSYN076AAXX  09001 57385 32965 80000 10016 21032 40257 52002 8807/ 333 05305 31004;EQDQ01  00002PRCP99
0112573850999992000020921004+31720+113370FM-12+006199999V0209999C000019999999N0100001N1+00021-00221102081ADDGF106991061001999999041001MD1710121+9999REMSYN060AAXX  09211 57385 42960 60000 10002 21022 40208 57012 86040;
0174573850999992000021000004+31720+113370FM-12+006199999V0209999C000012200019N0080001N1-00041-00221102161ADDAA199000091GA1001+999999999GF100991001001999999001001MD1210071+0041MW1101REMSYN070AAXX  10001 57385 31958 00000 11004 21022 40216 52007 71000 333 05452;EQDQ01  00002PRCP99
0175573850999992000021006004+31720+113370FM-12+006199999V0201401N003012200019N0100001N1+01241-00101101911ADDAA199000091GA1001+999999999GF100991001001999999001001KA1999N-00071MD1710311+9999REMSYN064AAXX  10061 57385 32960 01403 10124 21010 40191 57031 333 21007;EQDQ01  00002PRCP99
0122573850999992000021021004+31720+113370FM-12+006199999V0209999C000012200019N0100001N1+00351+00171102061ADDGA1001+999999999GF100991001001999999001001MD1710031+9999REMSYN054AAXX  10211 57385 42960 00000 10035 20017 40206 57003;
0182573850999992000021100004+31720+113370FM-12+006199999V0209999C000019999999N0080001N1+00281+00121102181ADDAA199000091GF107991001001999999001021IA2999-00209MD1210111+0001MW1101REMSYN082AAXX  11001 57385 31958 70000 10028 20012 40218 52011 71000 80002 333 00003 31025;EQDQ01  00002PRCP99
0165573850999992000021106004+31720+113370FM-12+006199999V0201401N002019999999N0150001N1+01421+00371102031ADDAA199000091GF108991001001999999001071KA1999N+00231MD1710291+9999REMSYN070AAXX  11061 57385 32965 81402 10142 20037 40203 57029 80007 333 20023;EQDQ01  00002PRCP99
0074573850999992000021121004+31720+113370FM-12+006199999V0209999C000019999999N0100001N1+99999+99999101861ADDMD1710101+9999REMSYN048AAXX  11211 57385 42960 /0000 20028 40186 57010;
0182573850999992000021200004+31720+113370FM-12+006199999V0203401N001019999999N0080001N1+00461+00291101951ADDAA199000091GF107991071001999999031999IA2999+00009MD1210071-0201MW1101REMSYN082AAXX  12001 57385 31958 73401 10046 20029 40195 52007 71000 8703/ 333 05202 31006;EQDQ01  00002PRCP99
0165573850999992000021206004+31720+113370FM-12+006199999V0201101N002019999999N0100001N1+01441+00451101691ADDAA199000091GF107991071001999999031999KA1999N+00431MD1710221+9999REMSYN070AAXX  12061 57385 32960 71102 10144 20045 40169 57022 8703/ 333 20043;EQDQ01  00002PRCP99
0112573850999992000021221004+31720+113370FM-12+006199999V0209999C000019999999N0100001N1+00861+00601101591ADDGF108991081001999999071999MD1710101+9999REMSYN060AAXX  12211 57385 42960 80000 10086 20060 40159 57010 8807/;
0157573850999992000021300004+31720+113370FM-12+006199999V0203401N003010120019N0070001N1+00901+00601101661ADDAA106000791GF108991051051012501071999MD1210071-0301MW1601REMSYN088AAXX  13001 57385 11657 83403 10090 20060 40166 52007 69901 76000 8557/ 333 05304 79999;
0172573850999992000021306004+31720+113370FM-12+006199999V0203601N007019999999N0070001N1+01041+00661101711ADDAA106000791AY161061GF108991081001999999071999KA1999N+00801MD1710101+9999MW1601REMSYN082AAXX  13061 57385 11957 83607 10104 20066 40171 57010 69901 76060 8807/ 333 20080;
0169573850999992000021400004+31720+113370FM-12+006199999V0203601N005012200019N0080001N1+00561-00151102701ADDAA124000791GF102991021001999999031001IA2999+00199MD1210251+1001MW1061REMSYN088AAXX  14001 57385 31958 23605 10056 21015 40270 52025 70600 82030 333 01053 30019 79999;
0165573850999992000021406004+31720+113370FM-12+006199999V0200201N004019999999N0100001N1+01241-00331102561ADDAA199000091GF107991071001999999031001KA1999N+00541MD1710271+9999REMSYN070AAXX  14061 57385 32960 70204 10124 21033 40256 57027 87030 333 20054;EQDQ01  00002PRCP99
0122573850999992000021421004+31720+113370FM-12+006199999V0203201N002012200019N0200001N1+00161-00321102761ADDGA1001+999999999GF100991001001999999001001MD1710091+9999REMSYN054AAXX  14211 57385 42970 03202 10016 21032 40276 57009;
0170573850999992000021500004+31720+113370FM-12+006199999V0203201N002012200019N0250001N1+00051-00421102871ADDAA199000091GF101991011001999999031001IA2999-00409MD1210101+0201REMSYN076AAXX  15001 57385 32975 13202 10005 21042 40287 52010 81030 333 00255 31048;EQDQ01  00002PRCP99
0165573850999992000021506004+31720+113370FM-12+006199999V0202701N002019999999N0200001N1+01391-00781102671ADDAA199000091GF107991071001999999031999KA1999N-00021MD1710241+9999REMSYN070AAXX  15061 57385 32970 72702 10139 21078 40267 57024 8703/ 333 21002;EQDQ01  00002PRCP99
0106573850999992000021521004+31720+113370FM-12+006199999V0201601N001012200019N0200001N1+00341-00011999999ADDGF101991001001999999001021MD1710091+9999REMSYN054AAXX  15211 57385 42970 11601 10034 21001 57009 80002;
0170573850999992000021600004+31720+113370FM-12+006199999V0201601N001019999999N0100001N1+00341+00021102441ADDAA199000091GF108991081001999999071999IA2999-00109MD1210041-0401REMSYN076AAXX  16001 57385 32960 81601 10034 20002 40244 52004 8807/ 333 05403 31016;EQDQ01  00002PRCP99
0112573850999992000021621004+31720+113370FM-12+006199999V0201101N003012200019N0100001N1+00461+00341102451ADDGF103991031051008001001001MD1710111+9999REMSYN060AAXX  16211 57385 42560 31103 10046 20034 40245 57011 83500;
0182573850999992000021700004+31720+113370FM-12+006199999V0200901N002019999999N0080001N1+00501+00361102471ADDAA199000091GF107991071001999999041011IA2999+00009MD1210011+0001MW1101REMSYN082AAXX  17001 57385 31958 70902 10050 20036 40247 52001 71000 87041 333 00002 30001;EQDQ01  00002PRCP99
0165573850999992000021706004+31720+113370FM-12+006199999V0201101N003010360019N0100001N1+00821+00301102291ADDAA199000091GF108991031051008001071999KA1999N+00351MD1710301+9999REMSYN070AAXX  17061 57385 32560 81103 10082 20030 40229 57030 8357/ 333 20035;EQDQ01  00002PRCP99
0153573850999992000021721004+31720+113370FM-12+006199999V0200401N001010042019N0060001N1+00641+00601101611ADDAA124003891AY161031GF108991051071004501021999MD1710281+9999MW1611REMSYN076AAXX  17211 57385 41456 80401 10064 20060 40161 57028 76160 8572/ 333 70039;
0165573850999992000021800004+31720+113370FM-12+006199999V0203201N002010210019N0030001N1+00641+00601101631ADDAA106013091AY161061GF108991081001022501021999MD1210021-0801MW1631REMSYN088AAXX  18001 57385 11830 83202 10064 20060 40163 52002 60131 76360 8802/ 333 05801 70134;
0180573850999992000021806004+31720+113370FM-12+006199999V0203601N002010042019N0080001N1+00651+00541101451ADDAA106007191AY161061AY261061GF108991061071004501021999KA1999N+00601MD1710221+9999MW1601REMSYN082AAXX  18061 57385 11458 83602 10065 20054 40145 57022 60071 76066 8672/ 333 20060;
0153573850999992000021821004+31720+113370FM-12+006199999V0203601N004010120019N0080001N1+00341+00191101781ADDAA124016091AY161031GF108991081051012501999999MD1710061+9999MW1101REMSYN076AAXX  18211 57385 41658 83604 10034 20019 40178 57006 71060 885// 333 70161;
0183573850999992000021900004+31720+113370FM-12+006199999V0203601N004019999999N0080001N1+00311+00181101941ADDAA106000791AY161061GF108991081001999999071999IA2999+00299MD1210161+0301MW1101REMSYN094AAXX  19001 57385 11958 83604 10031 20018 40194 52016 69901 71060 8807/ 333 00353 30029 70066;
0145573850999992000021921004+31720+113370FM-12+006199999V0203601N004010075019N0080001N1+00361+00211102301ADDAA124001391GF108991071091008001031999MD1710011+9999MW1101REMSYN076AAXX  19211 57385 41558 83604 10036 20021 40230 57001 71000 8793/ 333 70013;
0179573850999992000022000004+31720+113370FM-12+006199999V0203601N003019999999N0060001N1+99999+99999102501ADDAA124001391AY181061AY281061GF108991999051008001999999IA2999+00199MD1210201+0601MW1101REMSYN082AAXX  20001 57385 31556 83603 20021 4025/ 52020 71088 8/5// 333 00600 30019 70013;
0165573850999992000022006004+31720+113370FM-12+006199999V0200201N004019999999N0100001N1+00801+00281102291ADDAA199000091GF105991051001999999031001KA1999N+00321MD1710231+9999REMSYN070AAXX  20061 57385 32960 50204 10080 20028 40229 57023 85030 333 20032;EQDQ01  00002PRCP99
0134573850999992000022021004+31720+113370FM-12+006199999V0209999C000012200019N0060001N1+00201+00041102421ADDGA1001+999999999GF100991001001999999001001MD1710061+9999MW1101REMSYN060AAXX  20211 57385 41956 00000 10020 20004 40242 57006 71000;
0182573850999992000022100004+31720+113370FM-12+006199999V0203401N002019999999N0060001N1+00141+00031102521ADDAA199000091GF107991071001999999031999IA2999-00109MD1210091+0001MW1101REMSYN082AAXX  21001 57385 31956 73402 10014 20003 40252 52009 71000 8703/ 333 00052 31016;EQDQ01  00002PRCP99
0177573850999992000022106004+31720+113370FM-12+006199999V0202201N002019999999N0080001N1+00721+00341102191ADDAA199000091GF108991081001999999071999KA1999N+00061MD1710311+9999MW1101REMSYN076AAXX  21061 57385 31958 82202 10072 20034 40219 57031 71000 8807/ 333 20006;EQDQ01  00002PRCP99
0143573850999992000022121004+31720+113370FM-12+006199999V0209999C000012200019N0100001N1+00161-00011102261ADDAA124000191GA1001+999999999GF100991001001999999001001MD1710081+9999REMSYN064AAXX  21211 57385 42960 00000 10016 21001 40226 57008 333 70001;
0157573850999992000022200004+31720+113370FM-12+006199999V0209999C000012200019N0100001N1+00121-00021102361ADDAA124000191GF101991011001999999041011IA2999-00219MD1210091-0201REMSYN082AAXX  22001 57385 32960 10000 10012 21002 40236 52009 81041 333 05200 31021 70001;
0165573850999992000022206004+31720+113370FM-12+006199999V0203601N005010360019N0100001N1+01031+00021102151ADDAA199000091GF105991011011008001031001KA1999N+00071MD1710271+9999REMSYN070AAXX  22061 57385 32560 53605 10103 20002 40215 57027 81130 333 20007;EQDQ01  00002PRCP99
0112573850999992000022221004+31720+113370FM-12+006199999V0203601N002010075019N0100001N1+00311+00131102341ADDGF105991051051008001001001MD1710031+9999REMSYN060AAXX  22211 57385 42560 53602 10031 20013 40234 57003 85500;
0182573850999992000022300004+31720+113370FM-12+006199999V0203601N001010075019N0080001N1+00451+00171102521ADDAA199000091GF107991071051008001999999IA2999+00009MD1210181+0201MW1101REMSYN082AAXX  23001 57385 31558 73601 10045 20017 40252 52018 71000 875// 333 00203 31004;EQDQ01  00002PRCP99
0165573850999992000022306004+31720+113370FM-12+006199999V0203601N004010075019N0100001N1+00751+00221102541ADDAA199000091GF108991071051008001071999KA1999N+00301MD1710101+9999REMSYN070AAXX  23061 57385 32560 83604 10075 20022 40254 57010 8757/ 333 20030;EQDQ01  00002PRCP99
0098573850999992000022321004+31720+113370FM-12+006199999V0203601N002019999999N0100001N1+99999+99999102801ADDGF108991999999999999999999REMSYN060AAXX  23211 57385 42960 83602 1//05 3/018 40280 98772 807//;
0170573850999992000022400004+31720+113370FM-12+006199999V0200201N003019999999N0120001N1+00591+00051102881ADDAA199000091GF108991081001999999071999IA2999+00109MD1210081+0401REMSYN076AAXX  24001 57385 32962 80203 10059 20005 40288 52008 8807/ 333 00401 30014;EQDQ01  00002PRCP99
0165573850999992000022406004+31720+113370FM-12+006199999V0203601N004019999999N0100001N1+00951+00151102781ADDAA199000091GF108991081001999999071999KA1999N+00411MD1710231+9999REMSYN070AAXX  24061 57385 32960 83604 10095 20015 40278 57023 8807/ 333 20041;EQDQ01  00002PRCP99
0155573850999992000022421004+31720+113370FM-12+006199999V0203401N003012200019N0080001N1+00331-00021103021ADDAA124000391GA1001+999999999GF100991001001999999001001MD1410001+9999MW1101REMSYN070AAXX  24211 57385 41958 03403 10033 21002 40302 54000 71000 333 70002;
0157573850999992000022500004+31720+113370FM-12+006199999V0203401N002019999999N0120001N1+00321-00071103071ADDAA124000391GF107991001001999999001021IA2999-00019MD1210041+0201REMSYN082AAXX  25001 57385 32962 73402 10032 21007 40307 52004 80002 333 00253 31001 70002;
0165573850999992000022506004+31720+113370FM-12+006199999V0202901N006010120019N0100001N1+00861+00121102851ADDAA199000091GF108991081051012501999999KA1999N+00311MD1710241+9999REMSYN070AAXX  25061 57385 32660 82906 10086 20012 40285 57024 885// 333 20031;EQDQ01  00002PRCP99
0122573850999992000022521004+31720+113370FM-12+006199999V0203201N002012200019N0150001N1+00061-00241102981ADDGA1001+999999999GF100991001001999999001001MD1710021+9999REMSYN054AAXX  25211 57385 42965 03202 10006 21024 40298 57002;
0170573850999992000022600004+31720+113370FM-12+006199999V0202901N001012200019N0120001N1+00061-00411103061ADDAA199000091GF101991001001999999001011IA2999-00309MD1210081+0001REMSYN076AAXX  26001 57385 32962 12901 10006 21041 40306 52008 80001 333 00053 31038;EQDQ01  00002PRCP99
0165573850999992000022606004+31720+113370FM-12+006199999V0202901N003012200019N0250001N1+01301-00841102801ADDAA199000091GF101991001001999999001011KA1999N-00061MD1710331+9999REMSYN070AAXX  26061 57385 32975 12903 10130 21084 40280 57033 80001 333 21006;EQDQ01  00002PRCP99
0170573850999992000022700004+31720+113370FM-12+006199999V0201601N001019999999N0120001N1+00261-00071102661ADDAA199000091GF107991011001999999031021IA2999-00109MD1210011-0401REMSYN076AAXX  27001 57385 32962 71601 10026 21007 40266 52001 81032 333 05402 31016;EQDQ01  00002PRCP99
0124573850999992000022721004+31720+113370FM-12+006199999V0200401N001012200019N0080001N1+00421+00301102691ADDGF101991011001999999041001MD1210021+9999MW1101REMSYN066AAXX  27211 57385 41958 10401 10042 20030 40269 52002 71000 81040;
0170573850999992000022800004+31720+113370FM-12+006199999V0203401N002019999999N0120001N1+00391+00211102921ADDAA199000091GF107991071001999999031999IA2999-00109MD1210221+0301REMSYN076AAXX  28001 57385 32962 73402 10039 20021 40292 52022 8703/ 333 00301 31011;EQDQ01  00002PRCP99
0165573850999992000022806004+31720+113370FM-12+006199999V0203601N004012200019N0150001N1+01551+00161102851ADDAA199000091GF102991021011008001001001KA1999N+00291MD1710171+9999REMSYN070AAXX  28061 57385 32565 23604 10155 20016 40285 57017 82100 333 20029;EQDQ01  00002PRCP99
0074573850999992000022821004+31720+113370FM-12+006199999V0209999C007019999999N9999999N1+99999+99999103181ADDMD1210021+9999REMSYN048AAXX  28211 57385 4296/ /0007 20019 40318 52002;
0192573850999992000022900004+31720+113370FM-12+006199999V0209999C000012200019N0080001N1+00361+00181103231ADDAA199000091GA1001+999999999GF100991001001999999001001IA2999-00109MD1210041+0301MW1101REMSYN076AAXX  29001 57385 31958 00000 10036 20018 40323 52004 71000 333 00300 31012;EQDQ01  00002PRCP99
0165573850999992000022906004+31720+113370FM-12+006199999V0202001N002012200019N0120001N1+01441+00211102901ADDAA199000091GF101991011011008001001001KA1999N+00311MD1710311+9999REMSYN070AAXX  29061 57385 32562 12002 10144 20021 40290 57031 81100 333 20031;EQDQ01  00002PRCP99
0080573850999992000022921004+31720+113370FM-12+006199999V0209999C000019999999N0120001N1+00341+00051102751ADDMD1710071+9999REMSYN054AAXX  29211 57385 42962 /0000 10034 20005 40275 57007;
0180573850999992000030100004+31720+113370FM-12+006199999V0209999C000012200019N0120001N1+00321+00051102861ADDAA199000091GA1001+999999999GF100991001001999999001001IA2999-00209MD1210101-0401REMSYN070AAXX  01001 57385 32962 00000 10032 20005 40286 52010 333 05400 31027;EQDQ01  00002PRCP99
0165573850999992000030106004+31720+113370FM-12+006199999V0202501N003012200019N0120001N1+01531-00191102601ADDAA199000091GF101991011001999999041001KA1999N+00231MD1710201+9999REMSYN070AAXX  01061 57385 32962 12503 10153 21019 40260 57020 81040 333 20023;EQDQ01  00002PRCP99
0122573850999992000030121004+31720+113370FM-12+006199999V0209999C000012200019N0100001N1+00441+00131102431ADDGA1001+999999999GF100991001001999999001001MD1710061+9999REMSYN054AAXX  01211 57385 42960 00000 10044 20013 40243 57006;
0182573850999992000030200004+31720+113370FM-12+006199999V0203201N002019999999N0080001N1+00421+00161102481ADDAA199000091GF106991001001999999001021IA2999-00109MD1210041-0401MW1101REMSYN082AAXX  02001 57385 31958 63202 10042 20016 40248 52004 71000 80002 333 05401 31010;EQDQ01  00002PRCP99
0165573850999992000031406004+31720+113370FM-12+006199999V0202201N003010075019N0100001N1+01771+00511101811ADDAA199000091GF105991051011008001001001KA1999N+00781MD1710321+9999REMSYN070AAXX  14061 57385 32560 52203 10177 20051 40181 57032 85100 333 20078;EQDQ01  00002PRCP99
0150573850999992000031500004+31720+113370FM-12+006199999V0202901N001019999999N0080001N1+01091+00931101451ADDAA124001391GF108991081001999999071999MD1710041-0701MW1101REMSYN081AAXX  15001 57385 31958 82901 10109 20093 40145 57004 710008807/ 333 05702 70012;
0112573850999992000032421004+31720+113370FM-12+006199999V0209999C000019999999N0100001N1+01151+00641102291ADDGF107991071001999999031999MD1710021+9999REMSYN060AAXX  24211 57385 42960 70000 10115 20064 40229 57002 8703/;
0152573850999992000032500004+31720+113370FM-12+006199999V0203201N001019999999N0100001N1+01151+00711102451ADDAA199000091GF108991081001999999071999MD1210151+0021REMSYN070AAXX  25001 57385 32960 83201 10115 20071 40245 52015 8807/ 333 05205;EQDQ01  00002PRCP99
0165573850999992000032506004+31720+113370FM-12+006199999V0202701N002019999999N0200001N1+02181-00201102191ADDAA199000091GF106991061001999999041001KA1999N+01101MD1710251+9999REMSYN070AAXX  25061 57385 32970 62702 10218 21020 40219 57025 86040 333 20110;EQDQ01  00002PRCP99
0164573850999992000032600004+31720+113370FM-12+006199999V0201401N005012200019N0080001N1+01081+00631102381ADDAA199000091GF101991001001999999001021MD1210051+0011MW1101REMSYN076AAXX  26001 57385 31958 11405 10108 20063 40238 52005 71000 80002 333 05151;EQDQ01  00002PRCP99
0175573850999992000032606004+31720+113370FM-12+006199999V0201801N003012200019N0100001N1+02271+00601101921ADDAA199000091GA1001+999999999GF100991001001999999001001KA1999N+00931MD1710401+9999REMSYN064AAXX  26061 57385 32960 01803 10227 20060 40192 57040 333 20093;EQDQ01  00002PRCP99
0102573850999992000032621004+31720+113370FM-12+006199999V0201101N004012200019N0100001N1+01211+99999101161ADDGA1001+999999999GF100991001001999999001001REMSYN048AAXX  26211 57385 4/960 01104 10121 40116 97019;
0122573850999992000032721004+31720+113370FM-12+006199999V0200201N002012200019N0100001N1+01551-00351101701ADDGA1001+999999999GF100991001001999999001001MD1210201+9999REMSYN054AAXX  27211 57385 42960 00202 10155 21035 40170 52020;
0175573850999992000032806004+31720+113370FM-12+006199999V0200401N002012200019N0100001N1+02191-00611101881ADDAA199000091GA1001+999999999GF100991001001999999001001KA1999N+01351MD1710221+9999REMSYN064AAXX  28061 57385 32960 00402 10219 21061 40188 57022 333 20135;EQDQ01  00002PRCP99
0090573850999992000032821004+31720+113370FM-12+006199999V0209999C000012200019N0100001N1+99999+99999999999ADDGA1001+999999999GF100991001001999999001001REMSYN036AAXX  28211 57385 42960 00000 20021;
0180573850999992000032900004+31720+113370FM-12+006199999V0200901N001012200019N0150001N1+01001+00251102291ADDAA199000091GA1001+999999999GF100991001001999999001001IA2999+00309MD1210171+0301REMSYN070AAXX  29001 57385 32965 00901 10100 20025 40229 52017 333 00355 30039;EQDQ01  00002PRCP99
0175573850999992000032906004+31720+113370FM-12+006199999V0201401N007012200019N0200001N1+02321-00351101831ADDAA199000091GA1001+999999999GF100991001001999999001001KA1999N+00801MD1710381+9999REMSYN064AAXX  29061 57385 32970 01407 10232 21035 40183 57038 333 20080;EQDQ01  00002PRCP99
0165573850999992000033000004+31720+113370FM-12+006199999V0201401N003019999999N0100001N1+01711+00401101041ADDAA106000791AY161061GF107991011001999999041021MD1210081-1201MW1001REMSYN088AAXX  30001 57385 11960 71403 10171 20040 40104 52008 69901 70060 81042 333 06207 79999;
0143573850999992000033021004+31720+113370FM-12+006199999V0201101N003012200019N0100001N1+01681+01011100561ADDAA124000791GA1001+999999999GF100991001001999999001001MD1410001+9999REMSYN064AAXX  30211 57385 42960 01103 10168 20101 40056 54000 333 79999;
0142573850999992000033100004+31720+113370FM-12+006199999V0200901N002019999999N0180001N1+00811+99999100801ADDAA199000091GF107991001001999999001021MD1210311+9999REMSYN060AAXX  31001 57385 32968 70902 10081 20114 4008/ 52031 80002;EQDQ01  00002PRCP99
0165573850999992000033106004+31720+113370FM-12+006199999V0202201N003012200019N0200001N1+02461+01261100801ADDAA199000091GF102991001001999999001021KA1999N+01581MD1710151+9999REMSYN070AAXX  31061 57385 32970 22203 10246 20126 40080 57015 80002 333 20158;EQDQ01  00002PRCP99
0112573850999992000033121004+31720+113370FM-12+006199999V0203601N004019999999N0100001N1+01591+00681101071ADDGF107991071001999999031999MD1210011+9999REMSYN060AAXX  31211 57385 42960 73604 10159 20068 40107 52001 8703/;
0152573850999992000040100004+31720+113370FM-12+006199999V0200201N001019999999N9999999N1+01571+00681101181ADDAA199000091GF108991071001008001031999MD1210101+0031REMSYN070AAXX  01001 57385 3256/ 80201 10157 20068 40118 52010 8703/ 333 00352;EQDQ01  00002PRCP99
0165573850999992000040106004+31720+113370FM-12+006199999V0203601N005019999999N0100001N1+02071+00891100931ADDAA199000091GF108991081001999999071999KA1999N+01511MD1710231+9999REMSYN070AAXX  01061 57385 32960 83605 10207 20089 40093 57023 8807/ 333 20151;EQDQ01  00002PRCP99
0112573850999992000040121004+31720+113370FM-12+006199999V0200201N004019999999N0029001N1+01161+00351101521ADDGF108991081001004501071999MD1210011+9999REMSYN060AAXX  01211 57385 //429 80204 10116 20035 40152 52001 8807/;
0152573850999992000040200004+31720+113370FM-12+006199999V0200201N004019999999N0150001N1+01181+00141101631ADDAA199000091GF106991061001999999031001MD1210101+0041REMSYN070AAXX  02001 57385 32965 60204 10118 20014 40163 52010 86030 333 00454;EQDQ01  00002PRCP99
0165573850999992000040206004+31720+113370FM-12+006199999V0203601N004019999999N0200001N1+01941+00331101671ADDAA199000091GF108991001001999999001071KA1999N+01061MD1710121+9999REMSYN070AAXX  02061 57385 32970 83604 10194 20033 40167 57012 80007 333 20106;EQDQ01  00002PRCP99
0112573850999992000040221004+31720+113370FM-12+006199999V0203601N003010075019N0100001N1+01111+00781101771ADDGF108991081051008001999999MD1210021+9999REMSYN060AAXX  02211 57385 42560 83603 10111 20078 40177 52002 885//;
0152573850999992000040300004+31720+113370FM-12+006199999V0200201N005010075019N0100001N1+01211+00801999999ADDAA199000091GF108991061051008001071999MD1210101+0021REMSYN070AAXX  03001 57385 32560 80205 10121 20080 401// 52010 8657/ 333 00210;EQDQ01  00002PRCP99
0122573850999992000040321004+31720+113370FM-12+006199999V0203201N001012200019N0100001N1+01111+00891101351ADDGA1001+999999999GF100991001001999999001001MD1710041+9999REMSYN054AAXX  03211 57385 42960 03201 10111 20089 40135 57004;
0162573850999992000040400004+31720+113370FM-12+006199999V0203401N001012200019N0100001N1+01241+00971101421ADDAA199000091GA1001+999999999GF100991001001999999001001MD1210071+0041REMSYN064AAXX  04001 57385 32960 03401 10124 20097 40142 52007 333 05400;EQDQ01  00002PRCP99
0165573850999992000040406004+31720+113370FM-12+006199999V0202201N002019999999N0100001N1+02421+00901101271ADDAA199000091GF107991001001999999001021KA1999N+00981MD1710221+9999REMSYN070AAXX  04061 57385 32960 72202 10242 20090 40127 57022 80002 333 20098;EQDQ01  00002PRCP99
