0182575740999992000010100004+29430+112180FM-12+002899999V0200201N002019999999N0050001N1+00471+00081102211ADDAA106000091GF108991081001999999071999IA2999+00209MD1210131+0201MW1101REMSYN082AAXX  01001 57574 31950 80202 10047 20008 40221 52013 71000 8807/ 333 00251 30027;EQDQ01  00002PRCP06
0187575740999992000010106004+29430+112180FM-12+002899999V0209999C000012200019N0040001N1+00951+00351102041ADDAA106000091GA1001+999999999GF100991001001999999001001KA1999N+00381MD1710271+9999MW1051REMSYN070AAXX  01061 57574 31940 00000 10095 20035 40204 57027 70500 333 20038;EQDQ01  00002PRCP06
0192575740999992000010200004+29430+112180FM-12+002899999V0203401N001012200019N0020001N1+00331+00231102541ADDAA106000091GA1001+999999999GF100991001001999999001001IA2999+00009MD1210051+0301MW1101REMSYN076AAXX  02001 57574 31920 03401 10033 20023 40254 52005 71000 333 00351 31006;EQDQ01  00002PRCP06
0187575740999992000010206004+29430+112180FM-12+002899999V0209999C000012200019N0060001N1+01461+00421102251ADDAA106000091GA1001+999999999GF100991001001999999001001KA1999N+00231MD1710311+9999MW1051REMSYN070AAXX  02061 57574 31956 00000 10146 20042 40225 57031 70500 333 20023;EQDQ01  00002PRCP06
0192575740999992000010300004+29430+112180FM-12+002899999V0209999C000012200019N0020001N1+00651+00501101741ADDAA106000091GA1001+999999999GF100991001001999999001001IA2999+00209MD1210081-0801MW1101REMSYN076AAXX  03001 57574 31920 00000 10065 2005/ 40174 52008 71000 333 05803 30022;EQDQ01  00002PRCP06
0187575740999992000010306004+29430+112180FM-12+002899999V0201801N002012200019N0040001N1+01571+00821101451ADDAA106000091GA1001+999999999GF100991001001999999001001KA1999N+00511MD1710291+9999MW1051REMSYN070AAXX  03061 57574 31940 01802 10157 20082 40145 57029 70500 333 20051;EQDQ01  00002PRCP06
0124575740999992000010321004+29430+112180FM-12+002899999V0203601N002019999999N0030001N1+00811+00681101341ADDGF108991081001999999071999MD1710031+9999MW1101REMSYN066AAXX  03211 57574 41930 83602 10081 20068 40134 57003 71000 8807/;
0164575740999992000010400004+29430+112180FM-12+002899999V0203601N001019999999N0030001N1+00731+00621101411ADDAA106000091GF108991081001999999071999MD1210061+0031MW1101REMSYN076AAXX  04001 57574 31930 83601 10073 20062 40141 52006 71000 8807/ 333 05301;EQDQ01  00002PRCP06
0177575740999992000010406004+29430+112180FM-12+002899999V0200201N003019999999N0040001N1+00871+00541101301ADDAA106000091GF107991071001999999041999KA1999N+00701MD1710231+9999MW1101REMSYN076AAXX  04061 57574 31940 70203 10087 20054 40130 57023 71000 8704/ 333 20070;EQDQ01  00002PRCP06
0188575740999992000010500004+29430+112180FM-12+002899999V0209999C000019999999N0040001N1+00471+00271101671ADDAA106000091GF108991081001999999071999IA2999+00419MD1210071+0301MW1101REMSYN088AAXX  05001 57574 31940 80000 10047 20027 40167 52007 71000 8807/ 333 00353 30041 79999;EQDQ01  00002PRCP06
0177575740999992000010506004+29430+112180FM-12+002899999V0200201N002019999999N0060001N1+00711+00411101591ADDAA106000091GF108991081001999999071999KA1999N+00431MD1710161+9999MW1101REMSYN076AAXX  05061 57574 31956 80202 10071 20041 40159 57016 71000 8807/ 333 20043;EQDQ01  00002PRCP06
0147575740999992000010521004+29430+112180FM-12+002899999V0203601N002019999999N0030001N1+00441+00291999999ADDAA124000791AY161031GF108991081001999999071999MD1210031+9999MW1601REMSYN070AAXX  05211 57574 41930 83602 10044 20029 52003 76060 8807/ 333 79999;
0183575740999992000010600004+29430+112180FM-12+002899999V0200401N002019999999N0030001N1+00471+00251102431ADDAA106000791AY161061GF108991081001999999071999IA2999+00459MD1210101+0801MW1101REMSYN094AAXX  06001 57574 11930 80402 10047 20025 40243 52010 69901 71060 8807/ 333 00800 30045 79999;
0165575740999992000010606004+29430+112180FM-12+002899999V0200401N006019999999N0110001N1+00881+00091102491ADDAA106000091GF108991081001999999071999KA1999N+00401MD1710141+9999REMSYN070AAXX  06061 57574 32961 80406 10088 20009 40249 57014 8807/ 333 20040;EQDQ01  00002PRCP06
0145575740999992000010621004+29430+112180FM-12+002899999V0209999C000019999999N0120001N1+00511+00261102381ADDAA124001591GF108991081001999999071999MD1710131+9999MW1601REMSYN076AAXX  06211 57574 41962 80000 10051 20026 40238 57013 76000 8807/ 333 70014;
0183575740999992000010700004+29430+112180FM-12+002899999V0209999C000019999999N0100001N1+00501+00221102421ADDAA106000791AY161061GF108991081001999999071999IA2999+00499MD1210041+0001MW1001REMSYN094AAXX  07001 57574 11960 80000 10050 20022 40242 52004 69901 70060 8807/ 333 00000 30049 70014;
0172575740999992000010706004+29430+112180FM-12+002899999V0203601N002019999999N0100001N1+00551+00231102211ADDAA106000791AY161061GF108991081001999999071999KA1999N+00451MD1710191+9999MW1001REMSYN082AAXX  07061 57574 11960 83602 10055 20023 40221 57019 69901 70060 8807/ 333 20045;
0191575740999992000010800004+29430+112180FM-12+002899999V0200201N002010360019N0030001N1+00221+00191102011ADDAA106003091AY161061AY261061GF108991011071004501021999IA2999+00329MD1210041-0401MW1601REMSYN094AAXX  08001 57574 11430 80202 10022 20019 40201 52004 60031 76066 8172/ 333 05453 30032 70089;
0172575740999992000010806004+29430+112180FM-12+002899999V0200401N002019999999N9999999N1+00211+00181101851ADDAA106000591AY161061GF108991071071999999021999KA1999N+00171MD1710231+9999MW1601REMSYN082AAXX  08061 57574 11/// 80402 10021 20018 40185 57023 69951 76060 8772/ 333 20017;
0188575740999992000010900004+29430+112180FM-12+002899999V0209999C000019999999N0050001N1+00281+00151102201ADDAA106000091GF108991081001999999071999IA2999+00309MD1210131+0201MW1101REMSYN088AAXX  09001 57574 31950 80000 10028 20015 40220 52013 71000 8807/ 333 00201 30030 70007;EQDQ01  00002PRCP06
0175575740999992000011000004+29430+112180FM-12+002899999V0200201N001019999999N0040001N1+00481+00411101991ADDAA106000391GF108991081001999999071999IA2999+00469MD1710031-0201MW1601REMSYN094AAXX  10001 57574 11940 80201 10048 20041 40199 57003 69931 76000 8807/ 333 05202 30046 70049;
0180575740999992000011006004+29430+112180FM-12+002899999V0200401N002010042019N0060001N1+00551+00551101921ADDAA106019191AY161061AY261061GF108991071071004501021999KA1999N+00401MD1710181+9999MW1601REMSYN082AAXX  10061 57574 11456 80402 10055 20055 40192 57018 60191 76066 8772/ 333 20040;
0161575740999992000011021004+29430+112180FM-12+002899999V0200901N003010042019N0050001N1+00351+00301101751ADDAA124034391AY161031AY261031GF108991071071004501021999MD1710081+9999MW1601REMSYN076AAXX  10211 57574 41450 80903 10035 20030 40175 57008 76066 8772/ 333 70342;
0191575740999992000011100004+29430+112180FM-12+002899999V0200201N002010042019N0060001N1+00271+00241101861ADDAA106013091AY161061AY261061GF108991071071004501021999IA2999+00349MD1210111-0101MW1601REMSYN094AAXX  11001 57574 11456 80202 10027 20024 40186 52011 60131 76066 8772/ 333 05152 30034 70444;
0180575740999992000011106004+29430+112180FM-12+002899999V0200201N003010042019N0100001N1+00331+00231101971ADDAA106007991AY161061AY261061GF108991071071004501021999KA1999N+00241MD1710131+9999MW1601REMSYN082AAXX  11061 57574 11460 80203 10033 20023 40197 57013 60081 76066 8772/ 333 20024;
0149575740999992000011121004+29430+112180FM-12+002899999V0201201N001012200019N0060001N1+00171+00001102481ADDAA124018091GA1001+999999999GF100991001001999999001001MD1210021+9999REMSYN070AAXX  11211 57574 41956 01201 10017 20000 40248 52002 8807/ 333 70181;
0188575740999992000011200004+29430+112180FM-12+002899999V0200201N002019999999N0070001N1+00151-00021102541ADDAA106000091GF108991081001999999071999IA2999+00149MD1210061+0701MW1101REMSYN088AAXX  12001 57574 31957 80202 10015 21002 40254 52006 71000 8807/ 333 00751 30014 70076;EQDQ01  00002PRCP06
0165575740999992000011206004+29430+112180FM-12+002899999V0203601N003019999999N0120001N1+00451+00081102431ADDAA106000091GF108991081001999999071999KA1999N+00111MD1710231+9999REMSYN070AAXX  12061 57574 32962 83603 10045 20008 40243 57023 8807/ 333 20011;EQDQ01  00002PRCP06
0112575740999992000011221004+29430+112180FM-12+002899999V0209999C000019999999N0120001N1+00201+00091102191ADDGF107991071001999999041999MD1710191+9999REMSYN060AAXX  12211 57574 42962 70000 10020 20009 40219 57019 8704/;
0182575740999992000011300004+29430+112180FM-12+002899999V0209999C000019999999N0060001N1+00171+00091102231ADDAA106000091GF107991051001999999041021IA2999+00009MD1210041-0301MW1101REMSYN082AAXX  13001 57574 31956 70000 10017 20009 40223 52004 71000 85042 333 05300 31004;EQDQ01  00002PRCP06
0165575740999992000011306004+29430+112180FM-12+002899999V0209999C000019999999N0120001N1+00741+00121102051ADDAA106000091GF106991061001999999041001KA1999N+00121MD1710271+9999REMSYN070AAXX  13061 57574 32962 60000 10074 20012 40205 57027 86040 333 20012;EQDQ01  00002PRCP06
0174575740999992000011400004+29430+112180FM-12+002899999V0200401N003019999999N0120001N1+00151-00081102271ADDAA199000091GF108991081001999999071999IA2999+00109MD1210051+0001REMSYN080    AAXX  14001 57574 32962 80403 10015 21008 40227 52005 8807/ 333 00000 30019;EQDQ01  00002PRCP99
0176575740999992000011406004+29430+112180FM-12+002899999V0200201N003019999999N0100001N1+00091+00011102101ADDAA106000391AY161061GF108991081001999999071999KA1999N+00061MD1710191+9999MW1601REMSYN086    AAXX  14061 57574 11960 80203 10009 20001 40210 57019 69931 76060 8807/ 333 20006;
0187575740999992000011500004+29430+112180FM-12+002899999V0203601N004010042019N0060001N1+00061+00001102291ADDAA106005191AY161061GF108991071071004501021999IA2999+00109MD1210131+0001MW1601REMSYN098    AAXX  15001 57574 11456 83604 10006 20000 40229 52013 60051 76060 8772/ 333 00051 30010 70139;
0176575740999992000011506004+29430+112180FM-12+002899999V0200201N003010042019N0080001N1+00061-00051102381ADDAA106000191AY161061GF108991061071004501071999KA1999N+00021MD1710111+9999MW1601REMSYN086    AAXX  15061 57574 11458 80203 10006 21005 40238 57011 69921 76060 8677/ 333 20002;
0149575740999992000011521004+29430+112180FM-12+002899999V0200201N003019999999N0080001N1+00061-00141102741ADDAA124003091GF108991081001999999071999MD1710041+9999MW1101REMSYN080    AAXX  15211 57574 41958 80203 10006 21014 40274 57004 71000 8807/ 333 70030;
0161575740999992000011600004+29430+112180FM-12+002899999V0200401N002019999999N0100001N1+00051-00121102871ADDAA124000391GF108991081001999999071999IA2999+00049MD1210131+0601REMSYN086    AAXX  16001 57574 32960 80402 10005 21012 40287 52013 8807/ 333 00600 30004 70002;
0184575740999992000011606004+29430+112180FM-12+002899999V0200201N003010042019N0080001N1+00091-00051102791ADDAA106000391AY171061AY261061GF108991051071004501021999KA1999N+00011MD1710241+9999MW1701REMSYN086    AAXX  16061 57574 11458 80203 10009 21005 40279 57024 69931 77076 8572/ 333 20001;
0165575740999992000011621004+29430+112180FM-12+002899999V0200201N003010042019N0060001N1+00071-00101103011ADDAA124001091AY171031AY271031GF108991071071004501021999MD1710081+9999MW1701REMSYN080    AAXX  16211 57574 41456 80203 10007 2101/ 40301 57008 77077 8772/ 333 70011;
0176575740999992000011706004+29430+112180FM-12+002899999V0200201N002019999999N0100001N1+00391+00011102921ADDAA106000791AY171061GF107991071001999999041999KA1999N+00001MD1710241+9999MW1001REMSYN086    AAXX  17061 57574 11960 70202 10039 20001 40292 57024 69901 70070 8704/ 333 20000;
0149575740999992000011721004+29430+112180FM-12+002899999V0209999C000019999999N0040001N1+00051-00011103011ADDAA124000791GF106991061001999999041001MD1710011+9999MW1101REMSYN080    AAXX  17211 57574 41940 60000 10005 21001 40301 57001 71000 86040 333 79999;
0191575740999992000011800004+29430+112180FM-12+002899999V0209999C000010001519N0001001N1-00191-00191103071ADDAA124000791AY141061GA1091+999999999GF109991091999999999999999IA2999-00199MD1210061+0001MW1471REMSYN086    AAXX  18001 57574 31/01 90000 11019 21019 40307 52006 74740 333 00053 31019 79999;
0189575740999992000011806004+29430+112180FM-12+002899999V0209999C000012200019N0140001N1+00851-00091102911ADDAA199000091AY141061GF103991001001999999001021KA1999N-00221MD1710241+9999MW1001REMSYN080    AAXX  18061 57574 31964 30000 10085 21009 40291 57024 70040 80002 333 21022;EQDQ01  00002PRCP99
0116575740999992000011821004+29430+112180FM-12+002899999V0209999C000019999999N0120001N1+00251+00121103081ADDGF108991081001999999071999MD1210061+9999REMSYN064    AAXX  18211 57574 42962 80000 10025 20012 40308 52006 8807/;
0186575740999992000011900004+29430+112180FM-12+002899999V0200401N001019999999N0070001N1+00321+00081103341ADDAA199000091GF108991081001999999071999IA2999+00009MD1210261+0301MW1101REMSYN086    AAXX  19001 57574 31957 80401 10032 20008 40334 52026 71000 8807/ 333 00305 30000;EQDQ01  00002PRCP99
0169575740999992000011906004+29430+112180FM-12+002899999V0201101N003019999999N0220001N1+00621-00751103231ADDAA199000091GF107991071001999999041999KA1999N+00131MD1710311+9999REMSYN074    AAXX  19061 57574 32972 71103 10062 21075 40323 57031 8704/ 333 20013;EQDQ01  00002PRCP99
0122575740999992000011921004+29430+112180FM-12+002899999V0209999C000012200019N0180001N1-00031-00311103051ADDGA1001+999999999GF100991001001999999001001MD1710111+9999REMSYN054AAXX  19211 57574 42968 00000 11003 21031 40305 57011;
0180575740999992000012000004+29430+112180FM-12+002899999V0209999C000012200019N0180001N1-00051-00301103171ADDAA199000091GA1001+999999999GF100991001001999999001001IA2999-00309MD1210121-0201REMSYN070AAXX  20001 57574 32968 00000 11005 21030 40317 52012 333 05254 31034;EQDQ01  00002PRCP99
0165575740999992000012006004+29430+112180FM-12+002899999V0203201N001019999999N0160001N1+00711-00261103061ADDAA199000091GF108991081001999999071999KA1999N-00121MD1710221+9999REMSYN070AAXX  20061 57574 32966 83201 10071 21026 40306 57022 8807/ 333 21012;EQDQ01  00002PRCP99
0145575740999992000012021004+29430+112180FM-12+002899999V0203601N001019999999N0120001N1+00381-00031103091ADDAA124000791GF108991081001999999071999MD1710021+9999MW1601REMSYN076AAXX  20211 57574 41962 83601 10038 21003 40309 57002 76000 8807/ 333 79999;
0183575740999992000012100004+29430+112180FM-12+002899999V0200401N003019999999N0070001N1+00161+00081103131ADDAA106002091AY161061GF108991081001999999071999IA2999+00149MD1210031+0001MW1601REMSYN094AAXX  21001 57574 11957 80403 10016 20008 40313 52003 60021 76060 8807/ 333 00002 30014 70016;
0161575740999992000012121004+29430+112180FM-12+002899999V0203401N002010042019N0040001N1+00071+00011102821ADDAA124013291AY161031AY261031GF108991071071004501021999MD1710041+9999MW1601REMSYN076AAXX  21211 57574 41440 83402 10007 20001 40282 57004 76066 8772/ 333 70131;
0180575740999992000012206004+29430+112180FM-12+002899999V0200401N001010042019N0040001N1+00081+00021102681ADDAA106001091AY161061AY261061GF108991071071004501021999KA1999N+00021MD1710211+9999MW1601REMSYN082AAXX  22061 57574 11440 80401 10008 20002 40268 57021 69991 76066 8772/ 333 20002;
0191575740999992000012300004+29430+112180FM-12+002899999V0203601N002010042019N0030001N1+00101+00071102651ADDAA106010991AY161061AY261061GF108991071071004501021999IA2999+00149MD1210101-0201MW1601REMSYN094AAXX  23001 57574 11430 83602 10010 20007 40265 52010 60111 76066 8772/ 333 05201 30014 70217;
0172575740999992000012306004+29430+112180FM-12+002899999V0200201N001010042019N0040001N1+00211+00131102611ADDAA106003091AY161061GF108991071071004501021999KA1999N+00041MD1710151+9999MW1601REMSYN082AAXX  23061 57574 11440 80201 10021 20013 40261 57015 60031 76060 8772/ 333 20004;
0161575740999992000012321004+29430+112180FM-12+002899999V0200201N004010042019N0030001N1+00111+00031102961ADDAA124009191AY161031AY261031GF108991071071004501021999MD1210041+9999MW1601REMSYN076AAXX  23211 57574 41430 80204 10011 20003 40296 52004 76066 8772/ 333 70092;
0191575740999992000012400004+29430+112180FM-12+002899999V0200201N004010042019N0030001N1+00011-00021103251ADDAA106006191AY171061AY261061GF108991071071004501021999IA2999+00009MD1210291+0601MW1791REMSYN094AAXX  24001 57574 11430 80204 10001 21002 40325 52029 60061 77976 8772/ 333 00651 30000 70102;
0180575740999992000012406004+29430+112180FM-12+002899999V0203601N002010042019N0020001N1-00071-00081103531ADDAA106007191AY171061AY271061GF108991071071004501021999KA1999N-00091MD1710031+9999MW1711REMSYN082AAXX  24061 57574 11420 83602 11007 21008 40353 57003 60071 77177 8772/ 333 21009;
0145575740999992000012421004+29430+112180FM-12+002899999V0200201N004019999999N0060001N1-00241-00481104071ADDAA124012291GF108991081001999999071999MD1710061+9999MW1101REMSYN076AAXX  24211 57574 41956 80204 11024 21048 40407 57006 71000 8807/ 333 70122;
0151575740999992000012500004+29430+112180FM-12+002899999V0200201N002019999999N0080001N1-00241-00491104211ADDAA124007691GF108991999999999999999999MD1210141+1001MW1101REMSYN082AAXX  25001 57574 31958 80202 11024 21049 40421 52014 71000 333 01053 70077 92502;
0172575740999992000012506004+29430+112180FM-12+002899999V0200201N004019999999N0120001N1-00211-00521104111ADDAA106000791AY171061GF108991081001999999071999KA1999N-00281MD1710241+9999MW1001REMSYN082AAXX  25061 57574 11962 80204 11021 21052 40411 57024 69901 70070 8807/ 333 21028;
0145575740999992000012600004+29430+112180FM-12+002899999V0209999C000012200019N0120001N1-00281-00421104271ADDAA124000791GF101991011001999999041001MD1210111+0101REMSYN082AAXX  26001 57574 32962 10000 11028 21042 40427 52011 81040 333 00100 79999 92502;
0175575740999992000012606004+29430+112180FM-12+002899999V0203601N002012200019N0120001N1+00021-00711104151ADDAA199000091GA1001+999999999GF100991001001999999001001KA1999N-00321MD1710241+9999REMSYN064AAXX  26061 57574 32962 03602 10002 21071 40415 57024 333 21032;EQDQ01  00002PRCP99
0122575740999992000012621004+29430+112180FM-12+002899999V0209999C000012200019N0150001N1-00291-00571104131ADDGA1001+999999999GF100991001001999999001001MD1410001+9999REMSYN054AAXX  26211 57574 42965 00000 11029 21057 40413 54000;
0180575740999992000012700004+29430+112180FM-12+002899999V0200401N001012200019N0140001N1-00331-00721104151ADDAA199000091GA1001+999999999GF100991001001999999001001IA2999-00409MD1210021-0101REMSYN070AAXX  27001 57574 32964 00401 11033 21072 40415 52002 333 05151 31045;EQDQ01  00002PRCP99
0175575740999992000012706004+29430+112180FM-12+002899999V0203601N003012200019N0160001N1+00091-00921103901ADDAA199000091GA1001+999999999GF100991001001999999001001KA1999N-00381MD1710281+9999REMSYN064AAXX  27061 57574 32966 03603 10009 21092 40390 57028 333 21038;EQDQ01  00002PRCP99
0112575740999992000012721004+29430+112180FM-12+002899999V0209999C000019999999N0140001N1-00021-00501103491ADDGF108991081001999999071999MD1719999+9999REMSYN060AAXX  27211 57574 42964 80000 11002 21050 40349 570/2 8807/;
0165575740999992000012806004+29430+112180FM-12+002899999V0209999C000019999999N0140001N1+00111-00461103321ADDAA199000091GF108991081001999999071999KA1999N-00061MD1710251+9999REMSYN070AAXX  28061 57574 32964 80000 10011 21046 40332 57025 8807/ 333 21006;EQDQ01  00002PRCP99
0133575740999992000012821004+29430+112180FM-12+002899999V0209999C000019999999N0120001N1-00091-00181103431ADDAA124000191GF108991081001999999071999MD1210011+9999REMSYN070AAXX  28211 57574 42962 80000 11009 21018 40343 52001 8807/ 333 70001;
0157575740999992000012900004+29430+112180FM-12+002899999V0209999C000019999999N0100001N1-00131-00191103601ADDAA124000191GF108991081001999999071999IA2999-00219MD1210171+0101REMSYN082AAXX  29001 57574 32960 80000 11013 21019 40360 52017 8807/ 333 00151 31021 70001;
0165575740999992000012906004+29430+112180FM-12+002899999V0200401N002019999999N0180001N1+00551-00431103691ADDAA199000091GF105991051001999999041001KA1999N-00171MD1710141+9999REMSYN070AAXX  29061 57574 32968 50402 10055 21043 40369 57014 85040 333 21017;EQDQ01  00002PRCP99
0131575740999992000012921004+29430+112180FM-12+002899999V0200201N999992200019N0120001N1+00081-00161104191ADDGF102991021001999999041001MD1210041+9999REMSYN060AAXX  29211 57574 42962 20282 10008 21016 40419 52004 82040;EQDQ01+008203WOSPD 
0170575740999992000013000004+29430+112180FM-12+002899999V0200401N003012200019N0150001N1+00051-00611104341ADDAA199000091GF102991021001999999041001IA2999-00209MD1210151+0701REMSYN076AAXX  30001 57574 32965 20403 10005 21061 40434 52015 82040 333 00702 31026;EQDQ01  00002PRCP99
0165575740999992000013006004+29430+112180FM-12+002899999V0200401N004012200019N0180001N1+00441-00841104261ADDAA199000091GF102991011001999999041021KA1999N+00001MD1710221+9999REMSYN070AAXX  30061 57574 32968 20404 10044 21084 40426 57022 81042 333 20000;EQDQ01  00002PRCP99
0106575740999992000013021004+29430+112180FM-12+002899999V0200401N004019999999N0180001N1+00051-00841999999ADDGF108991081001999999071999MD1710031+9999REMSYN054AAXX  30211 57574 42968 80404 10005 21084 57003 8807/;
0171575740999992000013100004+29430+112180FM-12+002899999V0200401N006019999999N0160001N1+00031-00781104361ADDAA106000791AY171061GF108991081001999999071999MD1210121+0001MW1001REMSYN094AAXX  31001 57574 11966 80406 10003 21078 40436 52012 69901 70070 8807/ 333 00000 31105 79999;
0165575740999992000013106004+29430+112180FM-12+002899999V0200701N003019999999N0200001N1+00081-00701104121ADDAA199000091GF108991081001999999071999KA1999N+00001MD1710301+9999REMSYN070AAXX  31061 57574 32970 80703 10008 21070 40412 57030 8807/ 333 20000;EQDQ01  00002PRCP99
0143575740999992000013121004+29430+112180FM-12+002899999V0203601N001012200019N0180001N1-00261-00511103901ADDAA124000791GA1001+999999999GF100991001001999999001001MD1710131+9999REMSYN064AAXX  31211 57574 42968 03601 11026 21051 40390 57013 333 79999;
0170575740999992000020100004+29430+112180FM-12+002899999V0209999C000019999999N0160001N1-00311-00491103891ADDAA199000091GF107991071001999999041999IA2999-00409MD1710011-0501REMSYN076AAXX  01001 57574 32966 70000 11031 21049 40389 57001 8704/ 333 05553 31040;EQDQ01  00002PRCP99
0165575740999992000020106004+29430+112180FM-12+002899999V0200701N001012200019N0180001N1+00291-00571103571ADDAA199000091GF104991041011008001001001KA1999N-00351MD1710341+9999REMSYN070AAXX  01061 57574 32568 40701 10029 21057 40357 57034 84100 333 21035;EQDQ01  00002PRCP99
0170575740999992000020200004+29430+112180FM-12+002899999V0209999C000019999999N0140001N1-00011-00291103211ADDAA199000091GF108991081001999999071999IA2999-00209MD1210091-0701REMSYN076AAXX  02001 57574 32964 80000 11001 21029 40321 52009 8807/ 333 05703 31027;EQDQ01  00002PRCP99
0172575740999992000020206004+29430+112180FM-12+002899999V0203601N001019999999N0100001N1+00051-00221103161ADDAA106000791AY161061GF108991081001999999071999KA1999N-00131MD1710191+9999MW1001REMSYN082AAXX  02061 57574 11960 83601 10005 21022 40316 57019 69901 70060 8807/ 333 21013;
0133575740999992000020221004+29430+112180FM-12+002899999V0209999C000019999999N0120001N1+00001-00211103071ADDAA124000791GF108991081001999999071999MD1710051+9999REMSYN070AAXX  02211 57574 42962 80000 10000 21021 40307 57005 8807/ 333 79999;
0157575740999992000020300004+29430+112180FM-12+002899999V0209999C000019999999N0100001N1+00071-00221103131ADDAA124000791GF108991081001999999071999IA2999-00159MD1210061-0101REMSYN082AAXX  03001 57574 32960 80000 10007 21022 40313 52006 8807/ 333 05100 31015 79999;
0177575740999992000020306004+29430+112180FM-12+002899999V0200201N001019999999N0080001N1+00151-00171103021ADDAA199000091GF108991081001999999071999KA1999N-00071MD1710191+9999MW1101REMSYN076AAXX  03061 57574 31958 80201 10015 21017 40302 57019 71000 8807/ 333 21007;EQDQ01  00002PRCP99
0180575740999992000020406004+29430+112180FM-12+002899999V0203401N001010042019N0020001N1+00051+00021102781ADDAA106005191AY171061AY261061GF108991071071004501021999KA1999N-00011MD1710201+9999MW1791REMSYN082AAXX  04061 57574 11420 83401 10005 20002 40278 57020 60051 77976 8772/ 333 21001;
0145575740999992000020421004+29430+112180FM-12+002899999V0209999C000019999999N0040001N1-00051-00111102831ADDAA124006191GF108991081001999999071999MD1710091+9999MW1101REMSYN076AAXX  04211 57574 41940 80000 11005 21011 40283 57009 71000 8807/ 333 70062;
0187575740999992000020500004+29430+112180FM-12+002899999V0209999C000010001519N0001001N1-00211-00211102921ADDAA124004891AY141061GA1091+999999999GF109991091999999999999999IA2999-00339MD1210091+0001MW1471REMSYN082AAXX  05001 57574 31/01 90000 11021 21021 40292 52009 74740 333 00053 31033 70048;
0145575740999992000020506004+29430+112180FM-12+002899999V0202201N002012200019N0100001N1+00551+00031102771ADDAA199000091GF101991011001999999041001KA1999N-00271REMSYN064AAXX  05061 57574 31960 12202 10055 20003 40277 81040 333 21027;EQDQ01  00002PRCP99
0124575740999992000020521004+29430+112180FM-12+002899999V0209999C000019999999N0080001N1+00101+00021102591ADDGF107991071001999999041999MD1710121+9999MW1101REMSYN066AAXX  05211 57574 41958 70000 10010 20002 40259 57012 71000 8704/;
0192575740999992000020600004+29430+112180FM-12+002899999V0209999C000012200019N0020001N1+00041-00021102581ADDAA199000091GA1001+999999999GF100991001001999999001001IA2999-00109MD1710021-4301MW1101REMSYN076AAXX  06001 57574 31920 00000 10004 21002 40258 57002 71000 333 09303 31011;EQDQ01  00002PRCP99
0175575740999992000020606004+29430+112180FM-12+002899999V0209999C000012200019N0100001N1+01051+00221102261ADDAA199000091GA1001+999999999GF100991001001999999001001KA1999N-00021MD1710331+9999REMSYN064AAXX  06061 57574 32960 00000 10105 20022 40226 57033 333 21002;EQDQ01  00002PRCP99
0092575740999992000020621004+29430+112180FM-12+002899999V0209999C000019999999N0120001N1+00341+00241102451ADDGF107991071001999999041999REMSYN054AAXX  06211 57574 42962 70000 10034 20024 40245 8704/;
0182575740999992000020700004+29430+112180FM-12+002899999V0209999C000019999999N0070001N1+00311+00181102641ADDAA199000091GF107991071001999999041999IA2999+00009MD1210181+0101MW1101REMSYN082AAXX  07001 57574 31957 70000 10031 20018 40264 52018 71000 8704/ 333 00103 30004;EQDQ01  00002PRCP99
0175575740999992000020706004+29430+112180FM-12+002899999V0200401N004012200019N0100001N1+01071-00331102751ADDAA199000091GA1001+999999999GF100991001001999999001001KA1999N+00251MD1710131+9999REMSYN064AAXX  07061 57574 32960 00404 10107 21033 40275 57013 333 20025;EQDQ01  00002PRCP99
0122575740999992000020721004+29430+112180FM-12+002899999V0209999C000012200019N0120001N1+00251-00091102541ADDGA1001+999999999GF100991001001999999001001MD1710081+9999REMSYN054AAXX  07211 57574 42962 00000 10025 21009 40254 57008;
0170575740999992000020800004+29430+112180FM-12+002899999V0209999C000019999999N0120001N1+00271-00061102611ADDAA199000091GF107991071001999999041999IA2999-00109MD1210071+0001REMSYN076AAXX  08001 57574 32962 70000 10027 21006 40261 52007 8704/ 333 00000 31010;EQDQ01  00002PRCP99
0165575740999992000020806004+29430+112180FM-12+002899999V0200401N001019999999N0180001N1+01041-00421102511ADDAA199000091GF107991071001999999041999KA1999N+00191MD1710201+9999REMSYN070AAXX  08061 57574 32968 70401 10104 21042 40251 57020 8704/ 333 20019;EQDQ01  00002PRCP99
0112575740999992000020821004+29430+112180FM-12+002899999V0203601N001019999999N0180001N1+00521+00111102331ADDGF108991081001999999071999MD1710051+9999REMSYN060AAXX  08211 57574 42968 83601 10052 20011 40233 57005 8807/;
0170575740999992000020900004+29430+112180FM-12+002899999V0200201N001019999999N0160001N1+00451+00081102351ADDAA199000091GF108991081001999999071999IA2999+00309MD1210011-0301REMSYN076AAXX  09001 57574 32966 80201 10045 20008 40235 52001 8807/ 333 05302 30039;EQDQ01  00002PRCP99
0193575740999992000021000004+29430+112180FM-12+002899999V0209999C000012200019N0120001N1+00391+00291102051ADDAA106000791AY161061GA1001+999999999GF100991001001999999001001IA2999+00109MD1210081-0301MW1001REMSYN088AAXX  10001 57574 11962 00000 10039 20029 40205 52008 69901 70060 333 05351 30010 70001;
0165575740999992000021006004+29430+112180FM-12+002899999V0201801N003019999999N0200001N1+00931+00331101791ADDAA199000091GF107991071001999999041999KA1999N+00311MD1710301+9999REMSYN070AAXX  10061 57574 32970 71803 10093 20033 40179 57030 8704/ 333 20031;EQDQ01  00002PRCP99
0112575740999992000021021004+29430+112180FM-12+002899999V0209999C000019999999N0120001N1+00641+00501101891ADDGF108991081001999999071999MD1710081+9999REMSYN060AAXX  10211 57574 42962 80000 10064 20050 40189 57008 8807/;
0182575740999992000021100004+29430+112180FM-12+002899999V0209999C000019999999N0040001N1+00521+00451102061ADDAA199000091GF107991071001999999041999IA2999+00209MD1210161+0001MW1101REMSYN082AAXX  11001 57574 31940 70000 10052 20045 40206 52016 71000 8704/ 333 00001 30027;EQDQ01  00002PRCP99
0165575740999992000021106004+29430+112180FM-12+002899999V0209999C000019999999N0140001N1+01121+00581101951ADDAA199000091GF108991081001999999071999KA1999N+00461MD1710171+9999REMSYN070AAXX  11061 57574 32964 80000 10112 20058 40195 57017 8807/ 333 20046;EQDQ01  00002PRCP99
0133575740999992000021121004+29430+112180FM-12+002899999V0209999C000019999999N0120001N1+00881+00711101731ADDAA124000791GF108991081001999999071999MD1710151+9999REMSYN070AAXX  11211 57574 42962 80000 10088 20071 40173 57015 8807/ 333 79999;
0139575740999992000021200004+29430+112180FM-12+002899999V0209999C000019999999N0100001N1+00881+00731101751ADDAA124000791GF108991081001999999071999MD1210021-0301REMSYN076AAXX  12001 57574 32960 80000 10088 20073 40175 52002 8807/ 333 05304 79999;
0165575740999992000021206004+29430+112180FM-12+002899999V0209999C000019999999N0100001N1+01251+00671101631ADDAA199000091GF108991081001999999071999KA1999N+00821MD1710171+9999REMSYN070AAXX  12061 57574 32960 80000 10125 20067 40163 57017 8807/ 333 20082;EQDQ01  00002PRCP99
0153575740999992000021221004+29430+112180FM-12+002899999V0209999C000019999999N0100001N1+00971+00831101461ADDAA124000791AY161031GF108991081001999999071999MD1710081+9999MW1211REMSYN076AAXX  12211 57574 41960 80000 10097 20083 40146 57008 72160 8807/ 333 79999;
0149575740999992000021300004+29430+112180FM-12+002899999V0209999C000019999999N0070001N1+00901+00821101521ADDAA106000891AY161061GF108991081001999999071999MD1210061+9999MW1601REMSYN072AAXX  13001 57574 11957 80000 10090 20082 40152 52006 69971 76060 8807/;
0180575740999992000021306004+29430+112180FM-12+002899999V0203601N003010042019N0060001N1+00931+00911101581ADDAA106006191AY161061AY261061GF108991071071004501021999KA1999N+00811MD1710071+9999MW1611REMSYN082AAXX  13061 57574 11456 83603 10093 20091 40158 57007 60061 76166 8772/ 333 20081;
0116575740999992000021321004+29430+112180FM-12+002899999V0209999C000019999999N0060001N1+00801+99999999999ADDGF108991081001999999071999MD1710011+9999MW1101REMSYN058AAXX  13211 57574 41956 80000 1008/ 57001 71000 8807/ 333;
0164575740999992000021400004+29430+112180FM-12+002899999V0200401N002019999999N0060001N1+00821+00651102481ADDAA199000091GF108991081001999999071999MD1210231+0101MW1101REMSYN076AAXX  14001 57574 31956 80402 10082 20065 40248 52023 71000 8807/ 333 01008;EQDQ01  00002PRCP99
0165575740999992000021406004+29430+112180FM-12+002899999V0200401N004019999999N0240001N1+01111-00381102521ADDAA199000091GF108991081001999999071999KA1999N+00761MD1710131+9999REMSYN070AAXX  14061 57574 32974 80404 10111 21038 40252 57013 8807/ 333 20076;EQDQ01  00002PRCP99
0112575740999992000021421004+29430+112180FM-12+002899999V0209999C000019999999N0180001N1+00691+00411102541ADDGF108991081001999999071999MD1710091+9999REMSYN060AAXX  14211 57574 42968 80000 10069 20041 40254 57009 8807/;
0152575740999992000021500004+29430+112180FM-12+002899999V0209999C000019999999N0160001N1+00741+00281102651ADDAA199000091GF108991081001999999071999MD1210101+0021REMSYN070AAXX  15001 57574 32966 80000 10074 20028 40265 52010 8807/ 333 00251;EQDQ01  00002PRCP99
0165575740999992000021506004+29430+112180FM-12+002899999V0201401N001019999999N0200001N1+01321+00181102541ADDAA199000091GF107991071001999999041999KA1999N+00661MD1710181+9999REMSYN070AAXX  15061 57574 32970 71401 10132 20018 40254 57018 8704/ 333 20066;EQDQ01  00002PRCP99
0112575740999992000021521004+29430+112180FM-12+002899999V0209999C000019999999N0200001N1+00821+00451102211ADDGF108991081001999999071999MD1710091+9999REMSYN060AAXX  15211 57574 42970 80000 10082 20045 40221 57009 8807/;
0165575740999992000021600004+29430+112180FM-12+002899999V0202001N002010360019N0100001N1+00671+00561102341ADDAA106002091AY161061GF108991011071004501021999MD1210071-0301MW1601REMSYN088AAXX  16001 57574 11460 82002 10067 20056 40234 52007 60021 76060 8172/ 333 05351 70017;
0180575740999992000021606004+29430+112180FM-12+002899999V0201801N001010360019N0120001N1+00731+00481102341ADDAA106001091AY161061AY261061GF108991011071004501021999KA1999N+00621MD1710151+9999MW1211REMSYN082AAXX  16061 57574 11462 81801 10073 20048 40234 57015 60011 72166 8172/ 333 20062;
0163575740999992000021621004+29430+112180FM-12+002899999V0201401N001012200019N0002001N1+00231+00231102301ADDAA124003091AY141031GA1001+999999999GF100991001001999999001001MD1710061+9999MW1461REMSYN070AAXX  16211 57574 41902 01401 10023 20023 40230 57006 74640 333 70031;
0177575740999992000021700004+29430+112180FM-12+002899999V0209999C000019999999N0060001N1+00361+00341999999ADDAA124001591AY141061GF106991001001999999001021IA2999+00109MD1210061+0001MW1101REMSYN088AAXX  17001 57574 31956 60000 10036 20034 4/236 52006 71040 80002 333 00053 30010 70014;
0165575740999992000021706004+29430+112180FM-12+002899999V0201801N002010360019N0200001N1+00901+00471102031ADDAA199000091GF107991021011008001041999KA1999N+00191MD1710311+9999REMSYN070AAXX  17061 57574 32570 71802 10090 20047 40203 57031 8214/ 333 20019;EQDQ01  00002PRCP99
0161575740999992000021721004+29430+112180FM-12+002899999V0203401N002010042019N0060001N1+00671+00651101571ADDAA124003091AY161031AY261031GF108991071071004501021999MD1710151+9999MW1601REMSYN076AAXX  17211 57574 41456 83402 10067 20065 40157 57015 76066 8772/ 333 70031;
0173575740999992000021800004+29430+112180FM-12+002899999V0209999C000010042019N0060001N1+00681+00661101511ADDAA106005191AY161061AY261061GF108991071071004501021999MD1710061-0801MW1601REMSYN088AAXX  18001 57574 11456 80000 10068 20066 40151 57006 60051 76066 8772/ 333 05803 70064;
0180575740999992000021806004+29430+112180FM-12+002899999V0203601N001010042019N0080001N1+00751+00711101431ADDAA106000391AY161061AY261061GF108991071071004501021999KA1999N+00621MD1710161+9999MW1601REMSYN082AAXX  18061 57574 11458 83601 10075 20071 40143 57016 69931 76066 8772/ 333 20062;
0161575740999992000021821004+29430+112180FM-12+002899999V0203601N003010042019N0040001N1+00411+00311101591ADDAA124007191AY161031AY261031GF108991071071004501021999MD1710081+9999MW1601REMSYN076AAXX  18211 57574 41440 83603 10041 20031 40159 57008 76066 8772/ 333 70072;
0191575740999992000021900004+29430+112180FM-12+002899999V0200201N004010042019N0060001N1+00391+00321101831ADDAA106003091AY161061AY261061GF108991071071004501021999IA2999+00419MD1210231+0301MW1211REMSYN094AAXX  19001 57574 11456 80204 10039 20032 40183 52023 60031 72166 8772/ 333 00353 30041 70055;
0172575740999992000021906004+29430+112180FM-12+002899999V0203601N004010360019N0080001N1+00531+00291101891ADDAA106000191AY161061GF108991021071004501071999KA1999N+00361MD1710111+9999MW1101REMSYN082AAXX  19061 57574 11458 83604 10053 20029 40189 57011 69911 71060 8277/ 333 20036;
0161575740999992000021921004+29430+112180FM-12+002899999V0203601N002010042019N0080001N1+00471+00351102121ADDAA124002891AY161031AY261031GF108991071071004501021999MD1710021+9999MW1601REMSYN076AAXX  19211 57574 41458 83602 10047 20035 40212 57002 76066 8772/ 333 70028;
0191575740999992000022000004+29430+112180FM-12+002899999V0200201N003010042019N0080001N1+00451+00301102281ADDAA106002091AY161061AY261061GF108991071071004501021999IA2999+00429MD1210161+0501MW1601REMSYN094AAXX  20001 57574 11458 80203 10045 20030 40228 52016 60021 76066 8772/ 333 00501 30042 70021;
0172575740999992000022006004+29430+112180FM-12+002899999V0200701N002010150019N0110001N1+00751+00381102211ADDAA106000591AY161061GF107991071051017501999999KA1999N+00411MD1710181+9999MW1001REMSYN082AAXX  20061 57574 11761 70702 10075 20038 40221 57018 69951 70060 875// 333 20041;
0153575740999992000022021004+29430+112180FM-12+002899999V0200201N001010360019N0080001N1+00511+00441102231ADDAA124001591AY161031GF108991031071004501071999MD1710041+9999MW1601REMSYN076AAXX  20211 57574 41458 80201 10051 20044 40223 57004 76060 8377/ 333 70016;
0183575740999992000022100004+29430+112180FM-12+002899999V0203601N001019999999N0060001N1+00511+00461102251ADDAA106000191AY161061GF108991081001999999071999IA2999+00249MD1210021+0001MW1211REMSYN094AAXX  21001 57574 11956 83601 10051 20046 40225 52002 69921 72160 8807/ 333 00001 30024 70007;
0172575740999992000022106004+29430+112180FM-12+002899999V0200401N001019999999N0060001N1+00581+00461102021ADDAA106000791AY161061GF108991081001999999071999KA1999N+00411MD1710251+9999MW1601REMSYN082AAXX  21061 57574 11956 80401 10058 20046 40202 57025 69901 76060 8807/ 333 20041;
0133575740999992000022121004+29430+112180FM-12+002899999V0209999C000019999999N0100001N1+00401+00301102161ADDAA124001091GF108991081001999999071999MD1710011+9999REMSYN070AAXX  21211 57574 42960 80000 10040 20030 40216 57001 8807/ 333 70009;
0169575740999992000022200004+29430+112180FM-12+002899999V0209999C000019999999N0060001N1+00361+00311102191ADDAA124001091GF107991071001999999041999IA2999+00249MD1210031-0101MW1101REMSYN088AAXX  22001 57574 31956 70000 10036 20031 40219 52003 71000 8704/ 333 05152 30024 70009;
0165575740999992000022206004+29430+112180FM-12+002899999V0200201N004019999999N0120001N1+00771+00421102031ADDAA199000091GF108991081001999999071999KA1999N+00311MD1710181+9999REMSYN070AAXX  22061 57574 32962 80204 10077 20042 40203 57018 8807/ 333 20031;EQDQ01  00002PRCP99
0145575740999992000022221004+29430+112180FM-12+002899999V0200201N001019999999N0060001N1+00601+00551102161ADDAA124000591GF107991071001999999041999MD1710061+9999MW1101REMSYN076AAXX  22211 57574 41956 70201 10060 20055 40216 57006 71000 8704/ 333 70004;
0165575740999992000022306004+29430+112180FM-12+002899999V0200401N002019999999N0150001N1+00721+00311102321ADDAA199000091GF108991081001999999071999KA1999N+00491MD1710131+9999REMSYN070AAXX  23061 57574 32965 80402 10072 20031 40232 57013 8807/ 333 20049;EQDQ01  00002PRCP99
0112575740999992000022321004+29430+112180FM-12+002899999V0200401N001019999999N0120001N1+00591+00421102591ADDGF108991081001999999071999MD1710061+9999REMSYN060AAXX  23211 57574 42962 80401 10059 20042 40259 57006 8807/;
0170575740999992000022400004+29430+112180FM-12+002899999V0200201N001019999999N0100001N1+00611+00421102711ADDAA199000091GF108991081001999999071999IA2999+00409MD1210121+0401REMSYN076AAXX  24001 57574 32960 80201 10061 20042 40271 52012 8807/ 333 00401 30045;EQDQ01  00002PRCP99
0172575740999992000022406004+29430+112180FM-12+002899999V0200201N003019999999N0100001N1+00711+00411102641ADDAA106000791AY161061GF108991081001999999071999KA1999N+00521MD1710191+9999MW1001REMSYN082AAXX  24061 57574 11960 80203 10071 20041 40264 57019 69901 70060 8807/ 333 20052;
0133575740999992000022421004+29430+112180FM-12+002899999V0200201N003019999999N0100001N1+00521+00221102861ADDAA124000791GF107991071001999999041999MD1210051+9999REMSYN070AAXX  24211 57574 42960 70203 10052 20022 40286 52005 8704/ 333 79999;
0183575740999992000022500004+29430+112180FM-12+002899999V0203601N001019999999N0080001N1+00541+00351103071ADDAA106000791AY161061GF108991081001999999071999IA2999+00299MD1210211+0401MW1101REMSYN094AAXX  25001 57574 11958 83601 10054 20035 40307 52021 69901 71060 8807/ 333 00451 30029 79999;
0165575740999992000022506004+29430+112180FM-12+002899999V0200401N005010075019N0140001N1+01071+00191102851ADDAA199000091GF105991051011008001001001KA1999N+00451MD1710241+9999REMSYN070AAXX  25061 57574 32564 50405 10107 20019 40285 57024 85100 333 20045;EQDQ01  00002PRCP99
0116575740999992000022521004+29430+112180FM-12+002899999V0209999C000012200019N0100001N1+00291+00211102891ADDGF103991031001999999041001MD1710071+9999REMSYN064AAXX  25211 57574 42960 30000 10029 20021 40289 57007 83040 333;
0165575740999992000022606004+29430+112180FM-12+002899999V0200701N001012200019N0240001N1+01331-00391102781ADDAA199000091GF101991011001999999999001KA1999N+00211MD1710301+9999REMSYN070AAXX  26061 57574 32974 10701 10133 21039 40278 57030 810/0 333 20021;EQDQ01  00002PRCP99
0152575740999992000022700004+29430+112180FM-12+002899999V0209999C000019999999N0180001N1+00781+00361102561ADDAA199000091GF108991081001999999071999MD1210071+0051REMSYN070AAXX  27001 57574 32968 80000 10078 20036 40256 52007 8807/ 333 05504;EQDQ01  00002PRCP99
0164575740999992000022706004+29430+112180FM-12+002899999V0202901N001019999999N0180001N1+01071+00321102441ADDAA106000791GF108991081001999999071999KA1999N+00731MD1710131+9999MW1601REMSYN082AAXX  27061 57574 11968 82901 10107 20032 40244 57013 69901 76000 8807/ 333 20073;
0161575740999992000022721004+29430+112180FM-12+002899999V0200201N001010360019N0080001N1+00611+00591102561ADDAA124006691AY161031AY261031GF108991011071004501021999MD1710011+9999MW1601REMSYN076AAXX  27211 57574 41458 80201 10061 20059 40256 57001 76066 8172/ 333 70066;
0173575740999992000022800004+29430+112180FM-12+002899999V0209999C000010360019N0080001N1+00611+00561102741ADDAA106000591AY161061AY261061GF108991011071004501071999MD1210181+0201MW1211REMSYN088AAXX  28001 57574 11458 80000 10061 20056 40274 52018 69961 72166 8177/ 333 00252 70068;
0172575740999992000022806004+29430+112180FM-12+002899999V0200401N001010360019N0200001N1+00911+00581102831ADDAA106000791AY161061GF108991031071004501071999KA1999N+00561MD1710071+9999MW1001REMSYN082AAXX  28061 57574 11470 80401 10091 20058 40283 57007 69901 70060 8377/ 333 20056;
0179575740999992000022900004+29430+112180FM-12+002899999V0209999C000012200019N0020001N1+00451+00401103051ADDAA124000791GA1001+999999999GF100991001001999999001001IA2999+00269MD1210041+0301MW1101REMSYN082AAXX  29001 57574 31920 00000 10045 20040 40305 52004 71000 333 00352 30026 79999;
0165575740999992000022906004+29430+112180FM-12+002899999V0200401N002010075019N0160001N1+01411+00561102661ADDAA199000091GF106991061011008001001001KA1999N+00401MD1710391+9999REMSYN070AAXX  29061 57574 32566 60402 10141 20056 40266 57039 86100 333 20040;EQDQ01  00002PRCP99
0122575740999992000022921004+29430+112180FM-12+002899999V0209999C000012200019N0150001N1+00541+00421102531ADDGA1001+999999999GF100991001001999999001001MD1710091+9999REMSYN054AAXX  29211 57574 42965 00000 10054 20042 40253 57009;
0192575740999992000030100004+29430+112180FM-12+002899999V0209999C000012200019N0080001N1+00561+00391102591ADDAA199000091GA1001+999999999GF100991001001999999001001IA2999+00109MD1210061-0501MW1101REMSYN076AAXX  01001 57574 31958 00000 10056 20039 40259 52006 71000 333 05501 30013;EQDQ01  00002PRCP99
0165575740999992000030106004+29430+112180FM-12+002899999V0209999C000019999999N0180001N1+01421+00301102471ADDAA199000091GF106991061001999999041001KA1999N+00421MD1710201+9999REMSYN070AAXX  01061 57574 32968 60000 10142 20030 40247 57020 86040 333 20042;EQDQ01  00002PRCP99
0112575740999992000030121004+29430+112180FM-12+002899999V0209999C000019999999N0160001N1+00861+00641102181ADDGF107991071001999999041999MD1710111+9999REMSYN060AAXX  01211 57574 42966 70000 10086 20064 40218 57011 8704/;
0170575740999992000030200004+29430+112180FM-12+002899999V0209999C000019999999N0140001N1+00811+00701102291ADDAA199000091GF108991081001999999071999IA2999+00509MD1210111-0301REMSYN076AAXX  02001 57574 32964 80000 10081 20070 40229 52011 8807/ 333 05303 30050;EQDQ01  00002PRCP99
0172575740999992000031406004+29430+112180FM-12+002899999V0209999C000019999999N0100001N1+01271+00941101801ADDAA106000191AY161061GF108991081001999999071999KA1999N+00941MD1710161+9999MW1001REMSYN082AAXX  14061 57574 11960 80000 10127 20094 40180 57016 69921 70060 8807/ 333 20094;
0165575740999992000031500004+29430+112180FM-12+002899999V0203601N002010042019N0030001N1+01031+00991101461ADDAA106013091AY161061GF108991071071004501021999MD1210091-0501MW1601REMSYN088AAXX  15001 57574 11430 83602 10103 20099 40146 52009 60131 76060 8772/ 333 05500 70135;
0165575740999992000032406004+29430+112180FM-12+002899999V0209999C000012200019N0160001N1+01811+00441102441ADDAA199000091GF101991011001999999041001KA1999N+00901MD1710231+9999REMSYN070AAXX  24061 57574 32966 10000 10181 20044 40244 57023 81040 333 20090;EQDQ01  00002PRCP99
0094575740999992000032421004+29430+112180FM-12+002899999V0200201N001019999999N0180001N1+01381+99999999999ADDAY141031GF108991999999999999999999MW1101REMSYN042AAXX  24211 57574 42968 80201 10138 71040;
0165575740999992000032500004+29430+112180FM-12+002899999V0209999C000019999999N0160001N1+01311+00971102401ADDAA106000791AY161061GF108991081001999999071999MD1210141-0201MW1001REMSYN088AAXX  25001 57574 11966 80000 10131 20097 40240 52014 69901 70060 8807/ 333 05203 79999;
0165575740999992000032506004+29430+112180FM-12+002899999V0203201N001019999999N0180001N1+01801+00611102381ADDAA199000091GF107991071001999999041999KA1999N+01251MD1710111+9999REMSYN070AAXX  25061 57574 32968 73201 10180 20061 40238 57011 8704/ 333 20125;EQDQ01  00002PRCP99
0162575740999992000032600004+29430+112180FM-12+002899999V0201601N001012200019N0120001N1+01051+00871102451ADDAA199000091GA1001+999999999GF100991001001999999001001MD1210051+0001REMSYN064AAXX  26001 57574 32962 01601 10105 20087 40245 52005 333 00053;EQDQ01  00002PRCP99
0175575740999992000032606004+29430+112180FM-12+002899999V0202201N003012200019N0220001N1+02181+00591102161ADDAA199000091GA1001+999999999GF100991001001999999001001KA1999N+00901MD1710251+9999REMSYN064AAXX  26061 57574 32972 02203 10218 20059 40216 57025 333 20090;EQDQ01  00002PRCP99
0175575740999992000032706004+29430+112180FM-12+002899999V0202201N003012200019N0260001N1+02521+00921101161ADDAA199000091GA1001+999999999GF100991001001999999001001KA1999N+01101MD1710321+9999REMSYN064AAXX  27061 57574 32976 02203 10252 20092 40116 57032 333 20110;EQDQ01  00002PRCP99
0122575740999992000032721004+29430+112180FM-12+002899999V0200401N003012200019N0200001N1+01601+01161101411ADDGA1001+999999999GF100991001001999999001001MD1210221+9999REMSYN054AAXX  27211 57574 42970 00403 10160 20116 40141 52022;
0162575740999992000032800004+29430+112180FM-12+002899999V0200701N006012200019N0160001N1+01651+00291101871ADDAA199000091GA1001+999999999GF100991001001999999001001MD1210451+0041REMSYN064AAXX  28001 57574 32966 00706 10165 20029 40187 52045 333 00403;EQDQ01  00002PRCP99
0175575740999992000032806004+29430+112180FM-12+002899999V0200701N003012200019N0160001N1+02121+00211102001ADDAA199000091GA1001+999999999GF100991001001999999001001KA1999N+01521MD1710171+9999REMSYN064AAXX  28061 57574 32966 00703 10212 20021 40200 57017 333 20152;EQDQ01  00002PRCP99
0122575740999992000032821004+29430+112180FM-12+002899999V0209999C000012200019N0140001N1+01321+00821102031ADDGA1001+999999999GF100991001001999999001001MD1710011+9999REMSYN054AAXX  28211 57574 42964 00000 10132 20082 40203 57001;
0162575740999992000032900004+29430+112180FM-12+002899999V0209999C000012200019N0140001N1+01321+00721102121ADDAA199000091GA1001+999999999GF100991001001999999001001MD1210091+0031REMSYN064AAXX  29001 57574 32964 00000 10132 20072 40212 52009 333 00353;EQDQ01  00002PRCP99
0165575740999992000032906004+29430+112180FM-12+002899999V0201601N003019999999N0220001N1+02181+00651101851ADDAA199000091GF106991001001999999001021KA1999N+01061MD1710311+9999REMSYN070AAXX  29061 57574 32972 61603 10218 20065 40185 57031 80002 333 20106;EQDQ01  00002PRCP99
0149575740999992000033006004+29430+112180FM-12+002899999V0201801N004019999999N0200001N1+99999+99999100741ADDAA106000791AY161061GF107991071001999999041999MD1710291+9999MW1001REMSYN072AAXX  30061 57574 11970 71804 1/231 201// 40074 57029 69901 70060 8704/;
0139575740999992000033100004+29430+112180FM-12+002899999V0201101N003019999999N0200001N1+01661+01381100661ADDAA124000791GF108991081001999999071999MD1210131-0301REMSYN076AAXX  31001 57574 32970 81103 10166 20138 40066 52013 8807/ 333 05351 79999;
0165575740999992000033106004+29430+112180FM-12+002899999V0201601N003019999999N0200001N1+01971+01611100801ADDAA199000091GF107991071001999999041999KA1999N+01561MD1710021+9999REMSYN070AAXX  31061 57574 32970 71603 10197 20161 40080 57002 8704/ 333 20156;EQDQ01  00002PRCP99
0153575740999992000033121004+29430+112180FM-12+002899999V0203601N002019999999N0100001N1+01691+01641100861ADDAA124000391AY161031GF108991081001999999071999MD1710091+9999MW1001REMSYN076AAXX  31211 57574 41960 83602 10169 20164 40086 57009 70060 8807/ 333 70002;
0172575740999992000040106004+29430+112180FM-12+002899999V0200401N002019999999N0100001N1+02061+01651100831ADDAA106000791AY161061GF108991081001999999071999KA1999N+01651MD1710111+9999MW1001REMSYN082AAXX  01061 57574 11960 80402 10206 20165 40083 57011 69901 70060 8807/ 333 20165;
0133575740999992000040121004+29430+112180FM-12+002899999V0200401N002019999999N0120001N1+01341+00801101381ADDAA124003691GF108991081001999999071999MD1710031+9999REMSYN070AAXX  01211 57574 42962 80402 10134 20080 40138 57003 8807/ 333 70035;
0139575740999992000040200004+29430+112180FM-12+002899999V0203601N003019999999N0140001N1+01311+00781101601ADDAA124003691GF108991081001999999071999MD1210221+0701REMSYN076AAXX  02001 57574 32964 83603 10131 20078 40160 52022 8807/ 333 00754 70035;
0165575740999992000040206004+29430+112180FM-12+002899999V0203601N003019999999N0200001N1+01581+00831101591ADDAA199000091GF108991081001999999071999KA1999N+01241MD1710071+9999REMSYN070AAXX  02061 57574 32970 83603 10158 20083 40159 57007 8807/ 333 20124;EQDQ01  00002PRCP99
0127575740999992000040221004+29430+112180FM-12+002899999V0200201N002019999999N0180001N1+01271+00801999999ADDAA124000791GF107991071001999999041999MD1710051+9999REMSYN064AAXX  02211 57574 42968 70202 10127 20080 57005 8704/ 333 79999;
0139575740999992000040300004+29430+112180FM-12+002899999V0203601N001019999999N0140001N1+01261+00971101801ADDAA124000791GF107991071001999999041999MD1210151+0201REMSYN076AAXX  03001 57574 32964 73601 10126 20097 40180 52015 8704/ 333 00251 79999;
0165575740999992000040306004+29430+112180FM-12+002899999V0203601N002019999999N0180001N1+01571+00981101621ADDAA199000091GF108991081001999999071999KA1999N+01171MD1710161+9999REMSYN070AAXX  03061 57574 32968 83602 10157 20098 40162 57016 8807/ 333 20117;EQDQ01  00002PRCP99
0143575740999992000040321004+29430+112180FM-12+002899999V0209999C000012200019N0100001N1+01191+01111101391ADDAA124000791GA1001+999999999GF100991001001999999001001MD1710111+9999REMSYN064AAXX  03211 57574 42960 00000 10119 20111 40139 57011 333 79999;
0164575740999992000040400004+29430+112180FM-12+002899999V0202501N001012200019N0060001N1+01241+01181101461ADDAA199000091GA1001+999999999GF100991001001999999001001MD1210071+9999MW1101REMSYN060AAXX  04001 57574 31956 02501 10124 20118 40146 52007 71000;EQDQ01  00002PRCP99
0165575740999992000040406004+29430+112180FM-12+002899999V0209999C000019999999N0180001N1+02081+01251101401ADDAA199000091GF107991071001999999041999KA1999N+01071MD1710161+9999REMSYN070AAXX  04061 57574 32968 70000 10208 20125 40140 57016 8704/ 333 20107;EQDQ01  00002PRCP99
