0182576690999992000010100004+28150+111630FM-12+020199999V0209999C000019999999N0020001N1+00531+00441102301ADDAA106000091GF108991081001999999071999IA2999+00209MD1210201+0101MW1101REMSYN082AAXX  01001 57669 31920 80000 10053 20044 40230 52020 71000 8807/ 333 00100 30024;EQDQ01  00002PRCP06
0187576690999992000010106004+28150+111630FM-12+020199999V0201401N001012200019N0050001N1+01321+00341101971ADDAA106000091GA1001+999999999GF100991001001999999001001KA1999N+00451MD1710361+9999MW1051REMSYN070AAXX  01061 57669 31950 01401 10132 20034 40197 57036 70500 333 20045;EQDQ01  00002PRCP06
0192576690999992000010200004+28150+111630FM-12+020199999V0209999C000010003019N0002001N1+00231+00201102651ADDAA106000091GA1091+999999999GF109991091999999999999999IA2999+00009MD1210031+0301MW1471REMSYN076AAXX  02001 57669 31/02 90000 10023 20020 40265 52003 74700 333 00353 31001;EQDQ01  00002PRCP06
0195576690999992000010206004+28150+111630FM-12+020199999V0201401N001012200019N0040001N1+01481+00481102161ADDAA106000091AY141061GA1001+999999999GF100991001001999999001001KA1999N+00141MD1710481+9999MW1051REMSYN070AAXX  02061 57669 31940 01401 10148 20048 40216 57048 70540 333 20014;EQDQ01  00002PRCP06
0176576690999992000010300004+28150+111630FM-12+020199999V0209999C000019999999N0015001N1+00481+00411101831ADDAA106000091GF108991081001999999071999IA2999+00209MD1210031-0801REMSYN082AAXX  03001 57669 31915 80000 10048 20041 40183 52003 71/00 8807/ 333 05803 30024;EQDQ01  00002PRCP06
0187576690999992000010306004+28150+111630FM-12+020199999V0201401N001012200019N0050001N1+01791+00681101461ADDAA106000091GA1001+999999999GF100991001001999999001001KA1999N+00421MD1710341+9999MW1051REMSYN070AAXX  03061 57669 31950 01401 10179 20068 40146 57034 70500 333 20042;EQDQ01  00002PRCP06
0124576690999992000010321004+28150+111630FM-12+020199999V0209999C000019999999N0020001N1+00971+00851101321ADDGF108991081001999999071999MD1710031+9999MW1101REMSYN066AAXX  03211 57669 41920 80000 10097 20085 40132 57003 71000 8807/;
0180576690999992000010406004+28150+111630FM-12+020199999V0201101N001019999999N0026001N1+01371+00861101191ADDAA106000791AY161061AY241061GF107991071001999999071999KA1999N+00871MD1710291+9999MW1101REMSYN082AAXX  04061 57669 11926 71101 10137 20086 40119 57029 69901 71064 8707/ 333 20087;
0170576690999992000010500004+28150+111630FM-12+020199999V0200701N001019999999N0015001N1+00751+00551101671ADDAA106000091GF108991081001999999071999MD1210111+0301MW1101REMSYN082AAXX  05001 57669 31915 80701 10075 20055 40167 52011 71000 8807/ 333 00352 79999;EQDQ01  00002PRCP06
0177576690999992000010506004+28150+111630FM-12+020199999V0209999C000019999999N0020001N1+00951+00561101491ADDAA106000091GF108991081001999999071999KA1999N+00691MD1710241+9999MW1101REMSYN076AAXX  05061 57669 31920 80000 10095 20056 40149 57024 71000 8807/ 333 20069;EQDQ01  00002PRCP06
0161576690999992000010521004+28150+111630FM-12+020199999V0201601N001010360019N0070001N1+00551+00361102361ADDAA124000191AY161031AY261031GF108991041051017501071999MD1410001+9999MW1601REMSYN076AAXX  05211 57669 41757 81601 10055 20036 40236 54000 76066 8457/ 333 70001;
0177576690999992000010606004+28150+111630FM-12+020199999V0209999C000019999999N0070001N1+00831+00121102541ADDAA106000091GF108991081001999999071999KA1999N+00501MD1710221+9999MW1051REMSYN076AAXX  06061 57669 31957 80000 10083 20012 40254 57022 70500 8807/ 333 20050;EQDQ01  00002PRCP06
0161576690999992000010621004+28150+111630FM-12+020199999V0209999C000010042019N0050001N1+00561+00491102431ADDAA124001091AY161031AY261031GF108991081051004501999999MD1710131+9999MW1211REMSYN076AAXX  06211 57669 41450 80000 10056 20049 40243 57013 72166 885// 333 70010;
0183576690999992000010700004+28150+111630FM-12+020199999V0209999C000010150019N0050001N1+00561+00491102431ADDAA106000191AY161061GF108991081051017501999999IA2999+00509MD1410001-0201MW1101REMSYN094AAXX  07001 57669 11750 80000 10056 20049 40243 54000 69911 71060 885// 333 05200 30050 70010;
0164576690999992000010706004+28150+111630FM-12+020199999V0200701N001010150019N0040001N1+00611+00401102111ADDAA106000791GF108991081051017501999999KA1999N+00501MD1710291+9999MW1601REMSYN082AAXX  07061 57669 11740 80701 10061 20040 40211 57029 69901 76000 885// 333 20050;
0157576690999992000010800004+28150+111630FM-12+020199999V0209999C000019999999N0100001N1+00351+00301101991ADDAA106011991AY191061AY261061GF108991081091999999999999MD1710051+9999MW1801REMSYN072AAXX  08001 57669 11/60 80000 10035 20030 40199 57005 60121 78096 889//;
0180576690999992000010806004+28150+111630FM-12+020199999V0200901N001010042019N0080001N1+00461+00311101841ADDAA106004191AY191061AY281061GF108991081091004501999999KA1999N+00291MD1710201+9999MW1251REMSYN082AAXX  08061 57669 11458 80901 10046 20031 40184 57020 60041 72598 889// 333 20029;
0147576690999992000010821004+28150+111630FM-12+020199999V0200701N001019999999N0100001N1+00411+00311102071ADDAA124008191AY171031GF108991999999999999999999MD1710081+9999MW1701REMSYN070AAXX  08211 57669 41997 80701 10041 20031 40207 57008 7707/ 333 70081;
0169576690999992000010900004+28150+111630FM-12+020199999V0200701N001019999999N0050001N1+00411+00311102151ADDAA106000021GF108991081001999999071999IA2999+00409MD1210081+0201MW1101REMSYN088AAXX  09001 57669 31950 80701 10041 20031 40215 52008 71000 8807/ 333 00201 30040 70036;
0153576690999992000010921004+28150+111630FM-12+020199999V0209999C000010042019N0040001N1+00441+00371101961ADDAA124003391AY161031GF108991081051004501999999MD1710181+9999MW1601REMSYN076AAXX  09211 57669 41440 80000 10044 20037 40196 57018 76060 885// 333 70033;
0183576690999992000011000004+28150+111630FM-12+020199999V0201401N001010042019N0030001N1+00451+00401101981ADDAA106003091AY161061GF108991081071004501999999IA2999+00439MD1210021-0201MW1601REMSYN094AAXX  10001 57669 11430 81401 10045 20040 40198 52002 60031 76060 887// 333 05200 30043 70064;
0180576690999992000011006004+28150+111630FM-12+020199999V0200901N002010042019N0030001N1+00511+00461101941ADDAA106003091AY161061AY261061GF108991081071004501999999KA1999N+00391MD1710171+9999MW1601REMSYN082AAXX  10061 57669 11430 80902 10051 20046 40194 57017 60031 76066 887// 333 20039;
0161576690999992000011021004+28150+111630FM-12+020199999V0200401N001010042019N0040001N1+00471+00421101781ADDAA124012291AY161031AY261031GF108991081071004501999999MD1210011+9999MW1601REMSYN076AAXX  10211 57669 41440 80401 10047 20042 40178 52001 76066 887// 333 70122;
0191576690999992000011100004+28150+111630FM-12+020199999V0209999C000010042019N0080001N1+00471+00401102001ADDAA106003091AY161061AY261061GF108991081071004501999999IA2999+00439MD1210211+0001MW1601REMSYN094AAXX  11001 57669 11458 80000 10047 20040 40200 52021 60031 76066 887// 333 00000 30043 70096;
0180576690999992000011106004+28150+111630FM-12+020199999V0200701N001010042019N0100001N1+00491+00321101941ADDAA106001091AY161061AY261061GF108991081071004501999999KA1999N+00421MD1710201+9999MW1601REMSYN082AAXX  11061 57669 11460 80701 10049 20032 40194 57020 60011 76066 887// 333 20042;
0140576690999992000011109004+28150+111630FM-12+020199999V0200901N002010042019N0100001N1+00451+00201102011ADDAY161031AY261031GF108991081071004501999999MD1210071+9999MW1601REMSYN066AAXX  11091 57669 41460 80902 10045 20020 40201 52007 76066 887//;
0191576690999992000011200004+28150+111630FM-12+020199999V0209999C000010042019N0200001N1+00321+00141102601ADDAA106000891AY181061AY261061GF108991081051004501999999IA2999+00209MD1210051+0601MW1211REMSYN094AAXX  12001 57669 11470 80000 10032 20014 40260 52005 69971 72186 885// 333 00652 30020 70067;
0172576690999992000011206004+28150+111630FM-12+020199999V0209999C000010360019N0250001N1+00481+00091102421ADDAA106000791AY161061GF108991031081012501071999KA1999N+00251MD1710241+9999MW1001REMSYN082AAXX  12061 57669 11675 80000 10048 20009 40242 57024 69901 70060 8387/ 333 20025;
0176576690999992000011300004+28150+111630FM-12+020199999V0209999C000019999999N0120001N1+00301+00201102291ADDAA106000091GF108991081001999999071999IA2999+00069MD1210061-0301REMSYN082AAXX  13001 57669 32962 80000 10030 20020 40229 52006 8807/ 333 05300 30006 79999;EQDQ01  00002PRCP06
0165576690999992000011306004+28150+111630FM-12+020199999V0201101N001010360019N0120001N1+00571+00111102001ADDAA106000091GF108991011051017501071999KA1999N+00191MD1710371+9999REMSYN070AAXX  13061 57669 32762 81101 10057 20011 40200 57037 8157/ 333 20019;EQDQ01  00002PRCP06
0187576690999992000011400004+28150+111630FM-12+020199999V0200401N001010042019N0040001N1+00331+00181102201ADDAA106000791AY161061GF108991081051004501999999IA2999+00289MD1210071-0101MW1211REMSYN098    AAXX  14001 57669 11440 80401 10033 20018 40220 52007 69901 72160 885// 333 05100 30028 79999;
0176576690999992000011406004+28150+111630FM-12+020199999V0200701N001010042019N0030001N1+00231+00181102041ADDAA106006191AY161061GF108991081071004501999999KA1999N+00191MD1710261+9999MW1601REMSYN086    AAXX  14061 57669 11430 80701 10023 20018 40204 57026 60061 76060 887// 333 20019;
0148576690999992000011421004+28150+111630FM-12+020199999V0209999C000010042019N0050001N1+00091+00041102171ADDAY181031AY281031GF108991081071004501999999MD1710041+9999MW1681REMSYN074    AAXX  14211 57669 41450 80000 10009 20004 40217 57004 76888 887// 333;
0195576690999992000011500004+28150+111630FM-12+020199999V0200701N002010042019N0080001N1+00121+00001999999ADDAA106004191AY181061AY271061GF108991081071004501999999IA2999-00039MD1210161+0101MW1601REMSYN098    AAXX  15001 57669 11458 80702 10012 2000/ 40/33 52016 60041 76087 887// 333 00152 31003 70158;
0151576690999992000011506004+28150+111630FM-12+020199999V0200701N001010042019N0110001N1+00181+99999999999ADDAA100000191AY161061GF108991081071004501999999MD1710191+9999MW1161REMSYN074    AAXX  15061 57669 11461 80701 10018 57019 6991/ 7166/ 887// 333 0004/;
0165576690999992000011521004+28150+111630FM-12+020199999V0209999C000010042019N0060001N1+00091-00021102831ADDAA124001091AY171031AY261031GF108991081051004501999999MD1410001+9999MW1601REMSYN080    AAXX  15211 57669 41456 80000 10009 21002 40283 54000 76076 885// 333 70009;
0195576690999992000011600004+28150+111630FM-12+020199999V0209999C000010042019N0070001N1+00101-00041102921ADDAA106000191AY171061AY261061GF108991081071004501999999IA2999+00109MD1210091+0601MW1601REMSYN098    AAXX  16001 57669 11457 80000 10010 21004 40292 52009 69921 76076 887// 333 00600 30010 70006;
0184576690999992000011606004+28150+111630FM-12+020199999V0200901N001010042019N0050001N1+00131-00101102871ADDAA106000191AY161061AY261061GF108991081071004501999999KA1999N+00021MD1710231+9999MW1601REMSYN086    AAXX  16061 57669 11450 80901 10013 21010 40287 57023 69911 76066 887// 333 20002;
0165576690999992000011621004+28150+111630FM-12+020199999V0209999C000010360019N0080001N1+00141-00061103081ADDAA124000391AY161031AY261031GF108991011071004501071999MD1210011+9999MW1601REMSYN080    AAXX  16211 57669 41458 80000 10014 21006 40308 52001 76066 8177/ 333 70002;
0176576690999992000011706004+28150+111630FM-12+020199999V0209999C000010150019N0100001N1+00271+00031102961ADDAA106000791AY161061GF108991061051017501071999KA1999N+00081MD1710301+9999MW1211REMSYN086    AAXX  17061 57669 11760 80000 10027 20003 40296 57030 69901 72160 8657/ 333 20008;
0137576690999992000011721004+28150+111630FM-12+020199999V0209999C000019999999N0120001N1+00171+00121103081ADDAA124000791GF108991081001999999071999MD1710011+9999REMSYN074    AAXX  17211 57669 42962 80000 10017 20012 40308 57001 8807/ 333 79999;
0173576690999992000011800004+28150+111630FM-12+020199999V0203601N001012200019N0070001N1+00071-00011103101ADDAA124000791GF104991041001999999041001IA2999-00049MD1210021+0001MW1101REMSYN092    AAXX  18001 57669 31957 43601 10007 21001 40310 52002 71000 84040 333 00051 31004 79999;
0169576690999992000011806004+28150+111630FM-12+020199999V0201101N001012200019N0300001N1+01001+00001102951ADDAA199000091GF101991011011012501001001KA1999N+00031MD1710251+9999REMSYN074    AAXX  18061 57669 32680 11101 10100 20000 40295 57025 81100 333 20003;EQDQ01  00002PRCP99
0116576690999992000011821004+28150+111630FM-12+020199999V0209999C000019999999N0150001N1-00101-00131103181ADDGF107991031001999999041021MD1210021+9999REMSYN064    AAXX  18211 57669 42965 70000 11010 21013 40318 52002 83042;
0186576690999992000011900004+28150+111630FM-12+020199999V0209999C000010042019N0012001N1-00041-00071103371ADDAA199000091GF108991061061004501071999IA2999-00209MD1210171+0301MW1101REMSYN086    AAXX  19001 57669 31412 80000 11004 21007 40337 52017 71000 8667/ 333 00356 31020;EQDQ01  00002PRCP99
0179576690999992000011906004+28150+111630FM-12+020199999V0201401N005012200019N0300001N1+00921-00421103151ADDAA199000091GA1001+999999999GF100991001001999999001001KA1999N-00171MD1710351+9999REMSYN068    AAXX  19061 57669 32980 01405 10092 21042 40315 57035 333 21017;EQDQ01  00002PRCP99
0165576690999992000012006004+28150+111630FM-12+020199999V0209999C000019999999N0200001N1+00701-00231103091ADDAA199000091GF108991081001999999071999KA1999N-00331MD1710171+9999REMSYN070AAXX  20061 57669 32970 80000 10070 21023 40309 57017 8807/ 333 21033;EQDQ01  00002PRCP99
0161576690999992000012021004+28150+111630FM-12+020199999V0209999C000010042019N0050001N1+00171+00121103091ADDAA124002091AY181031AY281031GF108991081071004501999999MD1710081+9999MW1681REMSYN076AAXX  20211 57669 41450 80000 10017 20012 40309 57008 76888 887// 333 70021;
0191576690999992000012100004+28150+111630FM-12+020199999V0209999C000010042019N0030001N1+00181+00131103111ADDAA106002091AY181061AY271061GF108991081071004501999999IA2999+00019MD1210021-0101MW1601REMSYN094AAXX  21001 57669 11430 80000 10018 20013 40311 52002 60021 76087 887// 333 05104 30001 70031;
0161576690999992000012121004+28150+111630FM-12+020199999V0209999C000010042019N0040001N1+00141+00111102841ADDAA124008991AY181031AY261031GF108991081091004501999999MD1710061+9999MW1801REMSYN076AAXX  21211 57669 41440 80000 10014 20011 40284 57006 78086 889// 333 70088;
0191576690999992000012200004+28150+111630FM-12+020199999V0209999C000010042019N0040001N1+00141+00091102861ADDAA106008991AY181061AY261061GF108991081091004501999999IA2999+00119MD1210021-0301MW1801REMSYN094AAXX  22001 57669 11440 80000 10014 20009 40286 52002 60091 78086 889// 333 05300 30011 70120;
0180576690999992000012206004+28150+111630FM-12+020199999V0209999C000010042019N0060001N1+00271+00191102671ADDAA106002091AY181061AY261061GF108991081071004501999999KA1999N+00101MD1710221+9999MW1601REMSYN082AAXX  22061 57669 11456 80000 10027 20019 40267 57022 60021 76086 887// 333 20010;
0191576690999992000012300004+28150+111630FM-12+020199999V0200901N001010042019N0040001N1+00181+00101102671ADDAA106004191AY161061AY261061GF108991081071004501999999IA2999+00209MD1210121-0201MW1601REMSYN094AAXX  23001 57669 11440 80901 10018 20010 40267 52012 60041 76066 887// 333 05200 30020 70101;
0180576690999992000012306004+28150+111630FM-12+020199999V0200701N001010042019N0070001N1+00231+00151102571ADDAA106002091AY161061AY261061GF108991081071004501999999KA1999N+00131MD1710251+9999MW1601REMSYN082AAXX  23061 57669 11457 80701 10023 20015 40257 57025 60021 76066 887// 333 20013;
0161576690999992000012321004+28150+111630FM-12+020199999V0200401N001010042019N0040001N1+00181+00041103061ADDAA124005391AY161031AY261031GF108991081071004501999999MD1210091+9999MW1601REMSYN076AAXX  23211 57669 41440 80401 10018 20004 40306 52009 76066 887// 333 70054;
0180576690999992000012406004+28150+111630FM-12+020199999V0209999C000010042019N0030001N1+00051-00041103551ADDAA106003091AY171061AY261061GF108991081091004501999999KA1999N-00031MD1710051+9999MW1851REMSYN082AAXX  24061 57669 11430 80000 10005 21004 40355 57005 60031 78576 889// 333 21003;
0125576690999992000012421004+28150+111630FM-12+020199999V0209999C000010150019N0060001N1-00121-00441999999ADDAA124004691GF108991081051017501999999MW1101REMSYN070AAXX  24211 57669 41756 80000 11012 21044 400/7 71000 885// 333 70046;
0183576690999992000012500004+28150+111630FM-12+020199999V0200701N001010042019N0070001N1-00141-00431104191ADDAA106000791AY171061GF108991081071004501999999IA2999-00059MD1210091+0901MW1701REMSYN094AAXX  25001 57669 11457 80701 11014 21043 40419 52009 69901 77070 887// 333 00953 31005 70038;
0172576690999992000012506004+28150+111630FM-12+020199999V0200701N001010150019N0100001N1-00061-00371104081ADDAA106002091AY171061GF108991061051017501071999KA1999N-00231MD1710251+9999MW1001REMSYN082AAXX  25061 57669 11760 80701 11006 21037 40408 57025 60021 70070 8657/ 333 21023;
0189576690999992000012600004+28150+111630FM-12+020199999V0209999C000019999999N0100001N1-00161-00421104341ADDAA106000791AY171061GF107991071001999999041999IA2999-00189MD1210141+0101MW1001REMSYN100AAXX  26001 57669 11960 70000 11016 21042 40434 52014 69901 70070 8704/ 333 00100 31018 70018 92502;
0165576690999992000012606004+28150+111630FM-12+020199999V0200701N001010360019N0110001N1+00241-00481104151ADDAA199000091GF107991031051017501041001KA1999N-00191MD1710241+9999REMSYN070AAXX  26061 57669 32761 70701 10024 21048 40415 57024 83540 333 21019;EQDQ01  00002PRCP99
0124576690999992000012621004+28150+111630FM-12+020199999V0203601N001010042019N0040001N1-00361-00391104161ADDGF107991071061004501999999MD1710031+9999MW1101REMSYN066AAXX  26211 57669 41440 73601 11036 21039 40416 57003 71000 876//;
0182576690999992000012700004+28150+111630FM-12+020199999V0203601N001010360019N0020001N1-00391-00441104211ADDAA199000091GF108991031061004501071999IA2999-00409MD1210031-0101MW1101REMSYN082AAXX  27001 57669 31420 83601 11039 21044 40421 52003 71000 8367/ 333 05152 31046;EQDQ01  00002PRCP99
0165576690999992000012706004+28150+111630FM-12+020199999V0200401N002010210019N0120001N1+00431-00401103831ADDAA199000091GF107991051051022501041999KA1999N-00451MD1710351+9999REMSYN070AAXX  27061 57669 32862 70402 10043 21040 40383 57035 8554/ 333 21045;EQDQ01  00002PRCP99
0170576690999992000012800004+28150+111630FM-12+020199999V0209999C000019999999N0120001N1+00001-00561103501ADDAA199000091GF108991081001999999071999IA2999+00009MD1710021-0701REMSYN076AAXX  28001 57669 32962 80000 10000 21056 40350 57002 8807/ 333 05704 30003;EQDQ01  00002PRCP99
0172576690999992000012806004+28150+111630FM-12+020199999V0201401N001019999999N0150001N1+00121-00561103311ADDAA106000791AY171061GF108991081001999999071999KA1999N-00031MD1710301+9999MW1001REMSYN082AAXX  28061 57669 11965 81401 10012 21056 40331 57030 69901 70070 8807/ 333 21003;
0183576690999992000012900004+28150+111630FM-12+020199999V0209999C000019999999N0070001N1+00011-00111103661ADDAA106000791AY171061GF107991071001999999071999IA2999+00029MD1210171+0201MW1221REMSYN094AAXX  29001 57669 11957 70000 10001 21011 40366 52017 69901 72270 8707/ 333 00200 30002 70001;
0172576690999992000012906004+28150+111630FM-12+020199999V0200401N003010360019N0170001N1+00671-00601103661ADDAA106000791AY171061GF107991011011012501041999KA1999N-00071MD1710161+9999MW1001REMSYN082AAXX  29061 57669 11667 70403 10067 21060 40366 57016 69901 70070 8114/ 333 21007;
0169576690999992000013000004+28150+111630FM-12+020199999V0209999C000010360019N0040001N1-00161-00251104381ADDAA124000791GF107991021061004501041001IA2999-00229MD1210211+0701MW1101REMSYN088AAXX  30001 57669 31440 70000 11016 21025 40438 52021 71000 82640 333 00752 31022 79999;
0165576690999992000013006004+28150+111630FM-12+020199999V0200401N003019999999N0200001N1+00651-00741104151ADDAA199000091GF107991071001999999041999KA1999N-00211MD1710271+9999REMSYN070AAXX  30061 57669 32970 70403 10065 21074 40415 57027 8704/ 333 21021;EQDQ01  00002PRCP99
0189576690999992000013100004+28150+111630FM-12+020199999V0200701N001010042019N0020001N1-00161-00281104391ADDAA106002091AY171061GF108991081071004501999999IA2999-00039MD1210081+0001MW1701REMSYN100AAXX  31001 57669 11420 80701 11016 21028 40439 52008 60021 77070 887// 333 00000 31003 70022 92503;
0180576690999992000013106004+28150+111630FM-12+020199999V0200701N001010042019N0050001N1-00111-00291104171ADDAA106000591AY171061AY271061GF108991081071004501999999KA1999N-00211MD1710291+9999MW1701REMSYN082AAXX  31061 57669 11450 80701 11011 21029 40417 57029 69951 77077 887// 333 21021;
0153576690999992000013121004+28150+111630FM-12+020199999V0209999C000019999999N0100001N1-00131-00291103881ADDAA124003091AY171031GF108991081001999999071999MD1710181+9999MW1001REMSYN076AAXX  31211 57669 41960 80000 11013 21029 40388 57018 70070 8807/ 333 70030;
0189576690999992000020100004+28150+111630FM-12+020199999V0209999C000010360019N0120001N1-00121-00341103921ADDAA106000791AY171061GF108991031051017501071999IA2999-00159MD1210041-0501MW1001REMSYN100AAXX  01001 57669 11762 80000 11012 21034 40392 52004 69901 70070 8357/ 333 05500 31015 70008 92503;
0165576690999992000020106004+28150+111630FM-12+020199999V0201401N002010360019N0150001N1+00161-00551103521ADDAA199000091GF107991031081012501041999KA1999N-00181MD1710421+9999REMSYN070AAXX  01061 57669 32665 71402 10016 21055 40352 57042 8384/ 333 21018;EQDQ01  00002PRCP99
0112576690999992000020121004+28150+111630FM-12+020199999V0209999C000019999999N0150001N1+00041-00361103121ADDGF108991081001999999071999MD1710121+9999REMSYN060AAXX  01211 57669 42965 80000 10004 21036 40312 57012 8807/;
0170576690999992000020200004+28150+111630FM-12+020199999V0209999C000019999999N0100001N1+00021-00221103211ADDAA199000091GF108991081001999999071999IA2999+00009MD1210091-0701REMSYN076AAXX  02001 57669 32960 80000 10002 21022 40321 52009 8807/ 333 05701 30004;EQDQ01  00002PRCP99
0180576690999992000020206004+28150+111630FM-12+020199999V0209999C000010360019N0070001N1+00151-00271103131ADDAA106000791AY171061AY261061GF108991021051017501071999KA1999N-00021MD1710261+9999MW1101REMSYN082AAXX  02061 57669 11757 80000 10015 21027 40313 57026 69901 71076 8257/ 333 21002;
0133576690999992000020221004+28150+111630FM-12+020199999V0209999C000019999999N0100001N1+00061-00241103071ADDAA124000791GF108991081001999999071999MD1710081+9999REMSYN070AAXX  02211 57669 42960 80000 10006 21024 40307 57008 8807/ 333 79999;
0169576690999992000020300004+28150+111630FM-12+020199999V0200401N001019999999N0070001N1+00061-00211103091ADDAA124000791GF108991081001999999071999IA2999+00079MD1210021-0101MW1101REMSYN088AAXX  03001 57669 31957 80401 10006 21021 40309 52002 71000 8807/ 333 05100 30007 79999;
0165576690999992000020306004+28150+111630FM-12+020199999V0201401N001019999999N0100001N1+00141-00311102961ADDAA199000091GF108991081001999999071999KA1999N+00021MD1710251+9999REMSYN070AAXX  03061 57669 32960 81401 10014 21031 40296 57025 8807/ 333 20002;EQDQ01  00002PRCP99
0153576690999992000020321004+28150+111630FM-12+020199999V0209999C000010042019N0050001N1+00021-00041102921ADDAA124003391AW1681AZ181031GF108991081071004501999999MD1710071+9999REMSYN076AAXX  03211 57669 /4450 80000 10002 21004 40292 57007 76887 887// 333 70034;
0197576690999992000020400004+28150+111630FM-12+020199999V0209999C000010042019N0050001N1+00031-00031102961ADDAA106003091AY181061AY271061GF108991081071004501999999IA2999+00009MD1210041-0101MW1661REMSYN100AAXX  04001 57669 11450 80000 10003 21003 40296 52004 60031 76687 887// 333 05100 30000 70046 93407;
0186576690999992000020406004+28150+111630FM-12+020199999V0209999C000010042019N0070001N1+00121+00041102851ADDAA106003091AY171061AY261061GF108991081071004501999999KA1240N-00031MD1710221+9999MW1231REMSYN088AAXX  04061 57669 11457 80000 10012 20004 40285 57022 60031 72376 887// 333 21003 93407;
0161576690999992000020421004+28150+111630FM-12+020199999V0209999C000010042019N0050001N1+00091+00031102941ADDAA124005391AY171031AY261031GF108991081071004501999999MD1710091+9999MW1681REMSYN076AAXX  04211 57669 41450 80000 10009 20003 40294 57009 76876 887// 333 70053;
0185576690999992000020500004+28150+111630FM-12+020199999V0209999C000010042019N0030001N1+00121+00041103011ADDAA106000591AY171061AY261061GF108991081071004501999999IA2999+00049MD1210071+9999MW1211REMSYN088AAXX  05001 57669 11430 80000 10012 20004 40301 52007 69951 72176 887// 333 30004 70043;
0146576690999992000020506004+28150+111630FM-12+020199999V0202201N001010150019N0110001N1+00451+00091102821ADDAA199000021GF108991051051017501071999KA1999N+00041MD1710261+9999REMSYN070AAXX  05061 57669 32761 82201 10045 20009 40282 57026 8557/ 333 20004;
0124576690999992000020521004+28150+111630FM-12+020199999V0209999C000019999999N0070001N1+00291+00241102601ADDGF108991081001999999071999MD1710131+9999MW1101REMSYN066AAXX  05211 57669 41957 80000 10029 20024 40260 57013 71000 8807/;
0170576690999992000020600004+28150+111630FM-12+020199999V0203601N001010150019N0100001N1+00241+00161102661ADDAA199000091GF108991061051017501071999IA2999+00109MD1210051-0301REMSYN076AAXX  06001 57669 32760 83601 10024 20016 40266 52005 8657/ 333 05301 30011;EQDQ01  00002PRCP99
0165576690999992000020606004+28150+111630FM-12+020199999V0209999C000019999999N0120001N1+00871+00251102251ADDAA199000091GF107991071001999999071999KA1999N+00191MD1710361+9999REMSYN070AAXX  06061 57669 32962 70000 10087 20025 40225 57036 8707/ 333 20019;EQDQ01  00002PRCP99
0177576690999992000020706004+28150+111630FM-12+020199999V0200701N005019999999N0080001N1+01111-00581102771ADDAA199000091GF106991061001999999041001KA1999N+00121MD1710211+9999MW1061REMSYN076AAXX  07061 57669 31958 60705 10111 21058 40277 57021 70600 86040 333 20012;EQDQ01  00002PRCP99
0122576690999992000020721004+28150+111630FM-12+020199999V0209999C000012200019N0100001N1-00061-00181102591ADDGA1001+999999999GF100991001001999999001001MD1710111+9999REMSYN054AAXX  07211 57669 42960 00000 11006 21018 40259 57011;
0165576690999992000020806004+28150+111630FM-12+020199999V0200901N002019999999N0150001N1+00901-00401102491ADDAA199000091GF108991081001999999071999KA1999N-00151MD1710291+9999REMSYN070AAXX  08061 57669 32965 80902 10090 21040 40249 57029 8807/ 333 21015;EQDQ01  00002PRCP99
0112576690999992000020821004+28150+111630FM-12+020199999V0209999C000019999999N0150001N1+00451+00101102331ADDGF108991081001999999071999MD1710101+9999REMSYN060AAXX  08211 57669 42965 80000 10045 2001/ 40233 57010 8807/;
0170576690999992000020900004+28150+111630FM-12+020199999V0209999C000019999999N0150001N1+00411+00151102381ADDAA199000091GF108991081001999999071999IA2999+00309MD1210041-0301REMSYN076AAXX  09001 57669 32965 80000 10041 20015 40238 52004 8807/ 333 05305 30034;EQDQ01  00002PRCP99
0133576690999992000020921004+28150+111630FM-12+020199999V0209999C000019999999N0150001N1+00521+00331101981ADDAA124000791GF108991081001999999071999MD1710151+9999REMSYN070AAXX  09211 57669 42965 80000 10052 20033 40198 57015 8807/ 333 79999;
0157576690999992000021000004+28150+111630FM-12+020199999V0209999C000019999999N0120001N1+00511+00371102041ADDAA124000791GF108991081001999999071999IA2999+00499MD1210051-0301REMSYN082AAXX  10001 57669 32962 80000 10051 20037 40204 52005 8807/ 333 05301 30049 79999;
0164576690999992000021006004+28150+111630FM-12+020199999V0202201N002019999999N0200001N1+00941+00321101801ADDAA106000791GF108991081001999999071999KA1999N+00481MD1710311+9999MW1211REMSYN082AAXX  10061 57669 11970 82202 10094 20032 40180 57031 69901 72100 8807/ 333 20048;
0133576690999992000021021004+28150+111630FM-12+020199999V0209999C000019999999N0120001N1+00541+00471101881ADDAA124000791GF108991081001999999071999MD1710061+9999REMSYN070AAXX  10211 57669 42962 80000 10054 20047 40188 57006 8807/ 333 79999;
0164576690999992000021100004+28150+111630FM-12+020199999V0209999C000012200019N0150001N1+00511+00391102001ADDAA124000791GF104991041001999999041001MD1210121+0001REMSYN082AAXX  11001 57669 32965 40000 10051 20039 4020/ 52815 84040 333 00000 3/034 79999;EQDQ01+008157APC3  
0165576690999992000021106004+28150+111630FM-12+020199999V0200901N001019999999N0200001N1+01321+00291101811ADDAA199000091GF108991081001999999071999KA1999N+00441MD1710251+9999REMSYN070AAXX  11061 57669 32970 80901 10132 20029 40181 57025 8807/ 333 20044;EQDQ01  00002PRCP99
0133576690999992000021121004+28150+111630FM-12+020199999V0209999C000019999999N0120001N1+00831+00611101741ADDAA124000791GF108991081001999999071999MD1710141+9999REMSYN070AAXX  11211 57669 42962 80000 10083 20061 40174 57014 8807/ 333 79999;
0151576690999992000021200004+28150+111630FM-12+020199999V0209999C000019999999N0080001N1+00771+00591101791ADDAA124000791GF107991071001999999041999MD1210041-0201MW1101REMSYN082AAXX  12001 57669 31958 70000 10077 20059 40179 52004 71000 8704/ 333 05203 79999;
0165576690999992000021206004+28150+111630FM-12+020199999V0209999C000019999999N0120001N1+01211+00571101561ADDAA199000091GF108991081001999999071999KA1999N+00711MD1710281+9999REMSYN070AAXX  12061 57669 32962 80000 10121 20057 40156 57028 8807/ 333 20071;EQDQ01  00002PRCP99
0173576690999992000021300004+28150+111630FM-12+020199999V0209999C000010042019N0015001N1+00911+00871101521ADDAA106003091AY161061AY261061GF108991081071004501999999MD1210101-0301MW1601REMSYN088AAXX  13001 57669 11415 80000 10091 20087 40152 52010 60031 76066 887// 333 05301 70029;
0180576690999992000021306004+28150+111630FM-12+020199999V0209999C000010042019N0020001N1+00931+00871101651ADDAA106000891AY161061AY261061GF108991081071004501999999KA1999N+00851MD1710041+9999MW1601REMSYN082AAXX  13061 57669 11420 80000 10093 20087 40165 57004 69971 76066 887// 333 20085;
0151576690999992000021400004+28150+111630FM-12+020199999V0209999C000010150019N0040001N1+00761+00651102571ADDAA124002891GF108991061051017501071999MD1210291+1001MW1101REMSYN082AAXX  14001 57669 31740 80000 10076 20065 40257 52029 71000 8657/ 333 01052 70028;
0165576690999992000021406004+28150+111630FM-12+020199999V0209999C000019999999N0250001N1+01141-00051102561ADDAA199000091GF108991081001999999071999KA1999N+00721MD1710141+9999REMSYN070AAXX  14061 57669 32975 80000 10114 21005 40256 57014 8807/ 333 20072;EQDQ01  00002PRCP99
0112576690999992000021421004+28150+111630FM-12+020199999V0209999C000019999999N0150001N1+00581+00341102641ADDGF108991081001999999071999MD1710051+9999REMSYN060AAXX  14211 57669 42965 80000 10058 20034 40264 57005 8807/;
0152576690999992000021500004+28150+111630FM-12+020199999V0209999C000019999999N0120001N1+00571+00331102701ADDAA199000091GF108991081001999999071999MD1210051+0011REMSYN070AAXX  15001 57669 32962 80000 10057 20033 40270 52005 8807/ 333 00152;EQDQ01  00002PRCP99
0165576690999992000021506004+28150+111630FM-12+020199999V0201401N002019999999N0200001N1+01091-00031102581ADDAA199000091GF108991081001999999071999KA1999N+00521MD1710211+9999REMSYN070AAXX  15061 57669 32970 81402 10109 21003 40258 57021 8807/ 333 20052;EQDQ01  00002PRCP99
0161576690999992000021521004+28150+111630FM-12+020199999V0200201N001010042019N0120001N1+00541+00421102351ADDAA124001591AY161031AY261031GF108991081071004501999999MD1710051+9999MW1601REMSYN076AAXX  15211 57669 41462 80201 10054 20042 40235 57005 76066 887// 333 70015;
0145576690999992000021600004+28150+111630FM-12+020199999V0209999C000010042019N0070001N1+00511+00421999999ADDAA106002091GF108991081071004501999999MD1210061-0301REMSYN082AAXX  16001 57669 11457 80000 10051 20042 52006 60021 7/076 887// 333 05351 70025;
0172576690999992000021606004+28150+111630FM-12+020199999V0209999C000010042019N0080001N1+00661+00381102341ADDAA106001091AY161061GF108991081051004501999999KA1999N+00441MD1710191+9999MW1101REMSYN082AAXX  16061 57669 11458 80000 10066 20038 40234 57019 60011 71060 885// 333 20044;
0177576690999992000021700004+28150+111630FM-12+020199999V0209999C000010042019N0030001N1+00431+00361102351ADDAA124001091AY141061GF108991071061004501071999IA2999+00189MD1210061-0101MW1101REMSYN088AAXX  17001 57669 31430 80000 10043 20036 40235 52006 71040 8767/ 333 05151 30018 70011;
0172576690999992000021706004+28150+111630FM-12+020199999V0209999C000010042019N0040001N1+00591+00431101971ADDAA106000791AY161061GF108991081071004501999999KA1999N+00271MD1710331+9999MW1601REMSYN082AAXX  17061 57669 11440 80000 10059 20043 40197 57033 69901 76060 887// 333 20027;
0161576690999992000021721004+28150+111630FM-12+020199999V0209999C000010042019N0020001N1+00601+00551101621ADDAA124006491AY161031AY261031GF108991081071004501999999MD1710131+9999MW1601REMSYN076AAXX  17211 57669 41420 80000 10060 20055 40162 57013 76066 887// 333 70063;
0173576690999992000021800004+28150+111630FM-12+020199999V0209999C000010042019N0050001N1+00601+00581101521ADDAA106004191AY161061AY261061GF108991081071004501999999MD1710091-0801MW1601REMSYN088AAXX  18001 57669 11450 80000 10060 20058 40152 57009 60041 76066 887// 333 05802 70077;
0180576690999992000021806004+28150+111630FM-12+020199999V0209999C000010042019N0040001N1+00761+00671101391ADDAA106000591AY161061AY261061GF108991081071004501999999KA1999N+00531MD1710231+9999MW1601REMSYN082AAXX  18061 57669 11440 80000 10076 20067 40139 57023 69941 76066 887// 333 20053;
0161576690999992000021821004+28150+111630FM-12+020199999V0200401N001010042019N0050001N1+00491+00421101751ADDAA124011991AY161031AY261031GF108991081071004501999999MD1710021+9999MW1601REMSYN076AAXX  18211 57669 41450 80401 10049 20042 40175 57002 76066 887// 333 70120;
0191576690999992000021900004+28150+111630FM-12+020199999V0209999C000010042019N0060001N1+00481+00361101931ADDAA106002091AY161061AY261061GF108991081071004501999999IA2999+00499MD1210181+0401MW1601REMSYN094AAXX  19001 57669 11456 80000 10048 20036 40193 52018 60021 76066 887// 333 00451 30049 70113;
0180576690999992000021906004+28150+111630FM-12+020199999V0209999C000010042019N0070001N1+00481+00361101931ADDAA106001091AY161061AY261061GF108991081071004501999999KA1999N+00401MD1710171+9999MW1601REMSYN082AAXX  19061 57669 11457 80000 10048 20036 40193 57017 60011 76066 887// 333 20040;
0174576690999992000021921004+28150+111630FM-12+020199999V0200901N001010042019N0040001N1+00281+99999102171ADDAA124009791AY161031AY261031GF108991081071004501999999MD1211012+9999MW1601REMSYN070AAXX  19211 57669 41440 80901 10028 40217 52101 76066 887// 333 70096;EQDQ01+001012APC3  
0191576690999992000022000004+28150+111630FM-12+020199999V0209999C000010042019N0050001N1+00301+00251102351ADDAA106004191AY171061AY261061GF108991081071004501999999IA2999+00269MD1210181+0401MW1601REMSYN094AAXX  20001 57669 11450 80000 10030 20025 40235 52018 60041 76076 887// 333 00452 30026 70092;
0139576690999992000022021004+28150+111630FM-12+020199999V0209999C000010042019N0040001N1+00471+00421102191ADDAA124002591GF108991081071004501999999MD1710111+9999REMSYN076AAXX  20211 57669 41440 80000 10047 20042 40219 57011 76/76 887// 333 70025;
0191576690999992000022100004+28150+111630FM-12+020199999V0209999C000010042019N0040001N1+00461+00391102331ADDAA106003091AY171061AY261061GF108991081071004501999999IA2999+00449MD1210141+0001MW1601REMSYN094AAXX  21001 57669 11440 80000 10046 20039 40233 52014 60031 76076 887// 333 00002 30044 70041;
0180576690999992000022106004+28150+111630FM-12+020199999V0209999C000010042019N0030001N1+00551+00481102051ADDAA106003091AY161061AY261061GF108991081071004501999999KA1999N+00411MD1710241+9999MW1601REMSYN082AAXX  21061 57669 11430 80000 10055 20048 40205 57024 60031 76066 887// 333 20041;
0145576690999992000022121004+28150+111630FM-12+020199999V0209999C000019999999N0060001N1+00471+00351102171ADDAA124007491GF108991081001999999071999MD1710031+9999MW1101REMSYN076AAXX  21211 57669 41956 80000 10047 20035 40217 57003 71000 8807/ 333 70074;
0169576690999992000022200004+28150+111630FM-12+020199999V0200901N001019999999N0050001N1+00471+00371102211ADDAA124005691GF108991081001004501071999IA2999+00479MD1210041-0101MW1101REMSYN088AAXX  22001 57669 31450 80901 10047 20037 40221 52004 71000 8807/ 333 05100 30047 70055;
0177576690999992000022206004+28150+111630FM-12+020199999V0209999C000019999999N0060001N1+00591+00381102041ADDAA199000091GF108991081001999999071999KA1999N+00421MD1710201+9999MW1101REMSYN076AAXX  22061 57669 31956 80000 10059 20038 40204 57020 71000 8807/ 333 20042;EQDQ01  00002PRCP99
0161576690999992000022221004+28150+111630FM-12+020199999V0209999C000010042019N0020001N1+00521+00501102201ADDAA124000891AY161031AY261031GF108991081071004501999999MD1710071+9999MW1601REMSYN076AAXX  22211 57669 41420 80000 10052 20050 40220 57007 76066 887// 333 70007;
0173576690999992000022300004+28150+111630FM-12+020199999V0209999C000010042019N0030001N1+00541+00521102391ADDAA106000191AY161061AY261061GF108991081071004501999999MD1210191+0201MW1601REMSYN088AAXX  23001 57669 11430 80000 10054 20052 40239 52019 69911 76066 887// 333 00201 70007;
0172576690999992000022306004+28150+111630FM-12+020199999V0203201N001010360019N0120001N1+00871+00201102371ADDAA106000791AY161061GF108991011011008001071999KA1999N+00471MD1710141+9999MW1001REMSYN082AAXX  23061 57669 11562 83201 10087 20020 40237 57014 69901 70060 8117/ 333 20047;
0153576690999992000022321004+28150+111630FM-12+020199999V0209999C000010042019N0060001N1+00491+00371102661ADDAA124000791AY161031GF108991081051004501999999MD1710051+9999MW1211REMSYN076AAXX  23211 57669 41456 80000 10049 20037 40266 57005 72160 885// 333 79999;
0183576690999992000022400004+28150+111630FM-12+020199999V0209999C000010150019N0035001N1+00501+00381102751ADDAA106000791AY161061GF108991061051017501071999IA2999+00279MD1210081+0401MW1101REMSYN094AAXX  24001 57669 11735 80000 10050 20038 40275 52008 69901 71060 8657/ 333 00400 30027 79999;
0172576690999992000022406004+28150+111630FM-12+020199999V0209999C000010042019N0050001N1+00601+00411102691ADDAA106000791AY161061GF108991081071004501999999KA1999N+00361MD1710221+9999MW1601REMSYN082AAXX  24061 57669 11450 80000 10060 20041 40269 57022 69901 76060 887// 333 20036;
0132576690999992000022421004+28150+111630FM-12+020199999V0201401N001010042019N0050001N1+00521+00401102961ADDAY161031GF108991081071004501999999MD1410001+9999MW1601REMSYN066AAXX  24211 57669 41450 81401 10052 20040 40296 54000 76060 887//;
0183576690999992000022500004+28150+111630FM-12+020199999V0209999C000010150019N0070001N1+00521+00301103141ADDAA106000791AY161061GF108991051051017501071999IA2999+00449MD1210081+0401MW1101REMSYN094AAXX  25001 57669 11757 80000 10052 20030 40314 52008 69901 71060 8557/ 333 00400 30044 70001;
0146576690999992000022506004+28150+111630FM-12+020199999V0202201N001010150019N0130001N1+00911+00161102921ADDAA199000021GF107991051051017501071999KA1999N+00441MD1710281+9999REMSYN070AAXX  25061 57669 32763 72201 10091 20016 40292 57028 8557/ 333 20044;
0133576690999992000022521004+28150+111630FM-12+020199999V0209999C000019999999N0100001N1+00361+00291102991ADDAA124000791GF105991051001999999041001MD1210051+9999REMSYN070AAXX  25211 57669 42/60 50000 10036 20029 40299 52005 85040 333 79999;
0182576690999992000022600004+28150+111630FM-12+020199999V0209999C000019999999N0030001N1+00311+00261103191ADDAA199000091GF106991061001999999041001IA2999+00209MD1210181+0001MW1101REMSYN082AAXX  26001 57669 31930 60000 10031 20026 40319 52018 71000 86040 333 00052 30020;EQDQ01  00002PRCP99
0185576690999992000022606004+28150+111630FM-12+020199999V02099999999999999999N0250001N1+01351-00371102721ADDAA199000091AY141061GF107991041001999999041021KA1999N+00271MD1710451+9999MW1001REMSYN076AAXX  26061 57669 31975 71/02 10135 21037 40272 57045 70040 84042 333 20027;EQDQ01  00002PRCP99
0133576690999992000022621004+28150+111630FM-12+020199999V0209999C000019999999N0150001N1+00601+00291102491ADDGF108991081001999999071999REMSYN060AAXX  26211 57669 42965 80000 10060 20029 40249 5700/ 8807/;EQDQ01+000072APCTENQ02+000002APC3  
0157576690999992000022700004+28150+111630FM-12+020199999V0209999C000019999999N0150001N1+00601+00311102701ADDAA106000791GF108991081001999999071999MD1210201-0501MW1601REMSYN088AAXX  27001 57669 11965 80000 10060 20031 40270 52020 69901 76000 8807/ 333 05503 79999;
0161576690999992000022721004+28150+111630FM-12+020199999V0209999C000010042019N0070001N1+00461+00391102551ADDAA124009791AY161031AY261031GF108991081071004501999999MD1710031+9999MW1601REMSYN076AAXX  27211 57669 41457 80000 10046 20039 40255 57003 76066 887// 333 70096;
0191576690999992000022800004+28150+111630FM-12+020199999V0209999C000010042019N0070001N1+00491+00391102791ADDAA106000191AY161061AY261061GF108991081051004501999999IA2999+00509MD1210221+0101MW1211REMSYN094AAXX  28001 57669 11457 80000 10049 20039 40279 52022 69911 72166 885// 333 00151 30050 70096;
0172576690999992000022806004+28150+111630FM-12+020199999V0209999C000010042019N0060001N1+00681+00451102901ADDAA106000191AY161061GF108991081071004501999999KA1999N+00411MD1710041+9999MW1601REMSYN082AAXX  28061 57669 11456 80000 10068 20045 40290 57004 69911 76060 887// 333 20041;
0145576690999992000022821004+28150+111630FM-12+020199999V02099999999999999999N0040001N1+00471+00421103141ADDAA124000591GF108991081001999999071999MD1710051+9999MW1101REMSYN076AAXX  28211 57669 41940 800/0 10047 20042 40314 57005 71000 8807/ 333 70004;
0169576690999992000022900004+28150+111630FM-12+020199999V0203601N001010042019N0020001N1+00471+00421103191ADDAA124000591GF108991081061004501999999IA2999+00449MD1210051+0401MW1101REMSYN088AAXX  29001 57669 31420 83601 10047 20042 40319 52005 71000 886// 333 00400 30044 70004;
0164576690999992000022906004+28150+111630FM-12+020199999V0203601N002010150019N0300001N1+01161+00481102761ADDAA106000791GF107991071041017501999999KA1999N+00421MD1710381+9999MW1801REMSYN082AAXX  29061 57669 11780 73602 10116 20048 40276 57038 69901 78000 874// 333 20042;
0145576690999992000022921004+28150+111630FM-12+020199999V0203601N001010360019N0050001N1+00211+00181102661ADDAA124000791GF107991021061004501041001MD1710101+9999MW1101REMSYN076AAXX  29211 57669 41450 73601 10021 20018 40266 57010 7100/ 82640 333 79999;
0179576690999992000030100004+28150+111630FM-12+020199999V0203601N001010003019N0004001N1+00241+00191102771ADDAA124000791GA1091+999999999GF109991091999999999999999IA2999+00089MD1210101-0401MW1471REMSYN082AAXX  01001 57669 31/04 93601 10024 20019 40277 52010 74700 333 05452 30008 79999;
0185576690999992000030106004+28150+111630FM-12+020199999V0201101N001012200019N0150001N1+01401+00251102461ADDAA199000091AY141061GF102991011011012501041001KA1999N+00141MD1710281+9999MW1001REMSYN076AAXX  01061 57669 31665 21101 10140 20025 40246 57028 70040 81140 333 20014;EQDQ01  00002PRCP99
0112576690999992000030121004+28150+111630FM-12+020199999V0201401N001019999999N0040001N1+00701+00611999999ADDGF108991999999004501999999MD1710191+9999MW1101REMSYN054AAXX  01211 57669 41440 81401 10070 20061 57019 71000;
0165576690999992000030200004+28150+111630FM-12+020199999V0209999C000010042019N0040001N1+00731+00621102321ADDAA106000591AY161061GF108991081051004501999999MD1210161-0401MW1601REMSYN088AAXX  02001 57669 11440 80000 10073 20062 40232 52016 69941 76060 885// 333 05405 70004;
0164576690999992000031406004+28150+111630FM-12+020199999V0201101N002010360019N0100001N1+01311+00811101731ADDAA106000791GF108991031051017501071999KA1999N+00991MD1710241+9999MW1601REMSYN082AAXX  14061 57669 11760 81102 10131 20081 40173 57024 69901 76000 8357/ 333 20099;
0133576690999992000031421004+28150+111630FM-12+020199999V0209999C000010042019N0040001N1+01011+00951101401ADDAA124001891GF108991081071004501999999MD1710151+9999REMSYN070AAXX  14211 57669 41440 80000 10101 20095 40140 57015 887// 333 70018;
0165576690999992000031500004+28150+111630FM-12+020199999V0209999C000010042019N0030001N1+01021+00961101471ADDAA106003091AY161061GF108991081071004501999999MD1210071-0501MW1601REMSYN088AAXX  15001 57669 11430 80000 10102 20096 40147 52007 60031 76060 887// 333 05500 70028;
0153576690999992000032421004+28150+111630FM-12+020199999V0209999C000010150019N0100001N1+01191+00741102311ADDAA124000791AY161031GF108991061051017501071999MD1210051+9999MW1001REMSYN076AAXX  24211 57669 41760 80000 10119 20074 40231 52005 70060 8657/ 333 79999;
0165576690999992000032500004+28150+111630FM-12+020199999V0209999C000019999999N0110001N1+01151+00781102551ADDAA106000791AY161061GF108991081001999999071999MD1210221-0101MW1001REMSYN088AAXX  25001 57669 11961 80000 10115 20078 40255 52022 69901 70060 8807/ 333 05103 79999;
0165576690999992000032506004+28150+111630FM-12+020199999V0201101N001019999999N0120001N1+01751+00481102431ADDAA199000091GF107991071001999999071999KA1999N+01071MD1710161+9999REMSYN070AAXX  25061 57669 32962 71101 10175 20048 40243 57016 8707/ 333 20107;EQDQ01  00002PRCP99
0182576690999992000032600004+28150+111630FM-12+020199999V0209999C000012200019N0080001N1+00681+00591102671ADDAA199000091GF102991021061004501001001IA2999+00309MD1210101+0101MW1101REMSYN082AAXX  26001 57669 31458 20000 10068 20059 40267 52010 71000 82600 333 00155 30039;EQDQ01  00002PRCP99
0165576690999992000032606004+28150+111630FM-12+020199999V0202201N001012200019N0300001N1+02422+00101102111ADDAA199000091GF101991011011012501001001KA1999N+00521MD1710461+9999REMSYN070AAXX  26061 57669 32680 12201 10242 20010 40211 57046 81100 333 20052;EQDQ01  00002PRCP99
0152576690999992000032700004+28150+111630FM-12+020199999V0209999C000012200019N0300001N1+00951+00721101691ADDAA199000091GF104991001001999999001021MD1210031+0101REMSYN070AAXX  27001 57669 32980 40000 10095 20072 40169 52003 80002 333 06003;EQDQ01  00002PRCP99
0112576690999992000032721004+28150+111630FM-12+020199999V0209999C000012200019N0200001N1+01221+00841101391ADDGF102991001001999999001021MD1210041+9999REMSYN060AAXX  27211 57669 42970 20000 10122 20084 40139 52004 80002;
0177576690999992000032806004+28150+111630FM-12+020199999V0201101N004019999999N0060001N1+02331+00141101881ADDAA199000091GF106991001001999999001021KA1999N+01121MD1710251+9999MW1061REMSYN076AAXX  28061 57669 31956 61104 10233 20014 40188 57025 70600 80002 333 20112;EQDQ01  00002PRCP99
0124576690999992000032821004+28150+111630FM-12+020199999V02099999999999999999N0050001N1+01011+00721102081ADDGF107991071001999999041999MD1210011+9999MW1101REMSYN066AAXX  28211 57669 41950 700/0 10101 20072 40208 52001 71000 8704/;
0164576690999992000032900004+28150+111630FM-12+020199999V0209999C000019999999N0050001N1+01031+00741102191ADDAA199000091GF106991021001999999041021MD1210091+0021MW1101REMSYN076AAXX  29001 57669 31950 60000 10103 20074 40219 52009 71000 82042 333 00253;EQDQ01  00002PRCP99
0177576690999992000032906004+28150+111630FM-12+020199999V0201401N001019999999N0070001N1+02421+00791101721ADDAA199000091GF106991021001999999041021KA1999N+00901MD1710361+9999MW1061REMSYN076AAXX  29061 57669 31957 61401 10242 20079 40172 57036 70600 82042 333 20090;EQDQ01  00002PRCP99
0165576690999992000033000004+28150+111630FM-12+020199999V0203401N001019999999N0100001N1+01531+01181101251ADDAA106000791AY161061GF107991071001999999071999MD1210041-0901MW1211REMSYN088AAXX  30001 57669 11960 73401 10153 20118 40125 52004 69901 72160 8707/ 333 05905 79999;
0172576690999992000033006004+28150+111630FM-12+020199999V0202901N005010360019N0200001N1+02421+01161100941ADDAA106000791AY161061GF108991031041012501071999KA1999N+01441MD1710221+9999MW1001REMSYN082AAXX  30061 57669 11670 82905 10242 20116 40094 57022 69901 70060 8347/ 333 20144;
0133576690999992000033021004+28150+111630FM-12+020199999V0202701N003019999999N0300001N1+01791+01181100651ADDAA124000791GF108991081001999999071999MD1710141+9999REMSYN070AAXX  30211 57669 42980 82703 10179 20118 40065 57014 8807/ 333 79999;
0133576690999992000033100004+28150+111630FM-12+020199999V0209999C000010360019N0150001N1+01701+01271100761ADDAA124000791GF108991011051017501071999MD1999999-0501REMSYN070AAXX  31001 57669 32765 80000 10170 20127 40076 8157/ 333 05502 79999;
0172576690999992000033106004+28150+111630FM-12+020199999V0201101N002010150019N0120001N1+01971+01481100751ADDAA106000791AY161061GF108991051051017501071999KA1999N+01641MD1710171+9999MW1601REMSYN082AAXX  31061 57669 11762 81102 10197 20148 40075 57017 69901 76060 8557/ 333 20164;
0161576690999992000033121004+28150+111630FM-12+020199999V0209999C000010042019N0030001N1+01651+01631100841ADDAA124016391AY161031AY261031GF108991071071004501021999MD1710031+9999MW1611REMSYN076AAXX  31211 57669 41430 80000 10165 20163 40084 57003 76166 8772/ 333 70162;
0172576690999992000040106004+28150+111630FM-12+020199999V0203401N001010150019N0070001N1+01831+01721100851ADDAA106001091AY161061GF108991061051017501071999KA1999N+01601MD1710111+9999MW1601REMSYN082AAXX  01061 57669 11757 83401 10183 20172 40085 57011 60011 76060 8657/ 333 20160;
0161576690999992000040121004+28150+111630FM-12+020199999V0200401N001019999999N0080001N1+01371+01191101431ADDAA124005691AY161031AY261031GF108991081001999999071999MD1710091+9999MW1211REMSYN076AAXX  01211 57669 41958 80401 10137 20119 40143 57009 72166 8807/ 333 70056;
0165576690999992000040200004+28150+111630FM-12+020199999V0200701N001010150019N0070001N1+01321+01091101651ADDAA106000791AY161061GF108991081051017501999999MD1210211+0701MW1211REMSYN088AAXX  02001 57669 11757 80701 10132 20109 40165 52021 69901 72160 885// 333 00753 70014;
0146576690999992000040206004+28150+111630FM-12+020199999V0200701N001019999999N0110001N1+01481+00741101661ADDAA199000021GF108991081001999999071999KA1999N+01271MD1710071+9999REMSYN070AAXX  02061 57669 32961 80701 10148 20074 40166 57007 8807/ 333 20127;
0145576690999992000040221004+28150+111630FM-12+020199999V0201101N001019999999N0030001N1+01211+01131101711ADDAA124001091GF108991081001999999071999MD1710051+9999MW1101REMSYN076AAXX  02211 57669 41930 81101 10121 20113 40171 57005 71000 8807/ 333 70010;
0157576690999992000040300004+28150+111630FM-12+020199999V0209999C000010360019N0030001N1+01271+01161101871ADDAA106000791GF108991011071004501071999MD1210161+0201MW1601REMSYN088AAXX  03001 57669 11430 80000 10127 20116 40187 52016 69901 76000 8177/ 333 00251 70010;
0172576690999992000040306004+28150+111630FM-12+020199999V0209999C000019999999N0120001N1+01591+00961101661ADDAA106000791AY161061GF108991081001999999071999KA1999N+01121MD1710241+9999MW1001REMSYN082AAXX  03061 57669 11962 80000 10159 20096 40166 57024 69901 70060 8807/ 333 20112;
0145576690999992000040321004+28150+111630FM-12+020199999V0203601N001019999999N0060001N1+01101+01001101451ADDAA124000791GF106991061001999999041001MD1710111+9999MW1101REMSYN076AAXX  03211 57669 41956 63601 10110 20100 40145 57011 71000 86040 333 79999;
0151576690999992000040400004+28150+111630FM-12+020199999V0203601N002019999999N0050001N1+01151+01031101571ADDAA124000791GF106991061001999999041001MD1210111-0301MW1101REMSYN082AAXX  04001 57669 31950 63602 10115 20103 40157 52011 71000 86040 333 05351 79999;
0165576690999992000040406004+28150+111630FM-12+020199999V0201601N001010360019N0250001N1+02271+01021101291ADDAA199000091GF105991011011012501041001KA1999N+01001MD1710251+9999REMSYN070AAXX  04061 57669 32675 51601 10227 20102 40129 57025 81140 333 20100;EQDQ01  00002PRCP99
