0198581380999992000010100004+33330+118670FM-12+000299999V0200201N002019999999N0005001N1+00591+00571102051ADDAA106000091AY141061AY241061GF108991081001999999021999IA2999+00209MD1210081-0301MW1441REMSYN082AAXX  01001 58138 31905 80202 10059 20057 40205 52008 74444 8802/ 333 05305 30027;EQDQ01  00002PRCP06
0185581380999992000010106004+33330+118670FM-12+000299999V0202701N001019999999N0030001N1+00751+00731101911ADDAA106000091AY141061GF108991081001999999021999KA1999N+00281MD1710111+9999MW1101REMSYN076AAXX  01061 58138 31930 82701 10075 20073 40191 57011 71040 8802/ 333 20028;EQDQ01  00002PRCP06
0119581380999992000010121004+33330+118670FM-12+000299999V0202901N005019999999N0050001N1+00431+00331999999ADDAA124000791GF108991081001999999021999MW1601REMSYN064AAXX  01211 58138 41950 82905 10043 20033 76000 8802/ 333 79999;
0183581380999992000010200004+33330+118670FM-12+000299999V0202901N004019999999N0060001N1+00381+00201102421ADDAA106000791AY161061GF108991081001999999021999IA2999+00329MD1210111+0401MW1101REMSYN094AAXX  02001 58138 11956 82904 10038 20020 40242 52011 69901 71060 8802/ 333 00452 30032 79999;
0177581380999992000010206004+33330+118670FM-12+000299999V0209999C000012200019N0070001N1+00571+00221102381ADDAA106000091GF104991041001999999041001KA1999N+00351MD1710201+9999MW1101REMSYN076AAXX  02061 58138 31957 40000 10057 20022 40238 57020 71000 84040 333 20035;EQDQ01  00002PRCP06
0182581380999992000010300004+33330+118670FM-12+000299999V0200701N003019999999N0080001N1+00071-00011102201ADDAA106000091GF107991001001999999001021IA2999+00109MD1210141-0201MW1101REMSYN082AAXX  03001 58138 31958 70703 10007 21001 40220 52014 71000 80002 333 05253 30018;EQDQ01  00002PRCP06
0175581380999992000010306004+33330+118670FM-12+000299999V0201401N008012200019N0100001N1+00931-00061101801ADDAA106000091GA1001+999999999GF100991001001999999001001KA1999N-00021MD1710351+9999REMSYN064AAXX  03061 58138 32960 01408 10093 21006 40180 57035 333 21002;EQDQ01  00002PRCP06
0124581380999992000010321004+33330+118670FM-12+000299999V0200701N004019999999N0050001N1+00241+00241101831ADDGF107991071001999999041999MD1710041+9999MW1101REMSYN066AAXX  03211 58138 41950 70704 10024 20024 40183 57004 71000 8704/;
0182581380999992000010400004+33330+118670FM-12+000299999V0200901N002019999999N0040001N1+00391+00371101821ADDAA106000091GF108991081001999999021999IA2999+00009MD1710011-0401MW1101REMSYN082AAXX  04001 58138 31940 80902 10039 20037 40182 57001 71000 8802/ 333 05403 30002;EQDQ01  00002PRCP06
0172581380999992000010406004+33330+118670FM-12+000299999V0201101N003010042019N0050001N1+00751+00711101481ADDAA106002091AY161061GF108991071071004501021999KA1999N+00151MD1710301+9999MW1611REMSYN082AAXX  04061 58138 11450 81103 10075 20071 40148 57030 60021 76160 8772/ 333 20015;
0179581380999992000010500004+33330+118670FM-12+000299999V0202901N003019999999N0003001N1+00741+00721101581ADDAA106000891AY161061AY241061GF108991081001999999021061MD1210211-0201MW1461REMSYN094AAXX  05001 58138 11903 82903 10074 20072 40158 52021 69981 74664 88026 333 05204 3004/ 70060;
0180581380999992000010506004+33330+118670FM-12+000299999V0202901N004019999999N0003001N1+00491+00491101501ADDAA106000191AY161061AY241061GF108991081001999999021999KA1999N+00461MD1710121+9999MW1421REMSYN082AAXX  05061 58138 11903 82904 10049 20049 40150 57012 69921 74264 8802/ 333 20046;
0145581380999992000010521004+33330+118670FM-12+000299999V0202901N003019999999N0030001N1+00221+00221102171ADDAA124002591GF108991081001999999021999MD1210041+9999MW1101REMSYN076AAXX  05211 58138 41930 82903 10022 20022 40217 52004 71000 8802/ 333 70026;
0177581380999992000010606004+33330+118670FM-12+000299999V0203601N003010360019N0060001N1+00501+00221102431ADDAA106000091GF107991031051008001041999KA1999N+00121MD1710201+9999MW1101REMSYN076AAXX  06061 58138 31556 73603 10050 20022 40243 57020 71000 8354/ 333 20012;EQDQ01  00002PRCP06
0133581380999992000010621004+33330+118670FM-12+000299999V0200701N005019999999N0100001N1-00041-00251102871ADDAA124000191GF108991081001999999071999MD1710021+9999REMSYN070AAXX  06211 58138 42960 80705 11004 21025 40287 57002 8807/ 333 70001;
0170581380999992000010700004+33330+118670FM-12+000299999V0200701N004010120019N0150001N1+99999+99999103031ADDAA106000091GF107991071051012501999999IA2999-00109MD1210161+0601REMSYN076AAXX  07001 58138 32665 70704 11/15 21056 40303 52016 875// 333 00654 31019;EQDQ01  00002PRCP06
0165581380999992000010706004+33330+118670FM-12+000299999V0200901N005019999999N0200001N1+00081-00601102681ADDAA106000091GF107991001001999999001021KA1999N-00171MD1710381+9999REMSYN070AAXX  07061 58138 32970 70905 10008 21060 40268 57038 80002 333 21017;EQDQ01  00002PRCP06
0112581380999992000010721004+33330+118670FM-12+000299999V0200901N002019999999N0100001N1-00021-00081102311ADDGF108991081001999999021999MD1710101+9999REMSYN060AAXX  07211 58138 42960 80902 11002 21008 40231 57010 8802/;
0172581380999992000010806004+33330+118670FM-12+000299999V0200701N006010360019N0050001N1+00241+00211102101ADDAA106000791AY161061GF108991021051008001021999KA1999N-00101MD1710251+9999MW1601REMSYN082AAXX  08061 58138 11550 80706 10024 20021 40210 57025 69901 76060 8252/ 333 21010;
0161581380999992000010821004+33330+118670FM-12+000299999V0203201N002010042019N0080001N1+00421+00401101851ADDAA124015091AY161031AY261031GF108991071071004501021999MD1710031+9999MW1611REMSYN076AAXX  08211 58138 41458 83202 10042 20040 40185 57003 76166 8772/ 333 70151;
0185581380999992000010900004+33330+118670FM-12+000299999V0203401N002019999999N0080001N1+00381+00361101941ADDAA106004191AY161061AY261061GF108991999999999999999999IA2999+00329MD1210091-0401MW1601REMSYN088AAXX  09001 58138 11958 83402 10038 20036 40194 52009 60041 76066 333 05404 30032 70159;
0183581380999992000011000004+33330+118670FM-12+000299999V0200701N005019999999N0020001N1+00601+00581102461ADDAA106000191AY161061GF108991081001999999021999IA2999+00469MD1210071+0501MW1101REMSYN094AAXX  10001 58138 11920 80705 10060 20058 40246 52007 69921 71060 8802/ 333 00502 30046 70003;
0172581380999992000011006004+33330+118670FM-12+000299999V0200701N006010360019N0080001N1+00701+00591102391ADDAA106000791AY161061GF108991031051008001021999KA1999N+00431MD1710181+9999MW1101REMSYN082AAXX  10061 58138 11558 80706 10070 20059 40239 57018 69901 71060 8352/ 333 20043;
0153581380999992000011021004+33330+118670FM-12+000299999V0200701N007010360019N0070001N1+00461+00361102161ADDAA124001591AY161031GF108991031071004501021999MD1710151+9999MW1611REMSYN076AAXX  10211 58138 41457 80707 10046 20036 40216 57015 76160 8372/ 333 70016;
0183581380999992000011100004+33330+118670FM-12+000299999V0200701N009010042019N0120001N1+00471+00321102011ADDAA106002091AY161061GF108991071071004501021999IA2999+00429MD1710151-0401MW1611REMSYN094AAXX  11001 58138 11462 80709 10047 20032 40201 57015 60021 76160 8772/ 333 05451 30042 70022;
0180581380999992000011106004+33330+118670FM-12+000299999V0200401N006010042019N0100001N1+00481+00431101721ADDAA106007191AY161061AY261061GF108991071071004501021999KA1999N+00441MD1710331+9999MW1611REMSYN082AAXX  11061 58138 11460 80406 10048 20043 40172 57033 60071 76166 8772/ 333 20044;
0161581380999992000011121004+33330+118670FM-12+000299999V0203201N003010042019N0080001N1+00111+00081102081ADDAA124010991AY161031AY261031GF108991071071004501021999MD1410001+9999MW1611REMSYN076AAXX  11211 58138 41458 83203 10011 20008 40208 54000 76166 8772/ 333 70110;
0191581380999992000011200004+33330+118670FM-12+000299999V0203401N002010042019N0020001N1+00051+00051102241ADDAA106002091AY161061AY261061GF108991071071004501021999IA2999+00149MD1210161+0201MW1611REMSYN094AAXX  12001 58138 11420 83402 10005 20005 40224 52016 60021 76166 8772/ 333 00254 30014 70115;
0172581380999992000011206004+33330+118670FM-12+000299999V0202901N002019999999N0070001N1+00211+00101102211ADDAA106000191AY161061GF108991081001999999071999KA1999N+00021MD1710141+9999MW1101REMSYN082AAXX  12061 58138 11957 82902 10021 20010 40221 57014 69921 71060 8807/ 333 20002;
0188581380999992000011300004+33330+118670FM-12+000299999V0203401N003019999999N0050001N1-00011-00131102441ADDAA106000091GF108991081001999999021999IA2999+00059MD1210131+0201MW1101REMSYN088AAXX  13001 58138 31950 83403 11001 21013 40244 52013 71000 8802/ 333 00251 30005 70002;EQDQ01  00002PRCP06
0180581380999992000011306004+33330+118670FM-12+000299999V0203601N003019999999N0100001N1+00051-00221102461ADDAA106000791AY171061AY261061GF108991081001999999021999KA1999N-00041MD1710141+9999MW1221REMSYN082AAXX  13061 58138 11960 83603 10005 21022 40246 57014 69901 72276 8802/ 333 21004;
0161581380999992000011400004+33330+118670FM-12+000299999V0200201N002019999999N0100001N1-00141-00361102701ADDAA124000791GF107991071001999999041999IA2999-00199MD1210091+0301REMSYN086    AAXX  14001 58138 32960 70202 11014 21036 40270 52009 8704/ 333 00351 31019 79999;
0169581380999992000011406004+33330+118670FM-12+000299999V0200701N004019999999N0120001N1+00271-00331102521ADDAA199000091GF107991071001999999041999KA1999N-00201MD1710251+9999REMSYN074    AAXX  14061 58138 32962 70704 10027 21033 40252 57025 8704/ 333 21020;EQDQ01  00002PRCP99
0128581380999992000011409004+33330+118670FM-12+000299999V0200701N004019999999N0080001N1+00401-00331102421ADDGF107991071001999999041999MD1210031+9999MW1101REMSYN070    AAXX  14091 58138 41958 70704 10040 21033 40242 52003 71000 8704/;
0187581380999992000011500004+33330+118670FM-12+000299999V0200401N004019999999N0120001N1+00071-00101102501ADDAA106000791AY171061GF108991081001999999021999IA2999-00099MD1410001-0201MW1701REMSYN098    AAXX  15001 58138 11962 80404 10007 21010 40250 54000 69901 77070 8802/ 333 05202 31009 79999;
0184581380999992000011506004+33330+118670FM-12+000299999V0200401N005019999999N0060001N1+00161+00131102291ADDAA106000391AY171061AY261061GF108991081001999999021999KA1999N-00031MD1710221+9999MW1681REMSYN086    AAXX  15061 58138 11956 80405 10016 20013 40229 57022 69931 76876 8802/ 333 21003;
0157581380999992000011521004+33330+118670FM-12+000299999V0200201N003010042019N0070001N1+00071-00011102761ADDAA124004191AY161031GF108991071071004501021999MD1210011+9999MW1601REMSYN080    AAXX  15211 58138 41457 80203 10007 21001 40276 52001 76060 8772/ 333 70040;
0187581380999992000011600004+33330+118670FM-12+000299999V0203601N004010360019N0050001N1+00091+00031102921ADDAA106000391AY161061GF108991021071004501021999IA2999+00079MD1210161+0401MW1101REMSYN098    AAXX  16001 58138 11450 83604 10009 20003 40292 52016 69931 71060 8272/ 333 00400 30007 70042;
0150581380999992000011606004+33330+118670FM-12+000299999V0200201N005010360019N0100001N1+00191-00061102821ADDAA199000021GF108991031051008001021999KA1999N+00051MD1710261+9999REMSYN074    AAXX  16061 58138 32560 80205 10019 21006 40282 57026 8352/ 333 20005;
0149581380999992000011621004+33330+118670FM-12+000299999V0209999C000019999999N0070001N1-00131-00221102901ADDAA124000391GF108991081001999999071999MD1710081+9999MW1101REMSYN080    AAXX  16211 58138 41957 80000 11013 21022 40290 57008 71000 8807/ 333 70002;
0181581380999992000011706004+33330+118670FM-12+000299999V0203201N002010075019N0090001N1+00211-00161102801ADDAA199000091GF106991061051008001001001KA1999N-00181MD1710271+9999MW1101REMSYN080    AAXX  17061 58138 31559 63202 10021 21016 40280 57027 71000 86500 333 21018;EQDQ01  00002PRCP99
0122581380999992000011721004+33330+118670FM-12+000299999V0203201N001019999999N0070001N1-00031-00281102811ADDGF108991999999999999999999MD1710081+9999MW1101REMSYN064    AAXX  17211 58138 41957 83201 11003 21028 40281 57008 71000;
0186581380999992000011800004+33330+118670FM-12+000299999V0202701N002010360019N0050001N1+00011-00261102881ADDAA199000091GF108991041051008001021999IA2999+00009MD1210071-0201MW1101REMSYN086    AAXX  18001 58138 31550 82702 10001 21026 40288 52007 71000 8452/ 333 05201 31006;EQDQ01  00002PRCP99
0181581380999992000011806004+33330+118670FM-12+000299999V0202501N003010075019N0060001N1+00171-00181102731ADDAA199000091GF107991061051008001041999KA1999N-00071MD1710161+9999MW1101REMSYN080    AAXX  18061 58138 31556 72503 10017 21018 40273 57016 71000 8654/ 333 21007;EQDQ01  00002PRCP99
0138581380999992000011821004+33330+118670FM-12+000299999V0203601N003012200019N0060001N1-00171-00511103031ADDGA1001+999999999GF100991001001999999001001MD1210061+9999MW1101REMSYN064    AAXX  18211 58138 41956 03603 11017 21051 40303 52006 71000;
0178581380999992000011900004+33330+118670FM-12+000299999V0203201N003012200019N0070001N1-00271-00481103381ADDAA199000091GA1001+999999999GF100991001001999999001001MD1210341+0051MW1101REMSYN074    AAXX  19001 58138 31957 03203 11027 21048 40338 52034 71000 333 00553;EQDQ01  00002PRCP99
0179581380999992000011906004+33330+118670FM-12+000299999V0203401N005012200019N0100001N1+00081-01101103261ADDAA199000091GA1001+999999999GF100991001001999999001001KA1999N-00391MD1710261+9999REMSYN068    AAXX  19061 58138 32960 03405 10008 21110 40326 57026 333 21039;EQDQ01  00002PRCP99
0122581380999992000011921004+33330+118670FM-12+000299999V0209999C000012200019N0150001N1-00511-01061103491ADDGA1001+999999999GF100991001001999999001001MD1210031+9999REMSYN054AAXX  19211 58138 42965 00000 11051 21106 40349 52003;
0162581380999992000012000004+33330+118670FM-12+000299999V0209999C000012200019N0200001N1-00371-01011103641ADDAA199000091GA1001+999999999GF100991001001999999001001MD1210151+0031REMSYN064AAXX  20001 58138 32970 00000 11037 21101 40364 52015 333 00351;EQDQ01  00002PRCP99
0147581380999992000012006004+33330+118670FM-12+000299999V0209999C000012200019N0200001N1+99999+99999999999ADDAA199000091GA1001+999999999GF100991001001999999001001REMSYN063AAXX  20061 58138 32970 00000 1029 21075 40368 57017 333 21060;EQDQ01  00002PRCP99
0122581380999992000012021004+33330+118670FM-12+000299999V0200701N003012200019N0100001N1-00331-00601103881ADDGA1001+999999999GF100991001001999999001001MD1710071+9999REMSYN054AAXX  20211 58138 42960 00703 11033 21060 40388 57007;
0152581380999992000012100004+33330+118670FM-12+000299999V0200701N004019999999N0100001N1-00201-00671103861ADDAA199000091GF106991061001999999041001MD1710021+0021REMSYN070AAXX  21001 58138 32960 60704 11020 21067 40386 57002 86040 333 00202;EQDQ01  00002PRCP99
0153581380999992000012121004+33330+118670FM-12+000299999V0200401N002010360019N0040001N1+00141+00141102691ADDAA124000391AY161031GF108991041051008001021999MD1710221+9999MW1101REMSYN076AAXX  21211 58138 41540 80402 10014 20014 40269 57022 71060 8452/ 333 70002;
0183581380999992000012200004+33330+118670FM-12+000299999V0209999C000019999999N0040001N1+00191+00161102671ADDAA106000191AY161061GF108991081001999999021999IA2999+00089MD1710021-1201MW1101REMSYN094AAXX  22001 58138 11940 80000 10019 20016 40267 57002 69911 71060 8802/ 333 06204 30008 70002;
0172581380999992000012206004+33330+118670FM-12+000299999V0202901N003010360019N0060001N1+00321+00271102451ADDAA106000791AY161061GF108991021051008001021999KA1999N+00111MD1710211+9999MW1601REMSYN082AAXX  22061 58138 11556 82903 10032 20027 40245 57021 69901 76060 8252/ 333 20011;
0169581380999992000012300004+33330+118670FM-12+000299999V0203401N002019999999N0060001N1+00041-00081102871ADDAA124000791GF108991081001999999071999IA2999+00099MD1210231+0201MW1101REMSYN088AAXX  23001 58138 31956 83402 10004 21008 40287 52023 71000 8807/ 333 00252 30009 79999;
0177581380999992000012306004+33330+118670FM-12+000299999V0200401N003010360019N0060001N1+00221+00001102801ADDAA199000091GF108991031051008001021999KA1999N+00011MD1710171+9999MW1101REMSYN076AAXX  23061 58138 31556 80403 10022 20000 40280 57017 71000 8352/ 333 20001;EQDQ01  00002PRCP99
0161581380999992000012321004+33330+118670FM-12+000299999V0203601N007010075019N0040001N1-00101-00181103331ADDAA124001091AY171031AY271031GF108991061051008001021999MD1210151+9999MW1711REMSYN076AAXX  23211 58138 41540 83607 11010 21018 40333 52015 77177 8652/ 333 70011;
0197581380999992000012400004+33330+118670FM-12+000299999V0203601N006010042019N0030001N1-00221-00461103501ADDAA106002091AY171061AY271061GF108991071071004501021999IA2999-00019MD1210171+0601MW1711REMSYN100AAXX  24001 58138 11430 83606 11022 21046 40350 52017 60021 77177 8772/ 333 00653 31001 700/8 92501;
0172581380999992000012406004+33330+118670FM-12+000299999V0200201N007010042019N0050001N1-00361-00441103751ADDAA106003091AY171061GF108991071071004501021999KA1999N-00391MD1710061+9999MW1711REMSYN082AAXX  24061 58138 11450 80207 11036 21044 40375 57006 60031 77170 8772/ 333 21039;
0143581380999992000012421004+33330+118670FM-12+000299999V0203601N002012200019N0100001N1-00781-01231104251ADDAA124008491GA1001+999999999GF100991001001999999001001MD1710011+9999REMSYN064AAXX  24211 58138 42960 03602 11078 21123 40425 57001 333 70085;
0155581380999992000012500004+33330+118670FM-12+000299999V0203601N002012200019N0200001N1-00871-01231104331ADDAA124006991GA1001+999999999GF100991001001999999001001MD1210081+0801REMSYN076AAXX  25001 58138 32970 03602 11087 21123 40433 52008 333 00857 70068 92507;
0175581380999992000012506004+33330+118670FM-12+000299999V0203601N003012200019N0200001N1-00441-01181104171ADDAA199000091GA1001+999999999GF100991001001999999001001KA1999N-00901MD1710271+9999REMSYN064AAXX  25061 58138 32970 03603 11044 21118 40417 57027 333 21090;EQDQ01  00002PRCP99
0162581380999992000012600004+33330+118670FM-12+000299999V0209999C000012200019N0100001N1-00941-01061999999ADDAA199000091GA1001+999999999GF100991001001999999001001MD1210131-0101REMSYN064AAXX  26001 58138 32960 00000 11094 21106 52013 333 05151 92505;EQDQ01  00002PRCP99
0175581380999992000012606004+33330+118670FM-12+000299999V0202901N004012200019N0120001N1-00251-01271104041ADDAA199000091GA1001+999999999GF100991001001999999001001KA1999N-01021MD1710211+9999REMSYN064AAXX  26061 58138 32962 02904 11025 21127 40404 57021 333 21102;EQDQ01  00002PRCP99
0122581380999992000012621004+33330+118670FM-12+000299999V0202901N001012200019N0100001N1-00771-01051104081ADDGA1001+999999999GF100991001001999999001001MD1710031+9999REMSYN054AAXX  26211 58138 42960 02901 11077 21105 40408 57003;
0168581380999992000012700004+33330+118670FM-12+000299999V0202501N001012200019N0100001N1-00801-00951104161ADDAA199000091GA1001+999999999GF100991001001999999001001MD1210081-0101REMSYN070AAXX  27001 58138 32960 02501 11080 21095 40416 52008 333 05101 92504;EQDQ01  00002PRCP99
0175581380999992000012706004+33330+118670FM-12+000299999V0203601N003012200019N0100001N1-00081-00911103941ADDAA199000091GA1001+999999999GF100991001001999999001001KA1999N-00881MD1710211+9999REMSYN064AAXX  27061 58138 32960 03603 11008 21091 40394 57021 333 21088;EQDQ01  00002PRCP99
0158581380999992000012800004+33330+118670FM-12+000299999V0209999C000019999999N0100001N1-00691-00821999999ADDAA199000091GF107991001001999999001021MD1710051-0401REMSYN076AAXX  28001 58138 32960 70000 11069 21082 403// 57005 80002 333 05401 92503;EQDQ01  00002PRCP99
0165581380999992000012806004+33330+118670FM-12+000299999V0201401N003012200019N0150001N1+00061-00821103451ADDAA199000091GF104991001001999999001021KA1999N-00851MD1710311+9999REMSYN070AAXX  28061 58138 32965 41403 10006 21082 40345 57031 80002 333 21085;EQDQ01  00002PRCP99
0112581380999992000012821004+33330+118670FM-12+000299999V0209999C000019999999N0100001N1-00171-00471103331ADDGF107991071001999999041999MD1710061+9999REMSYN060AAXX  28211 58138 42960 70000 11017 21047 40333 57006 8704/;
0188581380999992000012900004+33330+118670FM-12+000299999V0209999C000019999999N0080001N1-00151-00341103531ADDAA199000091GF107991071001999999041999IA2999-00209MD1210191-0201MW1101REMSYN088AAXX  29001 58138 31958 70000 11015 21034 40353 52019 71000 8704/ 333 05205 31020 92502;EQDQ01  00002PRCP99
0165581380999992000012906004+33330+118670FM-12+000299999V0202901N003019999999N0100001N1+00381-00371103471ADDAA199000091GF105991051001999999041001KA1999N-00191MD1710101+9999REMSYN070AAXX  29061 58138 32960 52903 10038 21037 40347 57010 85040 333 21019;EQDQ01  00002PRCP99
0122581380999992000012921004+33330+118670FM-12+000299999V0200201N003012200019N0100001N1-00261-00591999999ADDGA1001+999999999GF100991001001999999001001MD1210151+9999REMSYN054AAXX  29211 58138 42960 00203 11026 21059 404/2 52015;
0158581380999992000013000004+33330+118670FM-12+000299999V0203601N002012200019N0120001N1-00331-00771104471ADDAA199000091GA1001+999999999GF100991001001999999001001MD1210251+9999REMSYN060AAXX  30001 58138 32962 03602 11033 21077 40447 52025 92500;EQDQ01  00002PRCP99
0175581380999992000013006004+33330+118670FM-12+000299999V0203401N004012200019N0150001N1+00011-00861104371ADDAA199000091GA1001+999999999GF100991001001999999001001KA1999N-00391MD1710301+9999REMSYN064AAXX  30061 58138 32965 03404 10001 21086 40437 57030 333 21039;EQDQ01  00002PRCP99
0152581380999992000013100004+33330+118670FM-12+000299999V0203601N003019999999N0150001N1-00431-00951104731ADDAA199000091GF107991071001999999041999MD1210191+0031REMSYN070AAXX  31001 58138 32965 73603 11043 21095 40473 52019 8704/ 333 00351;EQDQ01  00002PRCP99
0165581380999992000013106004+33330+118670FM-12+000299999V0203601N005012200019N0200001N1-00141-01531104281ADDAA199000091GF102991021001999999041001KA1999N-00511MD1710371+9999REMSYN070AAXX  31061 58138 32970 23605 11014 21153 40428 57037 82040 333 21051;EQDQ01  00002PRCP99
0112581380999992000013121004+33330+118670FM-12+000299999V0209999C000012200019N0100001N1-00531-01211103991ADDGF103991001001999999001021MD1710121+9999REMSYN060AAXX  31211 58138 42960 30000 11053 21121 40399 57012 80002;
0146581380999992000020100004+33330+118670FM-12+000299999V0209999C000012200019N0120001N1-00611-01051999999ADDAA199000091GF101991001001999999001021MD1210081+0071REMSYN064AAXX  01001 58138 32962 10000 11061 21105 52008 80002 333 05752;EQDQ01  00002PRCP99
0175581380999992000020106004+33330+118670FM-12+000299999V0202901N003012200019N0200001N1-00011-01001103721ADDAA199000091GA1001+999999999GF100991001001999999001001KA1999N-00671MD1710261+9999REMSYN064AAXX  01061 58138 32970 02903 11001 21100 40372 57026 333 21067;EQDQ01  00002PRCP99
0152581380999992000020200004+33330+118670FM-12+000299999V0209999C000019999999N0100001N1-00411-00581103421ADDAA199000091GF107991001001999999001021MD1210041+0071REMSYN070AAXX  02001 58138 32960 70000 11041 21058 40342 52004 80002 333 05702;EQDQ01  00002PRCP99
0165581380999992000020206004+33330+118670FM-12+000299999V0201601N002019999999N0150001N1+00031-00731103241ADDAA199000091GF108991081001999999071999KA1999N-00561MD1710221+9999REMSYN070AAXX  02061 58138 32965 81602 10003 21073 40324 57022 8807/ 333 21056;EQDQ01  00002PRCP99
0124581380999992000020221004+33330+118670FM-12+000299999V0202501N001012200019N0060001N1-00271-00301103121ADDGF102991001001999999001021MD1710051+9999MW1101REMSYN066AAXX  02211 58138 41956 22501 11027 21030 40312 57005 71000 80002;
0174581380999992000020300004+33330+118670FM-12+000299999V0202901N001012200019N0050001N1-00301-00371103251ADDAA199000091GA1001+999999999GF100991001001999999001001MD1210131+0021MW1101REMSYN070AAXX  03001 58138 31950 02901 11030 21037 40325 52013 71000 333 05201;EQDQ01  00002PRCP99
0175581380999992000020306004+33330+118670FM-12+000299999V0200201N003012200019N0100001N1+00361-00721103141ADDAA199000091GA1001+999999999GF100991001001999999001001KA1999N-00391MD1710211+9999REMSYN064AAXX  03061 58138 32960 00203 10036 21072 40314 57021 333 21039;EQDQ01  00002PRCP99
0170581380999992000020400004+33330+118670FM-12+000299999V0200701N002019999999N0100001N1-00021-00321103191ADDAA199000091GF107991071001999999041999IA2999-00309MD1710011-0101REMSYN076AAXX  04001 58138 32960 70702 11002 21032 40319 57001 8704/ 333 05103 31039;EQDQ01  00002PRCP99
0165581380999992000020406004+33330+118670FM-12+000299999V0200701N003019999999N0120001N1+00291-00491102851ADDAA199000091GF108991081001999999071999KA1999N-00071MD1710361+9999REMSYN070AAXX  04061 58138 32962 80703 10029 21049 40285 57036 8807/ 333 21007;EQDQ01  00002PRCP99
0161581380999992000020421004+33330+118670FM-12+000299999V0200201N002019999999N0040001N1+00011+00011102551ADDAA124003891AY171031AY271031GF108991081001999999021999MD1710131+9999MW1701REMSYN076AAXX  04211 58138 41940 80202 10001 20001 40255 57013 77077 8802/ 333 70038;
0197581380999992000020500004+33330+118670FM-12+000299999V0203601N001010360019N0040001N1+00021+00021102641ADDAA106002091AY171061AY261061GF108991041051008001021999IA2999+00019MD1210081-0601MW1611REMSYN100AAXX  05001 58138 11540 83601 10002 20002 40264 52008 60021 76176 8452/ 333 05600 30001 70045 92501;
0172581380999992000020506004+33330+118670FM-12+000299999V0202901N003019999999N0050001N1+00081+00001102591ADDAA106000191AY161061GF108991081001999999021999KA1999N-00041MD1710101+9999MW1101REMSYN082AAXX  05061 58138 11950 82903 10008 20000 40259 57010 69921 71060 8802/ 333 21004;
0179581380999992000020600004+33330+118670FM-12+000299999V0209999C000012200019N0070001N1-00171-00301102661ADDAA124000391GA1001+999999999GF100991001001999999001001IA2999-00239MD1210081+0001MW1101REMSYN082AAXX  06001 58138 31957 00000 11017 21030 40266 52008 71000 333 00052 31023 70002;
0177581380999992000020606004+33330+118670FM-12+000299999V0209999C000010075019N0070001N1+00681+00211102391ADDAA199000091GF106991061051008001001001KA1999N-00201MD1710231+9999MW1101REMSYN076AAXX  06061 58138 31557 60000 10068 20021 40239 57023 71000 86500 333 21020;EQDQ01  00002PRCP99
0134581380999992000020621004+33330+118670FM-12+000299999V0201801N002012200019N0060001N1+00041-00101102161ADDGA1001+999999999GF100991001001999999001001MD1710131+9999MW1101REMSYN060AAXX  06211 58138 41956 01802 10004 21010 40216 57013 71000;
0192581380999992000020700004+33330+118670FM-12+000299999V0202501N004012200019N0070001N1+00121-00081102221ADDAA199000091GA1001+999999999GF100991001001999999001001IA2999-00309MD1210061-0401MW1101REMSYN076AAXX  07001 58138 31957 02504 10012 21008 40222 52006 71000 333 05403 31032;EQDQ01  00002PRCP99
0200581380999992000020706004+33330+118670FM-12+000299999V0203201N004010075019N0080001N1+00161-00291102501ADDAA199000091GF108991081051008001999999KA1240N-00141MD1210111+9999MW1101OA130601701REMSYN088AAXX  07061 58138 31558 83204 10016 21029 40250 52011 71000 885// 333 21014 91117 91532;EQDQ01  00002PRCP99
0134581380999992000020721004+33330+118670FM-12+000299999V0209999C000012200019N0080001N1-00391-00551102501ADDGA1001+999999999GF100991001001999999001001MD1710061+9999MW1101REMSYN060AAXX  07211 58138 41958 00000 11039 21055 40250 57006 71000;
0162581380999992000020800004+33330+118670FM-12+000299999V0202701N002012200019N0100001N1-00091-00481102761ADDAA199000091GA1001+999999999GF100991001001999999001001MD1210261+0051REMSYN064AAXX  08001 58138 32960 02702 11009 21048 40276 52026 333 00552;EQDQ01  00002PRCP99
0175581380999992000020806004+33330+118670FM-12+000299999V0200201N004012200019N0150001N1+00281-00721102871ADDAA199000091GA1001+999999999GF100991001001999999001001KA1999N-00481MD1710121+9999REMSYN064AAXX  08061 58138 32965 00204 10028 21072 40287 57012 333 21048;EQDQ01  00002PRCP99
0122581380999992000020821004+33330+118670FM-12+000299999V0200901N002012200019N0100001N1-00531-00641102821ADDGA1001+999999999GF100991001001999999001001MD1710091+9999REMSYN054AAXX  08211 58138 42960 00902 11053 21064 40282 57009;
0152581380999992000020900004+33330+118670FM-12+000299999V0201401N002012200019N0100001N1-00401-00531102851ADDAA199000091GF104991001001999999001021MD1210031+9999REMSYN070AAXX  09001 58138 32960 41402 11040 21053 40285 52003 80002 333 0015/;EQDQ01  00002PRCP99
0112581380999992000020921004+33330+118670FM-12+000299999V0201401N003019999999N0100001N1-00011-00231102081ADDGF108991081001999999071999MD1710161+9999REMSYN060AAXX  09211 58138 42960 81403 11001 21023 40208 57016 8807/;
0170581380999992000021000004+33330+118670FM-12+000299999V0201901N002019999999N0100001N1+00021-00041102161ADDAA199000091GF106991061001999999041001IA2999-00109MD1210081-0701REMSYN076AAXX  10001 58138 32960 61902 10002 21004 40216 52008 86040 333 05704 31013;EQDQ01  00002PRCP99
0175581380999992000021006004+33330+118670FM-12+000299999V0209999C000012200019N0120001N1+00921-00081101831ADDAA199000091GA1001+999999999GF100991001001999999001001KA1999N-00031MD1710281+9999REMSYN064AAXX  10061 58138 32962 00000 10092 21008 40183 57028 333 21003;EQDQ01  00002PRCP99
0134581380999992000021021004+33330+118670FM-12+000299999V0209999C000012200019N0080001N1+00111+00061102051ADDGA1001+999999999GF100991001001999999001001MD1210021+9999MW1101REMSYN060AAXX  10211 58138 41958 00000 10011 20006 40205 52002 71000;
0182581380999992000021100004+33330+118670FM-12+000299999V0209999C000019999999N0050001N1+00161-00011102211ADDAA199000091GF107991001001999999001021IA2999-00209MD1210161+0101MW1101REMSYN082AAXX  11001 58138 31950 70000 10016 21001 40221 52016 71000 80002 333 00101 31022;EQDQ01  00002PRCP99
0165581380999992000021106004+33330+118670FM-12+000299999V0201101N002012200019N0120001N1+01141+00041102181ADDAA199000091GF104991001001999999001021KA1999N+00061MD1710101+9999REMSYN070AAXX  11061 58138 32962 41102 10114 20004 40218 57010 80002 333 20006;EQDQ01  00002PRCP99
0134581380999992000021121004+33330+118670FM-12+000299999V0201101N003012200019N0070001N1+00061+00001101961ADDGA1001+999999999GF100991001001999999001001MD1710181+9999MW1101REMSYN060AAXX  11211 58138 41957 01103 10006 20000 40196 57018 71000;
0192581380999992000021200004+33330+118670FM-12+000299999V0200901N003012200019N0070001N1+00051-00061102081ADDAA199000091GA1001+999999999GF100991001001999999001001IA2999-00209MD1210111-0101MW1101REMSYN076AAXX  12001 58138 31957 00903 10005 21006 40208 52011 71000 333 05151 31023;EQDQ01  00002PRCP99
0175581380999992000021206004+33330+118670FM-12+000299999V0201401N005012200019N0120001N1+01271-00121101731ADDAA199000091GA1001+999999999GF100991001001999999001001KA1999N+00011MD1710371+9999REMSYN064AAXX  12061 58138 32962 01405 10127 21012 40173 57037 333 20001;EQDQ01  00002PRCP99
0134581380999992000021221004+33330+118670FM-12+000299999V0200901N004012200019N0060001N1+00171+00171101741ADDGA1001+999999999GF100991001001999999001001MD1710171+9999MW1001REMSYN060AAXX  12211 58138 41956 00904 10017 20017 40174 57017 7000/;
0182581380999992000021300004+33330+118670FM-12+000299999V0200901N005019999999N0060001N1+00361+00291101851ADDAA199000091GF107991071001999999041999IA2999+00009MD1210111-0201MW1101REMSYN082AAXX  13001 58138 31956 70905 10036 20029 40185 52011 71000 8704/ 333 05203 30000;EQDQ01  00002PRCP99
0172581380999992000021306004+33330+118670FM-12+000299999V0200401N003010360019N0060001N1+00631+00471101721ADDAA106000191AY161061GF108991021051008001071999KA1999N+00171MD1710141+9999MW1601REMSYN082AAXX  13061 58138 11556 80403 10063 20047 40172 57014 69911 76060 8257/ 333 20017;
0145581380999992000021321004+33330+118670FM-12+000299999V0209999C000019999999N0080001N1+00401+00221102041ADDAA124000891GF108991081001999999071999MD1710031+9999MW1101REMSYN076AAXX  13211 58138 41958 80000 10040 20022 40204 57003 71000 8807/ 333 70007;
0169581380999992000021400004+33330+118670FM-12+000299999V0200201N003019999999N0060001N1+00381+00231102401ADDAA124000891GF108991081001999999071999IA2999-00079MD1210351+0501MW1101REMSYN088AAXX  14001 58138 31956 80203 10038 20023 40240 52035 71000 8807/ 333 00500 31007 70007;
0193581380999992000021406004+33330+118670FM-12+000299999V0203401N003019999999N0070001N1+00581+00031102331ADDAA199000091GF108991999001999999041001KA1999N+00161MD1710161+9999MW1101REMSYN076AAXX  14061 58138 31957 83403 10058 20003 40233 57016 71000 84040 333 20016;EQDQ01+000042SCOTLCQ02  00002PRCP99
0112581380999992000021421004+33330+118670FM-12+000299999V0209999C000019999999N0100001N1-00041-00191102741ADDGF107991071001999999041999MD1210011+9999REMSYN060AAXX  14211 58138 42960 70000 11004 21019 40274 52001 8704/;
0180581380999992000021500004+33330+118670FM-12+000299999V0209999C000012200019N0100001N1-00091-00241102851ADDAA199000091GA1001+999999999GF100991001001999999001001IA2999-00309MD1210101+0401REMSYN070AAXX  15001 58138 32960 00000 11009 21024 40285 52010 333 00455 31033;EQDQ01  00002PRCP99
0175581380999992000021506004+33330+118670FM-12+000299999V0209999C000012200019N0150001N1+00651-00381102671ADDAA199000091GA1001+999999999GF100991001001999999001001KA1999N-00161MD1710241+9999REMSYN064AAXX  15061 58138 32965 00000 10065 21038 40267 57024 333 21016;EQDQ01  00002PRCP99
0122581380999992000021521004+33330+118670FM-12+000299999V0201101N002012200019N0100001N1-00211-00641102601ADDGA1001+999999999GF100991001001999999001001MD1710091+9999REMSYN054AAXX  15211 58138 42960 01102 11021 21064 40260 57009;
0152581380999992000021600004+33330+118670FM-12+000299999V0201601N002012200019N0100001N1-00201-00291102691ADDAA199000091GF104991001001999999001021MD1210081+0021REMSYN070AAXX  16001 58138 32960 41602 11020 21029 40269 52008 80002 333 05251;EQDQ01  00002PRCP99
0165581380999992000021606004+33330+118670FM-12+000299999V0201401N003019999999N0150001N1+00651-00831102491ADDAA199000091GF107991001001999999001021KA1999N-00291MD1710211+9999REMSYN070AAXX  16061 58138 32965 71403 10065 21083 40249 57021 80002 333 21029;EQDQ01  00002PRCP99
0192581380999992000021700004+33330+118670FM-12+000299999V0209999C000012200019N0030001N1-00101-00221102701ADDAA199000091GA1001+999999999GF100991001001999999001001IA2999-00409MD1210061+0001MW1101REMSYN076AAXX  17001 58138 31930 00000 11010 21022 40270 52006 71000 333 00001 31040;EQDQ01  00002PRCP99
0165581380999992000021706004+33330+118670FM-12+000299999V0201401N003019999999N0100001N1+01001+00131102471ADDAA199000091GF107991001001999999001021KA1999N-00191MD1710141+9999REMSYN070AAXX  17061 58138 32960 71403 10100 20013 40247 57014 80002 333 21019;EQDQ01  00002PRCP99
0112581380999992000021721004+33330+118670FM-12+000299999V0200701N004019999999N0100001N1+00201+00041999999ADDGF106991061001999999041001MD1710271+9999REMSYN060AAXX  17211 58138 42960 60704 10020 20004 4/202 57027 86040;
0170581380999992000021800004+33330+118670FM-12+000299999V0200901N006019999999N0120001N1+00351+00111102001ADDAA199000091GF108991081001999999071999IA2999+00009MD1710031-0701REMSYN076AAXX  18001 58138 32962 80906 10035 20011 40200 57003 8807/ 333 05705 31003;EQDQ01  00002PRCP99
0172581380999992000021806004+33330+118670FM-12+000299999V0200901N007010042019N0080001N1+00531+00481101571ADDAA106006191AY161061GF108991071071004501021999KA1999N+00131MD1710431+9999MW1611REMSYN082AAXX  18061 58138 11458 80907 10053 20048 40157 57043 60061 76160 8772/ 333 20013;
0161581380999992000021821004+33330+118670FM-12+000299999V0200701N005010042019N0080001N1+00381+00361101461ADDAA124015591AY161031AY261031GF108991071071004501021999MD1710011+9999MW1611REMSYN076AAXX  18211 58138 41458 80705 10038 20036 40146 57001 76166 8772/ 333 70156;
0191581380999992000021900004+33330+118670FM-12+000299999V0200701N006010042019N0100001N1+00331+00251101531ADDAA106001091AY161061AY261061GF108991071071004501021999IA2999+00359MD1210071-0501MW1601REMSYN094AAXX  19001 58138 11460 80706 10033 20025 40153 52007 60011 76066 8772/ 333 05500 30035 70160;
0180581380999992000021906004+33330+118670FM-12+000299999V0203601N003010042019N0050001N1+00411+00341101691ADDAA106002091AY161061AY261061GF108991071071004501021999KA1999N+00311MD1710101+9999MW1611REMSYN082AAXX  19061 58138 11450 83603 10041 20034 40169 57010 60021 76166 8772/ 333 20031;
0116581380999992000021921004+33330+118670FM-12+000299999V0209999C000010360019N0100001N1+00261+00161102101ADDGF108991031051008001071999MD1710081+9999REMSYN064AAXX  19211 58138 42560 80000 10026 20016 40210 57008 8357/ 333;
0175581380999992000022000004+33330+118670FM-12+000299999V0209999C000010075019N0080001N1+00271+00221102271ADDAA106000791GF108991051051008001021999IA2999+00089MD1210171+0701MW1601REMSYN094AAXX  20001 58138 11558 80000 10027 20022 40227 52017 69901 76000 8552/ 333 00751 30008 70053;
0172581380999992000022006004+33330+118670FM-12+000299999V0200201N003019999999N0100001N1+00471-00141102281ADDAA106000791AY161061GF106991001001999999001021KA1999N+00161MD1710081+9999MW1001REMSYN082AAXX  20061 58138 11960 60203 10047 21014 40228 57008 69901 70060 80002 333 20016;
0144581380999992000022021004+33330+118670FM-12+000299999V0209999C000012200019N0100001N1-00041-00191999999ADDAY111031AY221031GA1001+999999999GF100991001001999999001001MD1719999+9999MW1001REMSYN054AAXX  20211 58138 42960 00000 11004 21019 57/04 70012;
0149581380999992000022100004+33330+118670FM-12+000299999V0209999C000012200019N0100001N1-00021-00171102681ADDAA124000791GA1001+999999999GF100991001001999999001001MD1210101+0401REMSYN070AAXX  21001 58138 32960 00000 11002 21017 40268 52010 333 00453 79999;
0165581380999992000022106004+33330+118670FM-12+000299999V0200701N003019999999N0150001N1+00621-00241102361ADDAA199000091GF107991001001999999001021KA1999N-00151MD1710331+9999REMSYN070AAXX  21061 58138 32965 70703 10062 21024 40236 57033 80002 333 21015;EQDQ01  00002PRCP99
0122581380999992000022121004+33330+118670FM-12+000299999V0203601N002012200019N0100001N1+00001-00211102501ADDGA1001+999999999GF100991001001999999001001MD1710011+9999REMSYN054AAXX  21211 58138 42960 03602 10000 21021 40250 57001;
0180581380999992000022200004+33330+118670FM-12+000299999V0200701N003012200019N0120001N1+00061-00111102491ADDAA199000091GA1001+999999999GF100991001001999999001001IA2999-00109MD1710011-0201REMSYN070AAXX  22001 58138 32962 00703 10006 21011 40249 57001 333 05201 31017;EQDQ01  00002PRCP99
0165581380999992000022206004+33330+118670FM-12+000299999V0201101N003010075019N0200001N1+00741+00051102341ADDAA199000091GF105991051011008001001001KA1999N-00031MD1710201+9999REMSYN070AAXX  22061 58138 32570 51103 10074 20005 40234 57020 85100 333 21003;EQDQ01  00002PRCP99
0165581380999992000022306004+33330+118670FM-12+000299999V0200701N003019999999N0200001N1+00881-00081102531ADDAA199000091GF107991001001999999001021KA1999N+00021MD1710091+9999REMSYN070AAXX  23061 58138 32970 70703 10088 21008 40253 57009 80002 333 20002;EQDQ01  00002PRCP99
0124581380999992000022321004+33330+118670FM-12+000299999V0200701N003019999999N0070001N1+00171+00121102991ADDGF107991071001999999041999MD1210061+9999MW1101REMSYN066AAXX  23211 58138 41957 70703 10017 20012 40299 52006 71000 8704/;
0192581380999992000022400004+33330+118670FM-12+000299999V0200401N004012200019N0080001N1+00231+00071103251ADDAA199000091GA1001+999999999GF100991001001999999001001IA2999+00009MD1210261+0701MW1101REMSYN076AAXX  24001 58138 31958 00404 10023 20007 40325 52026 71000 333 00701 30005;EQDQ01  00002PRCP99
0165581380999992000022406004+33330+118670FM-12+000299999V0200401N005019999999N0250001N1+00681-00541103061ADDAA199000091GF107991001001999999001021KA1999N+00141MD1710271+9999REMSYN070AAXX  24061 58138 32975 70405 10068 21054 40306 57027 80002 333 20014;EQDQ01  00002PRCP99
0112581380999992000022421004+33330+118670FM-12+000299999V0200901N002012200019N0100001N1-00041-00191102931ADDGF103991031001999999041001MD1710191+9999REMSYN060AAXX  24211 58138 42960 30902 11004 21019 40293 57019 83040;
0170581380999992000022500004+33330+118670FM-12+000299999V0200701N001019999999N0150001N1+00031-00181103031ADDAA199000091GF106991001001999999001021IA2999-00209MD1210091-0201REMSYN076AAXX  25001 58138 32965 60701 10003 21018 40303 52009 80002 333 05252 31028;EQDQ01  00002PRCP99
0165581380999992000022506004+33330+118670FM-12+000299999V0201601N004019999999N0250001N1+00741-00611102531ADDAA199000091GF107991001001999999001021KA1999N-00141MD1710381+9999REMSYN070AAXX  25061 58138 32975 71604 10074 21061 40253 57038 80002 333 21014;EQDQ01  00002PRCP99
0122581380999992000022521004+33330+118670FM-12+000299999V0202901N003012200019N0100001N1+00101-00331102551ADDGA1001+999999999GF100991001001999999001001MD1710031+9999REMSYN054AAXX  25211 58138 /2960 02903 10010 21033 40255 57003;
0175581380999992000022606004+33330+118670FM-12+000299999V0202701N005012200019N0150001N1+01061-01171102521ADDAA199000091GA1001+999999999GF100991001001999999001001KA1999N+00031MD1710201+9999REMSYN064AAXX  26061 58138 32965 02705 10106 21117 40252 57020 333 20003;EQDQ01  00002PRCP99
0112581380999992000022621004+33330+118670FM-12+000299999V0201601N001012200019N0120001N1+99999+99999102521ADDGF103991001001999999001021MD1710031+9999REMSYN060AAXX  26211 58138 42962 31601 1/013 21026 40252 57003 80002;
0180581380999992000022700004+33330+118670FM-12+000299999V0209999C000012200019N0120001N1+00311-00211102631ADDAA199000091GA1001+999999999GF100991001001999999001001IA2999-00309MD1210111+0001REMSYN070AAXX  27001 58138 32962 00000 10031 21021 40263 52011 333 00002 31039;EQDQ01  00002PRCP99
0165581380999992000022706004+33330+118670FM-12+000299999V0202501N005019999999N0150001N1+01331-00561102361ADDAA199000091GF106991061001999999041001KA1999N+00021MD1710231+9999REMSYN070AAXX  27061 58138 32965 62505 10133 21056 40236 57023 86040 333 20002;EQDQ01  00002PRCP99
0133581380999992000022721004+33330+118670FM-12+000299999V0200201N004019999999N0100001N1+00461+00101102631ADDGF107991001001999999001021REMSYN060AAXX  27211 58138 42960 70204 10046 20010 40263 5200/ 80002;EQDQ01+000022APCTENQ02+000002APC3  
0180581380999992000022800004+33330+118670FM-12+000299999V0200701N003012200019N0120001N1+00381+00001102981ADDAA199000091GA1001+999999999GF100991001001999999001001IA2999+00009MD1210341+0401REMSYN070AAXX  28001 58138 32962 00703 10038 20000 40298 52034 333 00401 30004;EQDQ01  00002PRCP99
0165581380999992000022806004+33330+118670FM-12+000299999V0200401N007012200019N0150001N1+00981-00031103091ADDAA199000091GF102991021011008001001001KA1999N+00221MD1710061+9999REMSYN070AAXX  28061 58138 32565 20407 10098 21003 40309 57006 82100 333 20022;EQDQ01  00002PRCP99
0122581380999992000022821004+33330+118670FM-12+000299999V0200701N002012200019N0100001N1-00171-00361103471ADDGA1001+999999999GF100991001001999999001001MD1710031+9999REMSYN054AAXX  28211 58138 42960 00702 11017 21036 40347 57003;
0180581380999992000022900004+33330+118670FM-12+000299999V0209999C000012200019N0120001N1-00021-00171103531ADDAA199000091GA1001+999999999GF100991001001999999001001IA2999-00409MD1210061+0501REMSYN070AAXX  29001 58138 32962 00000 11002 21017 40353 52006 333 00554 31049;EQDQ01  00002PRCP99
0175581380999992000022906004+33330+118670FM-12+000299999V0201401N002012200019N0250001N1+00821-00431103141ADDAA199000091GA1001+999999999GF100991001001999999001001KA1999N-00231MD1710341+9999REMSYN064AAXX  29061 58138 32975 01402 10082 21043 40314 57034 333 21023;EQDQ01  00002PRCP99
0122581380999992000022921004+33330+118670FM-12+000299999V0200901N002012200019N0100001N1-00051-00201102921ADDGA1001+999999999GF100991001001999999001001MD1710061+9999REMSYN054AAXX  29211 58138 42960 00902 11005 21020 40292 57006;
0174581380999992000030100004+33330+118670FM-12+000299999V0201101N002012200019N0060001N1+00031-00151103051ADDAA199000091GA1001+999999999GF100991001001999999001001MD1210121+0051MW1101REMSYN070AAXX  01001 58138 31956 01102 10003 21015 40305 52012 71000 333 05501;EQDQ01  00002PRCP99
0165581380999992000030106004+33330+118670FM-12+000299999V0201401N004012200019N0150001N1+01221-00511102651ADDAA199000091GF104991001001999999001021KA1999N-00121MD1710301+9999REMSYN070AAXX  01061 58138 32965 41404 10122 21051 40265 5703/ 80002 333 21012;EQDQ01  00002PRCP99
0192581380999992000030200004+33330+118670FM-12+000299999V0200701N002012200019N0005001N1-00101-00101102621ADDAA199000091GA1001+999999999GF100991001001999999001001IA2999-00309MD1210071-0401MW1461REMSYN076AAXX  02001 58138 31905 00702 11010 21010 40262 52007 74600 333 05451 31031;EQDQ01  00002PRCP99
0195581380999992000031406004+33330+118670FM-12+000299999V0201101N006012200019N0200001N1+01561-00101102061ADDAA199000091AY141061GA1001+999999999GF100991001001999999001001KA1999N+00401MD1710251+9999MW1001REMSYN070AAXX  14061 58138 31970 01106 10156 21010 40206 57025 70040 333 20040;EQDQ01  00002PRCP99
0165581380999992000031500004+33330+118670FM-12+000299999V0200901N001010360019N0080001N1+00851+00721101451ADDAA106000791AY161061GF108991021051008001021999MD1710021-0901MW1601REMSYN088AAXX  15001 58138 11558 80901 10085 20072 40145 57002 69901 76060 8252/ 333 05903 79999;
0175581380999992000032406004+33330+118670FM-12+000299999V0209999C000012200019N0200001N1+01511-00201102451ADDAA199000091GA1001+999999999GF100991001001999999001001KA1999N+00431MD1710141+9999REMSYN064AAXX  24061 58138 32970 00000 10151 21020 40245 57014 333 20043;EQDQ01  00002PRCP99
0122581380999992000032421004+33330+118670FM-12+000299999V0201601N002012200019N0100001N1+00601+00201102301ADDGA1001+999999999GF100991001001999999001001MD1710111+9999REMSYN054AAXX  24211 58138 42960 01602 10060 20020 4023/ 57011;
0170581380999992000032500004+33330+118670FM-12+000299999V0201601N002019999999N0100001N1+00851+00391102441ADDAA199000091GF107991001001999999001021IA2999+00309MD1210111-0201REMSYN076AAXX  25001 58138 32960 71602 10085 20039 40244 52011 80002 333 05200 30036;EQDQ01  00002PRCP99
0165581380999992000032506004+33330+118670FM-12+000299999V0202501N002019999999N0150001N1+01881+00121102121ADDAA199000091GF106991061001999999041001KA1999N+00571MD1710271+9999REMSYN070AAXX  25061 58138 32965 62502 10188 20012 40212 57027 86040 333 20057;EQDQ01  00002PRCP99
0180581380999992000032600004+33330+118670FM-12+000299999V0202501N001012200019N0150001N1+01211+00121102151ADDAA199000091GA1001+999999999GF100991001001999999001001IA2999+00209MD1210051-0301REMSYN070AAXX  26001 58138 32965 02501 10121 20012 40215 52005 333 05304 30022;EQDQ01  00002PRCP99
0175581380999992000032606004+33330+118670FM-12+000299999V0202501N007012200019N0200001N1+02231-00011101691ADDAA199000091GA1001+999999999GF100991001001999999001001KA1999N+00681MD1710391+9999REMSYN064AAXX  26061 58138 32970 02507 10223 21001 40169 57039 333 20068;EQDQ01  00002PRCP99
0122581380999992000032621004+33330+118670FM-12+000299999V0200901N001012200019N0100001N1+01151+00361101031ADDGA1001+999999999GF100991001001999999001001MD1710241+9999REMSYN054AAXX  26211 58138 42960 00901 10115 20036 40103 57024;
0152581380999992000032700004+33330+118670FM-12+000299999V0201801N007019999999N0150001N1+01561+00431100901ADDAA199000091GF105991051001999999041001MD1710131+0121REMSYN070AAXX  27001 58138 32965 51807 10156 20043 40090 57013 85040 333 06204;EQDQ01  00002PRCP99
0188581380999992000032706004+33330+118670FM-12+000299999V0202701N012019999999N0150001N1+02351+00291100341ADDAA199000091GF105991051001999999041001KA1240N+00811MD1710241+9999OA130602101REMSYN082AAXX  27061 58138 32965 52712 10235 20029 40034 57024 85040 333 20081 91121 91520;EQDQ01  00002PRCP99
0133581380999992000032721004+33330+118670FM-12+000299999V0202901N007019999999N0100001N1+01261-00411101201ADDAA124000791GF106991061001999999041999MD1210261+9999REMSYN070AAXX  27211 58138 42960 62907 10126 21041 40120 52026 8604/ 333 79999;
0149581380999992000032800004+33330+118670FM-12+000299999V0203201N006012200019N0150001N1+01161-00311101651ADDAA124000791GA1001+999999999GF100991001001999999001001MD1210441+0701REMSYN070AAXX  28001 58138 32965 03206 10116 21031 40165 52044 333 00754 79999;
0181581380999992000032806004+33330+118670FM-12+000299999V0202701N007012200019N0200001N1+01611-01301101701ADDAA199000091GA1001+999999999GF100991001001999999001001KA1240N+00711MD1710061+9999REMSYN070AAXX  28061 58138 32970 02707 10161 21130 40170 57006 333 20071 91117;EQDQ01  00002PRCP99
0180581380999992000032900004+33330+118670FM-12+000299999V0209999C000012200019N0100001N1+00851-00051102481ADDAA199000091GA1001+999999999GF100991001001999999001001IA2999-00109MD1210151+0801REMSYN070AAXX  29001 58138 32960 00000 10085 21005 40248 52015 333 00853 31015;EQDQ01  00002PRCP99
0175581380999992000032906004+33330+118670FM-12+000299999V0209999C000012200019N0300001N1+01861-00411102151ADDAA199000091GA1001+999999999GF100991001001999999001001KA1999N+00291MD1710291+9999REMSYN064AAXX  29061 58138 32980 00000 10186 21041 40215 57029 333 20029;EQDQ01  00002PRCP99
0122581380999992000032921004+33330+118670FM-12+000299999V0201101N003012200019N0100001N1+00971+00151101281ADDGA1001+999999999GF100991001001999999001001MD1710171+9999REMSYN054AAXX  29211 58138 42960 01103 10097 20015 40128 57017;
0162581380999992000033000004+33330+118670FM-12+000299999V0201401N004012200019N0120001N1+01141+00291101261ADDAA199000091GA1001+999999999GF100991001001999999001001MD1710031+0121REMSYN064AAXX  30001 58138 32962 01404 10114 20029 40126 57003 333 06203;EQDQ01  00002PRCP99
0169581380999992000033006004+33330+118670FM-12+000299999V0201601N005012200019N0300001N1+02451+99999100731ADDAA199000091GA1001+999999999GF100991001001999999001001KA1999N+00881MD1710321+9999REMSYN058AAXX  30061 58138 32980 01605 10245 40073 57032 333 20088;EQDQ01  00002PRCP99
0122581380999992000033021004+33330+118670FM-12+000299999V0202501N001012200019N0100001N1+01641+00931100551ADDGA1001+999999999GF100991001001999999001001MD1210021+9999REMSYN054AAXX  30211 58138 42960 02501 10164 20093 40055 52002;
0162581380999992000033100004+33330+118670FM-12+000299999V0202501N002012200019N0120001N1+01801+01081100801ADDAA199000091GA1001+999999999GF100991001001999999001001MD1210251+0041REMSYN064AAXX  31001 58138 32962 02502 10180 20108 40080 52025 333 05407;EQDQ01  00002PRCP99
0165581380999992000033106004+33330+118670FM-12+000299999V0200701N008019999999N0150001N1+02041+00771100991ADDAA199000091GF108991001001999999001071KA1999N+01581MD1410001+9999REMSYN070AAXX  31061 58138 32965 80708 10204 20077 40099 54000 80007 333 20158;EQDQ01  00002PRCP99
0112581380999992000033121004+33330+118670FM-12+000299999V0200901N007019999999N0100001N1+01111+00281101731ADDGF108991081001999999071999MD1210031+9999REMSYN060AAXX  31211 58138 42960 80907 10111 20028 40173 52003 8807/;
0140581380999992000040100004+33330+118670FM-12+000299999V0200901N007019999999N0200001N1+01101+00141999999ADDAA199000091GF108991081001999999071999MD1999999+0101REMSYN058AAXX  01001 58138 32970 80907 1011/ 20014 8807/ 333 01057;EQDQ01  00002PRCP99
0164581380999992000040106004+33330+118670FM-12+000299999V0201101N010019999999N0250001N1+01641-00171101511ADDAA199000091GF107991071001999999041999KA1999N+00891MD1710301+9999REMSYN069AAXX  01061 58138 32975 71110 10164 21017 40151 57030 8704/333 20089;EQDQ01  00002PRCP99
0112581380999992000040121004+33330+118670FM-12+000299999V0209999C000019999999N0100001N1+01141+00961101501ADDGF108991081001999999071999MD1210061+9999REMSYN060AAXX  01211 58138 42960 80000 10114 20096 40150 52006 8807/;
0165581380999992000040200004+33330+118670FM-12+000299999V0200401N003010075019N0090001N1+01091+01011101621ADDAA106000191AY161061GF108991051051008001021999MD1210121-0201MW1601REMSYN088AAXX  02001 58138 11559 80403 10109 20101 40162 52012 69911 76060 8552/ 333 05251 70001;
0172581380999992000040206004+33330+118670FM-12+000299999V0200701N005010075019N0070001N1+01081+01061101721ADDAA106000191AY161061GF108991071051008001021999KA1999N+01031MD1710051+9999MW1601REMSYN082AAXX  02061 58138 11557 80705 10108 20106 40172 57005 69911 76060 8752/ 333 20103;
0133581380999992000040221004+33330+118670FM-12+000299999V0200201N003019999999N0100001N1+00871+00631101831ADDAA124000391GF108991081001999999071999MD1710141+9999REMSYN070AAXX  02211 58138 42960 80203 10087 20063 40183 57014 8807/ 333 70003;
0139581380999992000040300004+33330+118670FM-12+000299999V0200701N002019999999N0120001N1+00861+00621101971ADDAA124000391GF106991061001999999041001MD1210131+0301REMSYN076AAXX  03001 58138 32962 60702 10086 20062 40197 52013 86040 333 00352 70002;
0165581380999992000040306004+33330+118670FM-12+000299999V0201101N003010075019N0150001N1+01481+01171101781ADDAA199000091GF108991081051008001999999KA1999N+00771MD1710171+9999REMSYN070AAXX  03061 58138 32565 81103 10148 20117 40178 57017 885// 333 20077;EQDQ01  00002PRCP99
0153581380999992000040321004+33330+118670FM-12+000299999V0200701N003019999999N0070001N1+01211+01191101411ADDAA124000191AY161031GF108991081001999999021999MD1710121+9999MW1601REMSYN076AAXX  03211 58138 41957 80703 10121 20119 40141 57012 76060 8802/ 333 70001;
0172581380999992000040406004+33330+118670FM-12+000299999V02099999999990075019N0150001N1+01501+01261101381ADDAA106000191AY161061GF108991051051008001021999KA1999N+01101MD1710101+9999MW1001REMSYN082AAXX  04061 58138 11565 80/00 10150 20126 40138 57010 69911 70060 8552/ 333 20110;
