0180588460999992000010100004+26520+119530FM-12+008599999V0209999C000012200019N0150001N1+00961+00681102131ADDAA106000091GA1001+999999999GF100991001001999999001001IA2999+00209MD1210021-0201REMSYN070AAXX  01001 58846 32965 00000 10096 20068 40213 52002 333 05200 30025;EQDQ01  00002PRCP06
0175588460999992000010106004+26520+119530FM-12+008599999V0201401N003012200019N0150001N1+01921+00871101611ADDAA106000091GA1001+999999999GF100991001001999999001001KA1999N+00851MD1710401+9999REMSYN064AAXX  01061 58846 32965 01403 10192 20087 40161 57040 333 20085;EQDQ01  00002PRCP06
0096588460999992000010121004+26520+119530FM-12+008599999V02099999999992200019N0120001N1+01131+00871999999ADDGA1001+999999999GF100991001001999999001001REMSYN042AAXX  01211 58846 ///62 00/00 10113 20087;
0162588460999992000010200004+26520+119530FM-12+008599999V0209999C000012200019N0120001N1+01161+00831102101ADDAA106000091GA1001+999999999GF100991001001999999001001MD1210101+0001REMSYN064AAXX  02001 58846 32962 00000 10116 20083 40210 52010 333 00002;EQDQ01  00002PRCP06
0175588460999992000010206004+26520+119530FM-12+008599999V0201101N002012200019N0180001N1+02301+00731101691ADDAA106000091GA1001+999999999GF100991001001999999001001KA1999N+01061MD1710331+9999REMSYN064AAXX  02061 58846 32968 01102 10230 20073 40169 57033 333 20106;EQDQ01  00002PRCP06
0112588460999992000010221004+26520+119530FM-12+008599999V0209999C000010120019N0100001N1+01151+00911102261ADDGF108991081051012501999999MD1710051+9999REMSYN060AAXX  02211 58846 42660 80000 10115 20091 40226 57005 885//;
0152588460999992000010300004+26520+119530FM-12+008599999V0209999C000010075019N0100001N1+01141+00901999999ADDAA106000091GF108991081051008001999999MD1210051+0021REMSYN070AAXX  03001 58846 32560 80000 10114 20090 4/231 52005 885// 333 00200;EQDQ01  00002PRCP06
0175588460999992000010306004+26520+119530FM-12+008599999V0201801N001012200019N0100001N1+01751+00741101871ADDAA106000091GA1001+999999999GF100991001001999999001001KA1999N+01131MD1710341+9999REMSYN064AAXX  03061 58846 32960 01801 10175 20074 40187 57034 333 20113;EQDQ01  00002PRCP06
0122588460999992000010321004+26520+119530FM-12+008599999V0209999C000012200019N0100001N1+01051+00851102001ADDGA1001+999999999GF100991001001999999001001MD1710071+9999REMSYN054AAXX  03211 58846 42960 00000 10105 20085 40200 57007;
0162588460999992000010400004+26520+119530FM-12+008599999V0209999C000012200019N0100001N1+01041+00831102091ADDAA106000091GA1001+999999999GF100991001001999999001001MD1210091+0021REMSYN064AAXX  04001 58846 32960 00000 10104 20083 40209 52009 333 05251;EQDQ01  00002PRCP06
0165588460999992000010406004+26520+119530FM-12+008599999V0201401N001012200019N0120001N1+01901+01121101711ADDAA106000091GF101991011051012501001001KA1999N+00981MD1710321+9999REMSYN070AAXX  04061 58846 32662 11401 10190 20112 40171 57032 81500 333 20098;EQDQ01  00002PRCP06
0112588460999992000010421004+26520+119530FM-12+008599999V0209999C000010120019N0100001N1+01281+01091101591ADDGF107991071051012501999999MD1710101+9999REMSYN060AAXX  04211 58846 42660 70000 10128 20109 40159 57010 875//;
0152588460999992000010500004+26520+119530FM-12+008599999V0209999C000010360019N0100001N1+01281+01091101671ADDAA106000091GF107991031051012501041021MD1210081+0041REMSYN070AAXX  05001 58846 32660 70000 10128 20109 40167 52008 83542 333 05402;EQDQ01  00002PRCP06
0172588460999992000010506004+26520+119530FM-12+008599999V0209999C000010120019N0100001N1+01721+01271101341ADDAA106000791AY181061GF106991061051012501001001KA1999N+01171MD1710371+9999MW1001REMSYN082AAXX  05061 58846 11660 60000 10172 20127 40134 57037 69901 70080 86500 333 20117;
0133588460999992000010521004+26520+119530FM-12+008599999V0209999C000010120019N0100001N1+01401+01221101611ADDAA124000791GF107991071051012501999999MD1710021+9999REMSYN070AAXX  05211 58846 42660 70000 10140 20122 40161 57002 875// 333 79999;
0170588460999992000010600004+26520+119530FM-12+008599999V0209999C000010360019N0080001N1+01391+01221101751ADDAA106000091GF107991021051012501031999MD1210131+0101MW1101REMSYN082AAXX  06001 58846 31658 70000 10139 20122 40175 52013 71000 8253/ 333 00101 79999;EQDQ01  00002PRCP06
0165588460999992000010606004+26520+119530FM-12+008599999V0201101N003010120019N0120001N1+01941+01161101571ADDAA106000091GF107991051051012501031999KA1999N+01341MD1710231+9999REMSYN070AAXX  06061 58846 32662 71103 10194 20116 40157 57023 8553/ 333 20134;EQDQ01  00002PRCP06
0161588460999992000010621004+26520+119530FM-12+008599999V0209999C000010042019N0080001N1+01071+00991102191ADDAA124005391AY161031AY261031GF108991081051004501999999MD1210011+9999MW1601REMSYN076AAXX  06211 58846 41458 80000 10107 20099 40219 52001 76066 885// 333 70054;
0173588460999992000010700004+26520+119530FM-12+008599999V0209999C000010042019N0150001N1+01121+01001102391ADDAA106000591AY161061AY261061GF108991081051004501999999MD1210201+0601MW1601REMSYN088AAXX  07001 58846 11465 80000 10112 20100 40239 52020 69961 76066 885// 333 00653 70058;
0172588460999992000010706004+26520+119530FM-12+008599999V0209999C000010042019N0080001N1+01031+00891102271ADDAA106000191AY161061GF108991081051004501999999KA1999N+01021MD1710241+9999MW1601REMSYN082AAXX  07061 58846 11458 80000 10103 20089 40227 57024 69921 76060 885// 333 20102;
0139588460999992000010721004+26520+119530FM-12+008599999V0209999C000019999999N9999999N1+01071+00931102061ADDAA124001391GF108991081051999999999999MD1710121+9999REMSYN076AAXX  07211 58846 ///// 80000 10107 20093 40206 57012 71000 885// 333 70013;
0158588460999992000010800004+26520+119530FM-12+008599999V0209999C000010075019N0100001N1+01101+00941102121ADDAA106000091GF108991081051008001999999MD1210061-0301REMSYN076AAXX  08001 58846 32560 80000 10110 20094 40212 52006 885// 333 05300 70009;EQDQ01  00002PRCP06
0165588460999992000010806004+26520+119530FM-12+008599999V0209999C000010075019N0100001N1+01411+01111101711ADDAA106000091GF108991081051008001999999KA1999N+01021MD1710351+9999REMSYN070AAXX  08061 58846 32560 80000 10141 20111 40171 57035 885// 333 20102;EQDQ01  00002PRCP06
0155588460999992000010821004+26520+119530FM-12+008599999V0209999C000012200019N0050001N1+01271+01231101551ADDAA124000791GA1001+999999999GF100991001001999999001001MD1710041+9999MW1101REMSYN070AAXX  08211 58846 41950 00000 10127 20123 40155 57004 71000 333 79999;
0158588460999992000010900004+26520+119530FM-12+008599999V0209999C000019999999N0120001N1+01301+01231101661ADDAA106000091GF107991071001999999031999MD1210111-0501REMSYN076AAXX  09001 58846 32962 70000 10130 20123 40166 52011 8703/ 333 05502 79999;EQDQ01  00002PRCP06
0145588460999992000010921004+26520+119530FM-12+008599999V0209999C000010075019N0100001N1+01511+01391101961ADDAA124000791GF108991081051008001999999MD1210011+9999MW1601REMSYN076AAXX  09211 58846 41560 80000 10151 20139 40196 52001 76000 885// 333 79999;
0165588460999992000011000004+26520+119530FM-12+008599999V0209999C000010075019N0080001N1+01461+01281102121ADDAA106000791AY161061GF108991081051008001999999MD1210151+0501MW1601REMSYN088AAXX  10001 58846 11558 80000 10146 20128 40212 52015 69901 76060 885// 333 00502 79999;
0172588460999992000011006004+26520+119530FM-12+008599999V0201101N002010042019N0060001N1+01251+01171102111ADDAA106000891AY161061GF108991081051004501999999KA1999N+01241MD1710091+9999MW1601REMSYN082AAXX  10061 58846 11456 81102 10125 20117 40211 57009 69981 76060 885// 333 20124;
0133588460999992000011021004+26520+119530FM-12+008599999V0209999C000010120019N0100001N1+01271+01141102011ADDAA124001391GF108991081051012501999999MD1710131+9999REMSYN070AAXX  10211 58846 42660 80000 10127 20114 40201 57013 885// 333 70013;
0158588460999992000011100004+26520+119530FM-12+008599999V0209999C000010075019N0120001N1+01321+01171102081ADDAA106000091GF108991081051008001999999MD1210071+0001REMSYN076AAXX  11001 58846 32562 80000 10132 20117 40208 52007 885// 333 00051 70013;EQDQ01  00002PRCP06
0165588460999992000011106004+26520+119530FM-12+008599999V0209999C000010075019N0100001N1+01621+01261101651ADDAA106000091GF107991071051008001999999KA1999N+01181MD1710361+9999REMSYN070AAXX  11061 58846 32560 70000 10162 20126 40165 57036 875// 333 20118;EQDQ01  00002PRCP06
0128588460999992000011121004+26520+119530FM-12+008599999V0209999C001012200019N0050001N1+01221+01201999999ADDGA1001+999999999GF100991001001999999001001MD1710101+9999MW1101REMSYN054AAXX  11211 58846 41950 00001 10122 2012/ 57010 71000;
0172588460999992000011206004+26520+119530FM-12+008599999V0209999C000010120019N0150001N1+01921+01481101241ADDAA106000191AY181061GF106991061051012501001001KA1999N+01211MD1710261+9999MW1001REMSYN082AAXX  12061 58846 11665 60000 10192 20148 40124 57026 69911 70080 86500 333 20121;
0161588460999992000011221004+26520+119530FM-12+008599999V0200701N001010075019N0050001N1+01181+01141101711ADDAA124005191AY161031AY261031GF108991081051008001999999MD1210061+9999MW1601REMSYN076AAXX  12211 58846 41550 80701 10118 20114 40171 52006 76066 885// 333 70052;
0173588460999992000011300004+26520+119530FM-12+008599999V0209999C000010042019N0100001N1+01141+01041101871ADDAA106007991AY161061AY261061GF108991081051004501999999MD1210161+0301MW1601REMSYN088AAXX  13001 58846 11460 80000 10114 20104 40187 52016 60081 76066 885// 333 00352 70106;
0180588460999992000011306004+26520+119530FM-12+008599999V0209999C000010042019N0100001N1+01061+00941101751ADDAA106000191AY161061AY261061GF108991081051004501999999KA1999N+01061MD1710201+9999MW1601REMSYN082AAXX  13061 58846 11460 80000 10106 20094 40175 57020 69911 76066 885// 333 20106;
0165588460999992000011321004+26520+119530FM-12+008599999V0209999C000010042019N0070001N1+00941+00861102001ADDAA124018091AY161031AY261031GF108991081051004501999999MD1710021+9999MW1601REMSYN080    AAXX  13211 58846 41457 80000 10094 20086 40200 57002 76066 885// 333 70180;
0177588460999992000011400004+26520+119530FM-12+008599999V0209999C000010042019N0100001N1+00961+00861102141ADDAA106002091AY161061AY261061GF108991081051004501999999MD1210131+0301MW1601REMSYN092    AAXX  14001 58846 11460 80000 10096 20086 40214 52013 60021 76066 885// 333 00352 70128;
0176588460999992000011406004+26520+119530FM-12+008599999V0201601N001010042019N0100001N1+01011+00911101941ADDAA106001091AY161061GF108991081051004501999999KA1999N+00901MD1710241+9999MW1601REMSYN086    AAXX  14061 58846 11460 81601 10101 20091 40194 57024 60011 76060 885// 333 20090;
0165588460999992000011421004+26520+119530FM-12+008599999V0209999C000010042019N0050001N1+01001+00961101971ADDAA124007691AY161031AY261031GF108991081051004501999999MD1710051+9999MW1601REMSYN080    AAXX  14211 58846 41450 80000 10100 20096 40197 57005 76066 885// 333 70075;
0177588460999992000011500004+26520+119530FM-12+008599999V0209999C000010021019N0060001N1+01011+00971102041ADDAA106000591AY161061AY261061GF108991081051002501999999MD1210071-0101MW1601REMSYN092    AAXX  15001 58846 11356 80000 10101 20097 40204 52007 69941 76066 885// 333 05101 70073;
0176588460999992000011506004+26520+119530FM-12+008599999V0209999C000010042019N0150001N1+01181+01041101711ADDAA106002091AY161061GF108991081051004501999999KA1999N+00961MD1710381+9999MW1001REMSYN086    AAXX  15061 58846 11465 80000 10118 20104 40171 57038 60021 70060 885// 333 20096;
0165588460999992000011521004+26520+119530FM-12+008599999V0209999C000010075019N0050001N1+01201+01141101801ADDAA124001591AY161031AY261031GF108991081051008001999999MD1710031+9999MW1601REMSYN080    AAXX  15211 58846 41550 80000 10120 20114 40180 57003 76066 885// 333 70016;
0177588460999992000011600004+26520+119530FM-12+008599999V0209999C000010075019N0050001N1+01231+01171102001ADDAA106000591AY161061AY261061GF108991081051008001999999MD1210201+0001MW1601REMSYN092    AAXX  16001 58846 11550 80000 10123 20117 40200 52020 69961 76066 885// 333 00002 70022;
0176588460999992000011606004+26520+119530FM-12+008599999V0201601N001010042019N0200001N1+01351+01221101841ADDAA106000791AY161061GF108991081051004501999999KA1999N+01171MD1710211+9999MW1211REMSYN086    AAXX  16061 58846 11470 81601 10135 20122 40184 57021 69901 72160 885// 333 20117;
0165588460999992000011621004+26520+119530FM-12+008599999V0201601N001010042019N0050001N1+00911+00851102171ADDAA124006991AY161031AY261031GF108991081051004501999999MD1710011+9999MW1601REMSYN080    AAXX  16211 58846 41450 81601 10091 20085 40217 57001 76066 885// 333 70069;
0177588460999992000011700004+26520+119530FM-12+008599999V0201101N001010042019N0100001N1+00941+00881102351ADDAA106003091AY161061AY261061GF108991081051004501999999MD1210171+0301MW1601REMSYN092    AAXX  17001 58846 11460 81101 10094 20088 40235 52017 60031 76066 885// 333 00353 70082;
0184588460999992000011706004+26520+119530FM-12+008599999V0209999C000010042019N0080001N1+00921+00821102191ADDAA106000591AY161061AY261061GF108991081051004501999999KA1999N+00881MD1710211+9999MW1601REMSYN086    AAXX  17061 58846 11458 80000 10092 20082 40219 57021 69951 76066 885// 333 20088;
0169588460999992000011800004+26520+119530FM-12+008599999V0209999C000010075019N0120001N1+00821+00551102551ADDAA106000791AY161061GF108991081051008001999999MD1210151+0201MW1001REMSYN092    AAXX  18001 58846 11562 80000 10082 20055 40255 52015 69901 70060 885// 333 00251 70014;
0169588460999992000011806004+26520+119530FM-12+008599999V0201101N002010120019N0120001N1+01071+00391102231ADDAA199000091GF107991071051012501999999KA1999N+00801MD1710351+9999REMSYN074    AAXX  18061 58846 32662 71102 10107 20039 40223 57035 875// 333 20080;EQDQ01  00002PRCP99
0126588460999992000011821004+26520+119530FM-12+008599999V0209999C000012200019N0110001N1+00551+00461102581ADDGA1001+999999999GF100991001001999999001001MD1710051+9999REMSYN058    AAXX  18211 58846 42961 00000 10055 20046 40258 57005;
0174588460999992000011900004+26520+119530FM-12+008599999V0209999C000012200019N0150001N1+00541+99999102781ADDAA199000091GF101991011051012501001001IA2999+00109MD1210201+0201REMSYN080    AAXX  19001 58846 32665 10000 10054 2/029 40278 52020 81500 333 00253 30016;EQDQ01  00002PRCP99
0179588460999992000011906004+26520+119530FM-12+008599999V0201801N001012200019N0200001N1+01271+00071102531ADDAA199000091GA1001+999999999GF100991001001999999001001KA1999N+00481MD1710331+9999REMSYN068    AAXX  19061 58846 32970 01801 10127 20007 40253 57033 333 20048;EQDQ01  00002PRCP99
0112588460999992000011921004+26520+119530FM-12+008599999V0209999C000010120019N0100001N1+00571+00141103121ADDGF108991081051012501999999MD1210021+9999REMSYN060AAXX  19211 58846 42660 80000 10057 20014 40312 52002 885//;
0182588460999992000012000004+26520+119530FM-12+008599999V0209999C000010120019N0080001N1+00501+00171103251ADDAA199000091GF107991071051012501999999IA2999+00209MD1210131+0501MW1101REMSYN082AAXX  20001 58846 31658 70000 10050 20017 40325 52013 71000 875// 333 00500 30020;EQDQ01  00002PRCP99
0187588460999992000012006004+26520+119530FM-12+008599999V0201101N002012200019N0070001N1+01001-00071103131ADDAA199000091GA1001+999999999GF100991001001999999001001KA1999N+00441MD1710221+9999MW1051REMSYN070AAXX  20061 58846 31957 01102 10100 21007 40313 57022 70500 333 20044;EQDQ01  00002PRCP99
0112588460999992000012021004+26520+119530FM-12+008599999V0209999C000010120019N0100001N1+00441-00211103521ADDGF108991081051012501999999MD1710061+9999REMSYN060AAXX  20211 58846 42660 80000 10044 21021 40352 57006 885//;
0152588460999992000012100004+26520+119530FM-12+008599999V0209999C000010120019N0150001N1+00511+00001103581ADDAA199000091GF107991071051012501999999MD1210061+0031REMSYN070AAXX  21001 58846 32665 70000 10051 2000/ 40358 52006 875// 333 00300;EQDQ01  00002PRCP99
0112588460999992000012121004+26520+119530FM-12+008599999V0209999C000010120019N0150001N1+00961+00661102851ADDGF108991081051012501999999MD1710221+9999REMSYN060AAXX  21211 58846 42665 80000 10096 20066 40285 57022 885//;
0152588460999992000012200004+26520+119530FM-12+008599999V0209999C000010075019N0120001N1+00981+00731102841ADDAA199000091GF108991081051008001999999MD1710011+0071REMSYN070AAXX  22001 58846 32562 80000 10098 20073 40284 57001 885// 333 05705;EQDQ01  00002PRCP99
0165588460999992000012206004+26520+119530FM-12+008599999V0209999C000010120019N0150001N1+01451+00901102361ADDAA199000091GF107991071051012501999999KA1999N+00951MD1710331+9999REMSYN070AAXX  22061 58846 32665 70000 10145 20090 40236 57033 875// 333 20095;EQDQ01  00002PRCP99
0133588460999992000012221004+26520+119530FM-12+008599999V0209999C000010120019N0120001N1+01261+01151102121ADDAA124000791GF106991061051012501001001MD1710131+9999REMSYN070AAXX  22211 58846 42662 60000 10126 20115 40212 57013 86500 333 79999;
0139588460999992000012300004+26520+119530FM-12+008599999V0209999C000010120019N0250001N1+01341+01171102251ADDAA124000791GF107991071051012501041999MD1210131-0601REMSYN076AAXX  23001 58846 32675 70000 10134 20117 40225 52013 8754/ 333 05604 79999;
0172588460999992000012306004+26520+119530FM-12+008599999V0209999C000010120019N0100001N1+01821+01531102071ADDAA106000891AY161061GF108991081051012501999999KA1999N+01231MD1710201+9999MW1601REMSYN082AAXX  23061 58846 11660 80000 10182 20153 40207 57020 69971 76060 885// 333 20123;
0153588460999992000012321004+26520+119530FM-12+008599999V0209999C000010075019N0050001N1+01271+01251102261ADDAA124006991AY161031GF108991081051008001999999MD1210011+9999MW1601REMSYN076AAXX  23211 58846 41550 80000 10127 20125 40226 52001 76060 885// 333 70069;
0165588460999992000012400004+26520+119530FM-12+008599999V0201101N002010042019N0040001N1+01221+01161102481ADDAA106002091AY161061GF108991081051004501999999MD1210221+0201MW1601REMSYN088AAXX  24001 58846 11440 81102 10122 20116 40248 52022 60021 76060 885// 333 00251 70088;
0172588460999992000012406004+26520+119530FM-12+008599999V0201401N001010042019N0150001N1+01141+01021102421ADDAA106004191AY161061GF108991081051004501999999KA1999N+01141MD1710181+9999MW1601REMSYN082AAXX  24061 58846 11465 81401 10114 20102 40242 57018 60041 76060 885// 333 20114;
0161588460999992000012421004+26520+119530FM-12+008599999V0200401N003010042019N0050001N1+00911+00851102881ADDAA124021691AY161031AY261031GF108991081051004501999999MD1210071+9999MW1601REMSYN076AAXX  24211 58846 41450 80403 10091 20085 40288 52007 76066 885// 333 70215;
0173588460999992000012500004+26520+119530FM-12+008599999V0201601N003010042019N0100001N1+00821+00731103131ADDAA106005191AY161061AY261061GF108991081051004501999999MD1210251+0601MW1601REMSYN088AAXX  25001 58846 11460 81603 10082 20073 40313 52025 60051 76066 885// 333 00654 70205;
0172588460999992000012506004+26520+119530FM-12+008599999V0209999C000010120019N0200001N1+00841+00211103101ADDAA106000191AY161061GF108991071051012501071999KA1999N+00781MD1710221+9999MW1001REMSYN082AAXX  25061 58846 11670 80000 10084 20021 40310 57022 69921 70060 8757/ 333 20078;
0143588460999992000012521004+26520+119530FM-12+008599999V0209999C000012200019N0200001N1+00271+00021103321ADDAA124001091GA1001+999999999GF100991001001999999001001MD1710101+9999REMSYN064AAXX  25211 58846 /2970 00000 10027 20002 40332 57010 333 70011;
0149588460999992000012600004+26520+119530FM-12+008599999V0209999C000012200019N0300001N1+00301-00061103561ADDAA124000391GA1001+999999999GF100991001001999999001001MD1210241+0401REMSYN070AAXX  26001 58846 32980 00000 10030 21006 40356 52024 333 00455 70002;
0165588460999992000012606004+26520+119530FM-12+008599999V0201401N002010360019N0220001N1+00761-00541103221ADDAA199000091GF107991021051012501031999KA1999N+00231MD1710301+9999REMSYN070AAXX  26061 58846 32672 71402 10076 21054 40322 57030 8253/ 333 20023;EQDQ01  00002PRCP99
0122588460999992000012621004+26520+119530FM-12+008599999V0209999C000012200019N0250001N1+00171-00211103471ADDGA1001+999999999GF100991001001999999001001MD1710031+9999REMSYN054AAXX  26211 58846 42975 00000 10017 21021 40347 57003;
0180588460999992000012700004+26520+119530FM-12+008599999V0209999C000012200019N0200001N1+00171-00281103641ADDAA199000091GA1001+999999999GF100991001001999999001001IA2999+00009MD1210171+0101REMSYN070AAXX  27001 58846 32970 00000 10017 21028 40364 52017 333 00151 31005;EQDQ01  00002PRCP99
0175588460999992000012706004+26520+119530FM-12+008599999V0201401N002012200019N0250001N1+00771-00971103241ADDAA199000091GA1001+999999999GF100991001001999999001001KA1999N+00081MD1710331+9999REMSYN064AAXX  27061 58846 32975 01402 10077 21097 40324 57033 333 20008;EQDQ01  00002PRCP99
0122588460999992000012721004+26520+119530FM-12+008599999V0209999C000012200019N0110001N1+00111-00151103491ADDGA1001+999999999GF100991001001999999001001MD1710031+9999REMSYN054AAXX  27211 58846 42961 00000 10011 21015 40349 57003;
0170588460999992000012800004+26520+119530FM-12+008599999V0209999C000012200019N0100001N1+00101-00261103601ADDAA199000091GF101991011011012501001001IA2999-00109MD1210111+0001REMSYN076AAXX  28001 58846 32660 10000 10010 21026 40360 52011 81100 333 00051 31012;EQDQ01  00002PRCP99
0175588460999992000012806004+26520+119530FM-12+008599999V0201101N002012200019N0200001N1+01071-00411103071ADDAA199000091GA1001+999999999GF100991001001999999001001KA1999N+00061MD1710401+9999REMSYN064AAXX  28061 58846 32970 01102 10107 21041 40307 57040 333 20006;EQDQ01  00002PRCP99
0112588460999992000012821004+26520+119530FM-12+008599999V0209999C000010120019N0150001N1+00691+00331103061ADDGF108991081051012501999999MD1710091+9999REMSYN060AAXX  28211 58846 42665 80000 10069 20033 40306 57009 885//;
0186588460999992000012900004+26520+119530FM-12+008599999V0209999C000019999999N0150001N1+00731+00401103201ADDAA199000091GF108991051999012501999999IA2999+00309MD1210141-0401REMSYN076AAXX  29001 58846 32665 80000 10073 20040 40320 52078 85/// 333 05406 30033;EQDQ01+000782APC3  Q02  00002PRCP99
0165588460999992000012906004+26520+119530FM-12+008599999V0201401N002010120019N0280001N1+01191+00321102951ADDAA199000091GF107991071051012501999999KA1999N+00631MD1710261+9999REMSYN070AAXX  29061 58846 32678 71402 10119 20032 40295 57026 875// 333 20063;EQDQ01  00002PRCP99
0112588460999992000012921004+26520+119530FM-12+008599999V0209999C000010120019N0150001N1+00931+00501103341ADDGF108991081051012501999999MD1710011+9999REMSYN060AAXX  29211 58846 42665 80000 10093 20050 40334 57001 885//;
0152588460999992000013000004+26520+119530FM-12+008599999V0201401N001010120019N0120001N1+00921+00471103551ADDAA199000091GF107991071051012501999999MD1210211+0041REMSYN070AAXX  30001 58846 32662 71401 10092 20047 40355 52021 875// 333 00402;EQDQ01  00002PRCP99
0159588460999992000013006004+26520+119530FM-12+008599999V0201801N003019999999N0120001N1+01241+00151103321ADDAA199000091GF106991999999999999999999KA1999N+00911MD1710271+9999REMSYN064AAXX  30061 58846 32962 61803 10124 20015 40332 57027 333 20091;EQDQ01  00002PRCP99
0170588460999992000013100004+26520+119530FM-12+008599999V0201101N001010120019N0100001N1+00611-00301103801ADDAA199000091GF107991061051012501041999IA2999+00409MD1210061+0201REMSYN076AAXX  31001 58846 32660 71101 10061 21030 40380 52006 8654/ 333 00253 30047;EQDQ01  00002PRCP99
0165588460999992000013106004+26520+119530FM-12+008599999V0201101N003019999999N0150001N1+00721-00811103451ADDAA199000091GF107991071001999999031999KA1999N+00581MD1710291+9999REMSYN070AAXX  31061 58846 32965 71103 10072 21081 40345 57029 8703/ 333 20058;EQDQ01  00002PRCP99
0153588460999992000013121004+26520+119530FM-12+008599999V0209999C000019999999N0120001N1+00401+00081103341ADDAA124100691AY171031GF108991051999012501999999MD1710131+9999MW1601REMSYN076AAXX  31211 58846 41662 80000 10040 20008 40334 57013 76070 85/// 333 71006;
0173588460999992000020100004+26520+119530FM-12+008599999V0209999C000010042019N0080001N1+00371+00191103501ADDAA106002091AY171061AY261061GF108991081051004501999999MD1210161+9999MW1791REMSYN088AAXX  01001 58846 11458 80000 10037 20019 40350 52016 60021 77976 885// 333 300// 70022;
0180588460999992000020106004+26520+119530FM-12+008599999V0209999C000010042019N0080001N1+00581+00341103171ADDAA106002091AY171061AY261061GF108991081051004501999999KA1999N+00361MD1710381+9999MW1211REMSYN082AAXX  01061 58846 11458 80000 10058 20034 40317 57038 60021 72176 885// 333 20036;
0149588460999992000020121004+26520+119530FM-12+008599999V0209999C000010075019N0030001N1+99999+99999102991ADDAA124003391AY161031AY261031GF108991081051008001999999MD1710091+9999MW1601REMSYN064AAXX  01211 58846 41530 80000 40299 57009 76066 885// 333 70032;
0173588460999992000020200004+26520+119530FM-12+008599999V0209999C000010075019N0060001N1+00591+00501103101ADDAA106000191AY161061AY261061GF108991081051008001999999MD1210111-0401MW1601REMSYN088AAXX  02001 58846 11556 80000 10059 20050 40310 52011 69921 76066 885// 333 05402 70018;
0180588460999992000020206004+26520+119530FM-12+008599999V0209999C000010075019N0100001N1+00821+00551102821ADDAA106000191AY161061AY261061GF108991081051008001999999KA1999N+00461MD1710281+9999MW1601REMSYN082AAXX  02061 58846 11560 80000 10082 20055 40282 57028 69921 76066 885// 333 20046;
0173588460999992000020300004+26520+119530FM-12+008599999V0209999C000010120019N0120001N1+00881+00841102671ADDAA106000591AY161061AY261061GF108991081051012501999999MD1210061-0401MW1211REMSYN088AAXX  03001 58846 11662 80000 10088 20084 40267 52006 69951 72166 885// 333 05403 70030;
0146588460999992000020306004+26520+119530FM-12+008599999V0201601N004010075019N0120001N1+01171+00871102451ADDAA199000021GF107991071051008001999999KA1999N+00751MD1710241+9999REMSYN070AAXX  03061 58846 32562 71604 10117 20087 40245 57024 875// 333 20075;
0133588460999992000020400004+26520+119530FM-12+008599999V02099999999999999999N9999999N1+00741+00671102831ADDAA106000191AY161061MD1210131+0021MW1101REMSYN082AAXX  04001 58846 1155/ //800 10074 20067 40283 52013 69921 71060 885// 333 00251;
0172588460999992000020406004+26520+119530FM-12+008599999V0209999C000010075019N0080001N1+00971+00691102441ADDAA106000791AY161061GF108991081051008001999999KA1999N+00681MD1710371+9999MW1101REMSYN082AAXX  04061 58846 11558 80000 10097 20069 40244 57037 69901 71060 885// 333 20068;
0145588460999992000020421004+26520+119530FM-12+008599999V0209999C000010075019N0030001N1+00941+00841102321ADDAA124000191GF108991081051008001999999MD1710141+9999MW1101REMSYN076AAXX  04211 58846 41530 80000 10094 20084 40232 57014 71000 885// 333 70001;
0151588460999992000020500004+26520+119530FM-12+008599999V0209999C000010075019N0080001N1+01001+00881102321ADDAA124000191GF108991081051008001999999MD1410001-0501MW1101REMSYN082AAXX  05001 58846 31558 80000 10100 20088 40232 54000 71000 885// 333 05503 70001;
0172588460999992000020506004+26520+119530FM-12+008599999V0201401N002012200019N0300001N1+01761+01051101831ADDAA106000791AY161061GF101991011011012501001001KA1999N+00891MD1710401+9999MW1001REMSYN082AAXX  05061 58846 11680 11402 10176 20105 40183 57040 69901 70060 81100 333 20089;
0151588460999992000020600004+26520+119530FM-12+008599999V0201601N003010042019N0070001N1+01071+00931102181ADDAA124000791GF108991081051004501999999MD1210151-0101MW1101REMSYN082AAXX  06001 58846 31457 81603 10107 20093 40218 52015 71000 885// 333 05101 79999;
0172588460999992000020606004+26520+119530FM-12+008599999V0201401N001010042019N0030001N1+00881+00841101981ADDAA106000191AY161061GF108991081051004501999999KA1999N+00871MD1710251+9999MW1601REMSYN082AAXX  06061 58846 11430 81401 10088 20084 40198 57025 69921 76060 885// 333 20087;
0151588460999992000020700004+26520+119530FM-12+008599999V0209999C000010042019N0050001N1+00781+00601102111ADDAA124000591GF108991081051004501999999MD1410001-0101MW1101REMSYN082AAXX  07001 58846 31450 80000 10078 20060 40211 54000 71000 885// 333 05153 70004;
0165588460999992000020706004+26520+119530FM-12+008599999V0209999C000010120019N0150001N1+01241+00701101811ADDAA199000091GF107991071051012501999999KA1999N+00741MD1710281+9999REMSYN070AAXX  07061 58846 32665 70000 10124 20070 40181 57028 875// 333 20074;EQDQ01  00002PRCP99
0112588460999992000020721004+26520+119530FM-12+008599999V0209999C000012200019N0120001N1+00661+00571102181ADDGF102991021051012501001001MD1210031+9999REMSYN060AAXX  07211 58846 42662 20000 10066 20057 40218 52003 82500;
0170588460999992000020800004+26520+119530FM-12+008599999V0209999C000010075019N0100001N1+00721+00561102421ADDAA199000091GF107991071051008001999999IA2999+00309MD1210241+0301REMSYN076AAXX  08001 58846 32560 70000 10072 20056 40242 52024 875// 333 00351 30034;EQDQ01  00002PRCP99
0165588460999992000020806004+26520+119530FM-12+008599999V0201401N003012200019N0120001N1+01201+00251102191ADDAA199000091GF101991011001999999041001KA1999N+00611MD1710291+9999REMSYN070AAXX  08061 58846 32962 11403 10120 20025 40219 57029 81040 333 20061;EQDQ01  00002PRCP99
0112588460999992000020821004+26520+119530FM-12+008599999V0201401N001010120019N0120001N1+00631+00071102581ADDGF108991081051012501999999MD1710021+9999REMSYN060AAXX  08211 58846 42662 81401 10063 20007 40258 57002 885//;
0152588460999992000020900004+26520+119530FM-12+008599999V0201601N002010075019N0100001N1+00661+00131102691ADDAA199000091GF108991081051008001999999MD1210111+0031REMSYN070AAXX  09001 58846 32560 81602 10066 20013 40269 52011 885// 333 00351;EQDQ01  00002PRCP99
0165588460999992000021000004+26520+119530FM-12+008599999V0209999C000010075019N0120001N1+00841+00551102241ADDAA106000791AY161061GF108991081051008001999999MD1210101-0501MW1601REMSYN088AAXX  10001 58846 11562 80000 10084 20055 40224 52010 69901 76060 885// 333 05502 79999;
0172588460999992000021006004+26520+119530FM-12+008599999V0209999C000010075019N0120001N1+01071+00691101861ADDAA106000191AY161061GF108991081051008001999999KA1999N+00821MD1710321+9999MW1601REMSYN082AAXX  10061 58846 11562 80000 10107 20069 40186 57032 69911 76060 885// 333 20082;
0161588460999992000021021004+26520+119530FM-12+008599999V0209999C000010120019N0060001N1+01001+00921101821ADDAA124000891AY161031AY261031GF108991081051012501999999MD1710141+9999MW1601REMSYN076AAXX  10211 58846 41656 80000 10100 20092 40182 57014 76066 885// 333 70007;
0165588460999992000021100004+26520+119530FM-12+008599999V0209999C000010120019N0150001N1+01041+00961101971ADDAA106001091AY161061GF108991081051012501999999MD1210151-0301MW1601REMSYN088AAXX  11001 58846 11665 80000 10104 20096 40197 52015 60011 76060 885// 333 05302 70012;
0172588460999992000021106004+26520+119530FM-12+008599999V0201101N001010042019N0060001N1+01191+01091101891ADDAA106000591AY161061GF108991081051004501999999KA1999N+00981MD1710161+9999MW1601REMSYN082AAXX  11061 58846 11456 81101 10119 20109 40189 57016 69951 76060 885// 333 20098;
0161588460999992000021121004+26520+119530FM-12+008599999V0209999C000010075019N0050001N1+00881+00861101991ADDAA124004891AY161031AY261031GF108991081051008001999999MD1710081+9999MW1601REMSYN076AAXX  11211 58846 41550 80000 10088 20086 40199 57008 76066 885// 333 70047;
0165588460999992000021200004+26520+119530FM-12+008599999V0209999C000010042019N0070001N1+00951+00891102041ADDAA106000791AY161061GF108991081051004501999999MD1210041+0101MW1211REMSYN088AAXX  12001 58846 11457 80000 10095 20089 40204 52004 69901 72160 885// 333 00151 70042;
0172588460999992000021206004+26520+119530FM-12+008599999V0209999C000010042019N0100001N1+01371+01111101731ADDAA106000791AY161061GF108991081051004501999999KA1999N+00881MD1710271+9999MW1001REMSYN082AAXX  12061 58846 11460 80000 10137 20111 40173 57027 69901 70060 885// 333 20088;
0151588460999992000021300004+26520+119530FM-12+008599999V0209999C000010075019N0050001N1+01211+01081101791ADDAA124000791GF108991081051008001999999MD1710051-0201MW1101REMSYN082AAXX  13001 58846 31550 80000 10121 20108 40179 57005 71000 885// 333 05203 79999;
0165588460999992000021306004+26520+119530FM-12+008599999V0201401N002010075019N0100001N1+01641+01161101371ADDAA199000091GF107991071051008001999999KA1999N+01171MD1710431+9999REMSYN070AAXX  13061 58846 32560 71402 10164 20116 40137 57043 875// 333 20117;EQDQ01  00002PRCP99
0145588460999992000021321004+26520+119530FM-12+008599999V0209999C000010120019N0100001N1+01331-01221101391ADDAA124000791GF108991081051012501999999MD1410001+9999MW1601REMSYN076AAXX  13211 58846 41660 80000 10133 21122 40139 54000 76000 885// 333 79999;
0184588460999992000021400004+26520+119530FM-12+008599999V0209999C000010075019N0080001N1+01361+01272101651ADDAA106000191AY161061GF107991071051008001041999MD1210251-0101MW1101REMSYN088AAXX  14001 58846 11558 70000 10136 20127 40165 52025 69911 71060 8754/ 333 05102 70001;EQDQ01+001273ATOD  
0172588460999992000021406004+26520+119530FM-12+008599999V0201401N001010042019N0050001N1+01141+01061101701ADDAA106000191AY161061GF108991081051004501999999KA1999N+01141MD1710031+9999MW1601REMSYN082AAXX  14061 58846 11450 81401 10114 20106 40170 57003 69921 76060 885// 333 20114;
0159588460999992000021500004+26520+119530FM-12+008599999V0201101N001010042019N0040001N1+99999+99999999999ADDAA106000191AY161061GF108991081051004501999999MD1210201+1001MW1601REMSYN082AAXX  15001 58846 11440 81101 10882 20064 52020 69911 76060 885// 333 01055 70/46;
0172588460999992000021506004+26520+119530FM-12+008599999V0200901N002010075019N0080001N1+01121+00531102401ADDAA106000591AY161061GF106991061051008001001001KA1999N+00811MD1710311+9999MW1051REMSYN082AAXX  15061 58846 11558 60902 10112 20053 40240 57031 69961 70560 86500 333 20081;
0133588460999992000021521004+26520+119530FM-12+008599999V0209999C000010120019N0100001N1+00821+00241102491ADDAA124000591GF108991081051012501999999MD1710101+9999REMSYN070AAXX  15211 58846 42660 80000 10082 20024 40249 57010 885// 333 70006;
0139588460999992000021600004+26520+119530FM-12+008599999V0209999C000010120019N0120001N1+00841+00371102511ADDAA124000591GF108991081051012501999999MD1210021-0101REMSYN076AAXX  16001 58846 32662 80000 10084 20037 40251 52002 885// 333 05100 70006;
0172588460999992000021606004+26520+119530FM-12+008599999V0209999C000010120019N0120001N1+01011+00311102291ADDAA106000791AY161061GF108991081051012501999999KA1999N+00801MD1710311+9999MW1001REMSYN082AAXX  16061 58846 11662 80000 10101 20031 40229 57031 69901 70060 885// 333 20080;
0153588460999992000021621004+26520+119530FM-12+008599999V0209999C000010075019N0080001N1+00671+00531102561ADDAA124002591AY161031GF108991081051008001999999MD1710031+9999MW1101REMSYN076AAXX  16211 58846 41558 80000 10067 20053 40256 57003 71060 885// 333 70026;
0172588460999992000021706004+26520+119530FM-12+008599999V0209999C000010042019N0090001N1+00831+00661102441ADDAA106000791AY161061GF108991081051004501999999KA1999N+00631MD1710291+9999MW1601REMSYN082AAXX  17061 58846 11459 80000 10083 20066 40244 57029 69901 76060 885// 333 20063;
0173588460999992000021800004+26520+119530FM-12+008599999V0209999C000010042019N0050001N1+00901+00881102201ADDAA106000591AY161061AY261061GF108991081051004501999999MD1710041-0501MW1601REMSYN088AAXX  18001 58846 11450 80000 10090 20088 40220 57004 69961 76066 885// 333 05502 70024;
0172588460999992000021806004+26520+119530FM-12+008599999V0209999C000010075019N0070001N1+01221+01071101641ADDAA106000191AY161061GF108991081051008001999999KA1999N+00781MD1710421+9999MW1101REMSYN082AAXX  18061 58846 11557 80000 10122 20107 40164 57042 69911 71060 885// 333 20078;
0133588460999992000021821004+26520+119530FM-12+008599999V0209999C000010120019N0100001N1+01131+01091101051ADDAA124000391GF108991081051012501999999MD1710131+9999REMSYN070AAXX  18211 58846 42660 80000 10113 20109 40105 57013 885// 333 70003;
0139588460999992000021900004+26520+119530FM-12+008599999V0209999C000019999999N0080001N1+01191+01131101071ADDAA124999999GF108991071051999999071999MD1210021+9999REMSYN076AAXX  19001 58846 3//58 80000 10119 20113 40107 52002 71000 8757/ 333 7000/;
0165588460999992000021906004+26520+119530FM-12+008599999V0209999C000010120019N0120001N1+01641+01321100721ADDAA199000091GF107991061051012501031999KA1999N+01111MD1710241+9999REMSYN070AAXX  19061 58846 32662 70000 10164 20132 40072 57024 8653/ 333 20111;EQDQ01  00002PRCP99
0161588460999992000021921004+26520+119530FM-12+008599999V0201601N002010120019N0070001N1+01031+00971101411ADDAA124005191AY161031AY261031GF108991081051012501999999MD1210111+9999MW1601REMSYN076AAXX  19211 58846 41657 81602 10103 20097 40141 52011 76066 885// 333 70051;
0173588460999992000022000004+26520+119530FM-12+008599999V0201401N002010042019N0120001N1+00981+00901101651ADDAA106007991AY161061AY261061GF108991081051004501999999MD1210241+0601MW1601REMSYN088AAXX  20001 58846 11462 81402 10098 20090 40165 52024 60081 76066 885// 333 00652 70092;
0165588460999992000022100004+26520+119530FM-12+008599999V0209999C000010120019N0120001N1+00821+00671102341ADDAA106000191AY161061GF108991081051012501999999MD1210171+0701MW1001REMSYN088AAXX  21001 58846 11662 80000 10082 20067 40234 52017 69911 70060 885// 333 00752 70178;
0177588460999992000022106004+26520+119530FM-12+008599999V0201401N001010075019N0070001N1+00891+00481102161ADDAA199000091GF108991081051008001999999KA1999N+00691MD1710231+9999MW1101REMSYN076AAXX  21061 58846 31557 81401 10089 20048 40216 57023 71000 885// 333 20069;EQDQ01  00002PRCP99
0153588460999992000022121004+26520+119530FM-12+008599999V0209999C000010042019N0050001N1+00721+00701102011ADDAA124015791AY161031GF108991081051004501999999MD1710031+9999MW1601REMSYN076AAXX  21211 58846 41450 80000 10072 20070 40201 57003 76006 885// 333 70158;
0173588460999992000022200004+26520+119530FM-12+008599999V0209999C000010042019N0070001N1+00751+00711102131ADDAA106005191AY161061AY261061GF108991081051004501999999MD1210121-0201MW1601REMSYN088AAXX  22001 58846 11457 80000 10075 20071 40213 52012 60051 76066 885// 333 05251 70166;
0180588460999992000022206004+26520+119530FM-12+008599999V0209999C000010042019N0100001N1+00891+00791101951ADDAA106006191AY161061AY261061GF108991081051004501999999KA1999N+00711MD1710241+9999MW1601REMSYN082AAXX  22061 58846 11460 80000 10089 20079 40195 57024 60061 76066 885// 333 20071;
0161588460999992000022221004+26520+119530FM-12+008599999V0209999C000010075019N0050001N1+00821+00781101931ADDAA124016891AY161031AY261031GF108991081051008001999999MD1710081+9999MW1601REMSYN076AAXX  22211 58846 41550 80000 10082 20078 40193 57008 76066 885// 333 70167;
0180588460999992000022306004+26520+119530FM-12+008599999V0209999C000010042019N0070001N1+00931+00871101891ADDAA106003091AY161061AY261061GF108991081051004501999999KA1999N+00791MD1710161+9999MW1601REMSYN082AAXX  23061 58846 11457 80000 10093 20087 40189 57016 60031 76066 885// 333 20079;
0133588460999992000022321004+26520+119530FM-12+008599999V0209999C000010075019N0150001N1+00841+00731102341ADDAA124011291GF108991081051008001999999MD1410001+9999REMSYN070AAXX  23211 58846 42565 80000 10084 20073 40234 54000 885// 333 70113;
0139588460999992000022400004+26520+119530FM-12+008599999V0209999C000010075019N0200001N1+00871+00701102541ADDAA124009791GF108991081051008001999999MD1210201+0501REMSYN076AAXX  24001 58846 32570 80000 10087 20070 40254 52020 885// 333 00500 70096;
0172588460999992000022406004+26520+119530FM-12+008599999V0209999C000010075019N0200001N1+00901+00571102351ADDAA106000791AY161061GF108991081051008001999999KA1999N+00791MD1710301+9999MW1601REMSYN082AAXX  24061 58846 11570 80000 10090 20057 40235 57030 69901 76060 885// 333 20079;
0145588460999992000022500004+26520+119530FM-12+008599999V0209999C000010120019N0100001N1+00681+00571102611ADDAA106001091GF108991081051012501999999MD1210081+0101REMSYN082AAXX  25001 58846 11660 80000 10068 20057 40261 52008 60011 885// 333 00152 70050;
0164588460999992000022506004+26520+119530FM-12+008599999V0203401N001010120019N0100001N1+00851+00541102351ADDAA106000791GF108991081051012501999999KA1999N+00621MD1710211+9999MW1601REMSYN082AAXX  25061 58846 11660 83401 10085 20054 40235 57021 69901 76000 885// 333 20062;
0133588460999992000022521004+26520+119530FM-12+008599999V0209999C000019999999N0150001N1+00641+00531102511ADDAA124001391GF107991071001999999031999MD1210051+9999REMSYN070AAXX  25211 58846 42965 70000 10064 20053 40251 52005 8703/ 333 70013;
0165588460999992000022606004+26520+119530FM-12+008599999V0201101N002010360019N0200001N1+01081+00051102441ADDAA199000091GF107991021051012501031999KA1999N+00601MD1710291+9999REMSYN070AAXX  26061 58846 32670 71102 10108 20005 40244 57029 8253/ 333 20060;EQDQ01  00002PRCP99
0112588460999992000022621004+26520+119530FM-12+008599999V0209999C000010120019N0100001N1+00701+00341102681ADDGF108991081051012501999999MD1710071+9999REMSYN060AAXX  26211 58846 42660 80000 10070 20034 40268 57007 885//;
0152588460999992000022700004+26520+119530FM-12+008599999V0209999C000010120019N0150001N1+00741+00341102711ADDAA199000091GF107991071051012501999999MD1210031+0001REMSYN070AAXX  27001 58846 32665 70000 10074 20034 40271 52003 875// 333 00000;EQDQ01  00002PRCP99
0172588460999992000022706004+26520+119530FM-12+008599999V0209999C000010120019N0120001N1+01011+00311102561ADDAA106000791AY161061GF108991081051012501999999KA1999N+00671MD1710161+9999MW1601REMSYN082AAXX  27061 58846 11662 80000 10101 20031 40256 57016 69901 76060 885// 333 20067;
0161588460999992000022721004+26520+119530FM-12+008599999V0209999C000010075019N0050001N1+00601+00581102511ADDAA124013091AY161031AY261031GF108991081091008001999999MD1710051+9999MW1601REMSYN076AAXX  27211 58846 41550 80000 10060 20058 40251 57005 76066 889// 333 70129;
0173588460999992000022800004+26520+119530FM-12+008599999V0209999C000010042019N0040001N1+00611+00561102681ADDAA106007991AY161061AY261061GF108991081051004501999999MD1210171+0001MW1601REMSYN088AAXX  28001 58846 11440 80000 10061 20056 40268 52017 60081 76066 885// 333 00051 70176;
0180588460999992000022806004+26520+119530FM-12+008599999V0209999C000010042019N0120001N1+00761+00631102631ADDAA106008991AY161061AY261061GF108991081051004501999999KA1999N+00591MD1710151+9999MW1601REMSYN082AAXX  28061 58846 11462 80000 10076 20063 40263 57015 60091 76066 885// 333 20059;
0161588460999992000022821004+26520+119530FM-12+008599999V0209999C000010120019N0100001N1+00661+00501102971ADDAA124018891AY161031AY261031GF108991081051012501999999MD1710031+9999MW1211REMSYN076AAXX  28211 58846 41660 80000 10066 20050 40297 57003 72166 885// 333 70187;
0159588460999992000022900004+26520+119530FM-12+008599999V0209999C000010120019N0120001N1+99999+99999103031ADDAA106000791AY161061GF108991081051012501999999MD1210061+0041MW1001REMSYN082AAXX  29001 58846 11662 80000 1/070 20047 40303 52006 69901 70060 885// 333 00401;
0146588460999992000022906004+26520+119530FM-12+008599999V0209999C000010150019N0200001N1+00961+00361102721ADDAA199000021GF108991061051017501071999KA1999N+00611MD1710291+9999REMSYN070AAXX  29061 58846 32770 80000 10096 20036 40272 57029 8657/ 333 20061;
0145588460999992000022921004+26520+119530FM-12+008599999V0209999C000010120019N0120001N1+00721+00501102701ADDAA124000791GF108991081051012501999999MD1710141+9999MW1601REMSYN076AAXX  29211 58846 41662 80000 10072 2005/ 40270 57014 76000 885// 333 79999;
0180588460999992000030106004+26520+119530FM-12+008599999V0209999C000010042019N0120001N1+00901+00641102571ADDAA106001091AY161061AY261061GF108991081051004501999999KA1999N+00711MD1710241+9999MW1601REMSYN082AAXX  01061 58846 11462 80000 10090 20064 40257 57024 60011 76066 885// 333 20071;
0161588460999992000030121004+26520+119530FM-12+008599999V0209999C000010075019N0050001N1+00841+99999102341ADDAA124008491AY161031AY261031GF108991081051008001999999MD1710051+9999MW1601REMSYN076AAXX  01211 58846 41550 80000 10084 20/80 40234 57005 76066 885// 333 70084;
0172588460999992000031406004+26520+119530FM-12+008599999V0209999C000010042019N0120001N1+01451+01311101761ADDAA106004191AY161061GF108991081051004501999999KA1999N+01151MD1710201+9999MW1601REMSYN082AAXX  14061 58846 11462 80000 10145 20131 40176 57020 60041 76060 885// 333 20115;
0139588460999992000031421004+26520+119530FM-12+008599999V02099999999990075019N0030001N1+01351+01311101551ADDAA124006691GF108991081051008001999999MD1710101+9999REMSYN076AAXX  14211 58846 41530 800/0 10135 20131 40155 57010 7/066 885// 333 70066;
0173588460999992000031500004+26520+119530FM-12+008599999V0209999C000010021019N0018001N1+01381+01361101501ADDAA106001091AY161061AY241061GF108991081051002501999999MD1710051-0501MW1281REMSYN088AAXX  15001 58846 11318 80000 10138 20136 40150 57005 60011 72864 885// 333 05502 70067;
0175588460999992000032406004+26520+119530FM-12+008599999V0200901N004012200019N0150001N1+01781+00181102411ADDAA199000091GA1001+999999999GF100991001001999999001001KA1999N+01261MD1710121+9999REMSYN064AAXX  24061 58846 32965 00904 10178 20018 40241 57012 333 20126;EQDQ01  00002PRCP99
0112588460999992000032421004+26520+119530FM-12+008599999V0209999C000019999999N0150001N1+00991+00421102571ADDGF107991071001999999031999MD1710011+9999REMSYN060AAXX  24211 58846 42965 70000 10099 20042 40257 57001 8703/;
0152588460999992000032500004+26520+119530FM-12+008599999V0209999C000019999999N0120001N1+01131+00411102651ADDAA199000091GF107991071001999999031999MD1210081+0011REMSYN070AAXX  25001 58846 32962 70000 10113 20041 40265 52008 8703/ 333 00152;EQDQ01  00002PRCP99
0165588460999992000032506004+26520+119530FM-12+008599999V0209999C000010360019N0120001N1+01661+00421102341ADDAA199000091GF108991021051012501071999KA1999N+00991MD1710251+9999REMSYN070AAXX  25061 58846 32662 80000 10166 20042 40234 57025 8257/ 333 20099;EQDQ01  00002PRCP99
0133588460999992000032521004+26520+119530FM-12+008599999V0209999C000010120019N0100001N1+01271+00831102381ADDAA124000791GF108991081051012501999999MD1710051+9999REMSYN070AAXX  25211 58846 42660 80000 10127 20083 40238 57005 885// 333 79999;
0139588460999992000032600004+26520+119530FM-12+008599999V0201101N001019999999N0100001N1+01351+00801102461ADDAA124000791GF106991061001999999031001MD1219999-0201REMSYN076AAXX  26001 58846 32960 61101 10135 20080 40246 520/8 86030 333 05202 79999;
0122588460999992000032621004+26520+119530FM-12+008599999V0209999C000012200019N0100001N1+01011+00471101941ADDGA1001+999999999GF100991001001999999001001MD1710071+9999REMSYN054AAXX  26211 58846 42960 00000 10101 20047 40194 57007;
0162588460999992000032700004+26520+119530FM-12+008599999V0209999C000012200019N0120001N1+01261+00451101961ADDAA199000091GA1001+999999999GF100991001001999999001001MD1210021+0051REMSYN064AAXX  27001 58846 32962 00000 10126 20045 40196 52002 333 05551;EQDQ01  00002PRCP99
0112588460999992000032721004+26520+119530FM-12+008599999V0209999C000012200019N0120001N1+01201+00841101311ADDGF101991011001999999041001MD1710041+9999REMSYN060AAXX  27211 58846 42962 10000 10120 20084 40131 57004 81040;
0146588460999992000032800004+26520+119530FM-12+008599999V0209999C000012200019N0120001N1+01431+99999101411ADDAA199000091GF101991001001999999001021MD1210101+0051REMSYN064AAXX  28001 58846 32962 10000 10143 40141 52010 80002 333 05502;EQDQ01  00002PRCP99
0175588460999992000032806004+26520+119530FM-12+008599999V0203401N005012200019N0150001N1+03061-00631101061ADDAA199000091GA1001+999999999GF100991001001999999001001KA1999N+01171MD1710301+9999REMSYN064AAXX  28061 58846 32965 03405 10306 21063 40106 57030 333 20117;EQDQ01  00002PRCP99
0152588460999992000032900004+26520+119530FM-12+008599999V0209999C000019999999N0120001N1+01371+00661102561ADDAA199000091GF105991001001999999001021MD1210281+0111REMSYN070AAXX  29001 58846 32962 50000 10137 20066 40256 52028 80002 333 01151;EQDQ01  00002PRCP99
0165588460999992000032906004+26520+119530FM-12+008599999V0201401N003012200019N0150001N1+02161+00031102101ADDAA199000091GF102991001001999999001021KA1999N+01191MD1710341+9999REMSYN070AAXX  29061 58846 32965 21403 10216 20003 40210 57034 80002 333 20119;EQDQ01  00002PRCP99
0122588460999992000032921004+26520+119530FM-12+008599999V0209999C000012200019N0100001N1+01101+00701101981ADDGA1001+999999999GF100991001001999999001001MD1710131+9999REMSYN054AAXX  29211 58846 42960 00000 10110 20070 40198 57013;
0152588460999992000033000004+26520+119530FM-12+008599999V0201401N001012200019N0150001N1+01281+00631102071ADDAA199000091GF102991021001999999031001MD1210091+0051REMSYN070AAXX  30001 58846 32965 21401 10128 20063 40207 52009 82030 333 05551;EQDQ01  00002PRCP99
0112588460999992000033021004+26520+119530FM-12+008599999V0209999C000010120019N0100001N1+01611+01251101071ADDGF108991081051012501999999MD1710201+9999REMSYN060AAXX  30211 58846 42660 80000 10161 20125 40107 57020 885//;
0152588460999992000033100004+26520+119530FM-12+008599999V0209999C000010120019N0120001N1+01661+01231101241ADDAA199000091GF108991061051012501071999MD1210171+0081REMSYN070AAXX  31001 58846 32662 80000 10166 20123 40124 52017 8657/ 333 05804;EQDQ01  00002PRCP99
0165588460999992000033106004+26520+119530FM-12+008599999V0209999C000010120019N0120001N1+02111+01351101151ADDAA199000091GF107991071051012501999999KA1999N+01571MD1710191+9999REMSYN070AAXX  31061 58846 32662 70000 10211 20135 40115 57019 875// 333 20157;EQDQ01  00002PRCP99
0165588460999992000040100004+26520+119530FM-12+008599999V0209999C000010120019N0080001N1+01611+01491101561ADDAA106005191AY181061GF108991081051012501999999MD1210231+0301MW1801REMSYN088AAXX  01001 58846 11658 80000 10161 20149 40156 52023 60051 78080 885// 333 00351 70045;
0180588460999992000040106004+26520+119530FM-12+008599999V0201601N002010042019N0060001N1+01641+01541101231ADDAA106006191AY181061AY281061GF108991081051004501999999KA1999N+01581MD1710261+9999MW1801REMSYN082AAXX  01061 58846 11456 81602 10164 20154 40123 57026 60061 78088 885// 333 20158;
0133588460999992000040121004+26520+119530FM-12+008599999V0209999C000010120019N0100001N1+01571+01481101281ADDAA124015591GF108991081051012501999999MD1710041+9999REMSYN070AAXX  01211 58846 42660 80000 10157 20148 40128 57004 885// 333 70155;
0139588460999992000040200004+26520+119530FM-12+008599999V0209999C000010120019N0150001N1+01711+01561101431ADDAA124011991GF106991061051012501001001MD1210151-0101REMSYN076AAXX  02001 58846 32665 60000 10171 20156 40143 52015 86500 333 05101 70119;
0165588460999992000040206004+26520+119530FM-12+008599999V0201401N002010900019N0300001N1+02241+01521101161ADDAA199000091GF106991041011012501001021KA1999N+01471MD1710271+9999REMSYN070AAXX  02061 58846 32680 61402 10224 20152 40116 57027 84102 333 20147;EQDQ01  00002PRCP99
0153588460999992000040221004+26520+119530FM-12+008599999V0209999C000010075019N0080001N1+01571+01481101481ADDAA124008991AY161031GF108991081051008001999999MD1410001+9999MW1601REMSYN076AAXX  02211 58846 41558 80000 10157 20148 40148 54000 76060 885// 333 70090;
0165588460999992000040300004+26520+119530FM-12+008599999V0209999C000010042019N0080001N1+01551+01501101611ADDAA106015091AY161061GF108991081051004501999999MD1210131+0201MW1601REMSYN088AAXX  03001 58846 11458 80000 10155 20150 40161 52013 60151 76060 885// 333 00252 70149;
0180588460999992000040306004+26520+119530FM-12+008599999V0200901N001010042019N0080001N1+01621+01521101411ADDAA106004191AY161061AY261061GF108991081051004501999999KA1999N+01511MD1710211+9999MW1211REMSYN082AAXX  03061 58846 11458 80901 10162 20152 40141 57021 60041 72166 885// 333 20151;
0145588460999992000040321004+26520+119530FM-12+008599999V0209999C000010042019N0080001N1+01511+01461101131ADDAA124019691GF108991081051004501999999MD1710121+9999MW1101REMSYN076AAXX  03211 58846 41458 80000 10151 20146 40113 57012 71000 885// 333 70195;
0139588460999992000040400004+26520+119530FM-12+008599999V0209999C000010120019N0120001N1+01641+01481101281ADDAA124013791GF107991071051012501999999MD1210151-0301REMSYN076AAXX  04001 58846 32662 70000 10164 20148 40128 52015 875// 333 05301 70136;
0165588460999992000040406004+26520+119530FM-12+008599999V0201101N002010120019N0300001N1+02121+01441100961ADDAA199000091GF107991061021012501041999KA1999N+01481MD1710261+9999REMSYN070AAXX  04061 58846 32680 71102 10212 20144 40096 57026 8624/ 333 20148;EQDQ01  00002PRCP99
