0192589180999992000010100004+25070+116350FM-12+020799999V0201801N001012200019N0060001N1+00531+00461102221ADDAA106000091GA1001+999999999GF100991001001999999001001IA2999+00409MD1210141+0001MW1101REMSYN076AAXX  01001 58918 31956 01801 10053 20046 40222 52014 71000 333 00000 30044;EQDQ01  00002PRCP06
0175589180999992000010106004+25070+116350FM-12+020799999V0203201N001012200019N0300001N1+02181+00781101691ADDAA106000091GA1001+999999999GF100991001001999999001001KA1999N+00491MD1710421+9999REMSYN064AAXX  01061 58918 32980 03201 10218 20078 40169 57042 333 20049;EQDQ01  00002PRCP06
0174589180999992000010200004+25070+116350FM-12+020799999V0209999C000012200019N0080001N1+00681+00611102221ADDAA106000091GA1001+999999999GF100991001001999999001001MD1210151+0001MW1101REMSYN070AAXX  02001 58918 31958 00000 10068 20061 40222 52015 71000 333 00002;EQDQ01  00002PRCP06
0175589180999992000010206004+25070+116350FM-12+020799999V0203201N003012200019N0300001N1+02382+00791101711ADDAA106000091GA1001+999999999GF100991001001999999001001KA1999N+00631MD1710431+9999REMSYN064AAXX  02061 58918 32980 03203 10238 20079 40171 57043 333 20063;EQDQ01  00002PRCP06
0122589180999992000010221004+25070+116350FM-12+020799999V0209999C000012200019N0180001N1+00721+00651101911ADDGA1001+999999999GF100991001001999999001001MD1710021+9999REMSYN054AAXX  02211 58918 42968 00000 10072 20065 40191 57002;
0192589180999992000010300004+25070+116350FM-12+020799999V0209999C000012200019N0050001N1+00641+00551102161ADDAA106000091GA1001+999999999GF100991001001999999001001IA2999+00409MD1210211+9999MW1001REMSYN076AAXX  03001 58918 31950 00000 10064 20055 40216 52021 70000 333 0/100 30049;EQDQ01  00002PRCP06
0175589180999992000010306004+25070+116350FM-12+020799999V0200401N001012200019N0250001N1+02161+00801101701ADDAA106000091GA1001+999999999GF100991001001999999001001KA1999N+00621MD1710401+9999REMSYN064AAXX  03061 58918 32975 00401 10216 20080 40170 57040 333 20062;EQDQ01  00002PRCP06
0192589180999992000010400004+25070+116350FM-12+020799999V0209999C000012200019N0003001N1+00651+00611102051ADDAA106000091GA1001+999999999GF100991001001999999001001IA2999+00409MD1210151-0101MW1461REMSYN076AAXX  04001 58918 31903 00000 10065 20061 40205 52015 74600 333 05100 30044;EQDQ01  00002PRCP06
0185589180999992000010406004+25070+116350FM-12+020799999V0201401N004012200019N0150001N1+02231+00951101551ADDAA106000091AY141061GF102991021001999999041001KA1999N+00641MD1710431+9999MW1001REMSYN076AAXX  04061 58918 31965 21404 10223 20095 40155 57043 70040 82040 333 20064;EQDQ01  00002PRCP06
0122589180999992000010421004+25070+116350FM-12+020799999V0202901N001012200019N0120001N1+01101+00981101591ADDGA1001+999999999GF100991001001999999001001MD1710121+9999REMSYN054AAXX  04211 58918 42962 02901 10110 20098 40159 57012;
0164589180999992000010500004+25070+116350FM-12+020799999V0203201N001019999999N0060001N1+01021+00941101791ADDAA106000091GF106991061001999999041001MD1210171+0021MW1101REMSYN076AAXX  05001 58918 31956 63201 10102 20094 40179 52017 71000 86040 333 05204;EQDQ01  00002PRCP06
0165589180999992000010506004+25070+116350FM-12+020799999V0209999C000012200019N0130001N1+02321+01271101351ADDAA106000091GF103991021021012501041001KA1999N+00971MD1710391+9999REMSYN070AAXX  05061 58918 32663 30000 10232 20127 40135 57039 82240 333 20097;EQDQ01  00002PRCP06
0124589180999992000010521004+25070+116350FM-12+020799999V0209999C000019999999N0090001N1+01271+01181101451ADDGF107991071001999999031999MD1710101+9999MW1101REMSYN066AAXX  05211 58918 41959 70000 10127 20118 40145 57010 71000 8703/;
0164589180999992000010600004+25070+116350FM-12+020799999V0202501N002019999999N0050001N1+01291+01201101641ADDAA106000091GF107991071001999999071999MD1210161+0011MW1101REMSYN076AAXX  06001 58918 31950 72502 10129 20120 40164 52016 71000 8707/ 333 05103;EQDQ01  00002PRCP06
0164589180999992000010606004+25070+116350FM-12+020799999V0203201N003010360019N0200001N1+02401+01411101281ADDAA106000791GF107991031021012501071999KA1999N+01221MD1710341+9999MW1801REMSYN082AAXX  06061 58918 11670 73203 10240 20141 40128 57034 69901 78000 8327/ 333 20122;
0133589180999992000010621004+25070+116350FM-12+020799999V0203201N004010075019N0300001N1+01081+00791101961ADDAA124004891GF108991081051008001999999MD1210021+9999REMSYN070AAXX  06211 58918 42580 83204 10108 20079 40196 52002 885// 333 70049;
0158589180999992000010700004+25070+116350FM-12+020799999V0203201N003010075019N0300001N1+01041+00791102101ADDAA106000091GF108991081051008001999999MD1210131+0401REMSYN076AAXX  07001 58918 32580 83203 10104 20079 40210 52013 885// 333 00453 70049;EQDQ01  00002PRCP06
0165589180999992000010706004+25070+116350FM-12+020799999V0203201N003010120019N0300001N1+01281+00891101901ADDAA106000091GF108991081051012501999999KA1999N+01041MD1710251+9999REMSYN070AAXX  07061 58918 32680 83203 10128 20089 40190 57025 885// 333 20104;EQDQ01  00002PRCP06
0112589180999992000010721004+25070+116350FM-12+020799999V0202501N001019999999N0120001N1+01131+99999101901ADDGF108991081051999999999999MD1710071+9999REMSYN060AAXX  07211 58918 4//62 82501 10113 2059/ 40190 57007 885//;
0170589180999992000010800004+25070+116350FM-12+020799999V0209999C000019999999N0070001N1+01121+01041101991ADDAA106000091GF107991071001999999041999MD1210081-0101MW1101REMSYN082AAXX  08001 58918 31957 70000 10112 20104 40199 52008 71000 8704/ 333 05101 79999;EQDQ01  00002PRCP06
0165589180999992000010806004+25070+116350FM-12+020799999V0201401N002019999999N0300001N1+02031+01221101441ADDAA106000091GF107991071001999999041999KA1999N+01071MD1710421+9999REMSYN070AAXX  08061 58918 32980 71402 10203 20122 40144 57042 8704/ 333 20107;EQDQ01  00002PRCP06
0112589180999992000010821004+25070+116350FM-12+020799999V0209999C000010120019N0150001N1+01401+01291101631ADDGF108991081051012501999999MD1710021+9999REMSYN060AAXX  08211 58918 42665 80000 10140 20129 40163 57002 885//;
0164589180999992000010900004+25070+116350FM-12+020799999V0209999C000010120019N0030001N1+01351+01281101831ADDAA106000091GF107991071051012501999999MD1210181+0011MW1101REMSYN076AAXX  09001 58918 31630 70000 10135 20128 40183 52018 71000 875// 333 05102;EQDQ01  00002PRCP06
0165589180999992000010906004+25070+116350FM-12+020799999V0202201N001010360019N0150001N1+02221+01391101511ADDAA106000091GF107991021051017501041999KA1999N+01301MD1710341+9999REMSYN070AAXX  09061 58918 32765 72201 10222 20139 40151 57034 8254/ 333 20130;EQDQ01  00002PRCP06
0124589180999992000010921004+25070+116350FM-12+020799999V0201601N001019999999N0090001N1+01261+01171101721ADDGF107991071001999999041999MD1710081+9999MW1101REMSYN066AAXX  09211 58918 41959 71601 10126 20117 40172 57008 71000 8704/;
0164589180999992000011000004+25070+116350FM-12+020799999V0209999C000019999999N0020001N1+01121+01081101891ADDAA106000091GF107991071001999999041001MD1210141+0011MW1101REMSYN076AAXX  10001 58918 31920 70000 10112 20108 40189 52014 71000 87040 333 00152;EQDQ01  00002PRCP06
0165589180999992000011006004+25070+116350FM-12+020799999V0201601N004010360019N0200001N1+02541+01371101511ADDAA106000091GF107991011011012501031999KA1999N+01121MD1710341+9999REMSYN070AAXX  10061 58918 32670 71604 10254 20137 40151 57034 8113/ 333 20112;EQDQ01  00002PRCP06
0112589180999992000011021004+25070+116350FM-12+020799999V0201401N002019999999N0150001N1+01591+01271101651ADDGF107991071001999999041999MD1210011+9999REMSYN060AAXX  10211 58918 42965 71402 10159 20127 40165 52001 8704/;
0152589180999992000011100004+25070+116350FM-12+020799999V0201101N002010210019N0150001N1+01581+01291101921ADDAA106000091GF107991071051022501999999MD1210241+0011REMSYN070AAXX  11001 58918 32865 71102 10158 20129 40192 52024 875// 333 00105;EQDQ01  00002PRCP06
0165589180999992000011106004+25070+116350FM-12+020799999V0201801N002010150019N0250001N1+02011+01341101531ADDAA106000091GF107991061051017501041999KA1999N+01531MD1710381+9999REMSYN070AAXX  11061 58918 32775 71802 10201 20134 40153 57038 8654/ 333 20153;EQDQ01  00002PRCP06
0112589180999992000011121004+25070+116350FM-12+020799999V0201601N001010075019N0150001N1+01581+01441101421ADDGF108991081051008001999999MD1210011+9999REMSYN060AAXX  11211 58918 42565 81601 10158 20144 40142 52001 885//;
0165589180999992000011200004+25070+116350FM-12+020799999V0209999C000010075019N0120001N1+99999+99999101601ADDAA106000791AY181061GF108991081051008001999999MD1210161-0301MW1601REMSYN088AAXX  12001 58918 11562 80000 10868 20148 40160 52016 69901 76080 885// 333 05300 79999;
0174589180999992000011212004+25070+116350FM-12+020799999V0202901N999990075019N0300001N1+01021+00101101861ADDAA106000091GF108991081051008001999999MD1210101+9999REMSYN060AAXX  12121 58918 32580 82983 10102 2001/ 40186 52010 885//;EQDQ01+008303WOSPD Q02  00002PRCP06Q030008303WOSPD 
0133589180999992000011221004+25070+116350FM-12+020799999V0202901N005010075019N0300001N1+00981+00661101741ADDAA124002091GF108991081051008001999999MD1710031+9999REMSYN070AAXX  12211 58918 42580 82905 10098 20066 40174 57003 885// 333 70021;
0158589180999992000011300004+25070+116350FM-12+020799999V0203201N002010075019N0300001N1+00961+00641101801ADDAA106000091GF108991081051008001999999MD1210051+0201REMSYN076AAXX  13001 58918 32580 83202 10096 20064 40180 52005 885// 333 00256 70021;EQDQ01  00002PRCP06
0172589180999992000011306004+25070+116350FM-12+020799999V0203401N002010210019N0300001N1+01141+00731101591ADDAA106000791AY161061GF108991081051022501999999KA1999N+00931MD1710211+9999MW1601REMSYN082AAXX  13061 58918 11880 83402 10114 20073 40159 57021 69901 76060 885// 333 20093;
0145589180999992000011321004+25070+116350FM-12+020799999V02099999999990042019N0150001N1+00881+00801101741ADDAA124006491AY161031AY261031GF108991081051004501999999MW1601REMSYN074    AAXX  13211 58918 41465 8/902 10088 20080 40174 76066 885// 333 70063;
0177589180999992000011400004+25070+116350FM-12+020799999V0203201N002010360019N0150001N1+00871+00791101931ADDAA106015091AY161061AY261061GF108991011071004501021999MD1210181+0101MW1611REMSYN092    AAXX  14001 58918 11465 83202 10087 20079 40193 52018 60151 76166 8172/ 333 00151 70191;
0176589180999992000011406004+25070+116350FM-12+020799999V0203201N001010042019N0280001N1+01081+00941101671ADDAA106002091AY161061GF108991081051004501999999KA1999N+00851MD1710291+9999MW1211REMSYN086    AAXX  14061 58918 11478 83201 10108 20094 40167 57029 60021 72160 885// 333 20085;
0137589180999992000011421004+25070+116350FM-12+020799999V0202701N001010075019N0200001N1+01211+01121101701ADDAA124014791GF108991081051008001999999MD1710021+9999REMSYN074    AAXX  14211 58918 42570 82701 10121 20112 40170 57002 885// 333 70147;
0143589180999992000011500004+25070+116350FM-12+020799999V0209999C000012200019N0200001N1+01211+01131101761ADDAA124001891GF102991021051012501001001MD1210061-0201REMSYN080    AAXX  15001 58918 32670 20000 10121 20113 40176 52006 82500 333 05203 70019;
0169589180999992000011506004+25070+116350FM-12+020799999V0202201N001010360019N0300001N1+02211+01401101381ADDAA199000091GF105991021011008001041001KA1999N+01081MD1710351+9999REMSYN074    AAXX  15061 58918 32580 52201 10221 20140 40138 57035 82140 333 20108;EQDQ01  00002PRCP99
0157589180999992000011521004+25070+116350FM-12+020799999V0202901N006010075019N0300001N1+01031+00631101841ADDAA124000791AY161031GF108991081051008001999999MD1210101+9999MW1001REMSYN080    AAXX  15211 58918 41580 82906 10103 20063 40184 52010 70060 885// 333 79999;
0169589180999992000011600004+25070+116350FM-12+020799999V0203201N004010042019N0300001N1+00941+00571102081ADDAA106000791AY161061GF108991081051004501999999MD1210211+0301MW1001REMSYN092    AAXX  16001 58918 11480 83204 10094 20057 40208 52021 69901 70060 885// 333 00353 79999;
0169589180999992000011606004+25070+116350FM-12+020799999V0203201N003010150019N0300001N1+00981+00591101961ADDAA199000091GF108991081081012501999999KA1999N+00921MD1710261+9999REMSYN074    AAXX  16061 58918 32680 83203 10098 20059 40196 57026 888// 333 20092;EQDQ01  00002PRCP99
0157589180999992000011621004+25070+116350FM-12+020799999V0203201N005010075019N0150001N1+00561+00401102311ADDAA124001391AY161031GF108991081051008001999999MD1210031+9999MW1601REMSYN080    AAXX  16211 58918 41565 83205 10056 20040 40231 52003 76060 885// 333 70012;
0169589180999992000011700004+25070+116350FM-12+020799999V0202901N005010042019N0300001N1+00591+00301102451ADDAA106001091AY161061GF108991081051004501999999MD1210131+0301MW1001REMSYN092    AAXX  17001 58918 11480 82905 10059 20030 40245 52013 60011 70060 885// 333 00354 70013;
0150589180999992000011706004+25070+116350FM-12+020799999V0203201N005010075019N0300001N1+00761+99999102261ADDAA199000021GF108991081051008001999999KA1999N+00551MD1710291+9999REMSYN074    AAXX  17061 58918 32580 83205 10076 20137 40226 57029 885// 333 20055;
0169589180999992000011800004+25070+116350FM-12+020799999V0203201N003010042019N0300001N1+00561+00321102611ADDAA106000591AY161061GF108991081051004501999999MD1210151+0201MW1001REMSYN092    AAXX  18001 58918 11480 83203 10056 20032 40261 52015 69951 70060 885// 333 00200 70012;
0176589180999992000011806004+25070+116350FM-12+020799999V0203201N005010120019N0300001N1+00701+00301102431ADDAA106000791AY161061GF108991081081008001999999KA1999N+00531MD1710241+9999MW1001REMSYN086    AAXX  18061 58918 11580 83205 10070 20030 40243 57024 69901 70060 888// 333 20053;
0137589180999992000011821004+25070+116350FM-12+020799999V0203201N004012200019N0300001N1+00401-00031102651ADDAA124000791GF102991021051008001001001MD1710111+9999REMSYN074    AAXX  18211 58918 42580 23204 10040 21003 40265 57011 82500 333 79999;
0161589180999992000011900004+25070+116350FM-12+020799999V0203201N003010360019N0200001N1+00371-00101102901ADDAA124000791GF106991041051008001031001IA2999+00239MD1210241+0301REMSYN086    AAXX  19001 58918 32570 63203 10037 21010 40290 52024 84530 333 00352 30023 79999;
0169589180999992000011906004+25070+116350FM-12+020799999V0203201N006012200019N0300001N1+01111-00161102571ADDAA199000091GF101991011011012501001001KA1999N+00331MD1710361+9999REMSYN074    AAXX  19061 58918 32680 13206 10111 21016 40257 57036 81100 333 20033;EQDQ01  00002PRCP99
0122589180999992000011921004+25070+116350FM-12+020799999V0203201N002012200019N0300001N1+00251-00281102881ADDGA1001+999999999GF100991001001999999001001MD1710071+9999REMSYN054AAXX  19211 58918 42980 03202 10025 21028 40288 57007;
0180589180999992000012000004+25070+116350FM-12+020799999V0203201N001012200019N0180001N1+00141-00151103041ADDAA199000091GA1001+999999999GF100991001001999999001001IA2999+00009MD1210141+0101REMSYN070AAXX  20001 58918 32968 03201 10014 21015 40304 52014 333 00152 31009;EQDQ01  00002PRCP99
0175589180999992000012006004+25070+116350FM-12+020799999V0202901N003012200019N0300001N1+01451-00211102671ADDAA199000091GA1001+999999999GF100991001001999999001001KA1999N+00141MD1710371+9999REMSYN064AAXX  20061 58918 32980 02903 10145 21021 40267 57037 333 20014;EQDQ01  00002PRCP99
0134589180999992000012021004+25070+116350FM-12+020799999V0202501N001012200019N0030001N1+00271+00191102931ADDGA1001+999999999GF100991001001999999001001MD1710141+9999MW1101REMSYN060AAXX  20211 58918 41930 02501 10027 20019 40293 57014 71000;
0200589180999992000012100004+25070+116350FM-12+020799999V0209999C000012200019N0002001N1+00171+00141103111ADDAA199000091AY141061GA1001+999999999GF100991001001999999001001IA2999+00209MD1210151+0101MW1461REMSYN076AAXX  21001 58918 31902 00000 10017 20014 40311 52015 74640 333 00100 30021;EQDQ01  00002PRCP99
0112589180999992000012121004+25070+116350FM-12+020799999V0209999C000019999999N0250001N1+01001+00881102511ADDGF107991071001999999031999MD1710161+9999REMSYN060AAXX  21211 58918 42975 70000 10100 20088 40251 57016 8703/;
0157589180999992000012200004+25070+116350FM-12+020799999V0209999C000010120019N0200001N1+00971+00871102661ADDAA106000791GF107991071051012501041999MD1210131-0401MW1601REMSYN088AAXX  22001 58918 11670 70000 10097 20087 40266 52013 69901 76000 8754/ 333 05408 79999;
0172589180999992000012206004+25070+116350FM-12+020799999V0202501N002019999999N0300001N1+02371+01051102081ADDAA106000791AY161061GF106991061001999999041001KA1999N+00911MD1710421+9999MW1001REMSYN082AAXX  22061 58918 11980 62502 10237 20105 40208 57042 69901 70060 86040 333 20091;
0165589180999992000012300004+25070+116350FM-12+020799999V0209999C000010042019N0200001N1+01361+01291102221ADDAA106000591AY161061GF107991071051004501999999MD1210141-0401MW1601REMSYN088AAXX  23001 58918 11470 70000 10136 20129 40222 52014 69951 76060 875// 333 05404 70005;
0172589180999992000012306004+25070+116350FM-12+020799999V0209999C000010012019N0030001N1+01571+01521102081ADDAA106017091AY161061GF108991051071001501021999KA1999N+01331MD1710241+9999MW1611REMSYN082AAXX  23061 58918 11230 80000 10157 20152 40208 57024 60171 76160 8572/ 333 20133;
0161589180999992000012321004+25070+116350FM-12+020799999V0209999C000010360019N0015001N1+01541+99999101991ADDAA124027291AY161031AY261031GF108991011071004501021999MD1710061+9999MW1611REMSYN076AAXX  23211 58918 41415 80000 10154 20/52 40199 57006 76166 8172/ 333 70272;
0180589180999992000012406004+25070+116350FM-12+020799999V0203201N003010360019N0012001N1+01521+01451102081ADDAA106014091AY161061AY261061GF108991031071002501021999KA1999N+01501MD1710191+9999MW1611REMSYN082AAXX  24061 58918 11312 83203 10152 20145 40208 57019 60141 76166 8372/ 333 20150;
0173589180999992000012500004+25070+116350FM-12+020799999V0203201N005010042019N0300001N1+00511+00241103101ADDAA106000391AY161061AY261061GF108991061071004501021999MD1210131+0901MW1611REMSYN088AAXX  25001 58918 11480 83205 10051 20024 40310 52013 69931 76166 8672/ 333 00960 70316;
0172589180999992000012506004+25070+116350FM-12+020799999V0203201N005010120019N0300001N1+00531+00181103001ADDAA106000791AY161061GF108991081081008001999999KA1999N+00471MD1710211+9999MW1001REMSYN082AAXX  25061 58918 11580 83205 10053 20018 40300 57021 69901 70060 888// 333 20047;
0127589180999992000012521004+25070+116350FM-12+020799999V0203201N006010075019N0300001N1+00281+99999103181ADDAA124000191GF108991081051008001999999MD1710091+9999REMSYN064AAXX  25211 58918 42580 83206 10028 40318 57009 885// 333 70001;
0139589180999992000012600004+25070+116350FM-12+020799999V0203401N005010120019N0300001N1+00301-00091999999ADDAA124000791GF108991081051012501999999MD1210271+0301REMSYN076AAXX  26001 58918 32680 83405 10030 21009 4/346 52027 885// 333 00352 79999;
0165589180999992000012606004+25070+116350FM-12+020799999V0203201N006010360019N0300001N1+00581-00181103201ADDAA199000091GF107991011041012501041999KA1999N+00281MD1710261+9999REMSYN070AAXX  26061 58918 32680 73206 10058 21018 40320 57026 8144/ 333 20028;EQDQ01  00002PRCP99
0133589180999992000012621004+25070+116350FM-12+020799999V0203201N006019999999N0300001N1+00111-00381103411ADDAA124000791GF107991071001999999041999MD1710021+9999REMSYN070AAXX  26211 58918 42980 73206 10011 21038 40341 57002 8704/ 333 79999;
0157589180999992000012700004+25070+116350FM-12+020799999V0203201N006012200019N0250001N1+00021-00461103591ADDAA124000791GF102991999051022501001001IA2999-00029MD1210181+0101REMSYN082AAXX  27001 58918 32875 23206 10002 21046 40359 52018 8/500 333 00153 31002 79999;
0175589180999992000012706004+25070+116350FM-12+020799999V0203201N005012200019N0300001N1+00901-00531103081ADDAA199000091GA1001+999999999GF100991001001999999001001KA1999N+00021MD1710421+9999REMSYN064AAXX  27061 58918 32980 03205 10090 21053 40308 57042 333 20002;EQDQ01  00002PRCP99
0170589180999992000012800004+25070+116350FM-12+020799999V0203201N003019999999N0300001N1+00031-00441103291ADDAA199000091GF107991071001999999041001IA2999+00009MD1210181-0301REMSYN076AAXX  28001 58918 32980 73203 10003 21044 40329 52018 87040 333 05300 31005;EQDQ01  00002PRCP99
0165589180999992000012806004+25070+116350FM-12+020799999V0203201N002012200019N0300001N1+01111-00401102871ADDAA199000091GF102991021001999999041001KA1999N-00031MD1710381+9999REMSYN070AAXX  28061 58918 32980 23202 10111 21040 40287 57038 82040 333 21003;EQDQ01  00002PRCP99
0106589180999992000012821004+25070+116350FM-12+020799999V0202901N002010150019N0300001N1+00671-00061999999ADDGF107991071051017501999999MD1710011+9999REMSYN054AAXX  28211 58918 42780 72902 10067 21006 57001 875//;
0152589180999992000012900004+25070+116350FM-12+020799999V0202901N002019999999N0280001N1+00661-00081103161ADDAA199000091GF107991071001999999041999MD1210231+0011REMSYN070AAXX  29001 58918 32978 72902 10066 21008 40316 52023 8704/ 333 05106;EQDQ01  00002PRCP99
0165589180999992000012906004+25070+116350FM-12+020799999V0203201N003019999999N0300001N1+01371+00081102931ADDAA199000091GF107991071001999999031999KA1999N+00601MD1710241+9999REMSYN070AAXX  29061 58918 32980 73203 10137 20008 40293 57024 8703/ 333 20060;EQDQ01  00002PRCP99
0112589180999992000012921004+25070+116350FM-12+020799999V0203201N005010075019N0300001N1+00511-00321103451ADDGF108991081051008001999999MD1210081+9999REMSYN060AAXX  29211 58918 4/580 83205 10051 21032 40345 52008 885//;
0170589180999992000013000004+25070+116350FM-12+020799999V0203201N005010150019N0250001N1+00441-00421103571ADDAA199000091GF107991071051017501999999IA2999+00409MD1210101+0401REMSYN076AAXX  30001 58918 32775 73205 10044 21042 40357 52010 875// 333 00452 30043;EQDQ01  00002PRCP99
0165589180999992000013006004+25070+116350FM-12+020799999V0203201N006012200019N0300001N1+01271-00121103131ADDAA199000091GF101991001001999999001021KA1999N+00441MD1710401+9999REMSYN070AAXX  30061 58918 32980 13206 10127 21012 40313 57040 80002 333 20044;EQDQ01  00002PRCP99
0106589180999992000013021004+25070+116350FM-12+020799999V0203201N004010120019N0200001N1+00471-00101999999ADDGF107991071051012501999999MD1310071+9999REMSYN054AAXX  30211 58918 42670 73204 10047 21010 53007 875//;
0170589180999992000013100004+25070+116350FM-12+020799999V0203201N004010150019N0130001N1+00431-00151103361ADDAA199000091GF107991071051017501999999IA2999+00309MD1210041-0201REMSYN076AAXX  31001 58918 32763 73204 10043 21015 40336 52004 875// 333 05200 30031;EQDQ01  00002PRCP99
0172589180999992000013106004+25070+116350FM-12+020799999V0203201N003010075019N0050001N1+00731+00251103141ADDAA106000891AY161061GF108991081051008001999999KA1999N+00391MD1710231+9999MW1601REMSYN082AAXX  31061 58918 11550 83203 10073 20025 40314 57023 69981 76060 885// 333 20039;
0161589180999992000013121004+25070+116350FM-12+020799999V0203201N004010075019N0080001N1+00191+00031103351ADDAA124010791AY161031AY261031GF108991081001008001021999MD1410001+9999MW1611REMSYN076AAXX  31211 58918 41558 83204 10019 20003 40335 54000 76166 8802/ 333 70107;
0143589180999992000020100004+25070+116350FM-12+020799999V0203201N005019999999N0150001N1+00161-00061103441ADDAA106004191AY161061GF108991999999004501999999MD1210081+9999MW1601REMSYN066AAXX  01001 58918 11465 83205 10016 21006 40344 52008 60041 7606/;
0172589180999992000020106004+25070+116350FM-12+020799999V0203201N005010360019N0200001N1+00591+00141103081ADDAA106000391AY161061GF107991011011008001041999KA1999N+00151MD1710371+9999MW1211REMSYN082AAXX  01061 58918 11570 73205 10059 20014 40308 57037 69931 72160 8114/ 333 20015;
0125589180999992000020121004+25070+116350FM-12+020799999V0202901N004010075019N0080001N1+00331+00151102891ADDAA124001391GF108991081051008001999999MW1601REMSYN070AAXX  01211 58918 41558 82904 10033 20015 40289 76000 885// 333 70012;
0183589180999992000020200004+25070+116350FM-12+020799999V0203201N002010075019N0060001N1+00381+00181102971ADDAA106000791AY161061GF108991081051008001999999IA2999+00479MD1210071-0501MW1601REMSYN094AAXX  02001 58918 11556 83202 10038 20018 40297 52007 69901 76060 885// 333 05502 30047 70003;
0172589180999992000020206004+25070+116350FM-12+020799999V0203201N002010150019N0180001N1+00861+00401102661ADDAA106000191AY161061GF107991071051017501041999KA1999N+00331MD1710361+9999MW1001REMSYN082AAXX  02061 58918 11768 73202 10086 20040 40266 57036 69911 70060 8754/ 333 20033;
0165589180999992000020300004+25070+116350FM-12+020799999V0203201N002010042019N0250001N1+00701+00471102661ADDAA106000191AY161061GF107991071051004501999999MD1210051-0301MW1001REMSYN088AAXX  03001 58918 11475 73202 10070 20047 40266 52005 69911 70060 875// 333 05303 70025;
0146589180999992000020306004+25070+116350FM-12+020799999V0203201N003010360019N0300001N1+01521+00921102241ADDAA199000091GF107991011011008001041999MD1710381+9999REMSYN064AAXX  03061 58918 32580 73203 10152 20092 40224 57038 8114/ 333;EQDQ01  00002PRCP99
0152589180999992000020400004+25070+116350FM-12+020799999V0203201N002010150019N0150001N1+00951+00701102391ADDAA199000091GF108991081051017501999999MD1210061+0021REMSYN070AAXX  04001 58918 32765 83202 10095 20070 40239 52006 885// 333 05203;EQDQ01  00002PRCP99
0165589180999992000020406004+25070+116350FM-12+020799999V0209999C000012200019N0200001N1+02101+01241101831ADDAA199000091GF101991011011008001041001KA1999N+00921MD1710461+9999REMSYN070AAXX  04061 58918 32570 10000 10210 20124 40183 57046 81140 333 20092;EQDQ01  00002PRCP99
0153589180999992000020421004+25070+116350FM-12+020799999V0202901N002010075019N0150001N1+01041+00681102161ADDAA124000791AY161031GF108991081051008001999999MD1710021+9999MW1001REMSYN076AAXX  04211 58918 41565 82902 10104 20068 40216 57002 70060 885// 333 79999;
0157589180999992000020500004+25070+116350FM-12+020799999V0203201N003010360019N0100001N1+00951+00631102281ADDAA106000791GF106991021051012501041001MD1210081-0101MW1001REMSYN088AAXX  05001 58918 11660 63203 10095 20063 40228 52008 69901 700/0 82540 333 05100 79999;
0165589180999992000020506004+25070+116350FM-12+020799999V0203201N005010120019N0300001N1+01181+00591102131ADDAA199000091GF108991081051012501999999KA1999N+00941MD1719999+9999REMSYN070AAXX  05061 58918 32680 83205 10118 20059 40213 57/25 885// 333 20094;EQDQ01  00002PRCP99
0152589180999992000020600004+25070+116350FM-12+020799999V0203201N004010090019N0300001N1+00641+00331102371ADDAA199000091GF107991071081004501999999MD1210141+0011REMSYN070AAXX  06001 58918 32480 73204 10064 20033 40237 52014 878// 333 00153;EQDQ01  00002PRCP99
0175589180999992000020606004+25070+116350FM-12+020799999V0202901N005012200019N0300001N1+01401+00541101861ADDAA199000091GA1001+999999999GF100991001001999999001001KA1999N+00621MD1710371+9999REMSYN064AAXX  06061 58918 32980 02905 10140 20054 40186 57037 333 20062;EQDQ01  00002PRCP99
0086589180999992000020621004+25070+116350FM-12+020799999V02099999999999999999N0250001N1+00761+99999102061ADDMD1710011+9999REMSYN060AAXX  06211 58918 42675 ///1/ 10076 2009/ 40206 57001 885//;
0152589180999992000020700004+25070+116350FM-12+020799999V0203201N004010120019N0250001N1+00801+00391102181ADDAA199000091GF107991071051012501999999MD1210111+0021REMSYN070AAXX  07001 58918 32675 73204 10080 20039 40218 52011 875// 333 05202;EQDQ01  00002PRCP99
0165589180999992000020706004+25070+116350FM-12+020799999V0203401N008012200019N0300001N1+01361+00041101951ADDAA199000091GF102991011011008001041001KA1999N+00741MD1710241+9999REMSYN070AAXX  07061 58918 32580 23408 10136 20004 40195 57024 81140 333 20074;EQDQ01  00002PRCP99
0122589180999992000020721004+25070+116350FM-12+020799999V0202701N003012200019N0180001N1+00581+00071102171ADDGA1001+999999999GF100991001001999999001001MD1710041+9999REMSYN054AAXX  07211 58918 42968 02703 10058 20007 40217 57004;
0180589180999992000020800004+25070+116350FM-12+020799999V0203201N004012200019N0120001N1+00541-00041102291ADDAA199000091GA1001+999999999GF100991001001999999001001IA2999+00309MD1210111+0101REMSYN070AAXX  08001 58918 32962 03204 10054 21004 40229 52011 333 00153 30037;EQDQ01  00002PRCP99
0152589180999992000020806004+25070+116350FM-12+020799999V0200201N002012200019N0200001N1+01551+00051102001ADDAA199000091GA1001+999999999GF100991001001999999001001MD1710341+9999REMSYN054AAXX  08061 58918 32970 00202 10155 20005 40200 57034;EQDQ01  00002PRCP99
0116589180999992000020821004+25070+116350FM-12+020799999V0209999C000010075019N0200001N1+00991+99999102101ADDGF108991081051008001999999MD1710021+9999REMSYN064AAXX  08211 58918 42570 80000 10099 20/24 40210 57002 885// 333;
0157589180999992000020900004+25070+116350FM-12+020799999V0202901N001019999999N0250001N1+00921+00151102301ADDAA106000791GF108991081001999999071999MD1210181+0001MW1601REMSYN088AAXX  09001 58918 11975 82901 10092 20015 40230 52018 69901 76000 8807/ 333 00004 79999;
0165589180999992000021000004+25070+116350FM-12+020799999V0209999C000010075019N0150001N1+00981+00771102051ADDAA106000791AY161061GF108991081051008001999999MD1210091-0301MW1211REMSYN088AAXX  10001 58918 11565 80000 10098 20077 40205 52009 69901 72160 885// 333 053/0 79999;
0164589180999992000021006004+25070+116350FM-12+020799999V0200401N001010120019N0200001N1+01451+00681101751ADDAA106000791GF107991071051012501999999KA1999N+00981MD1710341+9999MW1601REMSYN082AAXX  10061 58918 11670 70401 10145 20068 40175 57034 69901 76000 875// 333 20098;
0165589180999992000021100004+25070+116350FM-12+020799999V0203201N002010021019N0040001N1+01131+01011101951ADDAA106001091AY161061GF108991081051002501999999MD1210181-0101MW1211REMSYN088AAXX  11001 58918 11340 83202 10113 20101 40195 52018 60011 72160 885// 333 05102 70013;
0172589180999992000021106004+25070+116350FM-12+020799999V0203201N002010360019N0150001N1+01641+01171101681ADDAA106000791AY161061GF107991011011008001031999KA1999N+01091MD1710231+9999MW1001REMSYN082AAXX  11061 58918 11565 73202 10164 20117 40168 57023 69901 70060 8113/ 333 20109;
0133589180999992000021121004+25070+116350FM-12+020799999V0202901N001010120019N0150001N1+01261+01151101661ADDAA124001391GF106991061051012501001001MD1710111+9999REMSYN070AAXX  11211 58918 42665 62901 10126 20115 40166 57011 86500 333 70013;
0151589180999992000021200004+25070+116350FM-12+020799999V0203201N001010042019N0080001N1+01261+01151101771ADDAA124000791GF108991081051004501999999MD1210101-0201MW1101REMSYN082AAXX  12001 58918 31458 83201 10126 20115 40177 52010 71000 885// 333 05201 79999;
0165589180999992000021206004+25070+116350FM-12+020799999V0202901N002010360019N0200001N1+02041+01331101421ADDAA199000091GF106991011011012501041001KA1999N+01151MD1710321+9999REMSYN070AAXX  12061 58918 32670 62902 10204 20133 40142 57032 81140 333 20115;EQDQ01  00002PRCP99
0152589180999992000021300004+25070+116350FM-12+020799999V0201401N002019999999N0150001N1+01541+01291101571ADDAA199000091GF107991071001999999041999MD1210081+0021REMSYN070AAXX  13001 58918 32965 71402 10154 20129 40157 52008 8704/ 333 05203;EQDQ01  00002PRCP99
0165589180999992000021306004+25070+116350FM-12+020799999V0203201N002012200019N0300001N1+02411+01371101121ADDAA199000091GF103991031011012501001001KA1999N+01431MD1710391+9999REMSYN070AAXX  13061 58918 32680 33202 10241 20137 40112 57039 83100 333 20143;EQDQ01  00002PRCP99
0112589180999992000021321004+25070+116350FM-12+020799999V0209999C000010120019N0200001N1+01581+01411101391ADDGF107991071051012501999999MD1210051+9999REMSYN060AAXX  13211 58918 42670 70000 10158 20141 40139 52005 875//;
0152589180999992000021400004+25070+116350FM-12+020799999V0203201N003010075019N0200001N1+01681+01211101691ADDAA199000091GF108991081051008001999999MD1210281+0011REMSYN070AAXX  14001 58918 32570 83203 10168 20121 40169 52028 885// 333 00101;EQDQ01  00002PRCP99
0165589180999992000021406004+25070+116350FM-12+020799999V0203401N006010120019N0300001N1+01771+01011101631ADDAA199000091GF107991071081008001999999KA1999N+01511MD1710091+9999REMSYN070AAXX  14061 58918 32580 73406 10177 20101 40163 57009 878// 333 20151;EQDQ01  00002PRCP99
0112589180999992000021421004+25070+116350FM-12+020799999V0203201N004010075019N0200001N1+01101+00541102201ADDGF108991081051008001999999MD1210041+9999REMSYN060AAXX  14211 58918 42570 83204 10110 20054 40220 52004 885//;
0152589180999992000021500004+25070+116350FM-12+020799999V0203201N003010120019N0120001N1+01081+00611102301ADDAA199000091GF107991071051012501999999MD1210091+0051REMSYN070AAXX  15001 58918 32662 73203 10108 20061 40230 52009 875// 333 00556;EQDQ01  00002PRCP99
0165589180999992000021506004+25070+116350FM-12+020799999V0203201N004010360019N0200001N1+01701+00711102051ADDAA199000091GF107991011011012501041021KA1999N+01061MD1710291+9999REMSYN070AAXX  15061 58918 32670 73204 10170 20071 40205 57029 81142 333 20106;EQDQ01  00002PRCP99
0112589180999992000021521004+25070+116350FM-12+020799999V0209999C000010075019N0150001N1+01171+00521102061ADDGF108991081051008001999999MD1710091+9999REMSYN060AAXX  15211 58918 42565 80000 10117 20052 40206 57009 885//;
0152589180999992000021600004+25070+116350FM-12+020799999V0209999C000010120019N0160001N1+01141+00631102191ADDAA199000091GF108991081051012501999999MD1210121+0011REMSYN070AAXX  16001 58918 32666 80000 10114 20063 40219 52012 885// 333 05101;EQDQ01  00002PRCP99
0165589180999992000021606004+25070+116350FM-12+020799999V0203201N003010120019N0180001N1+01671+00721101811ADDAA199000091GF108991071051012501071999KA1999N+01121MD1710351+9999REMSYN070AAXX  16061 58918 32668 83203 10167 20072 40181 57035 8757/ 333 20112;EQDQ01  00002PRCP99
0133589180999992000021621004+25070+116350FM-12+020799999V0203201N001010075019N0250001N1+01001+00821999999ADDAA124000791GF108991081051008001999999MD1710041+9999REMSYN070AAXX  16211 58918 42575 83201 10100 20082 4/216 57004 885// 333 79999;
0165589180999992000021706004+25070+116350FM-12+020799999V0201601N002019999999N0300001N1+01871+00911101901ADDAA199000091GF107991071001999999041999KA1999N+00971MD1710381+9999REMSYN070AAXX  17061 58918 32980 71602 10187 20091 40190 57038 8704/ 333 20097;EQDQ01  00002PRCP99
0122589180999992000021721004+25070+116350FM-12+020799999V0201101N002010120019N0250001N1+01481+01031101851ADDGF108991081051012501999999MD1710051+9999REMSYN070AAXX  17211 58918 42675 81102 10148 20103 40185 57005 885// 333 79/9/;
0139589180999992000021800004+25070+116350FM-12+020799999V0201401N003019999999N0250001N1+01511+01021101871ADDAA124000791GF107991071001999999041999MD1210011-0401REMSYN076AAXX  18001 58918 32975 71403 10151 20102 40187 52001 8704/ 333 05405 79999;
0165589180999992000021806004+25070+116350FM-12+020799999V0201601N003010120019N0300001N1+02241+01341101431ADDAA199000091GF107991071021012501041999KA1999N+01431MD1710341+9999REMSYN070AAXX  18061 58918 32680 71603 10224 20134 40143 57034 8724/ 333 20143;EQDQ01  00002PRCP99
0173589180999992000021900004+25070+116350FM-12+020799999V0209999C000010021019N0050001N1+01731+01681101211ADDAA106000191AY161061AY261061GF108991081051002501999999MD1210131-0601MW1601REMSYN088AAXX  19001 58918 11350 80000 10173 20168 40121 52013 69921 76066 885// 333 05602 70002;
0172589180999992000021906004+25070+116350FM-12+020799999V0201101N003010042019N0150001N1+01981+01841100881ADDAA106000391AY161061GF108991081051004501999999KA1999N+01701MD1710371+9999MW1211REMSYN082AAXX  19061 58918 11465 81103 10198 20184 40088 57037 69931 72160 885// 333 20170;
0153589180999992000021921004+25070+116350FM-12+020799999V0203201N004010042019N0300001N1+01071+00811101291ADDAA124001091AY161031GF108991081051004501999999MD1710061+9999MW1601REMSYN076AAXX  19211 58918 41480 83204 10107 20081 40129 57006 76060 885// 333 70010;
0159589180999992000022000004+25070+116350FM-12+020799999V02099999999990042019N0300001N1+99999+99999999999ADDAA106000591AY161061GF108991071051004501071999MD1210211+0301MW1601REMSYN082AAXX  20001 58918 11480 832// 10601 20078 52021 69951 76060 8757/ 333 00357 70012;
0173589180999992000022100004+25070+116350FM-12+020799999V0203201N002010042019N0120001N1+00751+00641102001ADDAA106005191AY161061AY261061GF108991081051004501999999MD1210091+0401MW1601REMSYN088AAXX  21001 58918 11462 83202 10075 20064 40200 52009 60051 76066 885// 333 00453 70052;
0180589180999992000022106004+25070+116350FM-12+020799999V0203201N001010042019N0150001N1+00981+00841101751ADDAA106003091AY161061AY261061GF108991081051004501999999KA1999N+00711MD1710271+9999MW1601REMSYN082AAXX  21061 58918 11465 83201 10098 20084 40175 57027 60031 76066 885// 333 20071;
0153589180999992000022121004+25070+116350FM-12+020799999V0203201N003010042019N0300001N1+00961+00841101751ADDAA124010791AY161031GF108991081051004501999999MD1210031+9999MW1001REMSYN076AAXX  21211 58918 41480 83203 10096 20084 40175 52003 70060 885// 333 70107;
0165589180999992000022200004+25070+116350FM-12+020799999V0202901N003010042019N0300001N1+00931+00701101861ADDAA106000591AY161061GF108991081051004501999999MD1210101-0101MW1001REMSYN088AAXX  22001 58918 11480 82903 10093 20070 40186 52010 69951 70060 885// 333 05102 70075;
0172589180999992000022206004+25070+116350FM-12+020799999V0203201N003010042019N0300001N1+01111+00911101581ADDAA106001091AY161061GF108991081051004501999999KA1999N+00921MD1710271+9999MW1601REMSYN082AAXX  22061 58918 11480 83203 10111 20091 40158 57027 60011 76060 885// 333 20092;
0153589180999992000022221004+25070+116350FM-12+020799999V0203201N003010042019N0300001N1+00911+00741101711ADDAA124006691AY161031GF108991081051004501999999MD1210031+9999MW1601REMSYN076AAXX  22211 58918 41480 83203 10091 20074 40171 52003 76060 885// 333 70065;
0165589180999992000022300004+25070+116350FM-12+020799999V0202901N002010042019N0250001N1+00861+00731101801ADDAA106002091AY161061GF108991081051004501999999MD1210081-0101MW1601REMSYN088AAXX  23001 58918 11475 82902 10086 20073 40180 52008 60021 76060 885// 333 05151 70083;
0172589180999992000022306004+25070+116350FM-12+020799999V0203201N004010042019N0300001N1+00981+00751101751ADDAA106001091AY161061GF108991081051004501999999KA1999N+00851MD1710141+9999MW1211REMSYN082AAXX  23061 58918 11480 83204 10098 20075 40175 57014 60011 72160 885// 333 20085;
0145589180999992000022321004+25070+116350FM-12+020799999V0202901N004010042019N0100001N1+00721+00561102041ADDAA124005191GF108991081051004501999999MD1710091+9999MW1601REMSYN076AAXX  23211 58918 41460 82904 10072 20056 40204 57009 76000 885// 333 70051;
0165589180999992000022400004+25070+116350FM-12+020799999V0203201N003010042019N0250001N1+00751+00571102261ADDAA106005191AY161061GF108991081051004501999999MD1210211+0401MW1601REMSYN088AAXX  24001 58918 11475 83203 10075 20057 40226 52021 60051 76060 885// 333 00451 70063;
0180589180999992000022406004+25070+116350FM-12+020799999V0202901N002010042019N0250001N1+00821+00691102031ADDAA106005191AY161061AY261061GF108991081051004501999999KA1999N+00691MD1710281+9999MW1601REMSYN082AAXX  24061 58918 11475 82902 10082 20069 40203 57028 60051 76066 885// 333 20069;
0161589180999992000022421004+25070+116350FM-12+020799999V0203201N003010075019N0300001N1+00751+00551102191ADDAA124013591AY161031AY261031GF108991081051008001999999MD1710111+9999MW1211REMSYN076AAXX  24211 58918 41580 83203 10075 20055 40219 57011 72166 885// 333 70134;
0165589180999992000022500004+25070+116350FM-12+020799999V0203201N002010042019N0300001N1+00761+00541102421ADDAA106001091AY161061GF108991081051004501999999MD1210221+0201MW1211REMSYN088AAXX  25001 58918 11480 83202 10076 20054 40242 52022 69991 72160 885// 333 00200 70111;
0172589180999992000022506004+25070+116350FM-12+020799999V0203201N005010075019N0300001N1+00821+00511102311ADDAA106001091AY161061GF108991081051008001999999KA1999N+00711MD1710091+9999MW1001REMSYN082AAXX  25061 58918 11580 83205 10082 20051 40231 57009 60011 70060 885// 333 20071;
0133589180999992000022521004+25070+116350FM-12+020799999V0203201N003019999999N0300001N1+00631+00131102511ADDAA124002091GF107991071001999999041999MD1410001+9999REMSYN070AAXX  25211 58918 42980 73203 10063 20013 40251 54000 8704/ 333 70021;
0139589180999992000022600004+25070+116350FM-12+020799999V0203201N004010210019N0300001N1+00631+00011102781ADDAA124001591GF107991071051022501999999MD1210271+0401REMSYN076AAXX  26001 58918 32880 73204 10063 20001 40278 52027 875// 333 00451 70014;
0165589180999992000022606004+25070+116350FM-12+020799999V0203401N005010150019N0300001N1+01001+00141102491ADDAA199000091GF107991061051017501041999KA1999N+00601MD1710371+9999REMSYN070AAXX  26061 58918 32780 73405 10100 20014 40249 57037 8654/ 333 20060;EQDQ01  00002PRCP99
0153589180999992000022700004+25070+116350FM-12+020799999V0209999C000019999999N0250001N1+00731+00381999999ADDAA106000591AY161061GF108991999999017501999999MD1410001-0301MW1001REMSYN076AAXX  27001 58918 11775 80000 10073 20038 54000 69961 70060 333 05301 70007;
0172589180999992000022706004+25070+116350FM-12+020799999V0202701N002010120019N0200001N1+00791+00521102491ADDAA106000391AY161061GF108991081051012501999999KA1999N+00671MD1710131+9999MW1601REMSYN082AAXX  27061 58918 11670 82702 10079 20052 40249 57013 69931 76060 885// 333 20067;
0161589180999992000022721004+25070+116350FM-12+020799999V0202901N003010360019N0025001N1+00681+00611102291ADDAA124014591AY161031AY261031GF108991011071004501021999MD1710041+9999MW1611REMSYN076AAXX  27211 58918 41425 82903 10068 20061 40229 57004 76166 8172/ 333 70146;
0173589180999992000022800004+25070+116350FM-12+020799999V0202201N002010360019N0100001N1+00681+00611102421ADDAA106006191AY161061AY261061GF108991011071002501021999MD1210121-0101MW1611REMSYN088AAXX  28001 58918 11360 82202 10068 20061 40242 52012 60061 76166 8172/ 333 05151 70192;
0167589180999992000022806004+25070+116350FM-12+020799999V0202901N003010360019N0150001N1+00901+00801102421ADDAA106005191AY161061AY261061GF108991031071004501021999MD1710141+9999MW1611REMSYN082AAXX  28061 58918 11465 82903 10090 20080 40242 57014 60051 76166 8372/ 333 70063;
0161589180999992000022821004+25070+116350FM-12+020799999V0202901N003010042019N0200001N1+00701+00471102671ADDAA124010491AY161031AY261031GF108991081051004501999999MD1710061+9999MW1601REMSYN076AAXX  28211 58918 41470 82903 10070 20047 40267 57006 76066 885// 333 70103;
0165589180999992000022900004+25070+116350FM-12+020799999V0203201N003010042019N0300001N1+00721+00541102761ADDAA106000791AY161061GF108991081051004501999999MD1210081+0301MW1001REMSYN088AAXX  29001 58918 11480 83203 10072 20054 40276 52008 69901 70060 885// 333 00300 70057;
0146589180999992000022906004+25070+116350FM-12+020799999V0203201N003010075019N0300001N1+00891+00611102441ADDAA199000021GF108991081051008001999999KA1999N+00671MD1710291+9999REMSYN070AAXX  29061 58918 32580 83203 10089 20061 40244 57029 885// 333 20067;
0172589180999992000030106004+25070+116350FM-12+020799999V0202901N004010042019N0300001N1+01101+00841102381ADDAA106002091AY161061GF108991081051004501999999KA1999N+00771MD1710221+9999MW1601REMSYN082AAXX  01061 58918 11480 82904 10110 20084 40238 57022 60021 76060 885// 333 20077;
0172589180999992000031406004+25070+116350FM-12+020799999V0202901N003010120019N0300001N1+02081+01691101561ADDAA106000791AY161061GF108991071081008001071999KA1999N+01621MD1710241+9999MW1001REMSYN082AAXX  14061 58918 11580 82903 10208 20169 40156 57024 69901 70060 8787/ 333 20162;
0133589180999992000031421004+25070+116350FM-12+020799999V0201801N002010120019N0150001N1+01851+01721101391ADDAA124999999GF108991081051012501999999MD1410001+9999REMSYN070AAXX  14211 58918 42665 81802 10185 20172 40139 54000 885// 333 7/003;
0165589180999992000032406004+25070+116350FM-12+020799999V0202901N005010120019N0300001N1+01761+01041102111ADDAA199000091GF108991071051012501071999KA1999N+01311MD1710161+9999REMSYN070AAXX  24061 58918 32680 82905 10176 20104 40211 57016 8757/ 333 20131;EQDQ01  00002PRCP99
0133589180999992000032421004+25070+116350FM-12+020799999V0209999C000019999999N0200001N1+01461+01341102181ADDAA124000791GF107991071001999999041999MD1710061+9999REMSYN070AAXX  24211 58918 42970 70000 10146 20134 40218 57006 8704/ 333 79999;
0152589180999992000032500004+25070+116350FM-12+020799999V0201601N002010360019N0200001N1+01531+01281102281ADDAA199000091GF107991021051017501041999MD1210101+0011REMSYN070AAXX  25001 58918 32770 71602 10153 20128 40228 52010 8254/ 333 05102;EQDQ01  00002PRCP99
0165589180999992000032506004+25070+116350FM-12+020799999V0203201N002010120019N0250001N1+01741+01181102171ADDAA199000091GF108991081051012501999999KA1999N+01441MD1710171+9999REMSYN070AAXX  25061 58918 32675 83202 10174 20118 40217 57017 885// 333 20144;EQDQ01  00002PRCP99
0133589180999992000032521004+25070+116350FM-12+020799999V0203201N003019999999N0250001N1+01341+00991102331ADDAA124000791GF108991081051999999999999MD1210011+9999REMSYN070AAXX  25211 58918 42975 83203 10134 20099 40233 52001 885// 333 79999;
0139589180999992000032600004+25070+116350FM-12+020799999V0203401N003010120019N0250001N1+01351+01031102491ADDAA124000791GF107991071081008001041999MD1210151+0201REMSYN076AAXX  26001 58918 32575 73403 10135 20103 40249 52015 8784/ 333 00252 79999;
0134589180999992000032621004+25070+116350FM-12+020799999V0209999C000012200019N0070001N1+00931+00871101881ADDGA1001+999999999GF100991001001999999001001MD1710101+9999MW1101REMSYN060AAXX  26211 58918 41957 00000 10093 20087 40188 57010 71000;
0174589180999992000032700004+25070+116350FM-12+020799999V0202201N001010006019N0008001N1+00951+00891102061ADDAA199000091GA1091+999999999GF109991091999999999999999MD1210151+0041MW1471REMSYN070AAXX  27001 58918 31/08 92201 10095 20089 40206 52015 74700 333 05454;EQDQ01  00002PRCP99
0122589180999992000032721004+25070+116350FM-12+020799999V0209999C000012200019N0120001N1+00941+00861101681ADDGA1001+999999999GF100991001001999999001001MD1210041+9999REMSYN054AAXX  27211 58918 42962 00000 10094 20086 40168 52004;
0152589180999992000032800004+25070+116350FM-12+020799999V0209999C000012200019N0110001N1+01041+00881101861ADDAA199000091GF101991011011004501041021MD1210151+0021REMSYN070AAXX  28001 58918 32461 10000 10104 20088 40186 52015 81142 333 05201;EQDQ01  00002PRCP99
0165589180999992000032806004+25070+116350FM-12+020799999V0203201N001012200019N0300001N1+03022+00541101341ADDAA199000091GF102991001001999999001021KA1999N+00881MD1710351+9999REMSYN070AAXX  28061 58918 32980 23201 10302 20054 40134 57035 80002 333 20088;EQDQ01  00002PRCP99
0152589180999992000032900004+25070+116350FM-12+020799999V0209999C000019999999N0200001N1+01521+00861102231ADDAA199000091GF107991061001999999041021MD1210211+0041REMSYN070AAXX  29001 58918 32970 70000 10152 20086 40223 52021 86042 333 00405;EQDQ01  00002PRCP99
0165589180999992000032906004+25070+116350FM-12+020799999V0202901N003019999999N0250001N1+02801+00101101831ADDAA199000091GF107991011001999999041021KA1999N+01251MD1710341+9999REMSYN070AAXX  29061 58918 32975 72903 10280 20010 40183 57034 81042 333 20125;EQDQ01  00002PRCP99
0112589180999992000032921004+25070+116350FM-12+020799999V0209999C000010120019N0120001N1+01401+01021101671ADDGF107991071051012501999999MD1710041+9999REMSYN060AAXX  29211 58918 42662 70000 10140 20102 40167 57004 875//;
0152589180999992000033000004+25070+116350FM-12+020799999V0202001N001010210019N0150001N1+01481+01151101851ADDAA199000091GF107991071051022501999999MD1210151+0041REMSYN070AAXX  30001 58918 32865 72001 10148 20115 40185 52015 875// 333 05400;EQDQ01  00002PRCP99
0165589180999992000033006004+25070+116350FM-12+020799999V0201101N004019999999N0300001N1+02601+01171101361ADDAA199000091GF107991071001999999031999KA1999N+01301MD1710381+9999REMSYN070AAXX  30061 58918 32980 71104 10260 20117 40136 57038 8703/ 333 20130;EQDQ01  00002PRCP99
0112589180999992000033021004+25070+116350FM-12+020799999V0209999C000019999999N0120001N1+01721+01301101101ADDGF106991061001999999041001MD1710051+9999REMSYN060AAXX  30211 58918 42962 60000 10172 20130 40110 57005 86040;
0152589180999992000033100004+25070+116350FM-12+020799999V0209999C000010360019N0200001N1+01721+01451101341ADDAA199000091GF107991041051022501041021MD1210211+0051REMSYN070AAXX  31001 58918 32870 70000 10172 20145 40134 52021 84542 333 05502;EQDQ01  00002PRCP99
0165589180999992000033106004+25070+116350FM-12+020799999V0201401N002010360019N0300001N1+02701+01631101031ADDAA199000091GF107991021021012501041021KA1999N+01641MD1710261+9999REMSYN070AAXX  31061 58918 32680 71402 10270 20163 40103 57026 82242 333 20164;EQDQ01  00002PRCP99
0153589180999992000033121004+25070+116350FM-12+020799999V0202901N002010042019N0090001N1+01801+01751100901ADDAA124042791AY181031GF108991081041004501999999MD1710201+9999MW1801REMSYN076AAXX  31211 58918 41459 82902 10180 20175 40090 57020 78080 884// 333 70426;
0165589180999992000040100004+25070+116350FM-12+020799999V0202901N002019999999N0060001N1+01731+01701101091ADDAA106032091AY181061GF108991081091999999999999MD1210171-0201MW1811REMSYN088AAXX  01001 58918 11/56 82902 10173 20170 40109 52017 60321 78180 889// 333 05200 70668;
0157589180999992000040106004+25070+116350FM-12+020799999V0203401N002010042019N0050001N1+01821+01711100971ADDAA106007191AY181061AY261061GF108991081051004501999999MD1710181+9999MW1601REMSYN072AAXX  01061 58918 11450 83402 10182 20171 40097 57018 60071 76086 885//;
0145589180999992000040121004+25070+116350FM-12+020799999V0209999C000010075019N0090001N1+01861+01811101161ADDAA124032891GF108991081051008001999999MD1710021+9999MW1101REMSYN076AAXX  01211 58918 41559 80000 10186 20181 40116 57002 71000 885// 333 70328;
0139589180999992000040200004+25070+116350FM-12+020799999V0209999C000010075019N0150001N1+01921+01811101301ADDAA124008691GF108991081051008001999999MD1210131+0201REMSYN076AAXX  02001 58918 32565 80000 10192 20181 40130 52013 885// 333 00202 70086;
0172589180999992000040206004+25070+116350FM-12+020799999V0201601N002012200019N0250001N1+02441+01921101031ADDAA106000791AY161061GF104991021011012501041021KA1999N+01811MD1710281+9999MW1001REMSYN082AAXX  02061 58918 11675 41602 10244 20192 40103 57028 69901 70060 82142 333 20181;
0153589180999992000040221004+25070+116350FM-12+020799999V0201601N001010075019N0130001N1+02041+01961101081ADDAA124020691AY161031GF108991081051008001999999MD1210021+9999MW1601REMSYN076AAXX  02211 58918 41563 81601 10204 20196 40108 52002 76060 885// 333 70206;
0165589180999992000040300004+25070+116350FM-12+020799999V0201401N003010042019N0300001N1+02051+01931101171ADDAA106000891AY161061GF108991081051004501999999MD1210091-0101MW1601REMSYN088AAXX  03001 58918 11480 81403 10205 20193 40117 52009 69971 76060 885// 333 05101 70207;
0180589180999992000040306004+25070+116350FM-12+020799999V0201401N003010042019N0110001N1+01951+01891101031ADDAA106024991AY191061AY261061GF108991081091004501999999KA1999N+01921MD1710231+9999MW1911REMSYN082AAXX  03061 58918 11461 81403 10195 20189 40103 57023 60251 79196 889// 333 20192;
0153589180999992000040321004+25070+116350FM-12+020799999V0202901N002010075019N0250001N1+01691+01521101141ADDAA124031091AY161031GF108991081051008001999999MD1710051+9999MW1001REMSYN076AAXX  03211 58918 41575 82902 10169 20152 40114 57005 70060 885// 333 70309;
0165589180999992000040400004+25070+116350FM-12+020799999V0202901N003010120019N0300001N1+01721+01431101351ADDAA106000791AY161061GF108991081081008001999999MD1210201+0101MW1001REMSYN088AAXX  04001 58918 11580 82903 10172 20143 40135 52020 69901 70060 888// 333 00153 70308;
0165589180999992000040406004+25070+116350FM-12+020799999V0203201N005010360019N0300001N1+02391+01541101061ADDAA199000091GF107991031021012501041999KA1999N+01671MD1710241+9999REMSYN070AAXX  04061 58918 32680 73205 10239 20154 40106 57024 8324/ 333 20167;EQDQ01  00002PRCP99
