0174592710999992000010100004+23950+112200FM-12+005799999V0209999C000012200019N0030001N1+00921+00821101991ADDAA106000091GA1001+999999999GF100991001001999999001001MD1210191+0011MW1101REMSYN070AAXX  01001 59271 31930 00000 10092 20082 40199 52019 71000 333 00102;EQDQ01  00002PRCP06
0187592710999992000010106004+23950+112200FM-12+005799999V0209999C000012200019N0070001N1+02471+01091101531ADDAA106000091GA1001+999999999GF100991001001999999001001KA1999N+00891MD1710471+9999MW1051REMSYN070AAXX  01061 59271 31957 00000 10247 20109 40153 57047 70500 333 20089;EQDQ01  00002PRCP06
0164592710999992000010200004+23950+112200FM-12+005799999V0203601N001012200019N0040001N1+01181+01041102031ADDAA106000091GF103991031001999999041001MD1210151+0011MW1101REMSYN076AAXX  02001 59271 31940 33601 10118 20104 40203 52015 71000 83040 333 00103;EQDQ01  00002PRCP06
0165592710999992000010206004+23950+112200FM-12+005799999V0202901N001012200019N0300001N1+02651+01111101631ADDAA106000091GF101991011011012501001001KA1999N+01161MD1710431+9999REMSYN070AAXX  02061 59271 32680 12901 10265 20111 40163 57043 81100 333 20116;EQDQ01  00002PRCP06
0124592710999992000010221004+23950+112200FM-12+005799999V0200201N001019999999N0040001N1+01161+01021101681ADDGF107991071001999999041999MD1710031+9999MW1101REMSYN066AAXX  02211 59271 41940 70201 10116 20102 40168 57003 71000 8704/;
0175592710999992000010306004+23950+112200FM-12+005799999V0201601N001012200019N0170001N1+02461+00981101521ADDAA106000091GA1001+999999999GF100991001001999999001001KA1999N+01061MD1710391+9999REMSYN064AAXX  03061 59271 32967 01601 10246 20098 40152 57039 333 20106;EQDQ01  00002PRCP06
0164592710999992000010400004+23950+112200FM-12+005799999V0202001N001010360019N0030001N1+01351+01141101681ADDAA106000091GF107991021051017501041999MD1210131+0021MW1101REMSYN076AAXX  04001 59271 31730 72001 10135 20114 40168 52013 71000 8254/ 333 05203;EQDQ01  00002PRCP06
0177592710999992000010406004+23950+112200FM-12+005799999V0202001N003019999999N0080001N1+02331+01421101341ADDAA106000091GF106991061001999999041999KA1999N+01201MD1710421+9999MW1051REMSYN076AAXX  04061 59271 31958 62003 10233 20142 40134 57042 70500 8604/ 333 20120;EQDQ01  00002PRCP06
0124592710999992000010421004+23950+112200FM-12+005799999V0209999C000010210019N0030001N1+01761+01561101391ADDGF107991071051022501041999MD1710101+9999MW1101REMSYN066AAXX  04211 59271 41830 70000 10176 20156 40139 57010 71000 8754/;
0164592710999992000010500004+23950+112200FM-12+005799999V0209999C000010150019N0030001N1+01711+01561101521ADDAA106000091GF107991071051017501041999MD1210121+0021MW1101REMSYN076AAXX  05001 59271 31730 70000 10171 20156 40152 52012 71000 8754/ 333 05204;EQDQ01  00002PRCP06
0177592710999992000010506004+23950+112200FM-12+005799999V0201401N002010150019N0060001N1+02331+01561101211ADDAA106000091GF107991061051017501041999KA1999N+01671MD1710361+9999MW1051REMSYN076AAXX  05061 59271 31756 71402 10233 20156 40121 57036 70500 8654/ 333 20167;EQDQ01  00002PRCP06
0124592710999992000010521004+23950+112200FM-12+005799999V0209999C000019999999N0030001N1+01491+01421101301ADDGF107991071001999999041999MD1710041+9999MW1101REMSYN066AAXX  05211 59271 41930 70000 10149 20142 40130 57004 71000 8704/;
0184592710999992000010606004+23950+112200FM-12+005799999V0209999C000012200019N0280001N1+02481+01711101231ADDAA106000091AY141061GF104991031011008001041001KA1999N+01421MD1710401+9999MW1001REMSYN075AAXX  06061 59271 31578 40000 10248 20171 40123 57040 7004083140 333 20142;EQDQ01  00002PRCP06
0112592710999992000010621004+23950+112200FM-12+005799999V0203401N002010150019N0250001N1+01441+00911101751ADDGF108991081051017501999999MD1710031+9999REMSYN060AAXX  06211 59271 42775 83402 10144 20091 40175 57003 885//;
0157592710999992000010700004+23950+112200FM-12+005799999V0200201N002010150019N0200001N1+01391+00941101911ADDAA106000791GF108991081051017501999999MD1210161+0401MW1601REMSYN088AAXX  07001 59271 11770 80202 10139 20094 40191 52016 69901 76000 885// 333 00451 79999;
0172592710999992000010706004+23950+112200FM-12+005799999V0209999C000010090019N0013001N1+01231+01141101781ADDAA106002091AY161061GF108991081081004501999999KA1999N+01201MD1710281+9999MW1601REMSYN082AAXX  07061 59271 11413 80000 10123 20114 40178 57028 60021 76060 888// 333 20120;
0107592710999992000010721004+23950+112200FM-12+005799999V0200701N001019999999N0012001N1+01331+99999101661ADDAA124002391GF108991999999008001999999REMSYN058AAXX  07211 59271 41512 80701 10133 40166 71/21 333 70024;
0170592710999992000010800004+23950+112200FM-12+005799999V0203201N002010120019N0013001N1+01371+01281101691ADDAA106000091GF107991071081008001041999MD1210031-0201MW1101REMSYN082AAXX  08001 59271 31513 73202 10137 20128 40169 52003 71000 8784/ 333 05200 70024;EQDQ01  00002PRCP06
0177592710999992000010806004+23950+112200FM-12+005799999V0209999C000010120019N0050001N1+01891+01411101401ADDAA106000091GF107991071081008001999999KA1999N+01191MD1710291+9999MW1101REMSYN076AAXX  08061 59271 31550 70000 10189 20141 40140 57029 71000 878// 333 20119;EQDQ01  00002PRCP06
0124592710999992000010821004+23950+112200FM-12+005799999V0209999C000019999999N0011001N1+01531+01441101431ADDGF108991081001999999071999MD1710081+9999MW1101REMSYN066AAXX  08211 59271 41911 80000 10153 20144 40143 57008 71000 8807/;
0164592710999992000010900004+23950+112200FM-12+005799999V0209999C000019999999N0011001N1+01511+01441101621ADDAA106000091GF108991081001999999071999MD1210181+0011MW1101REMSYN076AAXX  09001 59271 31911 80000 10151 20144 40162 52018 71000 8807/ 333 05101;EQDQ01  00002PRCP06
0182592710999992000011000004+23950+112200FM-12+005799999V0209999C000010006019N0009001N1+01581+01531101611ADDAA106000091AY141061GA1091+999999999GF109991091999999999999999MD1210121+0001MW1421REMSYN070AAXX  10001 59271 31/09 90000 10158 20153 40161 52012 74240 333 00001;EQDQ01  00002PRCP06
0185592710999992000011006004+23950+112200FM-12+005799999V0201401N002010360019N0120001N1+02431+01641101361ADDAA106000091AY141061GF107991021011008001041999KA1999N+01531MD1710351+9999MW1001REMSYN076AAXX  10061 59271 31562 71402 10243 20164 40136 57035 70040 8214/ 333 20153;EQDQ01  00002PRCP06
0124592710999992000011021004+23950+112200FM-12+005799999V0209999C000010150019N0030001N1+01931+01701101461ADDGF108991081051017501999999MD1410001+9999MW1101REMSYN066AAXX  10211 59271 41730 80000 10193 20170 40146 54000 71000 885//;
0165592710999992000011100004+23950+112200FM-12+005799999V0209999C000010120019N0030001N1+01901+01701101611ADDAA106000791AY161061GF108991081081008001999999MD1210151+0001MW1211REMSYN088AAXX  11001 59271 11530 80000 10190 20170 40161 52015 69901 72160 888// 333 00003 79999;
0158592710999992000011106004+23950+112200FM-12+005799999V0201101N002010120019N0035001N1+02061+01721101281ADDAA106000021GF108991081081008001999999KA1999N+01851MD1710351+9999MW1101REMSYN076AAXX  11061 59271 31535 81102 10206 20172 40128 57035 71000 888// 333 20185;
0145592710999992000011121004+23950+112200FM-12+005799999V0209999C000010150019N0013001N1+01881+01751101291ADDAA124000791GF108991081051017501999999MD1710091+9999MW1101REMSYN076AAXX  11211 59271 41713 80000 10188 20175 40129 57009 71000 885// 333 79999;
0164592710999992000011200004+23950+112200FM-12+005799999V0209999C000010210019N0012001N1+01891+01761101421ADDAA106000091GF108991081051022501999999MD1210121+0021MW1101REMSYN076AAXX  12001 59271 31812 80000 10189 20176 40142 52012 71000 885// 333 05200;EQDQ01  00002PRCP06
0172592710999992000011206004+23950+112200FM-12+005799999V0200201N003010120019N0025001N1+01721+01531101351ADDAA106000791AY161061GF108991081081008001999999KA1999N+01701MD1710171+9999MW1601REMSYN082AAXX  12061 59271 11525 80203 10172 20153 40135 57017 69901 76060 888// 333 20170;
0165592710999992000011300004+23950+112200FM-12+005799999V0203401N001010150019N0200001N1+01171+00851101601ADDAA106000791AY161061GF108991081051017501999999MD1210111+0201MW1001REMSYN088AAXX  13001 59271 11770 83401 10117 20085 40160 52011 69901 70060 885// 333 00257 79999;
0165592710999992000011306004+23950+112200FM-12+005799999V0200201N002010150019N0200001N1+01331+00921101381ADDAA106000091GF108991081051017501999999KA1999N+01131MD1710331+9999REMSYN070AAXX  13061 59271 32770 80202 10133 20092 40138 57033 885// 333 20113;EQDQ01  00002PRCP06
0169592710999992000011400004+23950+112200FM-12+005799999V0202201N002010090019N0150001N1+01121+01041101641ADDAA106002091AY161061GF108991081081004501999999MD1210141+0001MW1601REMSYN092    AAXX  14001 59271 11465 82202 10112 20104 40164 52014 60021 76060 888// 333 00051 70017;
0176592710999992000011406004+23950+112200FM-12+005799999V0200201N001010090019N0280001N1+01171+01011101421ADDAA106000591AY161061GF108991081081004501999999KA1999N+01081MD1710301+9999MW1211REMSYN086    AAXX  14061 59271 11478 80201 10117 20101 40142 57030 69961 72160 888// 333 20108;
0149592710999992000011421004+23950+112200FM-12+005799999V0200401N001010090019N0030001N1+01241+01201101401ADDAA124001091GF108991081081004501999999MD1710061+9999MW1601REMSYN080    AAXX  14211 59271 41430 80401 10124 20120 40140 57006 76000 888// 333 70009;
0176592710999992000011506004+23950+112200FM-12+005799999V0209999C000010150019N0015001N1+01551+01431101321ADDAA106000791AY161061GF108991081051017501999999KA1999N+01171MD1710341+9999MW1211REMSYN086    AAXX  15061 59271 11715 80000 10155 20143 40132 57034 69901 72160 885// 333 20117;
0157592710999992000011521004+23950+112200FM-12+005799999V0200201N003010090019N0040001N1+01311+99999101671ADDAA124000791AY161031GF108991081081004501999999MD1210081+9999MW1601REMSYN080    AAXX  15211 59271 41440 80203 10131 20720 40167 52008 76060 888// 333 79999;
0169592710999992000011600004+23950+112200FM-12+005799999V0200701N001010090019N0300001N1+01221+01011101871ADDAA106000791AY161061GF108991081081004501999999MD1210201+0301MW1001REMSYN092    AAXX  16001 59271 11480 80701 10122 20101 40187 52020 69901 70060 888// 333 00351 79999;
0150592710999992000011606004+23950+112200FM-12+005799999V0200401N003010120019N0300001N1+01251+00851101781ADDAA199000021GF108991081081008001999999KA1999N+01181MD1710301+9999REMSYN074    AAXX  16061 59271 32580 80403 10125 20085 40178 57030 888// 333 20118;
0169592710999992000011700004+23950+112200FM-12+005799999V0203601N002010090019N0300001N1+00771+00501102291ADDAA106000791AY161061GF108991081081004501999999MD1210171+0401MW1001REMSYN092    AAXX  17001 59271 11480 83602 10077 20050 40229 52017 69901 70060 888// 333 00455 70004;
0157592710999992000011721004+23950+112200FM-12+005799999V0202701N002010150019N0240001N1+00691+00431102381ADDAA124000591AY161031GF108991081051017501999999MD1710081+9999MW1001REMSYN080    AAXX  17211 59271 41774 82702 10069 20043 40238 57008 70060 885// 333 70006;
0169592710999992000011800004+23950+112200FM-12+005799999V0209999C000010120019N0300001N1+00701+00421102591ADDAA106000791AY161061GF108991081081008001999999MD1210211+0301MW1001REMSYN092    AAXX  18001 59271 11580 80000 10070 20042 40259 52021 69901 70060 888// 333 00351 70006;
0176592710999992000011806004+23950+112200FM-12+005799999V0202701N001010120019N0300001N1+00991+00341102371ADDAA106000791AY161061GF108991081081008001999999KA1999N+00661MD1710351+9999MW1001REMSYN086    AAXX  18061 59271 11580 82701 10099 20034 40237 57035 69901 70060 888// 333 20066;
0147592710999992000011821004+23950+112200FM-12+005799999V0200401N001012200019N0250001N1+00291+00191102611ADDAA124000791GA1001+999999999GF100991001001999999001001MD1710091+9999REMSYN068    AAXX  18211 59271 42975 00401 10029 20019 40261 57009 333 79999;
0171592710999992000011900004+23950+112200FM-12+005799999V0209999C000012200019N0180001N1+00241+00131102821ADDAA124000791GA1001+999999999GF100991001001999999001001IA2999+00129MD1210201+0201REMSYN080    AAXX  19001 59271 32968 00000 10024 20013 40282 52020 333 00255 30012 79999;
0169592710999992000011906004+23950+112200FM-12+005799999V0202501N001010210019N0300001N1+01161+00111102551ADDAA199000091GF107991071051022501999999KA1999N+00211MD1710261+9999REMSYN074    AAXX  19061 59271 32880 72501 10116 20011 40255 57026 875// 333 20021;EQDQ01  00002PRCP99
0122592710999992000011921004+23950+112200FM-12+005799999V0201601N001012200019N0150001N1+00251+00141102691ADDGA1001+999999999GF100991001001999999001001MD1710051+9999REMSYN054AAXX  19211 59271 42965 01601 10025 20014 40269 57005;
0182592710999992000012000004+23950+112200FM-12+005799999V0209999C000012200019N0050001N1+00171+00121102821ADDAA199000091GF102991021061001501001001IA2999+00009MD1210121+0001MW1101REMSYN082AAXX  20001 59271 31250 20000 10017 20012 40282 52012 71000 82600 333 00051 30006;EQDQ01  00002PRCP99
0175592710999992000012006004+23950+112200FM-12+005799999V0202001N002012200019N0300001N1+01711+00061102471ADDAA199000091GA1001+999999999GF100991001001999999001001KA1999N+00141MD1710391+9999REMSYN064AAXX  20061 59271 32980 02002 10171 20006 40247 57039 333 20014;EQDQ01  00002PRCP99
0124592710999992000012021004+23950+112200FM-12+005799999V0209999C000019999999N0070001N1+00481+00331102661ADDGF107991071001999999041999MD1410001+9999MW1101REMSYN066AAXX  20211 59271 41957 70000 10048 20033 40266 54000 71000 8704/;
0182592710999992000012100004+23950+112200FM-12+005799999V0209999C000019999999N0090001N1+00511+00391102911ADDAA199000091GF106991061001999999041999IA2999+00309MD1210251+0101MW1101REMSYN082AAXX  21001 59271 31959 60000 10051 20039 40291 52025 71000 8604/ 333 00103 30037;EQDQ01  00002PRCP99
0112592710999992000012121004+23950+112200FM-12+005799999V0209999C000010210019N0200001N1+01241+00811102381ADDGF108991071051022501071999MD1710141+9999REMSYN060AAXX  21211 59271 42870 80000 10124 20081 40238 57014 8757/;
0152592710999992000012200004+23950+112200FM-12+005799999V0209999C000010210019N0130001N1+01231+00851102431ADDAA199000091GF108991081051022501999999MD1210051+0051REMSYN070AAXX  22001 59271 32863 80000 10123 20085 40243 52005 885// 333 05507;EQDQ01  00002PRCP99
0172592710999992000012206004+23950+112200FM-12+005799999V0202501N001010210019N0100001N1+01461+01281102121ADDAA106001091AY161061GF107991071051022501999999KA1999N+01181MD1710331+9999MW1211REMSYN082AAXX  22061 59271 11860 72501 10146 20128 40212 57033 60011 72160 875// 333 20118;
0183592710999992000012300004+23950+112200FM-12+005799999V0209999C000010003019N0004001N1+01421+01381101951ADDAA106002091AY161061AY241061GA1091+999999999GF109991091999999999999999MD1210031-0501MW1601REMSYN082AAXX  23001 59271 11/04 90000 10142 20138 40195 52003 60021 76064 333 05502 70164;
0180592710999992000012306004+23950+112200FM-12+005799999V0209999C000010090019N0016001N1+01801+01601101741ADDAA106000191AY161061AY241061GF108991081081004501999999KA1999N+01381MD1710281+9999MW1211REMSYN082AAXX  23061 59271 11416 80000 10180 20160 40174 57028 69921 72164 888// 333 20138;
0155592710999992000012320004+23950+112200FM-12+005799999V0209999C000010090019N0012001N1+01641+99999101001ADDAA124010491AY161999AY241999GF108991081081004501999999MD1710061+9999MW1601REMSYN070AAXX  23201 59271 41412 80000 10164 40100 57006 76064 888// 333 70105;
0180592710999992000012321004+23950+112200FM-12+005799999V0209999C000010090019N0012001N1+01641+99999101762ADDAA124010491AY161031AY241031GF108991081081004501999999MD1710061+9999MW1601REMSYN076AAXX  23211 59271 41412 80000 10164 201/2 40176 57006 76064 888// 333 70105;EQDQ01+101763APOSLP
0183592710999992000012400004+23950+112200FM-12+005799999V0201601N001010006019N0008001N1+01641+01621999999ADDAA106001091AY161061AY241061GA1091+999999999GF109991091999999999999999MD1210161+0001MW1601REMSYN082AAXX  24001 59271 11/08 91601 10164 20162 40//0 52016 60011 76064 333 00002 70109;
0180592710999992000012406004+23950+112200FM-12+005799999V0200201N003010120019N0170001N1+01761+01521101971ADDAA106000391AY161061AY241061GF108991071081008001071999KA1999N+01611MD1710201+9999MW1601REMSYN082AAXX  24061 59271 11567 80203 10176 20152 40197 57020 69931 76064 8787/ 333 20161;
0133592710999992000012421004+23950+112200FM-12+005799999V0209999C000012200019N0300001N1+00691+00381102731ADDAA124000891GF102991021051022501001001MD1210061+9999REMSYN070AAXX  24211 59271 42880 20000 10069 20038 40273 52006 82500 333 70008;
0139592710999992000012500004+23950+112200FM-12+005799999V0203201N001012200019N0300001N1+00571+00401102931ADDAA124000391GF101991011001999999041001MD1210191+1001REMSYN076AAXX  25001 59271 32980 13201 10057 20040 40293 52019 81040 333 01061 70003;
0165592710999992000012506004+23950+112200FM-12+005799999V0200201N006010360019N0300001N1+01081+00231102811ADDAA199000091GF107991021051022501041999KA1999N+00531MD1710251+9999REMSYN070AAXX  25061 59271 32880 70206 10108 20023 40281 57025 8254/ 333 20053;EQDQ01  00002PRCP99
0170592710999992000012600004+23950+112200FM-12+005799999V0209999C000012200019N0270001N1+00291+00161103321ADDAA199000091GF103991031051022501001001IA2999+00309MD1210251+0401REMSYN076AAXX  26001 59271 32877 30000 10029 20016 40332 52025 83500 333 00453 30030;EQDQ01  00002PRCP99
0165592710999992000012606004+23950+112200FM-12+005799999V0200701N003010210019N0300001N1+00821-00101103111ADDAA199000091GF108991081051022501999999KA1999N+00261MD1710311+9999REMSYN070AAXX  26061 59271 32880 80703 10082 21010 40311 57031 885// 333 20026;EQDQ01  00002PRCP99
0112592710999992000012621004+23950+112200FM-12+005799999V0201601N001012200019N0200001N1+00161-00011103231ADDGF101991011001999999041001MD1710041+9999REMSYN060AAXX  26211 59271 42970 11601 10016 21001 40323 57004 81040;
0191592710999992000012706004+23950+112200FM-12+005799999V0202501N002012200019N0300001N1+01261-00311102891ADDAA199000091GA1001+999999999GF100991001001999999001001KA1999N+00071MD1710532+9999REMSYN064AAXX  27061 59271 32980 02502 10126 21031 40289 57053 333 20007;EQDQ01+000532APC3  Q02  00002PRCP99
0170592710999992000012800004+23950+112200FM-12+005799999V0209999C000019999999N0160001N1+00501+00141103061ADDAA199000091GF107991071001999999041999IA2999+00409MD1210121-0401REMSYN076AAXX  28001 59271 32966 70000 10050 20014 40306 52012 8704/ 333 05404 30041;EQDQ01  00002PRCP99
0165592710999992000012806004+23950+112200FM-12+005799999V0202501N001019999999N0180001N1+01251+00011102711ADDAA199000091GF107991071001999999041999KA1999N+00401MD1710421+9999REMSYN070AAXX  28061 59271 32968 72501 10125 20001 40271 57042 8704/ 333 20040;EQDQ01  00002PRCP99
0139592710999992000012821004+23950+112200FM-12+005799999V0201601N001019999999N0110001N1+00701+00501102791ADDAY141031GF107991999999999999999999MD1210041+9999REMSYN060AAXX  28211 59271 42961 71601 1007/ 20050 40279 52004 7714/;EQDQ01+000712PRSWM1
0152592710999992000012900004+23950+112200FM-12+005799999V0201601N001010210019N0100001N1+00801+00551103011ADDAA199000091GF108991071051022501071999MD1210221+0001REMSYN070AAXX  29001 59271 32860 81601 10080 20055 40301 52022 8757/ 333 00003;EQDQ01  00002PRCP99
0175592710999992000012906004+23950+112200FM-12+005799999V0202201N002012200019N0160001N1+01471+00401102781ADDAA199000091GA1001+999999999GF100991001001999999001001KA1999N+00721MD1710351+9999REMSYN064AAXX  29061 59271 32966 02202 10147 20040 40278 57035 333 20072;EQDQ01  00002PRCP99
0112592710999992000012921004+23950+112200FM-12+005799999V0200201N003010210019N0150001N1+00801+00301103271ADDGF107991071051022501999999MD1210021+9999REMSYN060AAXX  29211 59271 42865 70203 10080 20030 40327 52002 875//;
0152592710999992000013000004+23950+112200FM-12+005799999V0209999C000012200019N0180001N1+00661+00241103361ADDAA199000091GF103991031001999999041001MD1210091+0041REMSYN070AAXX  30001 59271 32968 30000 10066 20024 40336 52009 83040 333 00451;EQDQ01  00002PRCP99
0175592710999992000013006004+23950+112200FM-12+005799999V0203401N003012200019N0250001N1+01491+00561103041ADDAA199000091GA1001+999999999GF100991001001999999001001KA1999N+00591MD1710341+9999REMSYN064AAXX  30061 59271 32975 03403 10149 20056 40304 57034 333 20059;EQDQ01  00002PRCP99
0192592710999992000013100004+23950+112200FM-12+005799999V0209999C000012200019N0080001N1+00311+00151103321ADDAA199000091GA1001+999999999GF100991001001999999001001IA2999+00209MD1210171-0101MW1101REMSYN076AAXX  31001 59271 31958 00000 10031 20015 40332 52017 71000 333 05154 30020;EQDQ01  00002PRCP99
0177592710999992000013106004+23950+112200FM-12+005799999V0203401N003010210019N0050001N1+01031-00031103051ADDAA199000091GF108991081051022501999999KA1999N+00271MD1710281+9999MW1101REMSYN076AAXX  31061 59271 31850 83403 10103 21003 40305 57028 71000 885// 333 20027;EQDQ01  00002PRCP99
0153592710999992000013121004+23950+112200FM-12+005799999V0203601N003010210019N0100001N1+00461+00261103171ADDAA124000391AY161031GF108991081051022501999999MD1710031+9999MW1601REMSYN076AAXX  31211 59271 41860 83603 10046 20026 40317 57003 76060 885// 333 70002;
0183592710999992000020100004+23950+112200FM-12+005799999V0200201N002019999999N0170001N1+00451+00201103231ADDAA106000191AY161061GF107991071001999999041999IA2999+00309MD1210061-0101MW1001REMSYN094AAXX  01001 59271 11967 70202 10045 20020 40323 52006 69921 70060 8704/ 333 05101 30030 70002;
0146592710999992000020106004+23950+112200FM-12+005799999V0203601N005012200019N0300001N1+01191+00301102791ADDAA199000021GF102991021051022501001001KA1999N+00411MD1710481+9999REMSYN070AAXX  01061 59271 32880 23605 10119 20030 40279 57048 82500 333 20041;
0133592710999992000020121004+23950+112200FM-12+005799999V0200401N001010210019N0160001N1+00591+00221102621ADDAA124000791GF107991071051022501999999MD1710141+9999REMSYN070AAXX  01211 59271 42866 70401 10059 20022 40262 57014 875// 333 79999;
0170592710999992000020200004+23950+112200FM-12+005799999V0202001N001012200019N0130001N1+00381+00201102831ADDAA199000091GF102991021001999999041001IA2999+00309MD1210201-0401REMSYN076AAXX  02001 59271 32963 22001 10038 20020 40283 52020 82040 333 05451 30034;EQDQ01  00002PRCP99
0175592710999992000020206004+23950+112200FM-12+005799999V0202701N002012200019N0220001N1+01651+00411102381ADDAA199000091GA1001+999999999GF100991001001999999001001KA1999N+00331MD1710451+9999REMSYN064AAXX  02061 59271 32972 02702 10165 20041 40238 57045 333 20033;EQDQ01  00002PRCP99
0112592710999992000020221004+23950+112200FM-12+005799999V0202501N001010210019N0120001N1+00891+00561102331ADDGF107991071051022501999999MD1710111+9999REMSYN060AAXX  02211 59271 42862 72501 10089 20056 40233 57011 875//;
0152592710999992000020300004+23950+112200FM-12+005799999V0202001N001019999999N0180001N1+00711+00461102531ADDAA199000091GF107991071999999999041999MD1210191+0031REMSYN070AAXX  03001 59271 32968 72001 10071 20046 40253 52019 87/4/ 333 05303;EQDQ01  00002PRCP99
0165592710999992000020306004+23950+112200FM-12+005799999V0209999C000019999999N0250001N1+01691+00661102141ADDAA199000091GF107991071001999999041999KA1999N+00691MD1710351+9999REMSYN070AAXX  03061 59271 32975 70000 10169 20066 40214 57035 8704/ 333 20069;EQDQ01  00002PRCP99
0112592710999992000020321004+23950+112200FM-12+005799999V0209999C000010210019N0180001N1+01241+00971102011ADDGF108991071051022501071999MD1710081+9999REMSYN060AAXX  03211 59271 42868 80000 10124 20097 40201 57008 8757/;
0152592710999992000020400004+23950+112200FM-12+005799999V0209999C000010150019N0150001N1+01241+00971102161ADDAA199000091GF107991071051017501041999MD1210141+0041REMSYN070AAXX  04001 59271 32765 70000 10124 20097 40216 52014 8754/ 333 05405;EQDQ01  00002PRCP99
0165592710999992000020406004+23950+112200FM-12+005799999V0202901N003010210019N0300001N1+02031+01041101791ADDAA199000091GF107991071051022501041999KA1999N+01121MD1710421+9999REMSYN070AAXX  04061 59271 32880 72903 10203 20104 40179 57042 8754/ 333 20112;EQDQ01  00002PRCP99
0112592710999992000020421004+23950+112200FM-12+005799999V0203401N003010210019N0120001N1+01391+00901101981ADDGF107991071051022501999999MD1710061+9999REMSYN060AAXX  04211 59271 42862 73403 10139 20090 40198 57006 875//;
0164592710999992000020500004+23950+112200FM-12+005799999V0202701N003010210019N0070001N1+01201+00751102211ADDAA199000091GF107991071051022501041999MD1210221+0011MW1101REMSYN076AAXX  05001 59271 31857 72703 10120 20075 40221 52022 71000 8754/ 333 00100;EQDQ01  00002PRCP99
0159592710999992000020506004+23950+112200FM-12+005799999V0203601N004010210019N0170001N1+01871+00801999999ADDAA199000091GF107991071051022501999999KA1999N+01191MD1710321+9999REMSYN064AAXX  05061 59271 32867 73604 10187 20080 57032 875// 333 20119;EQDQ01  00002PRCP99
0162592710999992000020600004+23950+112200FM-12+005799999V0200401N001012200019N0280001N1+00581+00461102311ADDAA199000091GA1001+999999999GF100991001001999999001001MD1210181+0011REMSYN064AAXX  06001 59271 32978 00401 10058 20046 40231 52018 333 00156;EQDQ01  00002PRCP99
0175592710999992000020606004+23950+112200FM-12+005799999V0202501N001012200019N0300001N1+01731+00561101791ADDAA199000091GA1001+999999999GF100991001001999999001001KA1999N+00551MD1710471+9999REMSYN064AAXX  06061 59271 32980 02501 10173 20056 40179 57047 333 20055;EQDQ01  00002PRCP99
0112592710999992000020621004+23950+112200FM-12+005799999V0209999C000012200019N0150001N1+00771+99999101861ADDGF101991011001999999041001MD1710071+9999REMSYN060AAXX  06211 59271 42965 10000 10077 20866 40186 57007 81040;
0152592710999992000020700004+23950+112200FM-12+005799999V0203601N001010210019N0150001N1+00731+00601102111ADDAA199000091GF107991071051022501041999MD1210241+0021REMSYN070AAXX  07001 59271 32865 73601 10073 20060 40211 52024 8754/ 333 05202;EQDQ01  00002PRCP99
0165592710999992000020706004+23950+112200FM-12+005799999V0203401N003019999999N0300001N1+01631+00411101841ADDAA199000091GF107991071001999999041999KA1999N+00671MD1710301+9999REMSYN070AAXX  07061 59271 32980 73403 10163 20041 40184 57030 8704/ 333 20067;EQDQ01  00002PRCP99
0122592710999992000020721004+23950+112200FM-12+005799999V0209999C000012200019N0140001N1+00531+00311102031ADDGA1001+999999999GF100991001001999999001001MD1710111+9999REMSYN054AAXX  07211 59271 42964 00000 10053 20031 40203 57011;
0186592710999992000020800004+23950+112200FM-12+005799999V0209999C000012200019N0060001N1+00461+00261102301ADDAA199000091GA1001+999999999GF100991001001999999001001IA2999+00409MD1210261+9999MW1101REMSYN070AAXX  08001 59271 31956 00000 10046 20026 40230 52026 71000 333 30040;EQDQ01  00002PRCP99
0175592710999992000020806004+23950+112200FM-12+005799999V0202701N001012200019N0180001N1+01831+00201101941ADDAA199000091GA1001+999999999GF100991001001999999001001KA1999N+00391MD1710361+9999REMSYN064AAXX  08061 59271 32968 02701 10183 20020 40194 57036 333 20039;EQDQ01  00002PRCP99
0112592710999992000020821004+23950+112200FM-12+005799999V0209999C000019999999N0100001N1+01071+00641101981ADDGF107991071001999999041999MD1710061+9999REMSYN060AAXX  08211 59271 42960 70000 10107 20064 40198 57006 8704/;
0152592710999992000020900004+23950+112200FM-12+005799999V0209999C000019999999N0100001N1+01061+00681102121ADDAA199000091GF107991071001999999041999MD1210131+0021REMSYN070AAXX  09001 59271 32960 70000 10106 20068 40212 52013 8704/ 333 05206;EQDQ01  00002PRCP99
0153592710999992000020921004+23950+112200FM-12+005799999V0209999C000010150019N0120001N1+01311+01001101681ADDAA124000791AY161031GF108991081051017501999999MD1710121+9999MW1001REMSYN076AAXX  09211 59271 41762 80000 10131 20100 40168 57012 70060 885// 333 79999;
0165592710999992000021000004+23950+112200FM-12+005799999V0209999C000010120019N0110001N1+01311+01001101821ADDAA106000791AY161061GF108991081081008001999999MD1210141-0301MW1001REMSYN088AAXX  10001 59271 11561 80000 10131 20100 40182 52014 69901 70060 888// 333 05303 79999;
0165592710999992000021006004+23950+112200FM-12+005799999V0209999C000010120019N0130001N1+01651+01011101511ADDAA199000091GF108991081081008001999999KA1999N+01271MD1710341+9999REMSYN070AAXX  10061 59271 32563 80000 10165 20101 40151 57034 888// 333 20127;EQDQ01  00002PRCP99
0112592710999992000021021004+23950+112200FM-12+005799999V0209999C000010210019N0100001N1+01361+01171101511ADDGF108991081051022501999999MD1710131+9999REMSYN060AAXX  10211 59271 /2860 80000 10136 20117 40151 57013 885//;
0164592710999992000021100004+23950+112200FM-12+005799999V0202201N001010210019N0050001N1+01401+01161101681ADDAA199000091GF108991081051022501999999MD1210171+0011MW1101REMSYN076AAXX  11001 59271 31850 82201 10140 20116 40168 52017 71000 885// 333 05101;EQDQ01  00002PRCP99
0172592710999992000021106004+23950+112200FM-12+005799999V0209999C000010120019N0200001N1+02211+01491101401ADDAA106000791AY161061GF107991061081008001041999KA1999N+01321MD1710341+9999MW1001REMSYN082AAXX  11061 59271 11570 70000 10221 20149 40140 57034 69901 70060 8684/ 333 20132;
0133592710999992000021121004+23950+112200FM-12+005799999V0201601N001019999999N0100001N1+01501+01361101461ADDAA124000791GF107991071001999999041999MD1710051+9999REMSYN070AAXX  11211 59271 42960 71601 10150 20136 40146 57005 8704/ 333 79999;
0151592710999992000021200004+23950+112200FM-12+005799999V0209999C000019999999N0050001N1+01531+01371101561ADDAA124000791GF107991071001999999041999MD1210101-0101MW1101REMSYN082AAXX  12001 59271 31950 70000 10153 20137 40156 52010 71000 8704/ 333 05101 79999;
0165592710999992000021206004+23950+112200FM-12+005799999V0201601N002010075019N0150001N1+02341+01411101251ADDAA199000091GF107991071011008001041999KA1999N+01471MD1710351+9999REMSYN070AAXX  12061 59271 32565 71602 10234 20141 40125 57035 8714/ 333 20147;EQDQ01  00002PRCP99
0112592710999992000021221004+23950+112200FM-12+005799999V0201601N001010210019N0110001N1+01751+01461101291ADDGF108991081051022501999999MD1710011+9999REMSYN060AAXX  12211 59271 42861 81601 10175 20146 40129 57001 885//;
0164592710999992000021300004+23950+112200FM-12+005799999V0201601N002010120019N0070001N1+01731+01401101431ADDAA199000091GF108991081081008001999999MD1210301+0011MW1101REMSYN076AAXX  13001 59271 31557 81602 10173 20140 40143 5203/ 71000 888// 333 05102;EQDQ01  00002PRCP99
0165592710999992000021306004+23950+112200FM-12+005799999V0202901N001010150019N0180001N1+02131+01551101201ADDAA199000091GF107991071051017501999999KA1999N+01701MD1710291+9999REMSYN070AAXX  13061 59271 32768 72901 10213 20155 40120 57029 875// 333 20170;EQDQ01  00002PRCP99
0118592710999992000021321004+23950+112200FM-12+005799999V0209999C000010150019N0060001N1+01671+01531101321ADDGF108991081051017501999999MD1210021+9999REMSYN066AAXX  13211 59271 //756 80000 10167 20153 40132 52002 71000 885//;
0165592710999992000021400004+23950+112200FM-12+005799999V0209999C000010150019N0025001N1+01691+01591101581ADDAA106000191AY161061GF107991071051017501041999MD1210251+0201MW1211REMSYN088AAXX  14001 59271 11725 70000 10169 20159 40158 52025 69921 72160 8754/ 333 00200 70002;
0146592710999992000021406004+23950+112200FM-12+005799999V0203201N001010120019N0300001N1+01941+01331101561ADDAA199000021GF108991081081008001999999KA1999N+01621MD1710201+9999REMSYN070AAXX  14061 59271 32580 83201 10194 20133 40156 57020 888// 333 20162;
0133592710999992000021421004+23950+112200FM-12+005799999V0200401N002010210019N0260001N1+01371+00761101971ADDAA124000391GF108991081051022501999999MD1710031+9999REMSYN070AAXX  14211 59271 42876 80402 10137 20076 40197 57003 885// 333 70002;
0146592710999992000021500004+23950+112200FM-12+005799999V0200201N001010210019N0240001N1+01361+00751102151ADDAA199000091GF108991081051022501999999MD1210181+9999REMSYN064AAXX  15001 59271 32874 80201 10136 20075 40215 52018 885// 333;EQDQ01  00002PRCP99
0165592710999992000021506004+23950+112200FM-12+005799999V0203401N002010210019N0270001N1+01851+00751101931ADDAA199000091GF107991071051022501041999KA1999N+01331MD1710331+9999REMSYN070AAXX  15061 59271 32877 73402 10185 20075 40193 57033 8754/ 333 20133;EQDQ01  00002PRCP99
0106592710999992000021521004+23950+112200FM-12+005799999V0209999C000010210019N0160001N1+01341+99999101821ADDGF108991081051022501999999MD1710151+9999REMSYN054AAXX  15211 59271 42866 80000 10134 40182 57015 885//;
0152592710999992000021600004+23950+112200FM-12+005799999V0209999C000010210019N0120001N1+01311+01021101991ADDAA199000091GF108991081051022501999999MD1210171+0021REMSYN070AAXX  16001 59271 32862 80000 10131 20102 40199 52017 885// 333 05251;EQDQ01  00002PRCP99
0165592710999992000021606004+23950+112200FM-12+005799999V0203601N001010210019N0100001N1+01841+01131101701ADDAA199000091GF107991071051022501999999KA1999N+01271MD1710301+9999REMSYN070AAXX  16061 59271 32860 73601 10184 20113 40170 57030 875// 333 20127;EQDQ01  00002PRCP99
0112592710999992000021621004+23950+112200FM-12+005799999V0203401N002010210019N0140001N1+01321+00931101891ADDGF108991081051022501999999MD1710071+9999REMSYN060AAXX  16211 59271 42864 83402 10132 20093 40189 57007 885//;
0165592710999992000021706004+23950+112200FM-12+005799999V0202001N002010210019N0100001N1+01681+01041101781ADDAA199000091GF108991081051022501999999KA1999N+01281MD1710321+9999REMSYN070AAXX  17061 59271 32860 82002 10168 20104 40178 57032 885// 333 20128;EQDQ01  00002PRCP99
0133592710999992000021721004+23950+112200FM-12+005799999V0202201N001010210019N0100001N1+01471+01171101581ADDAA124000791GF108991081051022501999999MD1710091+9999REMSYN070AAXX  17211 59271 42860 82201 10147 20117 40158 57009 885// 333 79999;
0157592710999992000021800004+23950+112200FM-12+005799999V0202701N001010210019N0020001N1+01431+01251101701ADDAA106000791GF108991081051022501999999MD1210111-0301MW1211REMSYN088AAXX  18001 59271 11820 82701 10143 20125 40170 52011 69901 72100 885// 333 05301 79999;
0172592710999992000021806004+23950+112200FM-12+005799999V0202901N002010210019N0030001N1+01781+01361101431ADDAA106000791AY161061GF108991081051022501999999KA1999N+01411MD1710291+9999MW1101REMSYN082AAXX  18061 59271 11830 82902 10178 20136 40143 57029 69901 71060 885// 333 20141;
0183592710999992000021900004+23950+112200FM-12+005799999V0203601N001010006019N0006001N1+01631+01581101141ADDAA106002091AY161061AY241061GA1091+999999999GF109991091999999999999999MD1210111-0601MW1601REMSYN082AAXX  19001 59271 11/06 93601 10163 20158 40114 52011 60021 76064 333 05602 70020;
0172592710999992000021906004+23950+112200FM-12+005799999V0201601N001010210019N0015001N1+01921+01821100901ADDAA106000591AY161061GF108991081051022501999999KA1999N+01591MD1710251+9999MW1601REMSYN082AAXX  19061 59271 11815 81601 10192 20182 40090 57025 69951 76060 885// 333 20159;
0161592710999992000021921004+23950+112200FM-12+005799999V0203401N003010090019N0040001N1+01461+01411101041ADDAA124002091AY161031AY241031GF108991081081004501999999MD1210091+9999MW1601REMSYN076AAXX  19211 59271 41440 83403 10146 20141 40104 52009 76064 888// 333 70021;
0173592710999992000022000004+23950+112200FM-12+005799999V0200201N004010090019N0110001N1+01301+01091101271ADDAA106000891AY161061AY241061GF108991081081004501999999MD1210231+0101MW1601REMSYN088AAXX  20001 59271 11461 80204 10130 20109 40127 52023 69971 76064 888// 333 00153 70012;
0143592710999992000022006004+23950+112200FM-12+005799999V0203401N003010120019N0280001N1+01311+01021999999ADDAA106000791AY161061GF108991081081008001999999MD1710201+9999MW1001REMSYN066AAXX  20061 59271 11578 83403 10131 20102 57020 69901 70060 888//;
0179592710999992000022018004+23950+112200FM-12+005799999V02099999999990120019N9999999N1+01221+00841101561ADDAA106000791GF108991081051012501999999KA1999M+01851MA1999999099461MD1219999+9999REMSYN088AAXX  20181 59271 1/65/ 87/03 10122 20084 39946 40156 52/06 69901 700/0 885// 333 10185;
0165592710999992000022100004+23950+112200FM-12+005799999V0209999C000010090019N0260001N1+00991+00871101751ADDAA106000191AY161061GF108991081081004501999999MD1210121+0501MW1001REMSYN088AAXX  21001 59271 11476 80000 10099 20087 40175 52012 69921 70060 888// 333 00553 70006;
0172592710999992000022106004+23950+112200FM-12+005799999V0203401N002010090019N0040001N1+01051+00951101631ADDAA106008991AY161061GF108991081081004501999999KA1999N+00901MD1710251+9999MW1601REMSYN082AAXX  21061 59271 11440 83402 10105 20095 40163 57025 60091 76060 888// 333 20090;
0161592710999992000022121004+23950+112200FM-12+005799999V0209999C000010042019N0020001N1+01071+01051101491ADDAA124010991AY161031AY261031GF108991081071004501999999MD1710071+9999MW1601REMSYN076AAXX  21211 59271 41420 80000 10107 20105 40149 57007 76066 887// 333 70110;
0173592710999992000022200004+23950+112200FM-12+005799999V0203401N001010042019N0030001N1+01091+01051101621ADDAA106000891AY161061AY261061GF108991081071004501999999MD1210131-0101MW1601REMSYN088AAXX  22001 59271 11430 83401 10109 20105 40162 52013 69971 76066 887// 333 05101 70111;
0172592710999992000022206004+23950+112200FM-12+005799999V0200401N002010042019N0180001N1+01311+01101101411ADDAA106000891AY161061GF108991081071004501999999KA1999N+00991MD1710291+9999MW1601REMSYN082AAXX  22061 59271 11468 80402 10131 20110 40141 57029 69981 76060 887// 333 20099;
0153592710999992000022221004+23950+112200FM-12+005799999V0200401N002019999999N0100001N1+01151+01071101451ADDAA124001891AY161031GF108991081999004501999999MD1710031+9999MW1601REMSYN076AAXX  22211 59271 41460 80402 10115 20107 40145 57003 76060 88/// 333 70017;
0172592710999992000022306004+23950+112200FM-12+005799999V0203401N003010120019N0300001N1+01241+00971101661ADDAA106000391AY161061GF108991081081008001999999KA1999N+01091MD1710151+9999MW1001REMSYN082AAXX  23061 59271 11580 83403 10124 20097 40166 57015 69931 70060 888// 333 20109;
0153592710999992000022321004+23950+112200FM-12+005799999V0200401N002010150019N0300001N1+01071+00741101911ADDAA124000591AY161031GF108991081051017501999999MD1210011+9999MW1211REMSYN076AAXX  23211 59271 41780 80402 10107 20074 40191 52001 72160 885// 333 70004;
0139592710999992000022400004+23950+112200FM-12+005799999V0200201N003010090019N0300001N1+01031+00691102121ADDAA124000391GF108991081081004501999999MD1210211+0501REMSYN076AAXX  24001 59271 32480 80203 10103 20069 40212 52021 888// 333 00551 70003;
0172592710999992000022406004+23950+112200FM-12+005799999V0203401N002010120019N0300001N1+01141+00791101981ADDAA106000791AY161061GF108991081081008001999999KA1999N+01011MD1710261+9999MW1601REMSYN082AAXX  24061 59271 11580 83402 10114 20079 40198 57026 69901 76060 888// 333 20101;
0124592710999992000022421004+23950+112200FM-12+005799999V0202901N001010150019N9999999N1+00901+99999102971ADDAY161031AY261031GF108991081051017501999999MW1601REMSYN064AAXX  24211 59271 4176/ 82901 10090 2//77 40297 76066 885// 333;
0184592710999992000022500004+23950+112200FM-12+005799999V0209999C000010120019N0180001N1+00901+00771102322ADDAA106002091AY161061GF108991081081008001999999MD1210151+0201MW1211REMSYN088AAXX  25001 59271 11568 80000 10090 20077 40232 52015 60021 72160 888// 333 00251 70051;EQDQ01+102323APOSLP
0172592710999992000022506004+23950+112200FM-12+005799999V0203401N004010120019N0300001N1+01151+00591102271ADDAA106000791AY161061GF108991081081008001999999KA1999N+00881MD1710201+9999MW1001REMSYN082AAXX  25061 59271 11580 83404 10115 20059 40227 57020 69901 70060 888// 333 20088;
0133592710999992000022521004+23950+112200FM-12+005799999V0201401N001019999999N0160001N1+00821+00621102441ADDAA124000191GF107991071001999999041999MD1710041+9999REMSYN070AAXX  25211 59271 42966 71401 10082 20062 40244 57004 8704/ 333 70001;
0172592710999992000022606004+23950+112200FM-12+005799999V0203401N002019999999N0200001N1+01231+00271102391ADDAA106000791AY161061GF108991081001999999071999KA1999N+00771MD1710311+9999MW1001REMSYN082AAXX  26061 59271 11970 83402 10123 20027 40239 57031 69901 70060 8807/ 333 20077;
0161592710999992000022621004+23950+112200FM-12+005799999V0203201N001010120019N0080001N1+00821+00731102401ADDAA124001591AY161031AY261031GF108991081081008001999999MD1710111+9999MW1601REMSYN076AAXX  26211 59271 41558 83201 10082 20073 40240 57011 76066 888// 333 70014;
0165592710999992000022700004+23950+112200FM-12+005799999V0209999C000010090019N0020001N1+00811+00751102451ADDAA106000891AY161061GF108991081081004501999999MD1210051-0201MW1601REMSYN088AAXX  27001 59271 11420 80000 10081 20075 40245 52005 69981 76060 888// 333 05200 70014;
0172592710999992000022706004+23950+112200FM-12+005799999V0202701N002010210019N0220001N1+01051+00671102321ADDAA106000191AY161061GF108991061051022501071999KA1999N+00781MD1710231+9999MW1601REMSYN082AAXX  27061 59271 11872 82702 10105 20067 40232 57023 69911 76060 8657/ 333 20078;
0161592710999992000022721004+23950+112200FM-12+005799999V0203601N001010090019N0100001N1+00791+00751102141ADDAA124004191AY161031AY261031GF108991081081004501999999MD1710091+9999MW1601REMSYN076AAXX  27211 59271 41460 83601 10079 20075 40214 57009 76066 888// 333 70041;
0173592710999992000022800004+23950+112200FM-12+005799999V0203401N001010090019N0180001N1+00811+00771102381ADDAA106005191AY161061AY261061GF108991081081004501999999MD1210241-0101MW1601REMSYN088AAXX  28001 59271 11468 83401 10081 20077 40238 52024 60051 76066 888// 333 05100 70056;
0172592710999992000022806004+23950+112200FM-12+005799999V0203401N002010090019N0300001N1+01021+00791102231ADDAA106002091AY161061GF108991081081004501999999KA1999N+00761MD1710371+9999MW1601REMSYN082AAXX  28061 59271 11480 83402 10102 20079 40223 57037 60021 76060 888// 333 20076;
0133592710999992000022821004+23950+112200FM-12+005799999V0203401N001010210019N0220001N1+00921+00621102491ADDAA124003391GF108991081051022501999999MD1710091+9999REMSYN070AAXX  28211 59271 42872 83401 10092 20062 40249 57009 885// 333 70033;
0145592710999992000022900004+23950+112200FM-12+005799999V0202901N002010120019N0300001N1+99999+99999102611ADDAA106000791GF108991081081008001999999MD1210121+0201REMSYN082AAXX  29001 59271 11580 82902 20066 40261 52012 69901 7/060 888// 333 00201 70018;
0172592710999992000022906004+23950+112200FM-12+005799999V0203401N001010120019N0300001N1+01291+00561102341ADDAA106000191AY161061GF108991081081008001999999KA1999N+00871MD1710271+9999MW1001REMSYN082AAXX  29061 59271 11580 83401 10129 20056 40234 57027 69911 70060 888// 333 20087;
0161592710999992000022921004+23950+112200FM-12+005799999V0209999C000010090019N0070001N1+00831+00741102331ADDAA124001591AY161031AY261031GF108991081081004501999999MD1710181+9999MW1601REMSYN076AAXX  29211 59271 41457 80000 10083 20074 40233 57018 76066 888// 333 70015;
0180592710999992000030106004+23950+112200FM-12+005799999V0200401N001010090019N0180001N1+01131+00951102251ADDAA106002091AY161061AY261061GF108991081081004501999999KA1999N+00801MD1710291+9999MW1601REMSYN082AAXX  01061 59271 11468 80401 10113 20095 40225 57029 60021 76066 888// 333 20080;
0180592710999992000031406004+23950+112200FM-12+005799999V0209999C000010090019N0028001N1+01801+01651101411ADDAA106000191AY161061AY241061GF108991081081004501999999KA1999N+01471MD1710261+9999MW1101REMSYN082AAXX  14061 59271 11428 80000 10180 20165 40141 57026 69921 71064 888// 333 20147;
0173592710999992000031500004+23950+112200FM-12+005799999V0209999C000010150019N0008001N1+01801+01751101381ADDAA106000791AY161061AY241061GF108991081051017501999999MD1210131-0301MW1441REMSYN088AAXX  15001 59271 11708 80000 10180 20175 40138 52013 69901 74464 885// 333 05303 70002;
0165592710999992000032406004+23950+112200FM-12+005799999V0203401N001010210019N0300001N1+02161+01071101871ADDAA199000091GF107991071051022501999999KA1999N+01381MD1710381+9999REMSYN070AAXX  24061 59271 32880 73401 10216 20107 40187 57038 875// 333 20138;EQDQ01  00002PRCP99
0112592710999992000032421004+23950+112200FM-12+005799999V0209999C000010210019N0230001N1+01811+01501101951ADDGF108991081051022501999999MD1210021+9999REMSYN060AAXX  24211 59271 42873 80000 10181 20150 40195 52002 885//;
0152592710999992000032500004+23950+112200FM-12+005799999V0209999C000010120019N0120001N1+01821+01511102141ADDAA199000091GF108991081081008001999999MD1210191+0011REMSYN070AAXX  25001 59271 32562 80000 10182 20151 40214 52019 888// 333 05103;EQDQ01  00002PRCP99
0177592710999992000032506004+23950+112200FM-12+005799999V0209999C000010120019N0080001N1+02241+01561101931ADDAA199000091GF108991081081008001999999KA1999N+01771MD1710291+9999MW1051REMSYN076AAXX  25061 59271 31558 80000 10224 20156 40193 57029 70500 888// 333 20177;EQDQ01  00002PRCP99
0112592710999992000032521004+23950+112200FM-12+005799999V0203601N002010210019N0150001N1+01671+00961102241ADDGF108991081051022501999999MD1210041+9999REMSYN060AAXX  25211 59271 42865 83602 10167 20096 40224 52004 885//;
0152592710999992000032600004+23950+112200FM-12+005799999V0200201N002010210019N0200001N1+01631+01051102401ADDAA199000091GF108991081051022501999999MD1210151+0031REMSYN070AAXX  26001 59271 32870 80202 10163 20105 40240 52015 885// 333 00352;EQDQ01  00002PRCP99
0165592710999992000032606004+23950+112200FM-12+005799999V0203201N001019999999N0300001N1+02031+00971102051ADDAA199000091GF108991081001999999071999KA1999N+01601MD1710321+9999REMSYN070AAXX  26061 59271 32980 83201 10203 20097 40205 57032 8807/ 333 20160;EQDQ01  00002PRCP99
0122592710999992000032621004+23950+112200FM-12+005799999V02099999999992200019N0110001N1+01141+01021101761ADDGA1001+999999999GF100991001001999999001001MD1710091+9999REMSYN054AAXX  26211 59271 42961 000/0 10114 20102 40176 57009;
0152592710999992000032700004+23950+112200FM-12+005799999V0209999C000012200019N0160001N1+01191+01041101911ADDAA199000091GF104991011011004501041001MD1210141+0051REMSYN070AAXX  27001 59271 32466 40000 10119 20104 40191 52014 81140 333 05554;EQDQ01  00002PRCP99
0112592710999992000032721004+23950+112200FM-12+005799999V0209999C000019999999N0150001N1+01351+01141101531ADDGF105991051001999999041001MD1710071+9999REMSYN060AAXX  27211 59271 42965 50000 10135 20114 40153 57007 85040;
0152592710999992000032800004+23950+112200FM-12+005799999V0200201N002012200019N0250001N1+01341+01111101711ADDAA199000091GF102991021001999999041021MD1210171+0021REMSYN070AAXX  28001 59271 32975 20202 10134 20111 40171 52017 82042 333 05202;EQDQ01  00002PRCP99
0165592710999992000032806004+23950+112200FM-12+005799999V0202001N002012200019N0300001N1+03142+00921101241ADDAA199000091GF101991011001999999041001KA1999N+01211MD1710371+9999REMSYN070AAXX  28061 59271 32980 12002 10314 20092 40124 57037 81040 333 20121;EQDQ01  00002PRCP99
0152592710999992000032900004+23950+112200FM-12+005799999V0209999C000012200019N0180001N1+01671+01371101891ADDAA199000091GF102991011001999999041021MD1210241+0021REMSYN070AAXX  29001 59271 32968 20000 10167 20137 40189 52024 81042 333 00203;EQDQ01  00002PRCP99
0165592710999992000032906004+23950+112200FM-12+005799999V0201401N004012200019N0300001N1+03191+00591101571ADDAA199000091GF102991011001999999041021KA1999N+01591MD1710301+9999REMSYN070AAXX  29061 59271 32980 21404 10319 20059 40157 57030 81042 333 20159;EQDQ01  00002PRCP99
0124592710999992000032921004+23950+112200FM-12+005799999V0209999C000010210019N0080001N1+01931+01471101511ADDGF107991071051022501999999MD1710061+9999MW1101REMSYN066AAXX  29211 59271 41858 70000 10193 20147 40151 57006 71000 875//;
0152592710999992000033000004+23950+112200FM-12+005799999V0200201N001010210019N0160001N1+01871+01401101681ADDAA199000091GF106991051051022501041021MD1210161+0021REMSYN070AAXX  30001 59271 32866 60201 10187 20140 40168 52016 85542 333 05202;EQDQ01  00002PRCP99
0165592710999992000033006004+23950+112200FM-12+005799999V0202201N003010360019N0180001N1+02771+01561101231ADDAA199000091GF106991011011008001041021KA1999N+01771MD1710401+9999REMSYN070AAXX  30061 59271 32568 62203 10277 20156 40123 57040 81142 333 20177;EQDQ01  00002PRCP99
0124592710999992000033021004+23950+112200FM-12+005799999V0203401N001012200019N0040001N1+01931+01751100881ADDGF102991021001999999041001MD1710111+9999MW1101REMSYN066AAXX  30211 59271 41940 23401 10193 20175 40088 57011 71000 82040;
0164592710999992000033100004+23950+112200FM-12+005799999V0203401N001010120019N0050001N1+01951+01761101071ADDAA199000091GF107991071081008001999999MD1210181+0061MW1101REMSYN076AAXX  31001 59271 31550 73401 10195 20176 40107 52018 71000 878// 333 05601;EQDQ01  00002PRCP99
0165592710999992000033106004+23950+112200FM-12+005799999V0201101N001010120019N0130001N1+02621+01901100681ADDAA199000091GF108991081081008001999999KA1999N+01871MD1710331+9999REMSYN070AAXX  31061 59271 32563 81101 10262 20190 40068 57033 888// 333 20187;EQDQ01  00002PRCP99
0153592710999992000033121004+23950+112200FM-12+005799999V0209999C000010075019N0012001N1+02101+02101100471ADDAA124999999AY181031GF108991081041008001999999MD1710131+9999MW1101REMSYN076AAXX  31211 59271 41512 80000 1021/ 20210 40047 57013 71080 884// 333 7028/;
0165592710999992000040100004+23950+112200FM-12+005799999V0203601N001010075019N0011001N1+02171+02111100691ADDAA106000191AY181061GF107991071041008001999999MD1210211-0401MW1101REMSYN088AAXX  01001 59271 11511 73601 10217 20211 40069 52021 69921 71080 874// 333 05402 70282;
0165592710999992000040106004+23950+112200FM-12+005799999V0202901N003012200019N0300001N1+03001+01941100401ADDAA199000091GF102991021011008001041001KA1999N+02101MD1710331+9999REMSYN070AAXX  01061 59271 32580 22903 10300 20194 40040 57033 82140 333 20210;EQDQ01  00002PRCP99
0161592710999992000040121004+23950+112200FM-12+005799999V0200201N002010075019N0100001N1+02331+02121100691ADDAA124000191AY191031AY281031GF108991081041008001999999MD1210051+9999MW1001REMSYN076AAXX  01211 59271 41560 80202 10233 20212 40069 52005 70098 884// 333 70001;
0180592710999992000040206004+23950+112200FM-12+005799999V0201401N003010075019N0040001N1+02461+02211100431ADDAA106002091AY191061AY281061GF108991081091008001999999KA1999N+02271MD1710441+9999MW1951REMSYN082AAXX  02061 59271 11540 81403 10246 20221 40043 57044 60021 79598 889// 333 20227;
0132592710999992000040221004+23950+112200FM-12+005799999V0209999C000010090019N0030001N1+02051+02021100861ADDAY181031GF108991081081004501999999MD1710061+9999MW1251REMSYN066AAXX  02211 59271 41430 80000 10205 20202 40086 57006 72580 888//;
0173592710999992000040300004+23950+112200FM-12+005799999V0202501N002010090019N0020001N1+01981+01951101041ADDAA106000191AY181061AY261061GF108991081081004501999999MD1210181+0201MW1601REMSYN088AAXX  03001 59271 11420 82502 10198 20195 40104 52018 69911 76086 888// 333 00254 70955;
0172592710999992000040306004+23950+112200FM-12+005799999V0202701N001010120019N0300001N1+01991+01801101011ADDAA106000891AY161061GF108991081081008001999999KA1999N+01841MD1710241+9999MW1001REMSYN082AAXX  03061 59271 11580 82701 10199 20180 40101 57024 69981 70060 888// 333 20184;
0133592710999992000040321004+23950+112200FM-12+005799999V0209999C000010360019N0200001N1+01621+01501101161ADDAA124001091GF107991011011008001041999MD1710011+9999REMSYN070AAXX  03211 59271 42570 70000 10162 20150 40116 57001 8114/ 333 70009;
0165592710999992000040400004+23950+112200FM-12+005799999V0209999C000012200019N0200001N1+01661+01541101311ADDAA106000791AY181061GF101991011011008001041001MD1210151+0301MW1001REMSYN088AAXX  04001 59271 11570 10000 10166 20154 40131 52015 69901 70080 81140 333 00353 70008;
0165592710999992000040406004+23950+112200FM-12+005799999V0202001N002012200019N0300001N1+02491+01631100971ADDAA199000091GF102991021011008001001001KA1999N+01551MD1710351+9999REMSYN070AAXX  04061 59271 32580 22002 10249 20163 40097 57035 82100 333 20155;EQDQ01  00002PRCP99
