0162593030999992000010100004+23970+115970FM-12+015299999V0209999C000012200019N0100001N1+01001+00821102091ADDAA106000091GA1001+999999999GF100991001001999999001001MD1210201+0001REMSYN064AAXX  01001 59303 32960 00000 10100 20082 40209 52020 333 00001;EQDQ01  00002PRCP06
0175593030999992000010106004+23970+115970FM-12+015299999V0200401N001012200019N0120001N1+02351+01091101601ADDAA106000091GA1001+999999999GF100991001001999999001001KA1999N+00921MD1710451+9999REMSYN064AAXX  01061 59303 32962 00401 10235 20109 40160 57045 333 20092;EQDQ01  00002PRCP06
0152593030999992000010112004+23970+115970FM-12+015299999V0209999C000012200019N0120001N1+01811+01181101731ADDAA106000091GA1001+999999999GF100991001001999999001001MD1210161+9999REMSYN054AAXX  01121 59303 32962 00000 10181 20118 40173 52016;EQDQ01  00002PRCP06
0162593030999992000010200004+23970+115970FM-12+015299999V0209999C000012200019N0120001N1+01011+00911102031ADDAA106000091GA1001+999999999GF100991001001999999001001MD1210111+0011REMSYN064AAXX  02001 59303 32962 00000 10101 20091 40203 52011 333 05100;EQDQ01  00002PRCP06
0175593030999992000010206004+23970+115970FM-12+015299999V0209999C000012200019N0120001N1+02441+01141101641ADDAA106000091GA1001+999999999GF100991001001999999001001KA1999N+00971MD1710361+9999REMSYN064AAXX  02061 59303 32962 00000 10244 20114 40164 57036 333 20097;EQDQ01  00002PRCP06
0152593030999992000010212004+23970+115970FM-12+015299999V0202201N001012200019N0120001N1+01781+01161101741ADDAA106000091GA1001+999999999GF100991001001999999001001MD1210171+9999REMSYN054AAXX  02121 59303 32962 02201 10178 20116 40174 52017;EQDQ01  00002PRCP06
0122593030999992000010221004+23970+115970FM-12+015299999V0203201N001012200019N0140001N1+01251+00711102221ADDGA1001+999999999GF100991001001999999001001MD1710031+9999REMSYN054AAXX  02211 59303 42964 03201 10125 20071 40222 57003;
0175593030999992000010306004+23970+115970FM-12+015299999V0201801N002012200019N0120001N1+02441+00601101661ADDAA106000091GA1001+999999999GF100991001001999999001001KA1999N+00991MD1710311+9999REMSYN064AAXX  03061 59303 32962 01802 10244 20060 40166 57031 333 20099;EQDQ01  00002PRCP06
0152593030999992000010312004+23970+115970FM-12+015299999V0202001N002012200019N0120001N1+01801+01101101621ADDAA106000091GA1001+999999999GF100991001001999999001001MD1210101+9999REMSYN054AAXX  03121 59303 32962 02002 10180 20110 40162 52010;EQDQ01  00002PRCP06
0122593030999992000010321004+23970+115970FM-12+015299999V0209999C000012200019N0140001N1+01381+01141102001ADDGA1001+999999999GF100991001001999999001001MD1710051+9999REMSYN054AAXX  03211 59303 42964 00000 10138 20114 40200 57005;
0152593030999992000010400004+23970+115970FM-12+015299999V0203201N001010120019N0100001N1+01141+00961101901ADDAA106000091GF107991071051012501999999MD1210181+0011REMSYN070AAXX  04001 59303 32660 73201 10114 20096 40190 52018 875// 333 05101;EQDQ01  00002PRCP06
0175593030999992000010406004+23970+115970FM-12+015299999V0201601N002012200019N0110001N1+02411+01191101521ADDAA106000091GA1001+999999999GF100991001001999999001001KA1999N+01111MD1710371+9999REMSYN064AAXX  04061 59303 32961 01602 10241 20119 40152 57037 333 20111;EQDQ01  00002PRCP06
0152593030999992000010412004+23970+115970FM-12+015299999V0202001N002012200019N0120001N1+01931+01141101531ADDAA106000091GA1001+999999999GF100991001001999999001001MD1210101+9999REMSYN054AAXX  04121 59303 32962 02002 10193 20114 40153 52010;EQDQ01  00002PRCP06
0122593030999992000010421004+23970+115970FM-12+015299999V0209999C000012200019N0100001N1+01391+01131101541ADDGA1001+999999999GF100991001001999999001001MD1710081+9999REMSYN054AAXX  04211 59303 42960 00000 10139 20113 40154 57008;
0164593030999992000010500004+23970+115970FM-12+015299999V0201801N001012200019N0080001N1+01381+01141101651ADDAA106000091GF103991031051012501001001MD1210101+0021MW1101REMSYN076AAXX  05001 59303 31658 31801 10138 20114 40165 52010 71000 83500 333 05202;EQDQ01  00002PRCP06
0165593030999992000010506004+23970+115970FM-12+015299999V0201601N001010120019N0130001N1+02631+01401101261ADDAA106000091GF106991061081008001001001KA1999N+01241MD1710391+9999REMSYN070AAXX  05061 59303 32563 61601 10263 20140 40126 57039 86800 333 20124;EQDQ01  00002PRCP06
0152593030999992000010512004+23970+115970FM-12+015299999V0209999C000012200019N0120001N1+02121+01521101251ADDAA106000091GA1001+999999999GF100991001001999999001001MD1210101+9999REMSYN054AAXX  05121 59303 32962 00000 10212 20152 40125 52010;EQDQ01  00002PRCP06
0116593030999992000010521004+23970+115970FM-12+015299999V0209999C000012200019N0100001N1+99999+99999101381ADDGA1001+999999999GF100991001001999999001001MD1710011+9999REMSYN048AAXX  05211 59303 42960 00000 2/135 40138 57001;
0165593030999992000010606004+23970+115970FM-12+015299999V0201601N001012200019N0140001N1+02571+01541101181ADDAA106000091GF102991011011008001001021KA1999N+01351MD1710441+9999REMSYN070AAXX  06061 59303 32564 21601 10257 20154 40118 57044 81102 333 20135;EQDQ01  00002PRCP06
0142593030999992000010612004+23970+115970FM-12+015299999V0203201N004010120019N0120001N1+02181+01551101471ADDAA106000091GF108991081051012501999999MD1210301+9999REMSYN060AAXX  06121 59303 32662 83204 10218 20155 40147 52030 885//;EQDQ01  00002PRCP06
0112593030999992000010621004+23970+115970FM-12+015299999V0203201N003010006019N0140001N1+01441+01061101781ADDGF108991081051000751999999MD1410001+9999REMSYN060AAXX  06211 59303 42164 83203 10144 20106 40178 54000 885//;
0152593030999992000010700004+23970+115970FM-12+015299999V0203401N002010120019N0120001N1+01331+00961101951ADDAA106000091GF108991081051012501999999MD1210161+0041REMSYN070AAXX  07001 59303 32662 83402 10133 20096 40195 52016 885// 333 00452;EQDQ01  00002PRCP06
0165593030999992000010706004+23970+115970FM-12+015299999V0203201N002010120019N0120001N1+01461+01041101771ADDAA106000091GF108991081051012501999999KA1999N+01291MD1710241+9999REMSYN070AAXX  07061 59303 32662 83202 10146 20104 40177 57024 885// 333 20129;EQDQ01  00002PRCP06
0142593030999992000010712004+23970+115970FM-12+015299999V0200701N001010120019N0110001N1+01531+01141101881ADDAA106000091GF108991081051012501999999MD1210161+9999REMSYN060AAXX  07121 59303 32661 80701 10153 20114 40188 52016 885//;EQDQ01  00002PRCP06
0152593030999992000010800004+23970+115970FM-12+015299999V0200401N001010120019N0120001N1+01471+01271101861ADDAA106000091GF108991081051012501999999MD1210121+0011REMSYN070AAXX  08001 59303 32662 80401 10147 20127 40186 52012 885// 333 05101;EQDQ01  00002PRCP06
0138593030999992000010806004+23970+115970FM-12+015299999V0200401N001019999999N0110001N1+02161+01291101361ADDAA106000091GF107991999999017501999999REMSYN070AAXX  08061 59303 32761 70401 10216 20129 40136 97041 875// 333 20143;EQDQ01  00002PRCP06
0152593030999992000010812004+23970+115970FM-12+015299999V0201801N001012200019N0110001N1+01951+01401101511ADDAA106000091GA1001+999999999GF100991001001999999001001MD1210191+9999REMSYN054AAXX  08121 59303 32961 01801 10195 20140 40151 52019;EQDQ01  00002PRCP06
0122593030999992000010821004+23970+115970FM-12+015299999V0209999C000012200019N0110001N1+01421+01241101541ADDGA1001+999999999GF100991001001999999001001MD1710011+9999REMSYN054AAXX  08211 59303 42961 00000 10142 20124 40154 57001;
0164593030999992000010900004+23970+115970FM-12+015299999V0209999C000010120019N0080001N1+01431+01271101741ADDAA106000091GF107991071051012501999999MD1210191+0011MW1101REMSYN076AAXX  09001 59303 31658 70000 10143 20127 40174 52019 71000 875// 333 05100;EQDQ01  00002PRCP06
0152593030999992000010912004+23970+115970FM-12+015299999V0209999C000012200019N0110001N1+01981+01511101591ADDAA106000091GA1001+999999999GF100991001001999999001001MD1210111+9999REMSYN054AAXX  09121 59303 32961 00000 10198 20151 40159 52011;EQDQ01  00002PRCP06
0134593030999992000010921004+23970+115970FM-12+015299999V0203601N001012200019N0080001N1+01301+01281101571ADDGA1001+999999999GF100991001001999999001001MD1710091+9999MW1101REMSYN060AAXX  09211 59303 41958 03601 1013/ 20128 40157 57009 71000;
0174593030999992000011000004+23970+115970FM-12+015299999V0202001N999990120019N0001001N1+99999+99999101761ADDAA106000091GF107991071051012501999999MD1210181+0001MW1101REMSYN070AAXX  10001 59303 31691 77013 20125 40176 52018 71000 875// 333 00051;EQDQ01+011301WOSPD Q02  00002PRCP06
0165593030999992000011006004+23970+115970FM-12+015299999V0209999C000010360019N0110001N1+02461+01421101461ADDAA106000091GF106991011051012501041001KA1999N+01241MD1710331+9999REMSYN070AAXX  10061 59303 32661 60000 10246 20142 40146 57033 81540 333 20124;EQDQ01  00002PRCP06
0142593030999992000011012004+23970+115970FM-12+015299999V0202001N002012200019N0120001N1+02111+01411101491ADDAA106000091GF103991031051012501001001MD1210061+9999REMSYN060AAXX  10121 59303 32662 32002 10211 20141 40149 52006 83500;EQDQ01  00002PRCP06
0112593030999992000011021004+23970+115970FM-12+015299999V0209999C000010120019N0120001N1+01591+01381101651ADDGF108991081051012501999999MD1210081+9999REMSYN060AAXX  10211 59303 42662 80000 10159 20138 40165 52008 885//;
0152593030999992000011100004+23970+115970FM-12+015299999V0200401N002010120019N0120001N1+01601+01411101841ADDAA106000091GF107991071051012501999999MD1210171+0011REMSYN070AAXX  11001 59303 32662 70402 10160 20141 40184 52017 875// 333 00103;EQDQ01  00002PRCP06
0165593030999992000011106004+23970+115970FM-12+015299999V0203401N001010120019N0120001N1+02131+01461101431ADDAA106000091GF108991081051012501999999KA1999N+01481MD1710341+9999REMSYN070AAXX  11061 59303 32662 83401 10213 20146 40143 57034 885// 333 20148;EQDQ01  00002PRCP06
0142593030999992000011112004+23970+115970FM-12+015299999V0203201N001012200019N0110001N1+01951+01571101451ADDAA106000091GF103991031051012501001001MD1210091+9999REMSYN060AAXX  11121 59303 32661 33201 10195 20157 40145 52009 83500;EQDQ01  00002PRCP06
0112593030999992000011121004+23970+115970FM-12+015299999V0203401N001010120019N0100001N1+01671+01521101381ADDGF108991081051012501999999MD1710081+9999REMSYN060AAXX  11211 59303 42660 83401 10167 20152 40138 57008 885//;
0142593030999992000011200004+23970+115970FM-12+015299999V0202001N001010075019N9999999N1+01691+01521101541ADDAW1101AZ101061GF107991071051008001999999MD1210161+0031REMSYN076AAXX  12001 59303 /659/ 72001 10169 20152 40154 52016 71000 875// 333 05301;
0165593030999992000011206004+23970+115970FM-12+015299999V0203401N004010120019N0110001N1+02541+01711101211ADDAA106000091GF107991071081008001999999KA1999N+01611MD1710311+9999REMSYN070AAXX  12061 59303 32561 73404 10254 20171 40121 57031 878// 333 20161;EQDQ01  00002PRCP06
0142593030999992000011212004+23970+115970FM-12+015299999V0203201N004010120019N0110001N1+01711+01281101521ADDAA106000091GF107991071051012501999999MD1210221+9999REMSYN060AAXX  12121 59303 32661 73204 10171 20128 40152 52022 875//;EQDQ01  00002PRCP06
0152593030999992000011300004+23970+115970FM-12+015299999V0203201N003010120019N0130001N1+01221+00901101721ADDAA106000091GF108991081051012501999999MD1210131+0021REMSYN070AAXX  13001 59303 32663 83203 10122 20090 40172 52013 885// 333 00255;EQDQ01  00002PRCP06
0165593030999992000011306004+23970+115970FM-12+015299999V0203201N002010120019N0120001N1+01541+00971101431ADDAA106000091GF108991081051012501999999KA1999N+01191MD1710301+9999REMSYN070AAXX  13061 59303 32662 83202 10154 20097 40143 57030 885// 333 20119;EQDQ01  00002PRCP06
0142593030999992000011312004+23970+115970FM-12+015299999V0203201N003010120019N0120001N1+01461+00961101581ADDAA106000091GF108991081051012501999999MD1210161+9999REMSYN060AAXX  13121 59303 32662 83203 10146 20096 40158 52016 885//;EQDQ01  00002PRCP06
0169593030999992000011400004+23970+115970FM-12+015299999V0203201N003010120019N0110001N1+01091+01011101771ADDAA106000791AY161061GF108991081051012501999999MD1210211+0001MW1601REMSYN092    AAXX  14001 59303 11661 83203 10109 20101 40177 52021 69901 76060 885// 333 00051 79999;
0176593030999992000011406004+23970+115970FM-12+015299999V0202901N002010120019N0120001N1+01331+01041101541ADDAA106000791AY161061GF108991081051012501999999KA1999N+01051MD1710251+9999MW1001REMSYN086    AAXX  14061 59303 11662 82902 10133 20104 40154 57025 69901 70060 885// 333 20105;
0127593030999992000011412004+23970+115970FM-12+015299999V0201101N002010120019N0100001N1+01401+01121101641ADDAA199000021GF108991081051012501999999MD1210121+9999REMSYN064    AAXX  14121 59303 32660 81102 10140 20112 40164 52012 885//;
0117593030999992000011421004+23970+115970FM-12+015299999V0202901N002012200019N0120001N1+01391+01211101451ADDAA124000791GF102991011081012501071021REMSYN068    AAXX  14211 59303 42662 22902 10139 20121 40145 81872 333 79999;
0179593030999992000011506004+23970+115970FM-12+015299999V0201401N002012200019N0120001N1+02301+01351101291ADDAA199000091GA1001+999999999GF100991001001999999001001KA1999N+01241MD1710371+9999REMSYN068    AAXX  15061 59303 32962 01402 10230 20135 40129 57037 333 20124;EQDQ01  00002PRCP99
0134593030999992000011512004+23970+115970FM-12+015299999V0202801N001012200019N0140001N1+02091+99999999999ADDAA199000091GF101991011051017501001001MD1210181+9999REMSYN052    AAXX  15121 59303 32764 12801 10209 52018 81500;EQDQ01  00002PRCP99
0116593030999992000011521004+23970+115970FM-12+015299999V0203201N004019999999N0120001N1+01401+01061999999ADDGF108991081051999999999999MD1210071+9999REMSYN064    AAXX  15211 59303 4//62 83204 10140 20106 40/68 52007 885//;
0156593030999992000011600004+23970+115970FM-12+015299999V0203201N002010120019N0120001N1+01241+00881101951ADDAA199000091GF108991081051012501999999MD1210251+0031REMSYN074    AAXX  16001 59303 32662 83202 10124 20088 40195 52025 885// 333 00300;EQDQ01  00002PRCP99
0169593030999992000011606004+23970+115970FM-12+015299999V0202701N003010120019N0140001N1+01291+00781101821ADDAA199000091GF108991081051012501999999KA1999N+01201MD1710291+9999REMSYN074    AAXX  16061 59303 32664 82703 10129 20078 40182 57029 885// 333 20120;EQDQ01  00002PRCP99
0136593030999992000011612004+23970+115970FM-12+015299999V0203201N004010120019N0150001N1+99999+99999999999ADDAA199000091AY111061AY271061GF108991081051012501999999MW1171REMSYN046    AAXX  16121 59303 32665 83204 71717 885//;EQDQ01  00002PRCP99
0169593030999992000011700004+23970+115970FM-12+015299999V0203201N003010120019N0100001N1+00781+00581102351ADDAA106000591AY161061GF108991081051012501999999MD1210161+0401MW1601REMSYN092    AAXX  17001 59303 11660 83203 10078 20058 40235 52016 69941 76060 885// 333 00455 70004;
0127593030999992000011712004+23970+115970FM-12+015299999V0202901N003010120019N0120001N1+00881+00481102241ADDAA199000021GF108991081051012501999999MD1210151+9999REMSYN064    AAXX  17121 59303 32662 82903 10088 20048 40224 52015 885//;
0111593030999992000011721004+23970+115970FM-12+015299999V0203401N003019999999N0120001N1+00731+00411999999ADDAA124000591GF108991011011012501999081REMSYN062    AAXX  17211 59303 42662 83403 10073 20041 811/8 333 70006;
0143593030999992000011800004+23970+115970FM-12+015299999V0203601N003010120019N0160001N1+00731+00381102531ADDAA124000391GF108991081051012501999999MD1210171+0201REMSYN080    AAXX  18001 59303 32666 83603 10073 20038 40253 52017 885// 333 00251 70002;
0176593030999992000011806004+23970+115970FM-12+015299999V0203601N004010120019N0140001N1+00911+00491102321ADDAA106000391AY161061GF108991081051012501999999KA1999N+00711MD1710291+9999MW1001REMSYN086    AAXX  18061 59303 11664 83604 10091 20049 40232 57029 69931 70060 885// 333 20071;
0137593030999992000011821004+23970+115970FM-12+015299999V0203201N003010120019N0140001N1+00651+00061102541ADDAA124000391GF108991081051012501999999MD1710081+9999REMSYN074    AAXX  18211 59303 42664 83203 10065 20006 40254 57008 885// 333 70003;
0161593030999992000011900004+23970+115970FM-12+015299999V0203201N003010120019N0140001N1+00581+00011102761ADDAA124000391GF108991081051012501999999IA2999+00489MD1210211+0201REMSYN086    AAXX  19001 59303 32664 83203 10058 20001 40276 52021 885// 333 00252 30048 70003;
0179593030999992000011906004+23970+115970FM-12+015299999V0200401N004012200019N0140001N1+01211-00081102431ADDAA199000091GA1001+999999999GF100991001001999999001001KA1999N+00561MD1710341+9999REMSYN068    AAXX  19061 59303 32964 00404 10121 21008 40243 57034 333 20056;EQDQ01  00002PRCP99
0146593030999992000011912004+23970+115970FM-12+015299999V0203601N003012200019N0150001N1+01021-00131102621ADDAA199000091GF102991021051012501001021MD1210201+9999REMSYN064    AAXX  19121 59303 32665 23603 10102 21013 40262 52020 82502;EQDQ01  00002PRCP99
0122593030999992000011921004+23970+115970FM-12+015299999V0209999C000012200019N0120001N1+00391+00081102751ADDGA1001+999999999GF100991001001999999001001MD1410001+9999REMSYN054AAXX  19211 59303 42962 00000 10039 20008 40275 54000;
0180593030999992000012000004+23970+115970FM-12+015299999V0200401N001012200019N0110001N1+00321+00111102911ADDAA199000091GA1001+999999999GF100991001001999999001001IA2999+00009MD1210151+0201REMSYN070AAXX  20001 59303 32961 00401 10032 20011 40291 52015 333 00253 30005;EQDQ01  00002PRCP99
0175593030999992000012006004+23970+115970FM-12+015299999V0200401N002012200019N0120001N1+01621+00211102631ADDAA199000091GA1001+999999999GF100991001001999999001001KA1999N+00271MD1710331+9999REMSYN064AAXX  20061 59303 32962 00402 10162 20021 40263 57033 333 20027;EQDQ01  00002PRCP99
0122593030999992000012021004+23970+115970FM-12+015299999V0203201N002012200019N0120001N1+00611+00401102771ADDGA1001+999999999GF100991001001999999001001MD1710061+9999REMSYN054AAXX  20211 59303 42962 03202 10061 20040 40277 57006;
0180593030999992000012100004+23970+115970FM-12+015299999V0200701N001012200019N0100001N1+00571+00351102981ADDAA199000091GA1001+999999999GF100991001001999999001001IA2999+00209MD1210201+0101REMSYN070AAXX  21001 59303 32960 00701 10057 20035 40298 52020 333 00103 30027;EQDQ01  00002PRCP99
0142593030999992000012112004+23970+115970FM-12+015299999V0209999C000010120019N0120001N1+01621+00861102581ADDAA199000091GF108991081051012501999999MD1210091+9999REMSYN060AAXX  21121 59303 32662 80000 10162 20086 40258 52009 885//;EQDQ01  00002PRCP99
0112593030999992000012121004+23970+115970FM-12+015299999V0202501N001010120019N0012001N1+01221+00901102401ADDGF108991081051012501999999MD1710131+9999REMSYN060AAXX  21211 59303 42612 82501 10122 20090 40240 57013 885//;
0165593030999992000012200004+23970+115970FM-12+015299999V0202901N002012200019N0120001N1+01161+00941102431ADDAA106000191AY161061GF102991021051012501001001MD1210021-0501MW1001REMSYN088AAXX  22001 59303 11662 22902 10116 20094 40243 52002 69911 70060 82500 333 05506 70001;
0165593030999992000012206004+23970+115970FM-12+015299999V0202501N002010120019N0120001N1+02111+01081102061ADDAA199000091GF107991071051012501999999KA1999N+01121MD1710371+9999REMSYN070AAXX  22061 59303 32662 72502 10211 20108 40206 57037 875// 333 20112;EQDQ01  00002PRCP99
0142593030999992000012212004+23970+115970FM-12+015299999V0209999C000010120019N0120001N1+01941+01311102111ADDAA199000091GF108991081051012501999999MD1210101+9999REMSYN060AAXX  22121 59303 32662 80000 10194 20131 40211 52010 885//;EQDQ01  00002PRCP99
0165593030999992000012300004+23970+115970FM-12+015299999V0209999C000010120019N0120001N1+01601+01551102041ADDAA106007191AY161061GF108991081051012501999999MD1210121-0401MW1601REMSYN088AAXX  23001 59303 11662 80000 10160 20155 40204 52012 60071 76060 885// 333 05404 70066;
0172593030999992000012306004+23970+115970FM-12+015299999V0200901N003010120019N0120001N1+01711+01581101881ADDAA106017091AY161061GF108991081051012501999999KA1999N+01571MD1710251+9999MW1601REMSYN082AAXX  23061 59303 11662 80903 10171 20158 40188 57025 60171 76060 885// 333 20157;
0149593030999992000012312004+23970+115970FM-12+015299999V0203601N002010120019N0120001N1+01721+01651101971ADDAA106008991AY161061GF108991081051012501999999MD1210131+9999MW1601REMSYN072AAXX  23121 59303 11662 83602 10172 20165 40197 52013 60091 76060 885//;
0161593030999992000012321004+23970+115970FM-12+015299999V0209999C000010120019N0100001N1+01641+01611101891ADDAA124075791AY161031AY261031GF108991081051012501999999MD1710041+9999MW1601REMSYN076AAXX  23211 59303 41660 80000 10164 20161 40189 57004 76066 885// 333 70758;
0173593030999992000012400004+23970+115970FM-12+015299999V0209999C000010120019N0090001N1+01661+01611102051ADDAA106035191AY161061AY261061GF108991081051012501999999MD1210151+0001MW1601REMSYN088AAXX  24001 59303 11659 80000 10166 20161 40205 52015 60351 76066 885// 333 00001 70771;
0158593030999992000012406004+23970+115970FM-12+015299999V0209999C000010120019N0090001N1+01751+01701102021ADDAA106018091GF108991081051012501999999KA1999N+01611MD1710111+9999REMSYN082AAXX  24061 59303 11659 80000 10175 20170 40202 57011 60181 7/166 885// 333 20161;
0157593030999992000012412004+23970+115970FM-12+015299999V0203201N005010120019N0100001N1+01281+01211102311ADDAA106999999AY161061AY261061GF108991081051012501999999MD1210271+9999MW1601REMSYN072AAXX  24121 59303 11660 83205 10128 20121 40231 52027 6/111 76066 885//;
0165593030999992000012500004+23970+115970FM-12+015299999V0203401N003010120019N0110001N1+00701+00491102971ADDAA106000391AY161061GF108991081051012501999999MD1210131+0901MW1001REMSYN088AAXX  25001 59303 11661 83403 10070 20049 40297 52013 69931 70060 885// 333 00960 70387;
0172593030999992000012506004+23970+115970FM-12+015299999V0203201N006010120019N0140001N1+00911+00461102791ADDAA106000591AY161061GF108991081051012501999999KA1999N+00641MD1810271+9999MW1001REMSYN082AAXX  25061 59303 11664 83206 10091 20046 40279 58027 69941 70060 885// 333 20064;
0149593030999992000012512004+23970+115970FM-12+015299999V0203601N004010120019N0120001N1+00651+00231103081ADDAA106000791AY161061GF108991081051012501999999MD1210231+9999MW1211REMSYN072AAXX  25121 59303 11662 83604 10065 20023 40308 52023 69901 72160 885//;
0157593030999992000012600004+23970+115970FM-12+015299999V02099999999990120019N0140001N1+00401+00031103351ADDAA124000591GF108991081051012501999999IA2999+00399MD1210291+0401REMSYN082AAXX  26001 59303 32664 83/05 10040 20003 40335 52029 885// 333 00453 30039 70004;
0165593030999992000012606004+23970+115970FM-12+015299999V0203401N003010120019N0120001N1+00621+00051103121ADDAA199000091GF108991081051012501999999KA1999N+00381MD1710291+9999REMSYN070AAXX  26061 59303 32662 83403 10062 20005 40312 57029 885// 333 20038;EQDQ01  00002PRCP99
0142593030999992000012612004+23970+115970FM-12+015299999V0203601N002010120019N0140001N1+00531-00161103271ADDAA199000091GF108991081051012501999999MD1210171+9999REMSYN060AAXX  26121 59303 32664 83602 10053 21016 40327 52017 885//;EQDQ01  00002PRCP99
0112593030999992000012621004+23970+115970FM-12+015299999V0203601N003010120019N0140001N1+00231-00311103291ADDGF106991061051012501001001MD1210021+9999REMSYN060AAXX  26211 59303 42664 63603 10023 21031 40329 52002 86500;
0168593030999992000012700004+23970+115970FM-12+015299999V0203401N003012200019N0120001N1+00161+99999103511ADDAA199000091GA1001+999999999GF100991001001999999001001IA2999+00009MD1210211+9999REMSYN058AAXX  27001 59303 3/962 03403 10016 40351 52021 333 31006;EQDQ01  00002PRCP99
0175593030999992000012706004+23970+115970FM-12+015299999V0203601N003012200019N0140001N1+00961-00231102941ADDAA199000091GA1001+999999999GF100991001001999999001001KA1999N+00151MD1710451+9999REMSYN064AAXX  27061 59303 32964 03603 10096 21023 40294 57045 333 20015;EQDQ01  00002PRCP99
0152593030999992000012712004+23970+115970FM-12+015299999V0200201N001012200019N0120001N1+00761-00361102931ADDAA199000091GA1001+999999999GF100991001001999999001001MD1210081+9999REMSYN054AAXX  27121 59303 32962 00201 10076 21036 40293 52008;EQDQ01  00002PRCP99
0122593030999992000012721004+23970+115970FM-12+015299999V0203201N002012200019N0120001N1+00201-00241102961ADDGA1001+999999999GF100991001001999999001001MD1710081+9999REMSYN054AAXX  27211 59303 42962 03202 10020 21024 40296 57008;
0180593030999992000012800004+23970+115970FM-12+015299999V0209999C000012200019N0120001N1+00191-00291103131ADDAA199000091GA1001+999999999GF100991001001999999001001IA2999-00109MD1210151-0401REMSYN070AAXX  28001 59303 32962 00000 10019 21029 40313 52015 333 05400 31013;EQDQ01  00002PRCP99
0165593030999992000012806004+23970+115970FM-12+015299999V0202901N002010120019N0120001N1+01151-00071102741ADDAA199000091GF105991051051012501001001KA1999N+00101MD1710411+9999REMSYN070AAXX  28061 59303 32662 52902 10115 21007 40274 57041 85500 333 20010;EQDQ01  00002PRCP99
0152593030999992000012812004+23970+115970FM-12+015299999V0200201N001012200019N0120001N1+01001+00491102801ADDAA199000091GA1001+999999999GF100991001001999999001001MD1210201+9999REMSYN054AAXX  28121 59303 32962 00201 10100 20049 40280 52020;EQDQ01  00002PRCP99
0112593030999992000012821004+23970+115970FM-12+015299999V0200201N001010120019N0120001N1+00521+00351102131ADDGF107991071051012501999999MD1210041+9999REMSYN060AAXX  28211 59303 42662 70201 10052 20035 40213 52004 875//;
0186593030999992000012900004+23970+115970FM-12+015299999V0200201N001010120019N0120001N1+00571+00401103062ADDAA199000091GF107991071051012501999999IA2999+00209MD1210221-0101REMSYN076AAXX  29001 59303 32662 70201 10057 20040 40306 52022 875// 333 05104 30026;EQDQ01+103063APOSLPQ02  00002PRCP99
0165593030999992000012906004+23970+115970FM-12+015299999V0200201N002012200019N0120001N1+01551+00441102801ADDAA199000091GF101991011051012501001001KA1999N+00471MD1710261+9999REMSYN070AAXX  29061 59303 32662 10202 10155 20044 40280 57026 81500 333 20047;EQDQ01  00002PRCP99
0128593030999992000012912004+23970+115970FM-12+015299999V0200301N020019999999N0120001N1+00261+99999999999ADDAA199000091REMSYN054AAXX  29121 59303 32962 /0320 10026 20042 5296/ 92024;EQDQ01+000027APCTENQ02+009607APC3  Q03  00002PRCP99
0122593030999992000012921004+23970+115970FM-12+015299999V0202901N001012200019N0120001N1+00511+00131103351ADDGA1001+999999999GF100991001001999999001001MD1210141+9999REMSYN054AAXX  29211 59303 42962 02901 10051 20013 40335 52014;
0180593030999992000013000004+23970+115970FM-12+015299999V0209999C000012200019N0120001N1+00501+00171103471ADDAA199000091GA1001+999999999GF100991001001999999001001IA2999+00009MD1210111+0401REMSYN070AAXX  30001 59303 32962 00000 10050 20017 40347 52011 333 00451 30008;EQDQ01  00002PRCP99
0175593030999992000013006004+23970+115970FM-12+015299999V0203201N003012200019N0120001N1+01401+00121102981ADDAA199000091GA1001+999999999GF100991001001999999001001KA1999N+00441MD1710401+9999REMSYN064AAXX  30061 59303 32962 03203 10140 20012 40298 57040 333 20044;EQDQ01  00002PRCP99
0152593030999992000013012004+23970+115970FM-12+015299999V0203201N002012200019N0120001N1+01181+00141103171ADDAA199000091GA1001+999999999GF100991001001999999001001MD1210251+9999REMSYN054AAXX  30121 59303 32962 03202 10118 20014 40317 52025;EQDQ01  00002PRCP99
0086593030999992000013021004+23970+115970FM-12+015299999V0203201N003019999999N0120001N1+00651+00001103151ADDGF107991999999012501999999REMSYN048AAXX  30211 59303 42662 73203 10065 2000/ 40315;
0183593030999992000013100004+23970+115970FM-12+015299999V0203201N002010120019N0120001N1+00571+00141103231ADDAA106000591AY161061GF108991081051012501999999IA2999+00379MD1210061-0201MW1211REMSYN094AAXX  31001 59303 11662 83202 10057 20014 40323 52006 69941 72160 885// 333 05201 30037 70004;
0172593030999992000013106004+23970+115970FM-12+015299999V0203601N004010120019N0120001N1+00881+00321102981ADDAA106000191AY161061GF108991081051012501999999KA1999N+00551MD1710271+9999MW1211REMSYN082AAXX  31061 59303 11662 83604 10088 20032 40298 57027 69911 72160 885// 333 20055;
0149593030999992000013112004+23970+115970FM-12+015299999V0203201N002010120019N0120001N1+00711+00481103151ADDAA106001091AY161061GF108991081051012501999999MD1210171+9999MW1601REMSYN072AAXX  31121 59303 11662 83202 10071 20048 40315 52017 60011 76060 885//;
0161593030999992000013121004+23970+115970FM-12+015299999V0203201N003010120019N0100001N1+00331+00251103131ADDAA124003391AY161031AY261031GF108991081051012501999999MD1710061+9999MW1601REMSYN076AAXX  31211 59303 41660 83203 10033 20025 40313 57006 76066 885// 333 70033;
0191593030999992000020100004+23970+115970FM-12+015299999V0203201N002010120019N0100001N1+00331+00231103261ADDAA106004191AY161061AY261061GF108991081051012501999999IA2999+00369MD1210121+0001MW1601REMSYN094AAXX  01001 59303 11660 83202 10033 20023 40326 52012 60041 76066 885// 333 00052 30036 70055;
0172593030999992000020106004+23970+115970FM-12+015299999V0200401N002010120019N0110001N1+00671+00311102971ADDAA106000591AY161061GF108991081051012501999999KA1999N+00281MD1710271+9999MW1001REMSYN082AAXX  01061 59303 11661 80402 10067 20031 40297 57027 69961 70060 885// 333 20028;
0161593030999992000020121004+23970+115970FM-12+015299999V0202901N002010120019N0110001N1+00351+00221102841ADDAA124999999AY161031AY261031GF108991081051012501999999MD1410001+9999MW1601REMSYN076AAXX  01211 59303 41661 82902 10035 20022 40284 54000 76066 885// 333 7001/;
0191593030999992000020200004+23970+115970FM-12+015299999V0203201N003010120019N0120001N1+00351+00251102941ADDAA106002091AY161061AY261061GF108991081051012501999999IA2999+00429MD1210101-0301MW1601REMSYN094AAXX  02001 59303 11662 83203 10035 20025 40294 52010 60021 76066 885// 333 05300 30042 70024;
0172593030999992000020206004+23970+115970FM-12+015299999V0203201N002010120019N0110001N1+00701+00491102631ADDAA106000391AY161061GF108991081051012501999999KA1999N+00311MD1710341+9999MW1001REMSYN082AAXX  02061 59303 11661 83202 10070 20049 40263 57034 69931 70060 885// 333 20031;
0133593030999992000020221004+23970+115970FM-12+015299999V0203201N002010120019N0120001N1+00701+00591102451ADDAA124003391GF108991081051012501999999MD1710141+9999REMSYN070AAXX  02211 59303 42662 83202 10070 20059 40245 57014 885// 333 70034;
0152593030999992000020300004+23970+115970FM-12+015299999V0203201N002010120019N0100001N1+00701+00571102581ADDAA199000091GF108991081051012501999999MD1210131+0031REMSYN070AAXX  03001 59303 32660 83202 10070 20057 40258 52013 885// 333 05304;EQDQ01  00002PRCP99
0165593030999992000020306004+23970+115970FM-12+015299999V0201101N001010120019N0120001N1+01211+00801102231ADDAA199000091GF108991081051012501999999KA1999N+00661MD1710391+9999REMSYN070AAXX  03061 59303 32662 81101 10121 20080 40223 57039 885// 333 20066;EQDQ01  00002PRCP99
0112593030999992000020321004+23970+115970FM-12+015299999V0203201N002010120019N0110001N1+00921+00731102261ADDGF108991081051012501999999MD1710011+9999REMSYN060AAXX  03211 59303 42661 83202 10092 20073 40226 57001 885//;
0152593030999992000020400004+23970+115970FM-12+015299999V0203201N001010120019N0110001N1+00921+00731102331ADDAA199000091GF108991081051012501999999MD1210061+0021REMSYN070AAXX  04001 59303 32661 83201 10092 20073 40233 52006 885// 333 05202;EQDQ01  00002PRCP99
0165593030999992000020406004+23970+115970FM-12+015299999V0201401N001010120019N0120001N1+01781+01081101841ADDAA199000091GF106991061051012501001001KA1999N+00891MD1710441+9999REMSYN070AAXX  04061 59303 32662 61401 10178 20108 40184 57044 86500 333 20089;EQDQ01  00002PRCP99
0112593030999992000020421004+23970+115970FM-12+015299999V0203201N001010120019N0110001N1+01121+00881102101ADDGF107991071051012501999999MD1210011+9999REMSYN060AAXX  04211 59303 42661 73201 10112 20088 40210 52001 875//;
0152593030999992000020500004+23970+115970FM-12+015299999V0209999C000010120019N0110001N1+00981+00751102241ADDAA199000091GF106991061051012501001001MD1210131+0011REMSYN070AAXX  05001 59303 32661 60000 10098 20075 40224 52013 86500 333 05101;EQDQ01  00002PRCP99
0165593030999992000020506004+23970+115970FM-12+015299999V0202701N002012200019N0120001N1+01561+00961101931ADDAA199000091GF102991021051012501001001KA1999N+00951MD1710311+9999REMSYN070AAXX  05061 59303 32662 22702 10156 20096 40193 57031 82500 333 20095;EQDQ01  00002PRCP99
0142593030999992000020512004+23970+115970FM-12+015299999V0203201N004010120019N0120001N1+01231+00761102141ADDAA199000091GF108991081051012501999999MD1210261+9999REMSYN060AAXX  05121 59303 32662 83204 10123 20076 40214 52026 885//;EQDQ01  00002PRCP99
0152593030999992000020600004+23970+115970FM-12+015299999V0203201N002010120019N0120001N1+00801+00531102211ADDAA199000091GF108991081051012501999999MD1210041+0001REMSYN070AAXX  06001 59303 32662 83202 10080 20053 40221 52004 885// 333 00052;EQDQ01  00002PRCP99
0165593030999992000020606004+23970+115970FM-12+015299999V0200901N001010120019N0120001N1+01201+00661101811ADDAA199000091GF105991051051012501001001KA1999N+00741MD1710341+9999REMSYN070AAXX  06061 59303 32662 50901 10120 20066 40181 57034 85500 333 20074;EQDQ01  00002PRCP99
0152593030999992000020612004+23970+115970FM-12+015299999V0202901N001012200019N0120001N1+99999+99999101721ADDAA199000091GA1001+999999999GF100991001001999999001001MD1210061+9999REMSYN054AAXX  06121 59303 32962 02901 1/131 20081 40172 52006;EQDQ01  00002PRCP99
0122593030999992000020621004+23970+115970FM-12+015299999V0209999C000012200019N0120001N1+00671+00461101981ADDGA1001+999999999GF100991001001999999001001MD1710021+9999REMSYN054AAXX  06211 59303 42962 00000 10067 20046 40198 57002;
0170593030999992000020700004+23970+115970FM-12+015299999V0209999C000012200019N0120001N1+00641+00461102161ADDAA199000091GF102991001001999999001021IA2999+00309MD1210171+0001REMSYN076AAXX  07001 59303 32962 20000 10064 20046 40216 52017 80002 333 05052 30037;EQDQ01  00002PRCP99
0165593030999992000020706004+23970+115970FM-12+015299999V0203201N002012200019N0120001N1+01711+00591101721ADDAA199000091GF102991001001999999001021KA1999N+00591MD1710421+9999REMSYN070AAXX  07061 59303 32962 23202 10171 20059 40172 57042 80002 333 20059;EQDQ01  00002PRCP99
0122593030999992000020721004+23970+115970FM-12+015299999V0209999C000012200019N0120001N1+00671+00291102111ADDGA1001+999999999GF100991001001999999001001MD1210031+9999REMSYN054AAXX  07211 59303 42962 00000 10067 20029 40211 52003;
0170593030999992000020800004+23970+115970FM-12+015299999V0203401N001012200019N0110001N1+00601+00291102211ADDAA199000091GF101991011051012501001001IA2999+00209MD1210091+0101REMSYN076AAXX  08001 59303 32661 13401 10060 20029 40221 52009 81500 333 00100 30027;EQDQ01  00002PRCP99
0175593030999992000020806004+23970+115970FM-12+015299999V0200401N002012200019N0120001N1+01611+00301101941ADDAA199000091GA1001+999999999GF100991001001999999001001KA1999N+00571MD1710351+9999REMSYN064AAXX  08061 59303 32962 00402 10161 20030 40194 57035 333 20057;EQDQ01  00002PRCP99
0152593030999992000020812004+23970+115970FM-12+015299999V0209999C000012200019N0120001N1+01351+00671101941ADDAA199000091GA1001+999999999GF100991001001999999001001MD1210111+9999REMSYN054AAXX  08121 59303 32962 00000 10135 20067 40194 52011;EQDQ01  00002PRCP99
0112593030999992000020821004+23970+115970FM-12+015299999V0202201N001010120019N0120001N1+00981+00611102071ADDGF108991081051012501999999MD1710031+9999REMSYN060AAXX  08211 59303 42662 82201 10098 20061 40207 57003 885//;
0152593030999992000020900004+23970+115970FM-12+015299999V0209999C000010120019N0120001N1+00981+00681102201ADDAA199000091GF107991071051012501999999MD1210111+9999REMSYN070AAXX  09001 59303 32662 70000 10098 20068 40220 52011 875// 333 0084/;EQDQ01  00002PRCP99
0136593030999992000020912004+23970+115970FM-12+015299999V0209999C000012200019N0120001N1+01381+00781999999ADDAA199000091GF103991031051012501999001MD1210021+9999REMSYN054AAXX  09121 59303 32662 30000 10138 20078 52002 835/0;EQDQ01  00002PRCP99
0100593030999992000020921004+23970+115970FM-12+015299999V0209999C000019999999N9999999N1+01101+99999101851ADDGF108991999999012501999999MD1710041+9999REMSYN048AAXX  09211 59303 426/2 80000 1011/ 40185 57004;
0152593030999992000021000004+23970+115970FM-12+015299999V0209999C000010120019N0120001N1+01201+00901101931ADDAA199000091GF107991071051012501999999MD1210071+0031REMSYN070AAXX  10001 59303 32662 70000 10120 20090 40193 52007 875// 333 05302;EQDQ01  00002PRCP99
0165593030999992000021006004+23970+115970FM-12+015299999V0209999C000010120019N0120001N1+01621+01001101631ADDAA199000091GF107991071051012501999999KA1999N+01151MD1710371+9999REMSYN070AAXX  10061 59303 32662 70000 10162 20100 40163 57037 875// 333 20115;EQDQ01  00002PRCP99
0145593030999992000021021004+23970+115970FM-12+015299999V0200701N002010120019N0120001N1+01391+01111101651ADDAA124000791GF108991081051012501999999MD1710061+9999MW1601REMSYN076AAXX  10211 59303 41662 80702 10139 20111 40165 57006 76000 885// 333 79999;
0165593030999992000021100004+23970+115970FM-12+015299999V0203401N001010120019N0120001N1+01381+01101101791ADDAA106000791AY161061GF108991081051012501999999MD1210131-0101MW1001REMSYN088AAXX  11001 59303 11662 83401 10138 20110 40179 52013 69901 70060 885// 333 05102 79999;
0146593030999992000021106004+23970+115970FM-12+015299999V0200901N002012200019N0140001N1+02321+01821101451ADDAA199000021GF102991021011008001001001KA1999N+01331MD1710321+9999REMSYN070AAXX  11061 59303 32564 20902 10232 20182 40145 57032 82100 333 20133;
0142593030999992000021112004+23970+115970FM-12+015299999V0200401N001010120019N0120001N1+02091+01481101501ADDAA199000091GF108991081051012501999999MD1210131+9999REMSYN060AAXX  11121 59303 32662 80401 10209 20148 40150 52013 885//;EQDQ01  00002PRCP99
0120593030999992000021121004+23970+115970FM-12+015299999V0209999C000012200019N0110001N1+01491+01401101531ADDGF104991041051012501011001MD1710021+9999REMSYN068AAXX  11211 59303 42661 40000 10149 20140 40153 57002 84510 333 999;
0151593030999992000021200004+23970+115970FM-12+015299999V0200401N001010120019N0040001N1+01381+01331101671ADDAA124000791GF108991081051012501999999MD1210131-0101MW1101REMSYN082AAXX  12001 59303 31640 80401 10138 20133 40167 52013 71000 885// 333 05100 79999;
0142593030999992000021212004+23970+115970FM-12+015299999V0201401N002010120019N0120001N1+02111+01451101321ADDAA199000091GF106991061051012501001001MD1210141+9999REMSYN060AAXX  12121 59303 32662 61402 10211 20145 40132 52014 86500;EQDQ01  00002PRCP99
0112593030999992000021221004+23970+115970FM-12+015299999V0201101N001012200019N0120001N1+01561+01331101421ADDGF102991021051012501001001MD1710041+9999REMSYN060AAXX  12211 59303 42662 21101 10156 20133 40142 57004 82500;
0162593030999992000021300004+23970+115970FM-12+015299999V0209999C000012200019N0100001N1+01481+01321101551ADDAA199000091GA1001+999999999GF100991001001999999001001MD1210111+0011REMSYN064AAXX  13001 59303 32960 00000 10148 20132 40155 52011 333 05101;EQDQ01  00002PRCP99
0165593030999992000021306004+23970+115970FM-12+015299999V0201801N003012200019N0150001N1+02581+01351101131ADDAA199000091GF101991011011008001001001KA1999N+01401MD1710361+9999REMSYN070AAXX  13061 59303 32565 11803 10258 20135 40113 57036 81100 333 20140;EQDQ01  00002PRCP99
0142593030999992000021312004+23970+115970FM-12+015299999V0201801N001012200019N0140001N1+02241+01511101121ADDAA199000091GF104991041051012501001001MD1210151+9999REMSYN060AAXX  13121 59303 32664 41801 10224 20151 40112 52015 84500;EQDQ01  00002PRCP99
0112593030999992000021321004+23970+115970FM-12+015299999V0201801N001010120019N0120001N1+01681+01421101321ADDGF107991071051012501999999MD1210041+9999REMSYN060AAXX  13211 59303 42662 71801 10168 20142 40132 52004 875//;
0152593030999992000021400004+23970+115970FM-12+015299999V0209999C000010120019N0120001N1+01641+01411101591ADDAA199000091GF108991081051012501999999MD1210251+0011REMSYN070AAXX  14001 59303 32662 80000 10164 20141 40159 52025 885// 333 00102;EQDQ01  00002PRCP99
0165593030999992000021406004+23970+115970FM-12+015299999V0202901N005010120019N0120001N1+02221+01411101401ADDAA199000091GF107991071051012501999999KA1999N+01601MD1710221+9999REMSYN070AAXX  14061 59303 32662 72905 10222 20141 40140 57022 875// 333 20160;EQDQ01  00002PRCP99
0136593030999992000021412004+23970+115970FM-12+015299999V0203201N003012200019N0120001N1+01661+99999101881ADDAA199000091GF101991011051012501001001MD1210291+9999REMSYN054AAXX  14121 59303 32662 13203 10166 40188 52029 81500;EQDQ01  00002PRCP99
0112593030999992000021421004+23970+115970FM-12+015299999V0203401N003010120019N0120001N1+01231+00711102051ADDGF108991081051012501999999MD1210041+9999REMSYN060AAXX  14211 59303 42662 83403 10123 20071 40205 52004 885//;
0152593030999992000021500004+23970+115970FM-12+015299999V0209999C000010120019N0120001N1+01231+00641102181ADDAA199000091GF107991071051012501999999MD1210121+0061REMSYN070AAXX  15001 59303 32662 70000 10123 20064 40218 52012 875// 333 00654;EQDQ01  00002PRCP99
0165593030999992000021506004+23970+115970FM-12+015299999V0202201N002012200019N0110001N1+01831+00801101941ADDAA199000091GF102991021051012501001001KA1999N+01181MD1710301+9999REMSYN070AAXX  15061 59303 32661 22202 10183 20080 40194 57030 82500 333 20118;EQDQ01  00002PRCP99
0112593030999992000021521004+23970+115970FM-12+015299999V0202701N002010120019N0120001N1+01301+00771101991ADDGF108991081051012501999999MD1710011+9999REMSYN060AAXX  15211 59303 42662 82702 10130 20077 40199 57001 885//;
0152593030999992000021600004+23970+115970FM-12+015299999V0201601N002010120019N0100001N1+01331+00941102111ADDAA199000091GF108991081051012501999999MD1210111+0011REMSYN070AAXX  16001 59303 32660 81602 10133 20094 40211 52011 885// 333 05101;EQDQ01  00002PRCP99
0165593030999992000021606004+23970+115970FM-12+015299999V0202501N002012200019N0120001N1+02081+00751101611ADDAA199000091GF101991011051012501001001KA1999N+01271MD1710491+9999REMSYN070AAXX  16061 59303 32662 12502 10208 20075 40161 57049 81500 333 20127;EQDQ01  00002PRCP99
0116593030999992000021612004+23970+115970FM-12+015299999V02099999999999999999N9999999N1+01731+00951101881ADDAA199000091MD1210331+9999REMSYN060AAXX  16121 59303 32/// /6/02 10173 20095 40188 52033 81502;EQDQ01  00002PRCP99
0112593030999992000021621004+23970+115970FM-12+015299999V0202901N001010120019N0120001N1+01221+00821101991ADDGF108991081051012501999999MD1710081+9999REMSYN060AAXX  16211 59303 42662 82901 10122 20082 40199 57008 885//;
0165593030999992000021706004+23970+115970FM-12+015299999V0209999C000010120019N0110001N1+01761+01031101851ADDAA199000091GF107991071051012501999999KA1999N+01191MD1710291+9999REMSYN070AAXX  17061 59303 32661 70000 10176 20103 40185 57029 875// 333 20119;EQDQ01  00002PRCP99
0112593030999992000021721004+23970+115970FM-12+015299999V0203201N002010120019N0120001N1+01481+01091101751ADDGF107991071051012501999999MD1710101+9999REMSYN060AAXX  17211 59303 42662 73202 10148 20109 40175 57010 875//;
0152593030999992000021800004+23970+115970FM-12+015299999V0202701N001010120019N0120001N1+01461+01141101821ADDAA199000091GF107991071051012501999999MD1210061+0031REMSYN070AAXX  18001 59303 32662 72701 10146 20114 40182 52006 875// 333 05302;EQDQ01  00002PRCP99
0165593030999992000021806004+23970+115970FM-12+015299999V0202201N002010120019N0120001N1+02261+01461101341ADDAA199000091GF108991081051012501999999KA1999N+01411MD1710431+9999REMSYN070AAXX  18061 59303 32662 82202 10226 20146 40134 57043 885// 333 20141;EQDQ01  00002PRCP99
0149593030999992000021812004+23970+115970FM-12+015299999V0202201N002010120019N0120001N1+01921+01521101421ADDAA106000791AY161061GF108991081051012501999999MD1210121+9999MW1001REMSYN072AAXX  18121 59303 11662 82202 10192 20152 40142 52012 69901 70060 885//;
0153593030999992000021821004+23970+115970FM-12+015299999V0201601N002010120019N0120001N1+01901+01641101021ADDAA124000791AY161031GF108991081051012501999999MD1710131+9999MW1601REMSYN076AAXX  18211 59303 41662 81602 10190 20164 40102 57013 76060 885// 333 79999;
0165593030999992000021900004+23970+115970FM-12+015299999V0202201N002010120019N0120001N1+01921+01731101121ADDAA106000191AY161061GF108991081051012501999999MD1210101-0701MW1211REMSYN088AAXX  19001 59303 11662 82202 10192 20173 40112 52010 69911 72160 885// 333 05705 70001;
0172593030999992000021906004+23970+115970FM-12+015299999V0202201N002010120019N0140001N1+02261+01871100891ADDAA106000791AY161061GF108991081051012501999999KA1999N+01791MD1710291+9999MW1601REMSYN082AAXX  19061 59303 11664 82202 10226 20187 40089 57029 69901 76060 885// 333 20179;
0153593030999992000021921004+23970+115970FM-12+015299999V0202901N003010120019N0120001N1+01381+01271101141ADDAA124000391AY161031GF108991081051012501999999MD1210091+9999MW1601REMSYN076AAXX  19211 59303 41662 82903 10138 20127 40114 52009 76060 885// 333 70002;
0165593030999992000022000004+23970+115970FM-12+015299999V0202701N002010120019N0120001N1+01221+01141101391ADDAA106001091AY161061GF108991081051012501999999MD1210241+0301MW1601REMSYN088AAXX  20001 59303 11662 82702 10122 20114 40139 52024 69991 76060 885// 333 00357 70009;
0137593030999992000022006004+23970+115970FM-12+015299999V0203201N003010120019N0180001N1+99999+99999101391ADDAA106001091AY161061GF108991081051012501999001MD1710221+9999MW1001REMSYN060AAXX  20061 59303 11668 83203 40139 57022 69991 70060 885/0;
0173593030999992000022100004+23970+115970FM-12+015299999V0203201N002010120019N0110001N1+00901+00841101911ADDAA106010991AY161061AY261061GF108991081051012501999999MD1210131+0501MW1601REMSYN088AAXX  21001 59303 11661 83202 10090 20084 40191 52013 60111 76066 885// 333 00553 70273;
0180593030999992000022106004+23970+115970FM-12+015299999V0203201N001010120019N0120001N1+01011+00931101691ADDAA106008991AY161061AY261061GF108991081051012501999999KA1999N+00861MD1710251+9999MW1601REMSYN082AAXX  21061 59303 11662 83201 10101 20093 40169 57025 60091 76066 885// 333 20086;
0161593030999992000022121004+23970+115970FM-12+015299999V0202901N002010120019N0120001N1+01091+01031101601ADDAA124025491AY161031AY261031GF108991081051012501999999MD1710061+9999MW1601REMSYN076AAXX  21211 59303 41662 82902 10109 20103 40160 57006 76066 885// 333 70255;
0159593030999992000022200004+23970+115970FM-12+015299999V0203201N002010120019N0120001N1+01071+01011101711ADDAA100001091AY161061GF108991081051012501999999MD1999999-0201MW1601REMSYN082AAXX  22001 59303 11662 83202 10107 20101 40171 60010 76060 885// 333 05202 70181;
0180593030999992000022206004+23970+115970FM-12+015299999V0202701N002010120019N0120001N1+01161+01101101511ADDAA106000591AY161061AY261061GF108991081051012501999999KA1999N+00991MD1710231+9999MW1601REMSYN082AAXX  22061 59303 11662 82702 10116 20110 40151 57023 69961 76066 885// 333 20099;
0137593030999992000022212004+23970+115970FM-12+015299999V0203201N002019999999N0100001N1+01141+01101101471ADDGF108991999001012501061061MD1710061+9999REMSYN066AAXX  22121 59303 11660 83202 10114 20110 40147 57006 80066 885//;EQDQ01+000002SCOTLC
0161593030999992000022221004+23970+115970FM-12+015299999V0202901N002010120019N0120001N1+01071+01031101551ADDAA124006191AY161031AY261031GF108991081051012501999999MD1710021+9999MW1601REMSYN076AAXX  22211 59303 41662 82902 10107 20103 40155 57002 76066 885// 333 70061;
0173593030999992000022300004+23970+115970FM-12+015299999V0203201N002010120019N0110001N1+01031+00991101681ADDAA106003091AY161061AY261061GF108991081051012501999999MD1210131+0001MW1601REMSYN088AAXX  23001 59303 11661 83202 10103 20099 40168 52013 60031 76066 885// 333 00000 70066;
0180593030999992000022306004+23970+115970FM-12+015299999V0202701N002010120019N0100001N1+01061+01001101681ADDAA106001091AY161061AY261061GF108991081051012501999999KA1999N+01001MD1710151+9999MW1601REMSYN082AAXX  23061 59303 11660 82702 10106 20100 40168 57015 60011 76066 885// 333 20100;
0149593030999992000022312004+23970+115970FM-12+015299999V0203201N002010120019N0012001N1+01041+00901101791ADDAA106001091AY161061GF108991081051012501999999MD1210181+9999MW1001REMSYN072AAXX  23121 59303 11612 83202 10104 20090 40179 52018 60011 70060 885//;
0161593030999992000022321004+23970+115970FM-12+015299999V0203201N002010120019N0100001N1+00891+00741101931ADDAA124004391AY161031AY261031GF108991081051012501999999MD1710071+9999MW1601REMSYN076AAXX  23211 59303 41660 83202 10089 20074 40193 57007 76066 885// 333 70042;
0173593030999992000022400004+23970+115970FM-12+015299999V0203201N003010120019N0100001N1+00851+00771102141ADDAA106000191AY161061AY261061GF108991081051012501999999MD1210201+0401MW1601REMSYN088AAXX  24001 59303 11660 83203 10085 20077 40214 52020 69921 76066 885// 333 00452 70035;
0172593030999992000022406004+23970+115970FM-12+015299999V0203201N001010120019N0120001N1+00971+00851101931ADDAA106000191AY161061GF108991081051012501999999KA1999N+00811MD1710241+9999MW1601REMSYN082AAXX  24061 59303 11662 83201 10097 20085 40193 57024 69921 76060 885// 333 20081;
0173593030999992000022500004+23970+115970FM-12+015299999V0203201N002010120019N0100001N1+00801+00711102311ADDAA106006191AY161061AY261061GF108991081051012501999999MD1210141+0201MW1601REMSYN088AAXX  25001 59303 11660 83202 10080 20071 40231 52014 60061 76066 885// 333 00251 70108;
0172593030999992000022506004+23970+115970FM-12+015299999V0203201N004010120019N0150001N1+00921+00731102181ADDAA106000391AY161061GF108991081051012501999999KA1999N+00771MD1710181+9999MW1601REMSYN082AAXX  25061 59303 11665 83204 10092 20073 40218 57018 69931 76060 885// 333 20077;
0143593030999992000022512004+23970+115970FM-12+015299999V0203201N003010120019N0150001N1+99999+99999102341ADDAA106001091AY161061GF108991081051012501999999MD1210101+9999MW1001REMSYN066AAXX  25121 59303 11665 83203 20057 40234 52010 60011 70060 885//;
0133593030999992000022521004+23970+115970FM-12+015299999V0203201N003010120019N0150001N1+00791+00351102421ADDAA124003891GF108991081051012501999999MD1710031+9999REMSYN070AAXX  25211 59303 42665 83203 10079 20035 40242 57003 885// 333 70038;
0165593030999992000022606004+23970+115970FM-12+015299999V0203401N003010120019N0150001N1+01001+00101102281ADDAA199000091GF108991081051012501999999KA1999N+00721MD1710451+9999REMSYN070AAXX  26061 59303 32665 83403 10100 20010 40228 57045 885// 333 20072;EQDQ01  00002PRCP99
0124593030999992000022612004+23970+115970FM-12+015299999V0203201N002010120019N0120001N1+00901+00341102401ADDGF108991081051012501999999MD1210111+9999MW1601REMSYN066AAXX  26121 59303 11662 83202 10090 20034 40240 52011 76000 885//;
0153593030999992000022621004+23970+115970FM-12+015299999V0209999C000010120019N0120001N1+00781+00511102341ADDAA124000391AY161031GF108991081051012501999999MD1710101+9999MW1211REMSYN076AAXX  26211 59303 41662 80000 10078 20051 40234 57010 72160 885// 333 70003;
0165593030999992000022700004+23970+115970FM-12+015299999V0203201N001010120019N0120001N1+00801+00581102411ADDAA106000591AY161061GF108991081051012501999999MD1210061-0301MW1211REMSYN088AAXX  27001 59303 11662 83201 10080 20058 40241 52006 69941 72160 885// 333 05300 70005;
0172593030999992000022706004+23970+115970FM-12+015299999V0203201N001010120019N0120001N1+00981+00541102381ADDAA106000791AY161061GF108991081051012501999999KA1999N+00751MD1710101+9999MW1001REMSYN082AAXX  27061 59303 11662 83201 10098 20054 40238 57010 69901 70060 885// 333 20075;
0149593030999992000022712004+23970+115970FM-12+015299999V0203201N002010120019N0120001N1+00791+00661102381ADDAA106002091AY161061GF108991081051012501999999MD1210061+9999MW1601REMSYN072AAXX  27121 59303 11662 83202 10079 20066 40238 52006 60021 76060 885//;
0161593030999992000022721004+23970+115970FM-12+015299999V0203401N001010120019N0110001N1+00741+00671102161ADDAA124004391AY161031AY261031GF108991081051012501999999MD1710061+9999MW1601REMSYN076AAXX  27211 59303 41661 83401 10074 20067 40216 57006 76066 885// 333 70042;
0173593030999992000022800004+23970+115970FM-12+015299999V0203201N001010120019N0110001N1+00771+00711102371ADDAA106003091AY161061AY261061GF108991081051012501999999MD1210201+0001MW1601REMSYN088AAXX  28001 59303 11661 83201 10077 20071 40237 52020 60031 76066 885// 333 00000 70057;
0180593030999992000022806004+23970+115970FM-12+015299999V0209999C000010120019N0120001N1+00901+00821102281ADDAA106003091AY161061AY261061GF108991081051012501999999KA1999N+00711MD1710231+9999MW1601REMSYN082AAXX  28061 59303 11662 80000 10090 20082 40228 57023 60031 76066 885// 333 20071;
0149593030999992000022812004+23970+115970FM-12+015299999V0203201N003010120019N0120001N1+00961+00711102451ADDAA106000191AY161061GF108991081051012501999999MD1210211+9999MW1001REMSYN072AAXX  28121 59303 11662 83203 10096 20071 40245 52021 69921 70060 885//;
0133593030999992000022821004+23970+115970FM-12+015299999V0203201N002010120019N0120001N1+00781+00671102571ADDAA124004891GF108991081051012501999999MD1710081+9999REMSYN070AAXX  28211 59303 42662 83202 10078 20067 40257 57008 885// 333 70049;
0168593030999992000022900004+23970+115970FM-12+015299999V0203201N002019999999N0120001N1+00801+00621102611ADDAA199000091GF108991051999012501999999MD1010041+0031REMSYN070AAXX  29001 59303 32662 83202 10080 20062 40261 50908 85/// 333 00300;EQDQ01+009087APC3  Q02  00002PRCP99
0172593030999992000022906004+23970+115970FM-12+015299999V0203201N001010120019N0150001N1+00961+00661102321ADDAA106110091AY161061GF108991081051012501999999KA1999N+00751MD1710301+9999MW1601REMSYN082AAXX  29061 59303 11665 83201 10096 20066 40232 57030 61101 76060 885// 333 20075;
0123593030999992000022912004+23970+115970FM-12+015299999V0203201N002019999999N0100001N1+00891+00741102461ADDAA106000591GF108991999999012501999999MD1210101+9999REMSYN060AAXX  29121 59303 11660 83202 10089 20074 40246 52010 69941;
0161593030999992000022921004+23970+115970FM-12+015299999V0209999C000010120019N0120001N1+00841+00731102411ADDAA124001391AY161031AY261031GF108991081051012501999999MD1710081+9999MW1601REMSYN076AAXX  29211 59303 41662 80000 10084 20073 40241 57008 76066 885// 333 70013;
0172593030999992000030106004+23970+115970FM-12+015299999V0203201N003010120019N0120001N1+01181+00961102291ADDAA106000191AY161061GF108991081051012501999999KA1999N+00801MD1710131+9999MW1601REMSYN082AAXX  01061 59303 11662 83203 10118 20096 40229 57013 69921 76060 885// 333 20080;
0160593030999992000030121004+23970+115970FM-12+015299999V0203201N081020120019N0100001N1+01001+99999102021ADDAA124014591AY161031AY261031GF108991081051012501999999MW1601REMSYN070AAXX  01211 59303 41660 83281 10100 20/96 40202 76066 885// 333 70144;EQDQ01+008103WOSPD 
0165593030999992000031406004+23970+115970FM-12+015299999V0203201N001012200019N0150001N1+02351+01801101441ADDAA199000091GF102991021011008001001001KA1999N+01651MD1710251+9999REMSYN070AAXX  14061 59303 32565 23201 10235 20180 40144 57025 82100 333 20165;EQDQ01  00002PRCP99
0142593030999992000031412004+23970+115970FM-12+015299999V0209999C000010120019N0120001N1+02161+01861101311ADDAA199000091GF108991081051012501999999MD1210011+9999REMSYN060AAXX  14121 59303 32662 80000 10216 20186 40131 52001 885//;EQDQ01  00002PRCP99
0164593030999992000031500004+23970+115970FM-12+015299999V0201401N001010120019N0090001N1+01851+01621101481ADDAA199000091GF106991061051012501001001MD1210111+0031MW1101REMSYN076AAXX  15001 59303 31659 61401 10185 20162 40148 52011 71000 86500 333 05302;EQDQ01  00002PRCP99
0165593030999992000032406004+23970+115970FM-12+015299999V0203601N002010120019N0120001N1+02011+01251101981ADDAA199000091GF108991081051012501999999KA1999N+01441MD1710191+9999REMSYN070AAXX  24061 59303 32662 83602 10201 20125 40198 57019 885// 333 20144;EQDQ01  00002PRCP99
0142593030999992000032412004+23970+115970FM-12+015299999V0209999C000010120019N0120001N1+01901+01341102001ADDAA199000091GF108991081051012501999999MD1210131+9999REMSYN060AAXX  24121 59303 32662 80000 10190 20134 40200 52013 885//;EQDQ01  00002PRCP99
0112593030999992000032421004+23970+115970FM-12+015299999V0200701N002010120019N0120001N1+01691+01361102041ADDGF108991081051012501999999MD1710011+9999REMSYN060AAXX  24211 59303 42662 80702 10169 20136 40204 57001 885//;
0142593030999992000032500004+23970+115970FM-12+015299999V0200701N001010120019N0120001N1+01731+01321102201ADDAA199000091GF107991071051012501999999MD1210101+9999REMSYN060AAXX  25001 59303 32662 70701 10173 20132 40220 5201/ 875//;EQDQ01  00002PRCP99
0165593030999992000032506004+23970+115970FM-12+015299999V0203401N002010120019N0120001N1+02171+01461101981ADDAA199000091GF107991071051012501999999KA1999N+01621MD1710111+9999REMSYN070AAXX  25061 59303 32662 73402 10217 20146 40198 57011 875// 333 20162;EQDQ01  00002PRCP99
0136593030999992000032512004+23970+115970FM-12+015299999V0203401N003010120019N0120001N1+01901+99999102081ADDAA199000091GF108991081051012501999999MD1210161+9999REMSYN054AAXX  25121 59303 32662 83403 10190 40208 52016 885//;EQDQ01  00002PRCP99
0112593030999992000032521004+23970+115970FM-12+015299999V0203201N002010120019N0120001N1+01541+01011102161ADDGF108991081051012501999999MD1710091+9999REMSYN060AAXX  25211 59303 42662 83202 10154 20101 40216 57009 885//;
0152593030999992000032600004+23970+115970FM-12+015299999V0203201N002010120019N0120001N1+01511+00971102331ADDAA199000091GF108991081051012501999999MD1210161+0011REMSYN070AAXX  26001 59303 32662 83202 10151 20097 40233 52016 885// 333 00152;EQDQ01  00002PRCP99
0165593030999992000032606004+23970+115970FM-12+015299999V0200701N003012200019N0130001N1+02051+01151101971ADDAA199000091GF103991031081008001001001KA1999N+01451MD1710341+9999REMSYN070AAXX  26061 59303 32563 30703 10205 20115 40197 57034 83800 333 20145;EQDQ01  00002PRCP99
0116593030999992000032621004+23970+115970FM-12+015299999V0209999C000012200019N9999999N1+99999+99999101731ADDGA1001+999999999GF100991001001999999001001MD1710121+9999REMSYN048AAXX  26211 59303 4296/ 00000 20115 40173 57012;
0164593030999992000032700004+23970+115970FM-12+015299999V0200701N001010120019N0030001N1+01201+01141101891ADDAA199000091GF108991081051012501999999MD1210151+0041MW1101REMSYN076AAXX  27001 59303 31630 80701 10120 20114 40189 52015 71000 885// 333 05453;EQDQ01  00002PRCP99
0122593030999992000032721004+23970+115970FM-12+015299999V0209999C000012200019N0120001N1+01401+01081101541ADDGA1001+999999999GF100991001001999999001001MD1710011+9999REMSYN054AAXX  27211 59303 42962 00000 10140 20108 40154 57001;
0152593030999992000032800004+23970+115970FM-12+015299999V0209999C000012200019N0130001N1+01451+01171101741ADDAA199000091GF101991011051012501001001MD1210191+0011REMSYN070AAXX  28001 59303 32663 10000 10145 20117 40174 52019 81500 333 05103;EQDQ01  00002PRCP99
0165593030999992000032806004+23970+115970FM-12+015299999V0201601N001012200019N0130001N1+02881+01221101261ADDAA199000091GF101991011051012501001021KA1999N+01251MD1710421+9999REMSYN070AAXX  28061 59303 32663 11601 10288 20122 40126 57042 81502 333 20125;EQDQ01  00002PRCP99
0168593030999992000032812004+23970+115970FM-12+015299999V0209999C000012200019N0120001N1+02501+01471101411ADDAA199000091GA1001+999999999GF100991001001999999001001MD1012202+9999REMSYN054AAXX  28121 59303 32962 00000 10250 20147 40141 5022/;EQDQ01+002202APC3  Q02  00002PRCP99
0146593030999992000032900004+23970+115970FM-12+015299999V0209999C000012200019N0120001N1+01701+99999102061ADDAA199000091GF102991021001999999041001MD1210271+0031REMSYN064AAXX  29001 59303 32962 20000 10170 40206 52027 82040 333 00302;EQDQ01  00002PRCP99
0175593030999992000032906004+23970+115970FM-12+015299999V0209999C000012200019N0120001N1+02941+00771101691ADDAA199000091GA1001+999999999GF100991001001999999001001KA1999N+01551MD1710361+9999REMSYN064AAXX  29061 59303 32962 00000 10294 20077 40169 57036 333 20155;EQDQ01  00002PRCP99
0112593030999992000032921004+23970+115970FM-12+015299999V0201401N001010120019N9999999N1+01681+00871101661ADDGF108991081051012501999999MD1210061+9999REMSYN060AAXX  29211 59303 426/2 81401 10168 20087 40166 52006 885//;
0152593030999992000033000004+23970+115970FM-12+015299999V0209999C000010120019N0120001N1+01691+00971101881ADDAA199000091GF107991071051012501999999MD1210201+0021REMSYN070AAXX  30001 59303 32662 70000 10169 20097 40188 52020 875// 333 05200;EQDQ01  00002PRCP99
0175593030999992000033006004+23970+115970FM-12+015299999V0202001N003019999999N0150001N1+02811+99999101291ADDAA199000091GF106991999001999999041001KA1999N+01621MD1710431+9999REMSYN064AAXX  30061 59303 32965 62003 10281 40129 57043 81040 333 20162;EQDQ01+000012SCOTLCQ02  00002PRCP99
0142593030999992000033012004+23970+115970FM-12+015299999V0201801N002010120019N0140001N1+02541+01301101181ADDAA199000091GF107991071051012501999999MD1210081+9999REMSYN060AAXX  30121 59303 32664 71802 10254 20130 40118 52008 875//;EQDQ01  00002PRCP99
0112593030999992000033021004+23970+115970FM-12+015299999V0209999C000010120019N0120001N1+01901+01581100981ADDGF107991071051012501999999MD1710151+9999REMSYN060AAXX  30211 59303 42662 70000 10190 20158 40098 57015 875//;
0152593030999992000033100004+23970+115970FM-12+015299999V0209999C000010120019N0120001N1+01901+01591101231ADDAA199000091GF107991071051012501999999MD1210241+0061REMSYN070AAXX  31001 59303 32662 70000 1019/ 20159 40123 52024 875// 333 05603;EQDQ01  00002PRCP99
0165593030999992000033106004+23970+115970FM-12+015299999V0203201N001010120019N0180001N1+02781+01711100861ADDAA199000091GF107991071081008001001001KA1999N+01811MD1710321+9999REMSYN070AAXX  31061 59303 32568 73201 10278 20171 40086 57032 87800 333 20181;EQDQ01  00002PRCP99
0161593030999992000033121004+23970+115970FM-12+015299999V0209999C000010120019N0120001N1+01921+01791100751ADDAA124005891AY191031AY281031GF108991081041012501999999MD1710161+9999MW1251REMSYN076AAXX  31211 59303 41662 80000 10192 20179 40075 57016 72598 884// 333 70058;
0180593030999992000040106004+23970+115970FM-12+015299999V0200401N003010075019N0180001N1+02251+01891100711ADDAA106001091AY191061AY281061GF108991081041008001999999KA1999N+01891MD1710221+9999MW1801REMSYN082AAXX  01061 59303 11568 80403 10225 20189 40071 57022 60011 78098 884// 333 20189;
0149593030999992000040112004+23970+115970FM-12+015299999V0209999C000010120019N0150001N1+02241+02031100841ADDAA106005191AY181061GF107991071041012501999999MD1210231+9999MW1001REMSYN072AAXX  01121 59303 11665 70000 10224 20203 40084 52023 60051 70080 874//;
0145593030999992000040121004+23970+115970FM-12+015299999V0209999C000010120019N0110001N1+01941+01801101081ADDAA124006691GF108991081041012501999999MD1210031+9999MW1801REMSYN076AAXX  01211 59303 41661 80000 10194 20180 40108 52003 78000 884// 333 70065;
0173593030999992000040200004+23970+115970FM-12+015299999V0209999C000010120019N0110001N1+02001+01821101221ADDAA106000791AY191061AY281061GF108991081041012501999999MD1210141+0301MW1001REMSYN088AAXX  02001 59303 11661 80000 10200 20182 40122 52014 69901 70098 884// 333 00300 70059;
0172593030999992000040206004+23970+115970FM-12+015299999V0209999C000010075019N0140001N1+02611+02051100901ADDAA106000791AY181061GF107991071041008001999999KA1999N+01901MD1710321+9999MW1001REMSYN082AAXX  02061 59303 11564 70000 10261 20205 40090 57032 69901 70080 874// 333 20190;
0153593030999992000040221004+23970+115970FM-12+015299999V0209999C000010120019N0100001N1+02031+01921101071ADDAA124034591AY161031GF108991081051012501999999MD1210051+9999MW1601REMSYN076AAXX  02211 59303 41660 80000 10203 20192 40107 52005 76060 885// 333 70345;
0165593030999992000040300004+23970+115970FM-12+015299999V0209999C000010120019N0160001N1+02041+01951101111ADDAA106003091AY161061GF108991081051012501999999MD1210041-0101MW1601REMSYN088AAXX  03001 59303 11666 80000 10204 20195 40111 52004 60031 76060 885// 333 05100 70368;
0180593030999992000040306004+23970+115970FM-12+015299999V0203201N004010075019N0130001N1+02121+01971100971ADDAA106002091AY191061AY261061GF108991081091008001999999KA1999N+01961MD1710181+9999MW1801REMSYN082AAXX  03061 59303 11563 83204 10212 20197 40097 57018 60021 78096 889// 333 20196;
0161593030999992000040321004+23970+115970FM-12+015299999V0209999C000010120019N0100001N1+01721+01651101091ADDAA124046591AY181031AY281031GF108991081041012501999999MD1710071+9999MW1801REMSYN076AAXX  03211 59303 41660 80000 10172 20165 40109 57007 78088 884// 333 70466;
0173593030999992000040400004+23970+115970FM-12+015299999V0203201N002010120019N0090001N1+01701+01621101301ADDAA106000591AY181061AY281061GF108991081041012501999999MD1210211+0201MW1801REMSYN088AAXX  04001 59303 11659 83202 10170 20162 40130 52021 69951 78088 884// 333 00253 70444;
0172593030999992000040406004+23970+115970FM-12+015299999V0209999C000010120019N0120001N1+02021+01731101111ADDAA106000191AY181061GF107991071041012501999999KA1999N+01651MD1710201+9999MW1001REMSYN082AAXX  04061 59303 11662 70000 10202 20173 40111 57020 69911 70080 874// 333 20165;
0123593030999992000040412004+23970+115970FM-12+015299999V0209999C000010120019N0120001N1+02131+01831101101ADDAA199000021GF108991081041012501999999MD1210181+9999REMSYN060AAXX  04121 59303 32662 80000 10213 20183 40110 52018 884//;
