0126596640999992000010100004+21520+111300FM-12+000899999V0203201N001019999999N0180001N1+01521+01071101741ADDAA106000091MD1210111+0011REMSYN070AAXX  01001 59664 32668 /3201 10152 20107 40174 52011 875// 333 00104;EQDQ01  00002PRCP06
0161596640999992000010106004+21520+111300FM-12+000899999V0201401N003012200019N0300001N1+02531+01531101501ADDAA106000091GA1001+999999999GF100991001001999999001001KA1999N+01341REMSYN064AAXX  01061 59664 32980 01403 10253 20153 40150 97029 333 20134;EQDQ01  00002PRCP06
0152596640999992000010112004+21520+111300FM-12+000899999V0200901N002012200019N0180001N1+01801+01471101651ADDAA106000091GA1001+999999999GF100991001001999999001001MD1210211+9999REMSYN054AAXX  01121 59664 32968 00902 10180 20147 40165 52021;EQDQ01  00002PRCP06
0162596640999992000010200004+21520+111300FM-12+000899999V0203201N001012200019N0120001N1+01421+01241101741ADDAA106000091GA1001+999999999GF100991001001999999001001MD1210101+0001REMSYN064AAXX  02001 59664 32962 03201 10142 20124 40174 52010 333 00051;EQDQ01  00002PRCP06
0175596640999992000010206004+21520+111300FM-12+000899999V0201401N003012200019N0280001N1+02601+01411101581ADDAA106000091GA1001+999999999GF100991001001999999001001KA1999N+01371MD1710321+9999REMSYN064AAXX  02061 59664 32978 01403 10260 20141 40158 57032 333 20137;EQDQ01  00002PRCP06
0152596640999992000010212004+21520+111300FM-12+000899999V0200901N002012200019N0180001N1+01811+01431101601ADDAA106000091GA1001+999999999GF100991001001999999001001MD1210151+9999REMSYN054AAXX  02121 59664 32968 00902 10181 20143 40160 52015;EQDQ01  00002PRCP06
0122596640999992000010221004+21520+111300FM-12+000899999V0203601N001012200019N0180001N1+01451+01051101501ADDGA1001+999999999GF100991001001999999001001MD1710081+9999REMSYN054AAXX  02211 59664 42968 03601 10145 20105 40150 57008;
0175596640999992000010306004+21520+111300FM-12+000899999V0200901N005012200019N0300001N1+02441+01531101511ADDAA106000091GA1001+999999999GF100991001001999999001001KA1999N+01251MD1710211+9999REMSYN064AAXX  03061 59664 32980 00905 10244 20153 40151 57021 333 20125;EQDQ01  00002PRCP06
0152596640999992000010312004+21520+111300FM-12+000899999V0200901N005012200019N0150001N1+01901+01531101481ADDAA106000091GA1001+999999999GF100991001001999999001001MD1210101+9999REMSYN054AAXX  03121 59664 32965 00905 10190 20153 40148 52010;EQDQ01  00002PRCP06
0112596640999992000010321004+21520+111300FM-12+000899999V0200901N002010120019N0150001N1+01881+01671101421ADDGF108991081051012501999999MD1710061+9999REMSYN060AAXX  03211 59664 42665 80902 10188 20167 40142 57006 885//;
0152596640999992000010400004+21520+111300FM-12+000899999V0200901N003010120019N0150001N1+01881+01671101461ADDAA106000091GF108991081051012501999999MD1210041+0021REMSYN070AAXX  04001 59664 32665 80903 10188 20167 40146 52004 885// 333 05206;EQDQ01  00002PRCP06
0165596640999992000010406004+21520+111300FM-12+000899999V0200901N006012200019N0250001N1+02441+01831101381ADDAA106000091GF102991021051012501001001KA1999N+01831MD1710231+9999REMSYN070AAXX  04061 59664 32675 20906 10244 20183 40138 57023 82500 333 20183;EQDQ01  00002PRCP06
0142596640999992000010412004+21520+111300FM-12+000899999V0200901N004012200019N0180001N1+01911+01631101341ADDAA106000091GF102991021051017501001001MD1210071+9999REMSYN060AAXX  04121 59664 32768 20904 10191 20163 40134 52007 82500;EQDQ01  00002PRCP06
0112596640999992000010421004+21520+111300FM-12+000899999V0200701N003010120019N0150001N1+01941+01731101391ADDGF108991081051012501999999MD1710021+9999REMSYN060AAXX  04211 59664 42665 80703 10194 20173 40139 57002 885//;
0152596640999992000010500004+21520+111300FM-12+000899999V0200901N003012200019N0180001N1+01911+01711101371ADDAA106000091GF102991021001999999041001MD1710021+0011REMSYN070AAXX  05001 59664 32968 20903 10191 20171 40137 57002 82040 333 05100;EQDQ01  00002PRCP06
0165596640999992000010506004+21520+111300FM-12+000899999V0200901N004012200019N0280001N1+02571+01891101231ADDAA106000091GF103991031001999999041001KA1999N+01821MD1710231+9999REMSYN070AAXX  05061 59664 32978 30904 10257 20189 40123 57023 83040 333 20182;EQDQ01  00002PRCP06
0152596640999992000010512004+21520+111300FM-12+000899999V0200901N004012200019N0180001N1+01981+01771101181ADDAA106000091GA1001+999999999GF100991001001999999001001MD1210081+9999REMSYN054AAXX  05121 59664 32968 00904 10198 20177 40118 52008;EQDQ01  00002PRCP06
0145596640999992000010521004+21520+111300FM-12+000899999V0209999C000010120019N0120001N1+02001+01861101241ADDAA124000791GF108991081051012501999999MD1710011+9999MW1601REMSYN076AAXX  05211 59664 41662 80000 10200 20186 40124 57001 76000 885// 333 79999;
0175596640999992000010606004+21520+111300FM-12+000899999V0201401N004012200019N0300001N1+02591+01891101211ADDAA106000091GA1001+999999999GF100991001001999999001001KA1999N+01861MD1710231+9999REMSYN064AAXX  06061 59664 32980 01404 10259 20189 40121 57023 333 20186;EQDQ01  00002PRCP06
0142596640999992000010612004+21520+111300FM-12+000899999V0201401N002010120019N0180001N1+01901+01751101291ADDAA106000091GF107991071051012501999999MD1210131+9999REMSYN060AAXX  06121 59664 32668 71402 10190 20175 40129 52013 875//;EQDQ01  00002PRCP06
0133596640999992000010621004+21520+111300FM-12+000899999V0200401N002010120019N0120001N1+01851+01721101411ADDAA124000791GF108991081051012501999999MD1710081+9999REMSYN070AAXX  06211 59664 42662 80402 10185 20172 40141 57008 885// 333 79999;
0152596640999992000010700004+21520+111300FM-12+000899999V0203601N002010150019N0150001N1+01851+01721101561ADDAA106000091GF107991071051017501999999MD1210151+0021REMSYN070AAXX  07001 59664 32765 73602 10185 20172 40156 52015 875// 333 00251;EQDQ01  00002PRCP06
0165596640999992000010706004+21520+111300FM-12+000899999V0200901N006012200019N0250001N1+02361+01751101441ADDAA106000091GF104991011011004501001021KA1999N+01771MD1710261+9999REMSYN070AAXX  07061 59664 32475 40906 10236 20175 40144 57026 81102 333 20177;EQDQ01  00002PRCP06
0142596640999992000010712004+21520+111300FM-12+000899999V0200901N006012200019N0180001N1+01951+01561101551ADDAA106000091GF102991001001999999001021MD1210171+9999REMSYN060AAXX  07121 59664 32968 20906 10195 20156 40155 52017 80002;EQDQ01  00002PRCP06
0122596640999992000010721004+21520+111300FM-12+000899999V0200701N004012200019N0180001N1+01711+99999101531ADDGA1001+999999999GF100991001001999999001001MD1710041+9999REMSYN054AAXX  07211 59664 42968 00704 10171 20745 40153 57004;
0152596640999992000010800004+21520+111300FM-12+000899999V0200901N006012200019N0180001N1+01751+01471101521ADDAA106000091GF101991011001999999041001MD1710011+0001REMSYN070AAXX  08001 59664 32968 10906 10175 20147 40152 57001 81040 333 00051;EQDQ01  00002PRCP06
0165596640999992000010806004+21520+111300FM-12+000899999V0200901N006010360019N0280001N1+02261+01621101361ADDAA106000091GF107991011011004501041001KA1999N+01691MD1710181+9999REMSYN070AAXX  08061 59664 32478 70906 10226 20162 40136 57018 81140 333 20169;EQDQ01  00002PRCP06
0152596640999992000010812004+21520+111300FM-12+000899999V0200901N006012200019N0180001N1+01921+01671101281ADDAA106000091GA1001+999999999GF100991001001999999001001MD1210061+9999REMSYN054AAXX  08121 59664 32968 00906 10192 20167 40128 52006;EQDQ01  00002PRCP06
0112596640999992000010821004+21520+111300FM-12+000899999V0203601N001010150019N0180001N1+01891+01711101351ADDGF107991071051017501999999MD1710051+9999REMSYN060AAXX  08211 59664 42768 73601 10189 20171 40135 57005 875//;
0152596640999992000010900004+21520+111300FM-12+000899999V0201101N004010150019N0150001N1+01901+01741101421ADDAA106000091GF107991071051017501999999MD1210071+0011REMSYN070AAXX  09001 59664 32765 71104 10190 20174 40142 52007 875// 333 05102;EQDQ01  00002PRCP06
0158596640999992000010912004+21520+111300FM-12+000899999V0201401N005010120019N0180001N1+01981+01771999999ADDAA106000091GF107991071051012501999999MD1210121+9999REMSYN060AAXX  09121 59664 32668 71405 10198 20177 4074/ 52012 875//;EQDQ01  00002PRCP06Q02 107403APOSLP
0122596640999992000010921004+21520+111300FM-12+000899999V0200701N003012200019N0180001N1+01911+01731101271ADDGA1001+999999999GF100991001001999999001001MD1710101+9999REMSYN054AAXX  09211 59664 42968 00703 10191 20173 40127 5701/;
0152596640999992000011000004+21520+111300FM-12+000899999V0201101N002019999999N0180001N1+01851+01701101381ADDAA106000091GF107991071001999999041999MD1210111+0001REMSYN070AAXX  10001 59664 32968 71102 10185 20170 40138 52011 8704/ 333 00051;EQDQ01  00002PRCP06
0165596640999992000011006004+21520+111300FM-12+000899999V0200901N006019999999N0250001N1+02481+01891101361ADDAA106000091GF107991071001999999041001KA1999N+01801MD1710201+9999REMSYN070AAXX  10061 59664 32975 70906 10248 20189 40136 57020 87040 333 20180;EQDQ01  00002PRCP06
0142596640999992000011012004+21520+111300FM-12+000899999V0200901N006010120019N0180001N1+02111+01791101321ADDAA106000091GF107991071051012501999999MD1210051+9999REMSYN060AAXX  10121 59664 32668 70906 10211 20179 40132 52005 875//;EQDQ01  00002PRCP06
0152596640999992000011100004+21520+111300FM-12+000899999V0200901N003010120019N0180001N1+02081+01911101451ADDAA106000091GF108991081051012501999999MD1210111+0011REMSYN070AAXX  11001 59664 32668 80903 10208 20191 40145 52011 885// 333 00102;EQDQ01  00002PRCP06
0165596640999992000011106004+21520+111300FM-12+000899999V0201101N005010120019N0220001N1+02291+01961101271ADDAA106000091GF108991081051012501999999KA1999N+01961MD1710271+9999REMSYN070AAXX  11061 59664 32672 81105 10229 20196 40127 57027 885// 333 20196;EQDQ01  00002PRCP06
0142596640999992000011112004+21520+111300FM-12+000899999V0201101N004010120019N0150001N1+02031+01861101221ADDAA106000091GF108991081051012501999999MD1210071+9999REMSYN060AAXX  11121 59664 32665 81104 10203 20186 40122 52007 885//;EQDQ01  00002PRCP06
0165596640999992000011206004+21520+111300FM-12+000899999V0201401N003010042019N0250001N1+02441+02061101171ADDAA106000091GF107991071011004501999999KA1999N+01941MD1710221+9999REMSYN070AAXX  12061 59664 32475 71403 10244 20206 40117 57022 871// 333 20194;EQDQ01  00002PRCP06
0142596640999992000011212004+21520+111300FM-12+000899999V0200901N002010120019N0180001N1+02121+01981101161ADDAA106000091GF108991081051012501999999MD1210051+9999REMSYN060AAXX  12121 59664 32668 80902 10212 20198 40116 52005 885//;EQDQ01  00002PRCP06
0145596640999992000011221004+21520+111300FM-12+000899999V0201401N002010120019N0090001N1+01991+01901101151ADDAA124000791GF108991081051012501999999MD1710021+9999MW1601REMSYN076AAXX  12211 59664 41659 81402 10199 20190 40115 57002 76000 885// 333 79999;
0165596640999992000011300004+21520+111300FM-12+000899999V0200901N004010090019N0090001N1+02061+01971101211ADDAA106001091AY161061GF108991081081004501999999MD1210061-0101MW1101REMSYN088AAXX  13001 59664 11459 80904 10206 20197 40121 52006 69991 71060 888// 333 05151 70009;
0165596640999992000011306004+21520+111300FM-12+000899999V0200901N005010360019N0250001N1+02401+01901101041ADDAA106000091GF105991021011004501041001KA1999N+01971MD1710251+9999REMSYN070AAXX  13061 59664 32475 50905 10240 20190 40104 57025 82140 333 20197;EQDQ01  00002PRCP06
0142596640999992000011312004+21520+111300FM-12+000899999V0200901N004010120019N0180001N1+02081+01761101101ADDAA106000091GF108991081051012501999999MD1210131+9999REMSYN060AAXX  13121 59664 32668 80904 10208 20176 40110 52013 885//;EQDQ01  00002PRCP06
0156596640999992000011400004+21520+111300FM-12+000899999V0200901N003010120019N0150001N1+01951+01691101261ADDAA199000091GF107991071051012501999999MD1210111+0011REMSYN074    AAXX  14001 59664 32665 70903 10195 20169 40126 52011 875// 333 00151;EQDQ01  00002PRCP99
0169596640999992000011406004+21520+111300FM-12+000899999V0200901N008012200019N0250001N1+02421+01861101091ADDAA199000091GF102991021001999999041001KA1999N+01881MD1710291+9999REMSYN074    AAXX  14061 59664 32975 20908 10242 20186 40109 57029 82040 333 20188;EQDQ01  00002PRCP99
0146596640999992000011412004+21520+111300FM-12+000899999V0200901N007010120019N0180001N1+02101+01801101101ADDAA199000091GF108991081051012501999999MD1210061+9999REMSYN064    AAXX  14121 59664 32668 80907 10210 20180 40110 52006 885//;EQDQ01  00002PRCP99
0169596640999992000011506004+21520+111300FM-12+000899999V0201101N006010120019N0250001N1+02291+01851101211ADDAA199000091GF108991081051012501999999KA1999N+01921MD1710231+9999REMSYN074    AAXX  15061 59664 32675 81106 10229 20185 40121 57023 885// 333 20192;EQDQ01  00002PRCP99
0108596640999992000011512004+21520+111300FM-12+000899999V0201101N004019999999N0180001N1+02081+99999999999ADDAA199000091GF107991999999004501999999REMSYN040    AAXX  15121 59664 32468 71104 10208;EQDQ01  00002PRCP99
0116596640999992000011521004+21520+111300FM-12+000899999V0200901N004010120019N0150001N1+02071+01881101331ADDGF108991081051012501999999MD1710011+9999REMSYN064    AAXX  15211 59664 42665 80904 10207 20188 40133 57001 885//;
0156596640999992000011600004+21520+111300FM-12+000899999V0201101N003010120019N0200001N1+02071+01861101511ADDAA199000091GF107991071051012501999999MD1210181+0021REMSYN074    AAXX  16001 59664 32670 71103 10207 20186 40151 52018 875// 333 00201;EQDQ01  00002PRCP99
0169596640999992000011606004+21520+111300FM-12+000899999V0200901N005012200019N0300001N1+02481+01891101391ADDAA199000091GF102991011011004501041001KA1999N+02021MD1710251+9999REMSYN074    AAXX  16061 59664 32480 20905 10248 20189 40139 57025 81140 333 20202;EQDQ01  00002PRCP99
0114596640999992000011612004+21520+111300FM-12+000899999V0202001N020019999999N0180001N1+99999+99999101391ADDAA199000091MD1210151+9999REMSYN058    AAXX  16121 59664 32668 /2020 20180 40139 52015 875//;EQDQ01  00002PRCP99
0110596640999992000011621004+21520+111300FM-12+000899999V0203201N003019999999N0180001N1+01721+01421101501ADDGF108991999999012501999999MD1410001+9999REMSYN058    AAXX  16211 59664 42668 83203 10172 20142 4015/ 54000;
0156596640999992000011700004+21520+111300FM-12+000899999V0200401N001010120019N0200001N1+01601+01221101751ADDAA199000091GF107991071051012501999999MD1210211+0021REMSYN074    AAXX  17001 59664 32670 70401 10160 20122 40175 52021 875// 333 00255;EQDQ01  00002PRCP99
0146596640999992000011712004+21520+111300FM-12+000899999V0203201N002010120019N0180001N1+01361+00841101771ADDAA199000091GF108991081051012501999999MD1210081+9999REMSYN064    AAXX  17121 59664 32668 83202 10136 20084 40177 52008 885//;EQDQ01  00002PRCP99
0116596640999992000011721004+21520+111300FM-12+000899999V0203201N003010120019N0180001N1+01121+00771101971ADDGF108991081051012501999999MD1210011+9999REMSYN064    AAXX  17211 59664 42668 83203 10112 20077 40197 52001 885//;
0169596640999992000011800004+21520+111300FM-12+000899999V0203201N003010120019N0220001N1+01061+00771102131ADDAA106000791AY161061GF108991081051012501999999MD1210161+0401MW1001REMSYN092    AAXX  18001 59664 11672 83203 10106 20077 40213 52016 69901 70060 885// 333 00455 79999;
0176596640999992000011806004+21520+111300FM-12+000899999V0203201N003010120019N0220001N1+01141+00751102071ADDAA106000791AY161061GF108991081051012501999999KA1999N+01021MD1710221+9999MW1001REMSYN086    AAXX  18061 59664 11672 83203 10114 20075 40207 57022 69901 70060 885// 333 20102;
0156596640999992000011812004+21520+111300FM-12+000899999V0203201N003019999999N0180001N1+01161+00651102121ADDAA199000091GF108991999999012501999999MD1111182+9999REMSYN058    AAXX  18121 59664 32668 83203 10116 20065 40212 51118;EQDQ01+001182APC3  Q02  00002PRCP99
0137596640999992000011821004+21520+111300FM-12+000899999V0203401N002010120019N0180001N1+01061+00511102261ADDAA124000791GF108991081051012501999999MD1710041+9999REMSYN074    AAXX  18211 59664 42668 83402 10106 20051 40226 57004 885// 333 79999;
0143596640999992000011900004+21520+111300FM-12+000899999V0200401N002010120019N0220001N1+01101+00451102291ADDAA124000791GF107991071051012501001001MD1210031+0201REMSYN080    AAXX  19001 59664 32672 70402 10110 20045 40229 52003 87500 333 00200 79999;
0169596640999992000011906004+21520+111300FM-12+000899999V0202701N002010120019N0250001N1+01501+00471102201ADDAA199000091GF108991081051012501999999KA1999N+01031MD1710241+9999REMSYN074    AAXX  19061 59664 32675 82702 10150 20047 40220 57024 885// 333 20103;EQDQ01  00002PRCP99
0146596640999992000011912004+21520+111300FM-12+000899999V0200401N004010120019N0200001N1+01411+00481102241ADDAA199000091GF108991081051012501999999MD1210121+9999REMSYN064    AAXX  19121 59664 32670 80404 10141 20048 40224 52012 885//;EQDQ01  00002PRCP99
0152596640999992000012000004+21520+111300FM-12+000899999V0200401N004012200019N0180001N1+01041+00021102301ADDAA199000091GF101991011051012501001001MD1710041+0001REMSYN070AAXX  20001 59664 32668 10404 10104 20002 40230 57004 81500 333 00051;EQDQ01  00002PRCP99
0165596640999992000012006004+21520+111300FM-12+000899999V0200701N005010120019N0220001N1+01901+00811102161ADDAA199000091GF107991071051012501999999KA1999N+01011MD1710271+9999REMSYN070AAXX  20061 59664 32672 70705 10190 20081 40216 57027 875// 333 20101;EQDQ01  00002PRCP99
0122596640999992000012021004+21520+111300FM-12+000899999V0203601N003012200019N0180001N1+01301+00551102331ADDGA1001+999999999GF100991001001999999001001MD1710051+9999REMSYN054AAXX  20211 59664 42968 03603 10130 20055 40233 57005;
0152596640999992000012100004+21520+111300FM-12+000899999V0203601N001010120019N0150001N1+01321+00721102441ADDAA199000091GF107991071051012501999999MD1210111+0011REMSYN070AAXX  21001 59664 32665 73601 10132 20072 40244 52011 875// 333 00103;EQDQ01  00002PRCP99
0142596640999992000012112004+21520+111300FM-12+000899999V0200701N004010120019N0180001N1+01741+01001102191ADDAA199000091GF108991081051012501999999MD1210091+9999REMSYN060AAXX  21121 59664 32668 80704 10174 20100 40219 52009 885//;EQDQ01  00002PRCP99
0112596640999992000012121004+21520+111300FM-12+000899999V0200401N002010120019N0180001N1+01671+01181102081ADDGF107991071051012501999999MD1710161+9999REMSYN060AAXX  21211 59664 42668 70402 10167 20118 40208 57016 875//;
0152596640999992000012200004+21520+111300FM-12+000899999V0200401N002010150019N0180001N1+01611+01131102101ADDAA199000091GF107991071051017501999999MD1210021+0031REMSYN070AAXX  22001 59664 32768 70402 10161 20113 40210 52002 875// 333 05303;EQDQ01  00002PRCP99
0172596640999992000012206004+21520+111300FM-12+000899999V0200901N004010120019N0220001N1+02151+01591101871ADDAA106002091AY161061GF107991071051012501999999KA1999N+01501MD1710261+9999MW1001REMSYN082AAXX  22061 59664 11672 70904 10215 20159 40187 57026 60021 70060 875// 333 20150;
0142596640999992000012212004+21520+111300FM-12+000899999V0200701N003010120019N0180001N1+01971+01551101751ADDAA199000091GF107991071051012501999999MD1210041+9999REMSYN060AAXX  22121 59664 32668 70703 10197 20155 40175 52004 875//;EQDQ01  00002PRCP99
0139596640999992000012300004+21520+111300FM-12+000899999V0203601N002010120019N0200001N1+01851+01621101691ADDAA124001591GF107991071051012501999999MD1210061-0401REMSYN076AAXX  23001 59664 32670 73602 10185 20162 40169 52006 875// 333 05402 70016;
0172596640999992000012306004+21520+111300FM-12+000899999V0201101N002010120019N0180001N1+02291+01831101511ADDAA106000791AY161061GF108991081051012501999999KA1999N+01791MD1710301+9999MW1001REMSYN082AAXX  23061 59664 11668 81102 10229 20183 40151 57030 69901 70060 885// 333 20179;
0149596640999992000012312004+21520+111300FM-12+000899999V0201101N002010120019N0150001N1+02131+01891101571ADDAA106000791AY161061GF108991081051012501999999MD1210091+9999MW1001REMSYN072AAXX  23121 59664 11665 81102 10213 20189 40157 52009 69901 70060 885//;
0147596640999992000012321004+21520+111300FM-12+000899999V0203601N001010120019N0150001N1+99999+99999999999ADDAA124999999AY161031GF107991071051012501999999MD1710041+9999MW1211REMSYN070AAXX  23211 59664 41665 73601 10596 20182 57004 72160 875// 333 7999/;
0165596640999992000012400004+21520+111300FM-12+000899999V0200901N001010120019N0200001N1+01961+01821101701ADDAA106000791AY161061GF108991081051012501999999MD1210141+0001MW1001REMSYN088AAXX  24001 59664 11670 80901 10196 20182 40170 52014 69901 70060 885// 333 00001 79999;
0146596640999992000012406004+21520+111300FM-12+000899999V0203601N002010150019N0220001N1+02441+01881101701ADDAA199000021GF107991071051017501999999KA1999N+01901MD1710171+9999REMSYN070AAXX  24061 59664 32772 73602 10244 20188 40170 57017 875// 333 20190;
0142596640999992000012412004+21520+111300FM-12+000899999V0200701N003012200019N0180001N1+02051+01781101781ADDAA199000091GF102991021001999999041001MD1210151+9999REMSYN060AAXX  24121 59664 32968 20703 10205 20178 40178 52015 82040;EQDQ01  00002PRCP99
0133596640999992000012421004+21520+111300FM-12+000899999V0203201N002010120019N9999999N1+01621+01121101971ADDAA124000191GF108991081051012501999999MD1210011+9999REMSYN070AAXX  24211 59664 426/5 83202 10162 20112 40197 52001 885// 333 70001;
0157596640999992000012500004+21520+111300FM-12+000899999V0203201N004010120019N0180001N1+01401+00821102231ADDAA106000791GF108991081051012501999999MD1210261+0501MW1601REMSYN088AAXX  25001 59664 11668 83204 10140 20082 40223 52026 69901 76000 885// 333 00556 70001;
0172596640999992000012506004+21520+111300FM-12+000899999V0202901N002010120019N0230001N1+01751+00951102281ADDAA106000791AY161061GF108991081051012501999999KA1999N+01341MD1710171+9999MW1601REMSYN082AAXX  25061 59664 11673 82902 10175 20095 40228 57017 69901 76060 885// 333 20134;
0149596640999992000012512004+21520+111300FM-12+000899999V0200701N003019999999N9999999N1+01561+00701102361ADDAA106000791AY161061GF108991081051999999999999MD1210131+9999MW1001REMSYN072AAXX  25121 59664 11//8 80703 10156 2007/ 40236 52013 69901 70060 885//;
0139596640999992000012600004+21520+111300FM-12+000899999V0203201N003010120019N0220001N1+00961+00281102771ADDAA124000791GF107991071051012501999999MD1210261+0501REMSYN076AAXX  26001 59664 32672 73203 10096 20028 40277 52026 875// 333 00554 79999;
0175596640999992000012606004+21520+111300FM-12+000899999V0201401N002012200019N0280001N1+01681+00451102591ADDAA199000091GA1001+999999999GF100991001001999999001001KA1999N+00941MD1710291+9999REMSYN064AAXX  26061 59664 32978 01402 10168 20045 40259 57029 333 20094;EQDQ01  00002PRCP99
0112596640999992000012621004+21520+111300FM-12+000899999V0203601N004019999999N0180001N1+00921-00161102761ADDGF107991071001999999041999MD1710041+9999REMSYN060AAXX  26211 59664 42968 73604 10092 21016 40276 57004 8704/;
0152596640999992000012700004+21520+111300FM-12+000899999V02099999999992200019N0180001N1+00831-00231102891ADDAA199000091GF101991011001999999041001MD1210131+0011REMSYN070AAXX  27001 59664 32968 1/603 10083 21023 40289 52013 81040 333 00151;EQDQ01  00002PRCP99
0175596640999992000012706004+21520+111300FM-12+000899999V0201401N003012200019N0250001N1+01641-00011102661ADDAA199000091GA1001+999999999GF100991001001999999001001KA1999N+00791MD1710331+9999REMSYN064AAXX  27061 59664 32975 01403 10164 21001 40266 57033 333 20079;EQDQ01  00002PRCP99
0152596640999992000012712004+21520+111300FM-12+000899999V0200701N004012200019N0180001N1+01301+00271102561ADDAA199000091GA1001+999999999GF100991001001999999001001MD1210081+9999REMSYN054AAXX  27121 59664 32968 00704 10130 20027 40256 52008;EQDQ01  00002PRCP99
0122596640999992000012721004+21520+111300FM-12+000899999V0203601N003012200019N0180001N1+00881-00221102611ADDGA1001+999999999GF100991001001999999001001MD1710041+9999REMSYN054AAXX  27211 59664 42968 03603 10088 21022 40261 57004;
0170596640999992000012800004+21520+111300FM-12+000899999V0203601N003012200019N0180001N1+00881-00221102691ADDAA199000091GF102991021001999999041001IA2999+00509MD1210081-0201REMSYN076AAXX  28001 59664 32968 23603 10088 21022 40269 52008 82040 333 05201 30050;EQDQ01  00002PRCP99
0165596640999992000012806004+21520+111300FM-12+000899999V0200901N004019999999N0250001N1+01901+00741102401ADDAA199000091GF106991001001999999001021KA1999N+00821MD1710391+9999REMSYN070AAXX  28061 59664 32975 60904 10190 20074 40240 57039 80002 333 20082;EQDQ01  00002PRCP99
0142596640999992000012812004+21520+111300FM-12+000899999V0201101N003012200019N0180001N1+01521+00891102331ADDAA199000091GF101991001001999999001021MD1210111+9999REMSYN060AAXX  28121 59664 32968 11103 10152 20089 40233 52011 80002;EQDQ01  00002PRCP99
0112596640999992000012821004+21520+111300FM-12+000899999V02099999999990120019N0180001N1+01261+00251102441ADDGF108991081051012501999999MD1210021+9999REMSYN060AAXX  28211 59664 42668 804/2 10126 20025 40244 52002 885//;
0152596640999992000012900004+21520+111300FM-12+000899999V0200201N002010120019N0200001N1+01331+00431102621ADDAA199000091GF108991081051012501999999MD1210181+0011REMSYN070AAXX  29001 59664 32670 80202 10133 20043 40262 52018 885// 333 05105;EQDQ01  00002PRCP99
0175596640999992000012906004+21520+111300FM-12+000899999V0200701N002012200019N0250001N1+02231+00831102441ADDAA199000091GA1001+999999999GF100991001001999999001001KA1999N+01181MD1710231+9999REMSYN064AAXX  29061 59664 32975 00702 10223 20083 40244 57023 333 20118;EQDQ01  00002PRCP99
0125596640999992000012921004+21520+111300FM-12+000899999V0203601N004010120019N0180001N1+99999+99999102691ADDGF108991081051012501999999MD1711022+9999REMSYN054AAXX  29211 59664 42668 83604 20039 40269 57102 885//;EQDQ01+001022APC3  
0152596640999992000013000004+21520+111300FM-12+000899999V0200401N003012200019N0200001N1+01181+00471102811ADDAA199000091GF102991001001999999001021MD1210121+0021REMSYN070AAXX  30001 59664 32970 20403 10118 20047 40281 52012 80002 333 00252;EQDQ01  00002PRCP99
0165596640999992000013006004+21520+111300FM-12+000899999V0201401N002012200019N0250001N1+02041+00621102661ADDAA199000091GF101991001001999999001021KA1999N+01161MD1710241+9999REMSYN070AAXX  30061 59664 32975 11402 10204 20062 40266 57024 80002 333 20116;EQDQ01  00002PRCP99
0152596640999992000013012004+21520+111300FM-12+000899999V0200401N003012200019N0180001N1+01681+00611102621ADDAA199000091GA1001+999999999GF100991001001999999001001MD1210091+9999REMSYN054AAXX  30121 59664 32968 00403 10168 20061 40262 52009;EQDQ01  00002PRCP99
0112596640999992000013021004+21520+111300FM-12+000899999V0203401N004010120019N0180001N1+01271+00231102681ADDGF108991081051012501999999MD1710081+9999REMSYN060AAXX  30211 59664 42668 83404 10127 20023 40268 57008 885//;
0152596640999992000013100004+21520+111300FM-12+000899999V0203201N002010120019N0180001N1+01211+00171102771ADDAA199000091GF108991081051012501999999MD1210091+0001REMSYN070AAXX  31001 59664 32668 83202 10121 20017 40277 52009 885// 333 00000;EQDQ01  00002PRCP99
0165596640999992000013106004+21520+111300FM-12+000899999V0203201N003010120019N0200001N1+01331+00281102731ADDAA199000091GF108991081051012501999999KA1999N+01161MD1710181+9999REMSYN070AAXX  31061 59664 32670 83203 10133 20028 40273 57018 885// 333 20116;EQDQ01  00002PRCP99
0142596640999992000013112004+21520+111300FM-12+000899999V0203201N003010120019N0150001N1+01131+00181102741ADDAA199000091GF108991081051012501999999MD1210121+9999REMSYN060AAXX  31121 59664 32665 83203 10113 20018 40274 52012 885//;EQDQ01  00002PRCP99
0112596640999992000013121004+21520+111300FM-12+000899999V0203201N003010120019N0180001N1+01021+00181102691ADDGF108991081051012501999999MD1710061+9999REMSYN060AAXX  31211 59664 42668 83203 10102 20018 40269 57006 885//;
0152596640999992000020100004+21520+111300FM-12+000899999V0203201N003010120019N0150001N1+00951+00201102781ADDAA199000091GF108991081051012501999999MD1210091+0001REMSYN070AAXX  01001 59664 32665 83203 10095 20020 40278 52009 885// 333 00053;EQDQ01  00002PRCP99
0152596640999992000020106004+21520+111300FM-12+000899999V0203201N003010120019N0220001N1+01461+00361102511ADDAA199000091GF107991071051012501999999MD1710271+9999REMSYN070AAXX  01061 59664 32672 73203 10146 20036 40251 57027 875// 333 20//0;EQDQ01  00002PRCP99
0152596640999992000020200004+21520+111300FM-12+000899999V0203601N002010150019N0180001N1+01131+00491102441ADDAA199000091GF107991071051017501999999MD1210081+0031REMSYN070AAXX  02001 59664 32768 73602 10113 20049 40244 52008 875// 333 05302;EQDQ01  00002PRCP99
0175596640999992000020206004+21520+111300FM-12+000899999V0201401N003012200019N0220001N1+02091+00751102211ADDAA199000091GA1001+999999999GF100991001001999999001001KA1999N+01101MD1710301+9999REMSYN064AAXX  02061 59664 32972 01403 10209 20075 40221 57030 333 20110;EQDQ01  00002PRCP99
0112596640999992000020221004+21520+111300FM-12+000899999V0203401N001010120019N0180001N1+01381+00771102051ADDGF108991081091012501999999MD1710081+9999REMSYN060AAXX  02211 59664 42668 83401 10138 20077 40205 57008 889//;
0152596640999992000020300004+21520+111300FM-12+000899999V0203601N001010120019N0180001N1+01341+00751102171ADDAA199000091GF107991071051012501999999MD1210121+0031REMSYN070AAXX  03001 59664 32668 73601 10134 20075 40217 52012 875// 333 05302;EQDQ01  00002PRCP99
0165596640999992000020306004+21520+111300FM-12+000899999V0201401N003012200019N0250001N1+02321+01171101941ADDAA199000091GF101991011001999999041001KA1999N+01271MD1710231+9999REMSYN070AAXX  03061 59664 32975 11403 10232 20117 40194 57023 81040 333 20127;EQDQ01  00002PRCP99
0112596640999992000020321004+21520+111300FM-12+000899999V0200401N002010120019N0180001N1+01601+01331101801ADDGF107991071051012501999999MD1710071+9999REMSYN060AAXX  03211 59664 42668 70402 10160 20133 40180 57007 875//;
0152596640999992000020400004+21520+111300FM-12+000899999V0209999C000019999999N0200001N1+01561+01271101891ADDAA199000091GF107991001001999999001021MD1210091+0031REMSYN070AAXX  04001 59664 32970 70000 10156 20127 40189 52009 80002 333 05302;EQDQ01  00002PRCP99
0165596640999992000020406004+21520+111300FM-12+000899999V0200901N005019999999N0250001N1+02251+01421101641ADDAA199000091GF107991071001999999041999KA1999N+01491MD1710331+9999REMSYN070AAXX  04061 59664 32975 70905 10225 20142 40164 57033 8704/ 333 20149;EQDQ01  00002PRCP99
0112596640999992000020421004+21520+111300FM-12+000899999V0209999C000012200019N0150001N1+01581+01351101771ADDGF101991011001999999041001MD1710041+9999REMSYN060AAXX  04211 59664 42965 10000 10158 20135 40177 57004 81040;
0152596640999992000020500004+21520+111300FM-12+000899999V0203201N001019999999N0100001N1+01671+01391101951ADDAA199000091GF105991051001999999041001MD1210181+0011REMSYN070AAXX  05001 59664 32960 53201 10167 20139 40195 52018 85040 333 00101;EQDQ01  00002PRCP99
0175596640999992000020506004+21520+111300FM-12+000899999V0201401N002012200019N9999999N1+02471+01471101691ADDAA199000091GA1001+999999999GF100991001001999999001001KA1999N+01451MD1710261+9999REMSYN064AAXX  05061 59664 3//// 01402 10247 20147 40169 57026 333 20145;EQDQ01  00002PRCP99
0152596640999992000020512004+21520+111300FM-12+000899999V0203201N003012200019N0180001N1+01951+01091101621ADDAA199000091GA1001+999999999GF100991001001999999001001MD1210091+9999REMSYN054AAXX  05121 59664 32968 03203 10195 20109 40162 52009;EQDQ01  00002PRCP99
0152596640999992000020600004+21520+111300FM-12+000899999V0203401N001010120019N0200001N1+01381+00861101881ADDAA199000091GF108991081051012501999999MD1210151+0011REMSYN070AAXX  06001 59664 32670 83401 10138 20086 40188 52015 885// 333 05153;EQDQ01  00002PRCP99
0175596640999992000020606004+21520+111300FM-12+000899999V0203201N003012200019N0220001N1+02261+01141101561ADDAA199000091GA1001+999999999GF100991001001999999001001KA1999N+01301MD1710311+9999REMSYN064AAXX  06061 59664 32972 03203 10226 20114 40156 57031 333 20130;EQDQ01  00002PRCP99
0142596640999992000020612004+21520+111300FM-12+000899999V0201401N002012200019N0150001N1+01731+01401101471ADDAA199000091GF104991001001999999001021MD1210101+9999REMSYN060AAXX  06121 59664 32965 41402 10173 20140 40147 52010 80002;EQDQ01  00002PRCP99
0122596640999992000020621004+21520+111300FM-12+000899999V0203401N002012200019N0150001N1+01431+01211101601ADDGA1001+999999999GF100991001001999999001001MD1710041+9999REMSYN054AAXX  06211 59664 42965 03402 10143 20121 40160 57004;
0152596640999992000020700004+21520+111300FM-12+000899999V0203201N001019999999N0120001N1+01321+01111101701ADDAA199000091GF107991001001999999001021MD1210101+0021REMSYN070AAXX  07001 59664 32962 73201 10132 20111 40170 52010 80002 333 05251;EQDQ01  00002PRCP99
0165596640999992000020706004+21520+111300FM-12+000899999V0201801N002019999999N0220001N1+02211+01221101561ADDAA199000091GF107991001001999999001021KA1999N+01261MD1710231+9999REMSYN070AAXX  07061 59664 32972 71802 10221 20122 40156 57023 80002 333 20126;EQDQ01  00002PRCP99
0112596640999992000020721004+21520+111300FM-12+000899999V0200401N002012200019N0150001N1+01271+00501101731ADDGF102991001001999999001021MD1710041+9999REMSYN060AAXX  07211 59664 42965 20402 10127 2005/ 40173 57004 80002;
0152596640999992000020800004+21520+111300FM-12+000899999V0209999C000010150019N0150001N1+01221+00721101841ADDAA199000091GF107991071051017501999999MD1210111+0011REMSYN070AAXX  08001 59664 32765 70000 10122 20072 40184 52011 875// 333 00151;EQDQ01  00002PRCP99
0175596640999992000020806004+21520+111300FM-12+000899999V0201401N003012200019N0250001N1+02131+00681101711ADDAA199000091GA1001+999999999GF100991001001999999001001KA1999N+01101MD1710271+9999REMSYN064AAXX  08061 59664 32975 01403 10213 20068 40171 57027 333 20110;EQDQ01  00002PRCP99
0152596640999992000020812004+21520+111300FM-12+000899999V0201101N002012200019N0180001N1+01621+00971101691ADDAA199000091GA1001+999999999GF100991001001999999001001MD1210131+9999REMSYN054AAXX  08121 59664 32968 01102 10162 20097 40169 52013;EQDQ01  00002PRCP99
0112596640999992000020821004+21520+111300FM-12+000899999V0203601N002010120019N0180001N1+01331+00661101781ADDGF107991071051012501999999MD1710071+9999REMSYN060AAXX  08211 59664 42668 73602 10133 20066 40178 57007 875//;
0152596640999992000020900004+21520+111300FM-12+000899999V0200401N003010120019N0220001N1+01441+00781101801ADDAA199000091GF107991071051012501999999MD1210021+0001REMSYN070AAXX  09001 59664 32672 70403 10144 20078 40180 52002 875// 333 00002;EQDQ01  00002PRCP99
0170596640999992000020912004+21520+111300FM-12+000899999V0200901N004012200019N0180001N1+01591+01061101531ADDAA199000091GA1001+999999999GF100991001001999999001001REMSYN054AAXX  09121 59664 32968 00904 10159 20106 40153 52503;EQDQ01+000027APCTENQ02+005037APC3  Q03  00002PRCP99
0106596640999992000020921004+21520+111300FM-12+000899999V02099999999990120019N0180001N1+01691+01301999999ADDGF108991081051012501999999MD1710161+9999REMSYN054AAXX  09211 59664 42668 809/7 10169 2013/ 57016 885//;
0152596640999992000021000004+21520+111300FM-12+000899999V0200701N004010120019N0180001N1+01641+01281101581ADDAA199000091GF108991081051012501999999MD1210101+0021REMSYN070AAXX  10001 59664 32668 80704 10164 20128 40158 52010 885// 333 05202;EQDQ01  00002PRCP99
0165596640999992000021006004+21520+111300FM-12+000899999V0200901N005010360019N0220001N1+02201+01571101411ADDAA199000091GF107991011011004501041999KA1999N+01531MD1710261+9999REMSYN070AAXX  10061 59664 32472 70905 10220 20157 40141 57026 8114/ 333 20153;EQDQ01  00002PRCP99
0112596640999992000021021004+21520+111300FM-12+000899999V0200901N003010120019N0180001N1+01761+01501101391ADDGF107991071051012501999999MD1710081+9999REMSYN060AAXX  10211 59664 42668 70903 10176 20150 40139 57008 875//;
0152596640999992000021100004+21520+111300FM-12+000899999V0200401N002010120019N0200001N1+01761+01501101491ADDAA199000091GF107991071051012501999999MD1210101+0011REMSYN070AAXX  11001 59664 32670 70402 10176 20150 40149 52010 875// 333 05101;EQDQ01  00002PRCP99
0165596640999992000021106004+21520+111300FM-12+000899999V0200901N004012200019N0250001N1+02481+01711101351ADDAA199000091GF101991011011004501041001KA1999N+01701MD1710211+9999REMSYN070AAXX  11061 59664 32475 10904 10248 20171 40135 57021 81140 333 20170;EQDQ01  00002PRCP99
0152596640999992000021112004+21520+111300FM-12+000899999V0201101N003012200019N0180001N1+01901+01651101331ADDAA199000091GA1001+999999999GF100991001001999999001001MD1210081+9999REMSYN054AAXX  11121 59664 32968 01103 10190 20165 40133 52008;EQDQ01  00002PRCP99
0152596640999992000021200004+21520+111300FM-12+000899999V0202701N002010150019N0130001N1+01661+01581101441ADDAA199000091GF107991071051017501999999MD1210121+0011REMSYN070AAXX  12001 59664 32763 72702 10166 20158 40144 52012 875// 333 05151;EQDQ01  00002PRCP99
0175596640999992000021206004+21520+111300FM-12+000899999V0200901N003012200019N0250001N1+02331+01611101351ADDAA199000091GA1001+999999999GF100991001001999999001001KA1999N+01531MD1710191+9999REMSYN064AAXX  12061 59664 32975 00903 10233 20161 40135 57019 333 20153;EQDQ01  00002PRCP99
0152596640999992000021212004+21520+111300FM-12+000899999V0201101N005012200019N0180001N1+01761+01631101221ADDAA199000091GA1001+999999999GF100991001001999999001001MD1010401+9999REMSYN054AAXX  12121 59664 32968 01105 10176 20163 40122 5004/;EQDQ01  00002PRCP99
0112596640999992000021221004+21520+111300FM-12+000899999V0200701N003010120019N0150001N1+01881+01631101221ADDGF107991071051012501999999MD1710021+9999REMSYN060AAXX  12211 59664 42665 70703 10188 20163 40122 57002 875//;
0152596640999992000021300004+21520+111300FM-12+000899999V0200901N003010120019N0200001N1+01881+01651101301ADDAA199000091GF107991071051012501001001MD1210081+0011REMSYN070AAXX  13001 59664 32670 70903 10188 20165 40130 52008 87500 333 05102;EQDQ01  00002PRCP99
0175596640999992000021306004+21520+111300FM-12+000899999V0200901N005012200019N0250001N1+02391+01721101141ADDAA199000091GA1001+999999999GF100991001001999999001001KA1999N+01701MD1710211+9999REMSYN064AAXX  13061 59664 32975 00905 10239 20172 40114 57021 333 20170;EQDQ01  00002PRCP99
0152596640999992000021312004+21520+111300FM-12+000899999V0201101N003012200019N0180001N1+01981+01751101111ADDAA199000091GA1001+999999999GF100991001001999999001001MD1210091+9999REMSYN054AAXX  13121 59664 32968 01103 10198 20175 40111 52009;EQDQ01  00002PRCP99
0112596640999992000021321004+21520+111300FM-12+000899999V0200901N002010120019N0150001N1+01871+01741101251ADDGF108991081051012501999999MD1210011+9999REMSYN060AAXX  13211 59664 /2665 80902 10187 20174 40125 52001 885//;
0152596640999992000021400004+21520+111300FM-12+000899999V0200901N002010120019N0180001N1+01881+01751101421ADDAA199000091GF107991071051012501999999MD1210171+0011REMSYN070AAXX  14001 59664 32668 70902 10188 20175 40142 52017 875// 333 00100;EQDQ01  00002PRCP99
0165596640999992000021406004+21520+111300FM-12+000899999V0201401N003019999999N0250001N1+02511+01871101361ADDAA199000091GF107991071001999999041999KA1999N+01801MD1710191+9999REMSYN070AAXX  14061 59664 32975 71403 10251 20187 40136 57019 8704/ 333 20180;EQDQ01  00002PRCP99
0152596640999992000021412004+21520+111300FM-12+000899999V0201401N001012200019N0150001N1+02011+01801999999ADDAA199000091GA1001+999999999GF100991001001999999001001MD1210101+9999REMSYN054AAXX  14121 59664 32965 01401 10201 20180 4/138 52010;EQDQ01  00002PRCP99
0133596640999992000021421004+21520+111300FM-12+000899999V0202201N001010120019N0150001N1+01821+01651101571ADDAA124003091GF108991081051012501999999MD1210021+9999REMSYN070AAXX  14211 59664 42665 82201 10182 20165 40157 52002 885// 333 70030;
0133596640999992000021500004+21520+111300FM-12+000899999V0200901N006010120019N0180001N1+01801+99999101831ADDAA124003091GF108991081051012501999999MD1210261+0401REMSYN070AAXX  15001 59664 32668 80906 10180 40183 52026 885// 333 00451 70030;
0165596640999992000021506004+21520+111300FM-12+000899999V0200901N004019999999N0250001N1+02381+01381101701ADDAA199000091GF107991001001999999001021KA1999N+01761MD1710301+9999REMSYN070AAXX  15061 59664 32975 70904 10238 20138 40170 57030 80002 333 20176;EQDQ01  00002PRCP99
0106596640999992000021521004+21520+111300FM-12+000899999V0200701N004012200019N0180001N1+01681+01271101691ADDGF102991999999012501999999MD1710121+9999REMSYN054AAXX  15211 59664 42668 20704 10168 20127 40169 57012;
0152596640999992000021600004+21520+111300FM-12+000899999V0200701N002012200019N0200001N1+01611+01251101751ADDAA199000091GF102991021001999999041001MD1210061+0011REMSYN070AAXX  16001 59664 32970 20702 10161 20125 40175 52006 82040 333 05152;EQDQ01  00002PRCP99
0165596640999992000021606004+21520+111300FM-12+000899999V0200901N006010360019N0230001N1+02241+01521101601ADDAA199000091GF107991011011004501041999KA1999N+01551MD1710221+9999REMSYN070AAXX  16061 59664 32473 70906 10224 20152 40160 57022 8114/ 333 20155;EQDQ01  00002PRCP99
0133596640999992000021621004+21520+111300FM-12+000899999V0200901N003010120019N0180001N1+00851+99999101591ADDGF108991081051012501999999REMSYN060AAXX  16211 59664 42668 80903 10085 20145 40159 5700/ 885//;EQDQ01+000072APCTENQ02+000002APC3  
0165596640999992000021706004+21520+111300FM-12+000899999V0200901N006010360019N0220001N1+02301+01521101551ADDAA199000091GF106991021051012501041001KA1999N+01791MD1710271+9999REMSYN070AAXX  17061 59664 32672 60906 10230 20152 40155 57027 82540 333 20179;EQDQ01  00002PRCP99
0112596640999992000021721004+21520+111300FM-12+000899999V0200701N004010120019N0180001N1+01851+01581101391ADDGF108991081051012501999999MD1710091+9999REMSYN060AAXX  17211 59664 42668 80704 10185 20158 40139 57009 885//;
0152596640999992000021800004+21520+111300FM-12+000899999V0200701N004010120019N0180001N1+01841+01551101481ADDAA199000091GF108991081051012501999999MD1210091+0021REMSYN070AAXX  18001 59664 32668 80704 10184 20155 40148 52009 885// 333 05200;EQDQ01  00002PRCP99
0152596640999992000021801004+21520+111300FM-12+000899999V0200701N004010120019N0180001N1+01741+01551101481ADDAA199000091GF108991081051012501999999MD1210091+0081REMSYN070AAXX  18011 59664 32668 80704 10174 20155 40148 52009 885// 333 05800;EQDQ01  00002PRCP99
0165596640999992000021806004+21520+111300FM-12+000899999V0201101N006010120019N0220001N1+02191+01761101331ADDAA199000091GF107991071051012501999999KA1999N+01771MD1710271+9999REMSYN070AAXX  18061 59664 32672 71106 10219 20176 40133 57027 875// 333 20177;EQDQ01  00002PRCP99
0165596640999992000021900004+21520+111300FM-12+000899999V0200901N002010120019N0120001N1+02001+01891101091ADDAA106000791AY161061GF108991081051012501999999MD1210041-0401MW1001REMSYN088AAXX  19001 59664 11662 80902 10200 20189 40109 52004 69901 70060 885// 333 05402 79999;
0165596640999992000021906004+21520+111300FM-12+000899999V0201401N003010120019N0200001N1+02441+02111100931ADDAA199000091GF108991081091012501999999KA1999N+01881MD1710241+9999REMSYN070AAXX  19061 59664 32670 81403 10244 20211 40093 57024 889// 333 20188;EQDQ01  00002PRCP99
0123596640999992000021921004+21520+111300FM-12+000899999V0200901N001010006019N0006001N1+99999+99999100781ADDAA124000791GA1091+999999999GF109991091999999999999999REMSYN058AAXX  19211 59664 41/06 90901 20211 40078 74/40 333 79999;
0165596640999992000022000004+21520+111300FM-12+000899999V0200901N002010120019N0012001N1+02141+02081100871ADDAA106000791AY141061GF108991081051012501999999MD1210091-0201MW1601REMSYN088AAXX  20001 59664 11612 80902 10214 20208 40087 52009 69901 76040 885// 333 05201 79999;
0172596640999992000022006004+21520+111300FM-12+000899999V0200401N001019999999N0230001N1+02841+02211100811ADDAA106000191AY161061GF107991071001999999041999KA1999N+02031MD1710221+9999MW1001REMSYN082AAXX  20061 59664 11973 70401 10284 20221 40081 57022 69911 70060 8704/ 333 20203;
0165596640999992000022100004+21520+111300FM-12+000899999V0203601N002010120019N0180001N1+01541+01421101321ADDAA106000891AY161061GF108991081051012501999999MD1210171+0501MW1601REMSYN088AAXX  21001 59664 11668 83602 10154 20142 40132 52017 69971 76060 885// 333 00556 70008;
0172596640999992000022106004+21520+111300FM-12+000899999V0200901N005010120019N0220001N1+01731+01421101301ADDAA106000791AY161061GF108991081051012501999999KA1999N+01481MD1710161+9999MW1211REMSYN082AAXX  21061 59664 11672 80905 10173 20142 40130 57016 69901 72160 885// 333 20148;
0153596640999992000022121004+21520+111300FM-12+000899999V0203201N002010120019N0120001N1+01611+01511101111ADDAA124001591AY161031GF108991081051012501999999MD1710051+9999MW1611REMSYN076AAXX  21211 59664 41662 83202 10161 20151 40111 57005 76160 885// 333 70014;
0165596640999992000022200004+21520+111300FM-12+000899999V0203201N002010042019N0120001N1+01591+01471101231ADDAA106001091AY161061GF108991081071004501999999MD1210121-0101MW1611REMSYN088AAXX  22001 59664 11462 83202 10159 20147 40123 52012 60011 76160 887// 333 05101 70013;
0180596640999992000022206004+21520+111300FM-12+000899999V0203601N001010120019N0120001N1+01721+01641101241ADDAA106000191AY161061AY261061GF108991081051012501999999KA1999N+01551MD1710161+9999MW1611REMSYN082AAXX  22061 59664 11662 83601 10172 20164 40124 57016 69921 76166 885// 333 20155;
0149596640999992000022212004+21520+111300FM-12+000899999V0200401N002010120019N0150001N1+01771+01601101041ADDAA106000391AY161061GF108991081051012501999999MD1210011+9999MW1001REMSYN072AAXX  22121 59664 11665 80402 10177 20160 40104 52001 69931 70060 885//;
0161596640999992000022221004+21520+111300FM-12+000899999V0203601N002010120019N0110001N1+01661+01581101061ADDAA124003391AY161031AY261031GF108991081051012501999999MD1710041+9999MW1611REMSYN076AAXX  22211 59664 41661 83602 10166 20158 40106 57004 76166 885// 333 70033;
0167596640999992000022300004+21520+111300FM-12+000899999V0203601N003010042019N0110001N1+01621+01521999999ADDAA106003091AY161061AY261061GF108991081071004501999999MD1210181+0001MW1601REMSYN082AAXX  23001 59664 11461 83603 10162 20152 52018 60031 76066 887// 333 00000 70037;
0180596640999992000022306004+21520+111300FM-12+000899999V0203201N003010120019N0120001N1+01581+01491101311ADDAA106001091AY161061AY261061GF108991081051012501999999KA1999N+01531MD1710091+9999MW1601REMSYN082AAXX  23061 59664 11662 83203 10158 20149 40131 57009 60011 76066 885// 333 20153;
0157596640999992000022312004+21520+111300FM-12+000899999V0203201N002010120019N0080001N1+01451+01381101321ADDAA106000591AY161061AY261061GF108991081051012501999999MD1210121+9999MW1611REMSYN072AAXX  23121 59664 11658 83202 10145 20138 40132 52012 69941 76166 885//;
0153596640999992000022321004+21520+111300FM-12+000899999V0203201N002010120019N0110001N1+01361+01291101511ADDAA124002591AY161031GF108991081051012501999999MD1210031+9999MW1601REMSYN076AAXX  23211 59664 41661 83202 10136 20129 40151 52003 76060 885// 333 70026;
0165596640999992000022400004+21520+111300FM-12+000899999V0203601N001010120019N0120001N1+01351+01281101681ADDAA106000591AY161061GF108991081051012501999999MD1210171+0401MW1601REMSYN088AAXX  24001 59664 11662 83601 10135 20128 40168 52017 69961 76060 885// 333 00453 70023;
0180596640999992000022406004+21520+111300FM-12+000899999V0203601N002010120019N0120001N1+01321+01171101701ADDAA106000391AY161061AY261061GF108991081051012501999999KA1999N+01301MD1710161+9999MW1611REMSYN082AAXX  24061 59664 11662 83602 10132 20117 40170 57016 69931 76166 885// 333 20130;
0161596640999992000022421004+21520+111300FM-12+000899999V0203601N003010120019N0120001N1+01191+01071101721ADDAA124003891AY161031AY261031GF108991081051012501999999MD1719999+9999MW1611REMSYN076AAXX  24211 59664 41662 83603 10119 20107 40172 570/2 76166 885// 333 70039;
0173596640999992000022500004+21520+111300FM-12+000899999V0203201N002010042019N0120001N1+01151+01051101961ADDAA106002091AY161061AY261061GF108991081051004501999999MD1210241+0301MW1611REMSYN088AAXX  25001 59664 11462 83202 10115 20105 40196 52024 60021 76166 885// 333 00352 70047;
0172596640999992000022506004+21520+111300FM-12+000899999V0203201N003010120019N0110001N1+01161+01061101971ADDAA106001091AY161061GF108991081051012501999999KA1999N+01111MD1710121+9999MW1601REMSYN082AAXX  25061 59664 11661 83203 10116 20106 40197 57012 60011 76060 885// 333 20111;
0149596640999992000022512004+21520+111300FM-12+000899999V0203201N002010120019N0110001N1+01181+00921102031ADDAA106000391AY161061GF108991081051012501999999MD1210101+9999MW1601REMSYN072AAXX  25121 59664 11661 83202 10118 20092 40203 52010 69931 76060 885//;
0153596640999992000022521004+21520+111300FM-12+000899999V0203201N001010120019N0110001N1+01011+00851102091ADDAA124004191AY161031GF108991081051012501999999MD1710021+9999MW1601REMSYN076AAXX  25211 59664 41661 83201 10101 20085 40209 57002 76060 885// 333 70041;
0146596640999992000022606004+21520+111300FM-12+000899999V0203601N002010120019N0180001N1+01491+00341102171ADDAA199000021GF108991081051012501999999KA1999N+00961MD1710181+9999REMSYN070AAXX  26061 59664 32668 83602 10149 20034 40217 57018 885// 333 20096;
0142596640999992000022612004+21520+111300FM-12+000899999V0200401N002010120019N0150001N1+01241+00501102161ADDAA199000091GF108991081051012501999999MD1210101+9999REMSYN060AAXX  26121 59664 32665 80402 10124 20050 40216 52010 885//;EQDQ01  00002PRCP99
0133596640999992000022621004+21520+111300FM-12+000899999V02099999999990120019N0150001N1+01141+00501102071ADDAA124001391GF108991081051012501999999MD1710101+9999REMSYN070AAXX  26211 59664 42665 830// 10114 20050 40207 5701/ 885// 333 70013;
0165596640999992000022700004+21520+111300FM-12+000899999V0200401N001010120019N0200001N1+01121+00531102161ADDAA106000791AY161061GF108991081051012501999999MD1210091-0201MW1001REMSYN088AAXX  27001 59664 11670 80401 10112 20053 40216 52009 69901 70060 885// 333 05201 79999;
0165596640999992000022706004+21520+111300FM-12+000899999V0203201N004010120019N0200001N1+01411+00691102051ADDAA199000091GF108991081051012501999999KA1999N+01101MD1710201+9999REMSYN070AAXX  27061 59664 32670 83204 10141 20069 40205 57020 885// 333 20110;EQDQ01  00002PRCP99
0142596640999992000022712004+21520+111300FM-12+000899999V0203201N002010120019N0150001N1+01151+00801101971ADDAA199000091GF108991081051012501999999MD1210051+9999REMSYN060AAXX  27121 59664 32665 83202 10115 20080 40197 52005 885//;EQDQ01  00002PRCP99
0133596640999992000022721004+21520+111300FM-12+000899999V0209999C000010120019N0150001N1+01051+00801101931ADDAA124000791GF108991081051012501999999MD1710101+9999REMSYN070AAXX  27211 59664 42665 80000 10105 20080 40193 57010 885// 333 79999;
0165596640999992000022800004+21520+111300FM-12+000899999V0203201N003010120019N0120001N1+01041+00921102081ADDAA106000191AY161061GF108991081051012501999999MD1210151-0101MW1601REMSYN088AAXX  28001 59664 11662 83203 10104 20092 40208 52015 69921 76060 885// 333 05151 70002;
0191596640999992000022806004+21520+111300FM-12+000899999V0209999C000010120019N0150001N1+01361+01131102001ADDAA106000891AY161061GF108991081051012501999999KA1999N+99999MD1710261+9999MW1001REMSYN082AAXX  28061 59664 11665 80000 10136 20113 40200 57026 69971 70060 885// 333 20198;EQDQ01 +01982ATMN  
0123596640999992000022812004+21520+111300FM-12+000899999V0203201N001010120019N0150001N1+01351+01041102011ADDAA199000021GF108991081051012501999999MD1210091+9999REMSYN060AAXX  28121 59664 32665 83201 10135 20104 40201 52009 885//;
0133596640999992000022821004+21520+111300FM-12+000899999V0203201N002010120019N0150001N1+01201+00881102201ADDAA124001091GF108991081051012501999999MD1710021+9999REMSYN070AAXX  28211 59664 42665 83202 10120 20088 40220 57002 885// 333 70009;
0145596640999992000022900004+21520+111300FM-12+000899999V0203201N002010120019N0150001N1+01101+00901102321ADDAA106001091GF108991081051012501999999MD1210121+0201REMSYN082AAXX  29001 59664 11665 83202 10110 2009/ 40232 52012 69991 885// 333 00201 70016;
0180596640999992000022906004+21520+111300FM-12+000899999V0203201N002010120019N0180001N1+01181+01021102151ADDAA106002091AY161061AY261061GF108991081051012501999999KA1999N+01051MD1710151+9999MW1601REMSYN082AAXX  29061 59664 11668 83202 10118 20102 40215 57015 60021 76066 885// 333 20105;
0157596640999992000022912004+21520+111300FM-12+000899999V0203601N001010120019N0100001N1+01111+00991102131ADDAA106002091AY161061AY261061GF108991081051012501999999MD1210061+9999MW1211REMSYN072AAXX  29121 59664 11660 83601 10111 20099 40213 52006 60021 72166 885//;
0161596640999992000022921004+21520+111300FM-12+000899999V0203601N002010120019N0100001N1+01041+00921102041ADDAA124010291AY161031AY261031GF108991081051012501999999MD1710191+9999MW1211REMSYN076AAXX  29211 59664 41660 83602 10104 20092 40204 57019 72166 885// 333 70102;
0165596640999992000030100004+21520+111300FM-12+000899999V0209999C000010120019N0120001N1+01101+01001102141ADDAA106001091AY161061GF108991081051012501999999MD1210101-0201MW1601REMSYN088AAXX  01001 59664 11662 80000 10110 20100 40214 52010 60011 76060 885// 333 05200 70095;
0172596640999992000030106004+21520+111300FM-12+000899999V0203201N002010120019N0120001N1+01301+01051102081ADDAA106002091AY161061GF108991081051012501999999KA1999N+01021MD1710161+9999MW1601REMSYN082AAXX  01061 59664 11662 83202 10130 20105 40208 57016 60021 76060 885// 333 20102;
0161596640999992000030121004+21520+111300FM-12+000899999V0203601N003010042019N0100001N1+01191+01091101901ADDAA124026291AY161031AY261031GF108991081071004501999999MD1710101+9999MW1631REMSYN076AAXX  01211 59664 41460 83603 10119 20109 40190 57010 76366 887// 333 70261;
0165596640999992000031406004+21520+111300FM-12+000899999V0200901N005010120019N0200001N1+02361+01971101261ADDAA199000091GF107991071051012501999999KA1999N+01891MD1710231+9999REMSYN070AAXX  14061 59664 32670 70905 10236 20197 40126 57023 875// 333 20189;EQDQ01  00002PRCP99
0142596640999992000031412004+21520+111300FM-12+000899999V0200901N004010120019N0150001N1+02161+01901101141ADDAA199000091GF108991081051012501999999MD1210081+9999REMSYN060AAXX  14121 59664 32665 80904 10216 2019/ 40114 52008 885//;EQDQ01  00002PRCP99
0152596640999992000031500004+21520+111300FM-12+000899999V0201101N005010120019N0150001N1+02061+01931101251ADDAA199000091GF108991081051012501999999MD1210081+0021REMSYN070AAXX  15001 59664 32665 81105 10206 20193 40125 52008 885// 333 05201;EQDQ01  00002PRCP99
0165596640999992000032406004+21520+111300FM-12+000899999V0200401N003010120019N0220001N1+02181+01431101801ADDAA199000091GF108991081051012501999999KA1999N+01881MD1710211+9999REMSYN070AAXX  24061 59664 32672 80403 10218 20143 40180 57021 885// 333 20188;EQDQ01  00002PRCP99
0142596640999992000032412004+21520+111300FM-12+000899999V0201401N003010150019N0200001N1+02081+01581101711ADDAA199000091GF107991071051017501999999MD1210111+9999REMSYN060AAXX  24121 59664 32770 71403 10208 20158 40171 52011 875//;EQDQ01  00002PRCP99
0112596640999992000032421004+21520+111300FM-12+000899999V0200701N004010150019N0150001N1+01861+01541101851ADDGF107991071051017501999999MD1710031+9999REMSYN060AAXX  24211 59664 42765 70704 10186 20154 40185 57003 875//;
0152596640999992000032500004+21520+111300FM-12+000899999V0200201N001010120019N0150001N1+01941+01591102021ADDAA199000091GF108991081051012501999999MD1210171+0011REMSYN070AAXX  25001 59664 32665 80201 10194 20159 40202 52017 885// 333 00100;EQDQ01  00002PRCP99
0175596640999992000032506004+21520+111300FM-12+000899999V0201101N005012200019N0250001N1+02501+01571101811ADDAA199000091GA1001+999999999GF100991001001999999001001KA1999N+01821MD1710271+9999REMSYN064AAXX  25061 59664 32975 01105 10250 20157 40181 57027 333 20182;EQDQ01  00002PRCP99
0142596640999992000032512004+21520+111300FM-12+000899999V0201101N003010120019N0200001N1+02081+01631101801ADDAA199000091GF108991081051012501999999MD1210141+9999REMSYN060AAXX  25121 59664 32670 81103 10208 20163 40180 52014 885//;EQDQ01  00002PRCP99
0153596640999992000032521004+21520+111300FM-12+000899999V0203601N001010120019N0130001N1+01971+01731101991ADDAA124000791AY161031GF108991081051012501999999MD1210011+9999MW1601REMSYN076AAXX  25211 59664 41663 83601 10197 20173 40199 52001 76060 885// 333 79999;
0165596640999992000032600004+21520+111300FM-12+000899999V0200401N002010120019N0130001N1+01901+01701102091ADDAA106000191AY161061GF108991081051012501999999MD1210101+0101MW1001REMSYN088AAXX  26001 59664 11663 80402 10190 20170 40209 52010 69921 70060 885// 333 00100 70002;
0146596640999992000032606004+21520+111300FM-12+000899999V0209999C000010120019N0180001N1+02321+01601101931ADDAA199000021GF108991081051012501999999KA1999N+01861MD1710241+9999REMSYN070AAXX  26061 59664 32668 80000 10232 20160 40193 57024 885// 333 20186;
0143596640999992000032621004+21520+111300FM-12+000899999V0203201N002012200019N0150001N1+01721+01511101651ADDAA124000391GA1001+999999999GF100991001001999999001001MD1710141+9999REMSYN064AAXX  26211 59664 42965 03202 10172 20151 40165 57014 333 70002;
0162596640999992000032700004+21520+111300FM-12+000899999V0203401N002012200019N0100001N1+01741+01571101751ADDAA199000091GA1001+999999999GF100991001001999999001001MD1210101+0031REMSYN064AAXX  27001 59664 32960 03402 10174 20157 40175 52010 333 05352;EQDQ01  00002PRCP99
0112596640999992000032721004+21520+111300FM-12+000899999V0203401N001010120019N0100001N1+01821+01641101501ADDGF107991071051012501999999MD1710101+9999REMSYN060AAXX  27211 59664 42660 73401 10182 20164 40150 57010 875//;
0152596640999992000032800004+21520+111300FM-12+000899999V0203201N001010120019N0100001N1+01891+01691101561ADDAA199000091GF106991061051012501001001MD1210061+0021REMSYN070AAXX  28001 59664 32660 63201 10189 20169 40156 52006 86500 333 05202;EQDQ01  00002PRCP99
0175596640999992000032806004+21520+111300FM-12+000899999V0201801N003012200019N0280001N1+03001+02811101251ADDAA199000091GA1001+999999999GF100991001001999999001001KA1999N+01701MD1710311+9999REMSYN064AAXX  28061 59664 32978 01803 10300 20281 40125 57031 333 20170;EQDQ01  00002PRCP99
0151596640999992000032809004+21520+111300FM-12+000899999V0209999C000010210019N0300001N1+99999+99999999999ADDGF107991071041022501001001MD1710211+9999REMSYN064AAXX  28091 59664 42880 70000 10042 21138 57021 87400 333 000/0;EQDQ01+000423ATOT  Q02-001383ATOD  
0152596640999992000032812004+21520+111300FM-12+000899999V0201801N001012200019N0200001N1+02251+01771101411ADDAA199000091GA1001+999999999GF100991001001999999001001MD1210211+9999REMSYN054AAXX  28121 59664 32970 01801 10225 20177 40141 52021;EQDQ01  00002PRCP99
0152596640999992000032900004+21520+111300FM-12+000899999V0203601N001012200019N0150001N1+01841+01711101671ADDAA199000091GF102991021051012501001001MD1210141+0011REMSYN070AAXX  29001 59664 32665 23601 10184 20171 40167 52014 82500 333 00151;EQDQ01  00002PRCP99
0175596640999992000032906004+21520+111300FM-12+000899999V0201401N004012200019N0250001N1+02961+01451101551ADDAA199000091GA1001+999999999GF100991001001999999001001KA1999N+01721MD1710181+9999REMSYN064AAXX  29061 59664 32975 01404 10296 20145 40155 57018 333 20172;EQDQ01  00002PRCP99
0112596640999992000032921004+21520+111300FM-12+000899999V0200901N002010120019N0180001N1+02081+01811101491ADDGF107991071051012501999999MD1710071+9999REMSYN060AAXX  29211 59664 42668 70902 10208 20181 40149 57007 875//;
0152596640999992000033000004+21520+111300FM-12+000899999V0200701N002010120019N0180001N1+02171+01801101571ADDAA199000091GF107991071051012501999999MD1210081+0011REMSYN070AAXX  30001 59664 32668 70702 10217 20180 40157 52008 875// 333 05103;EQDQ01  00002PRCP99
0156596640999992000033006004+21520+111300FM-12+000899999V0200901N005012200019N0250001N1+02731+01981999999ADDAA199000091GA1001+999999999GF100991001001999999001001MD1710231+9999REMSYN058AAXX  30061 59664 32975 00905 10273 20198 401/9 57023 333;EQDQ01  00002PRCP99
0078596640999992000033012004+21520+111300FM-12+000899999V0201101N006019999999N0220001N1+02241+99999999999ADDAA199000091REMSYN036AAXX  30121 59664 32972 /1106 10224;EQDQ01  00002PRCP99
0112596640999992000033021004+21520+111300FM-12+000899999V0201101N004010120019N0150001N1+02211+02031100871ADDGF108991081051012501999999MD1710161+9999REMSYN060AAXX  30211 59664 42665 81104 10221 20203 40087 57016 885//;
0152596640999992000033100004+21520+111300FM-12+000899999V0201101N003010120019N0180001N1+02241+02091100941ADDAA199000091GF108991081051012501999999MD1210071+0061REMSYN070AAXX  31001 59664 32668 81103 10224 20209 40094 52007 885// 333 05601;EQDQ01  00002PRCP99
0165596640999992000033106004+21520+111300FM-12+000899999V0201401N003010042019N0250001N1+02801+02281100791ADDAA199000091GF107991071011004501999999KA1999N+02081MD1710181+9999REMSYN070AAXX  31061 59664 32475 71403 10280 20228 40079 57018 871// 333 20208;EQDQ01  00002PRCP99
0133596640999992000033121004+21520+111300FM-12+000899999V0201801N012010120019N0180001N1+02391+02271100491ADDAA124999999GF108991081051012501999999MD1710111+9999REMSYN070AAXX  31211 59664 42668 81812 10239 20227 40049 57011 885// 333 7999/;
0165596640999992000040106004+21520+111300FM-12+000899999V0201401N004019999999N0280001N1+02981+02321100451ADDAA199000091GF107991071001999999041999KA1999N+02311MD1710241+9999REMSYN070AAXX  01061 59664 32978 71404 10298 20232 40045 57024 8704/ 333 20231;EQDQ01  00002PRCP99
0142596640999992000040112004+21520+111300FM-12+000899999V0201401N003010120019N0180001N1+02541+02351100441ADDAA199000091GF108991081051012501999999MD1210131+9999REMSYN060AAXX  01121 59664 32668 81403 10254 20235 40044 52013 885//;EQDQ01  00002PRCP99
0153596640999992000040121004+21520+111300FM-12+000899999V0201401N003010120019N0180001N1+02501+02371100601ADDAA124000791AY161031GF108991081051012501999999MD1710041+9999MW1601REMSYN076AAXX  01211 59664 41668 81403 10250 20237 40060 57004 76060 885// 333 79999;
0146596640999992000040206004+21520+111300FM-12+000899999V0201401N004010042019N0250001N1+02671+02401100601ADDAA199000021GF107991071021004501999999KA1999N+02451MD1710171+9999REMSYN070AAXX  02061 59664 32475 71404 10267 20240 40060 57017 872// 333 20245;
0133596640999992000040221004+21520+111300FM-12+000899999V0201101N001010120019N0150001N1+02431+02311100651ADDAA124000791GF107991071051012501999999MD1710051+9999REMSYN070AAXX  02211 59664 42665 71101 10243 20231 40065 57005 875// 333 79999;
0152596640999992000040300004+21520+111300FM-12+000899999V0200901N002010120019N0150001N1+02461+02331100821ADDAA199000091GF108991081051012501999999MD1210171+0011REMSYN070AAXX  03001 59664 32665 80902 10246 20233 40082 52017 885// 333 00151;EQDQ01  00002PRCP99
0165596640999992000040306004+21520+111300FM-12+000899999V0202701N002010090019N0250001N1+02721+02361100761ADDAA199000091GF108991081081004501999999KA1999N+02391MD1710231+9999REMSYN070AAXX  03061 59664 32475 82702 10272 20236 40076 57023 888// 333 20239;EQDQ01  00002PRCP99
0142596640999992000040312004+21520+111300FM-12+000899999V0203201N003010120019N0230001N1+02441+01951100751ADDAA199000091GF107991071051012501999999MD1210131+9999REMSYN060AAXX  03121 59664 32673 73203 10244 20195 40075 52013 875//;EQDQ01  00002PRCP99
0112596640999992000040321004+21520+111300FM-12+000899999V0203201N002010120019N0180001N1+02211+01731100921ADDGF108991081051012501999999MD1710021+9999REMSYN060AAXX  03211 59664 42668 83202 10221 20173 40092 57002 885//;
0152596640999992000040400004+21520+111300FM-12+000899999V0203401N002010120019N0180001N1+02211+01781101061ADDAA199000091GF108991081051012501999999MD1210141+0021REMSYN070AAXX  04001 59664 32668 83402 10221 20178 40106 52014 885// 333 00253;EQDQ01  00002PRCP99
0165596640999992000040406004+21520+111300FM-12+000899999V0200901N002010120019N0200001N1+02671+02021100911ADDAA199000091GF108991081051012501999999KA1999N+02151MD1710261+9999REMSYN070AAXX  04061 59664 32670 80902 10267 20202 40091 57026 885// 333 20215;EQDQ01  00002PRCP99
0142596640999992000040412004+21520+111300FM-12+000899999V0201401N001010120019N0180001N1+02341+01901100841ADDAA199000091GF108991081051012501999999MD1210101+9999REMSYN060AAXX  04121 59664 32668 81401 10234 2019/ 40084 52010 885//;EQDQ01  00002PRCP99
0160596640999992000092600004+21510+111300FM-12+000899999V0201401N005010360019N0200001N1+02751+02451101071ADDAA124002891GF105991041011008001041001MA1999999100921MD1210171+0001REMSYN082AAXX  26001 59664 32570 51405 10275 20245 30092 40107 52017 84140 333 0000/ 70029;
