0172597540999992000010100004+20370+110170FM-12+010999999V0200701N002010042019N0007001N1+01601+01581999999ADDAA106000091AY141061GF108991081061004501999999MD1210161+0011MW1441REMSYN076AAXX  01001 59754 31407 80702 10160 20158 4/174 52016 74440 886// 333 00100;EQDQ01  00002PRCP06
0185597540999992000010106004+20370+110170FM-12+010999999V0200901N003010042019N0220001N1+02321+01741101541ADDAA106000091AY141061GF107991071011004501999999KA1999N+01451MD1710291+9999MW1001REMSYN076AAXX  01061 59754 31472 70903 10232 20174 40154 57029 70040 871// 333 20145;EQDQ01  00002PRCP06
0142597540999992000010112004+20370+110170FM-12+010999999V0201101N002012200019N0150001N1+01821+01641101701ADDAA106000091GF102991021011004501001001MD1210231+9999REMSYN060AAXX  01121 59754 32465 21102 10182 20164 40170 52023 82100;EQDQ01  00002PRCP06
0108597540999992000010121004+20370+110170FM-12+010999999V0203601N002012200019N0120001N1+01501+01391101611ADDGA1001+999999999GF100991001001999999001001REMSYN054AAXX  01211 59754 42962 03602 10150 20139 40161 97010;
0164597540999992000010200004+20370+110170FM-12+010999999V0200201N001012200019N0090001N1+01501+01411101811ADDAA106000091GF101991011011004501001021MD1210191+0011MW1101REMSYN076AAXX  02001 59754 31459 10201 10150 20141 40181 52019 71000 81102 333 00151;EQDQ01  00002PRCP06
0175597540999992000010206004+20370+110170FM-12+010999999V0201401N003012200019N0220001N1+02501+01411101601ADDAA106000091GA1001+999999999GF100991001001999999001001KA1999N+01451MD1710341+9999REMSYN064AAXX  02061 59754 32972 01403 10250 20141 40160 57034 333 20145;EQDQ01  00002PRCP06
0152597540999992000010212004+20370+110170FM-12+010999999V0200401N002012200019N0140001N1+01881+01051101651ADDAA106000091GA1001+999999999GF100991001001999999001001MD1210141+9999REMSYN054AAXX  02121 59754 32964 00402 10188 20105 40165 52014;EQDQ01  00002PRCP06
0134597540999992000010221004+20370+110170FM-12+010999999V0200701N001012200019N0090001N1+01501+01411101461ADDGA1001+999999999GF100991001001999999001001MD1710101+9999MW1101REMSYN060AAXX  02211 59754 41959 00701 10150 20141 40146 57010 71000;
0185597540999992000010306004+20370+110170FM-12+010999999V0200901N005012200019N0200001N1+02401+01731101481ADDAA106000091AY141061GF104991041011004501001001KA1999N+01421MD1710221+9999MW1001REMSYN076AAXX  03061 59754 31470 40905 10240 20173 40148 57022 70040 84100 333 20142;EQDQ01  00002PRCP06
0142597540999992000010312004+20370+110170FM-12+010999999V0200901N004010042019N0150001N1+01891+01741101471ADDAA106000091GF107991071011004501999999MD1210111+9999REMSYN060AAXX  03121 59754 32465 70904 10189 20174 40147 52011 871//;EQDQ01  00002PRCP06
0124597540999992000010321004+20370+110170FM-12+010999999V0200901N002010042019N0070001N1+01931+01881101331ADDGF107991071011004501999999MD1710101+9999MW1101REMSYN066AAXX  03211 59754 41457 70902 10193 20188 40133 57010 71000 871//;
0172597540999992000010400004+20370+110170FM-12+010999999V0200401N001010042019N0009001N1+01911+01891101501ADDAA106000091AY141061GF108991081061004501999999MD1210161+0011MW1441REMSYN076AAXX  04001 59754 31409 80401 10191 20189 40150 52016 74440 886// 333 05103;EQDQ01  00002PRCP06
0185597540999992000010406004+20370+110170FM-12+010999999V0200901N004010042019N0150001N1+02331+01991101291ADDAA106000091AY141061GF107991071011004501999999KA1999N+01881MD1710261+9999MW1001REMSYN076AAXX  04061 59754 31465 70904 10233 20199 40129 57026 70040 871// 333 20188;EQDQ01  00002PRCP06
0142597540999992000010412004+20370+110170FM-12+010999999V0200901N004010090019N0110001N1+02041+01951101321ADDAA106000091GF107991071081004501999999MD1210111+9999REMSYN060AAXX  04121 59754 32461 70904 10204 20195 40132 52011 878//;EQDQ01  00002PRCP06
0132597540999992000010421004+20370+110170FM-12+010999999V0200701N002010042019N0060001N1+02011+01991101281ADDAY141031GF107991071061004501999999MD1710051+9999MW1281REMSYN066AAXX  04211 59754 41456 70702 10201 20199 40128 57005 72840 876//;
0172597540999992000010500004+20370+110170FM-12+010999999V0200401N002010090019N0070001N1+01981+01921101431ADDAA106000091AY141061GF108991081081004501999999MD1210151+0011MW1101REMSYN076AAXX  05001 59754 31457 80402 10198 20192 40143 52015 71040 888// 333 05101;EQDQ01  00002PRCP06
0165597540999992000010506004+20370+110170FM-12+010999999V0201401N003012200019N0200001N1+02481+01991101151ADDAA106000091GF103991031011004501001001KA1999N+01931MD1710331+9999REMSYN070AAXX  05061 59754 32470 31403 10248 20199 40115 57033 83100 333 20193;EQDQ01  00002PRCP06
0142597540999992000010512004+20370+110170FM-12+010999999V0200901N004010042019N0110001N1+02111+02001101171ADDAA106000091GF107991071011004501999999MD1210121+9999REMSYN060AAXX  05121 59754 32461 70904 10211 20200 40117 52012 871//;EQDQ01  00002PRCP06
0124597540999992000010521004+20370+110170FM-12+010999999V0200901N002010090019N0080001N1+01991+01971101141ADDGF107991071081004501999999MD1710051+9999MW1101REMSYN066AAXX  05211 59754 41458 70902 10199 20197 40114 57005 71000 878//;
0185597540999992000010606004+20370+110170FM-12+010999999V0200901N004010360019N0220001N1+02501+02051101161ADDAA106000091AY141061GF106991041011004501041001KA1999N+01981MD1710291+9999MW1001REMSYN076AAXX  06061 59754 31472 60904 10250 20205 40116 57029 70040 84140 333 20198;EQDQ01  00002PRCP06
0142597540999992000010612004+20370+110170FM-12+010999999V0200401N003010090019N0130001N1+02061+01981101311ADDAA106000091GF108991081081004501999999MD1210161+9999REMSYN060AAXX  06121 59754 32463 80403 10206 20198 40131 52016 888//;EQDQ01  00002PRCP06
0153597540999992000010621004+20370+110170FM-12+010999999V0200401N002010090019N0110001N1+01981+01931101351ADDAA124000791AY161031GF107991071081004501999999MD1710071+9999MW1211REMSYN076AAXX  06211 59754 41461 70402 10198 20193 40135 57007 72160 878// 333 79999;
0165597540999992000010700004+20370+110170FM-12+010999999V0203601N002010090019N0110001N1+01921+01871101541ADDAA106000791AY161061GF107991071081004501999999MD1210181+0201MW1001REMSYN088AAXX  07001 59754 11461 73602 10192 20187 40154 52018 69901 70060 878// 333 00251 79999;
0172597540999992000010706004+20370+110170FM-12+010999999V0200901N004010090019N0180001N1+02061+01891101411ADDAA106000791AY161061GF108991081081004501999999KA1999N+01901MD1710231+9999MW1211REMSYN082AAXX  07061 59754 11468 80904 10206 20189 40141 57023 69901 72160 888// 333 20190;
0123597540999992000010712004+20370+110170FM-12+010999999V0200901N004010090019N0140001N1+01931+01781101491ADDAA106000021GF107991071081004501999999MD1210141+9999REMSYN060AAXX  07121 59754 32464 70904 10193 20178 40149 52014 878//;
0133597540999992000010721004+20370+110170FM-12+010999999V0200901N003010090019N0110001N1+01961+01881101411ADDAA124000791GF107991071081004501999999MD1710121+9999REMSYN070AAXX  07211 59754 42461 70903 10196 20188 40141 57012 878// 333 79999;
0158597540999992000010800004+20370+110170FM-12+010999999V0200901N003010090019N0110001N1+01911+01851101501ADDAA106000091GF107991061081004501041001MD1210081+0001REMSYN076AAXX  08001 59754 32461 70903 10191 20185 40150 52008 86840 333 00000 79999;EQDQ01  00002PRCP06
0165597540999992000010806004+20370+110170FM-12+010999999V0200901N004010042019N0250001N1+02491+01921101221ADDAA106000091GF106991061011004501999001KA1999N+01911MD1710311+9999REMSYN070AAXX  08061 59754 32475 60904 10249 20192 40122 57031 861/0 333 20191;EQDQ01  00002PRCP06
0152597540999992000010812004+20370+110170FM-12+010999999V0200901N003012200019N0150001N1+02071+01851101261ADDAA106000091GA1001+999999999GF100991001001999999001001MD1210141+9999REMSYN054AAXX  08121 59754 32965 00903 10207 20185 40126 52014;EQDQ01  00002PRCP06
0124597540999992000010821004+20370+110170FM-12+010999999V0200401N003010090019N0090001N1+01891+01861101301ADDGF107991071081004501999999MD1710021+9999MW1101REMSYN066AAXX  08211 59754 41459 70403 10189 20186 40130 57002 71000 878//;
0172597540999992000010900004+20370+110170FM-12+010999999V0200901N003010042019N0004001N1+01901+01901101411ADDAA106000091AY141061GF108991081061004501999999MD1210101+0011MW1461REMSYN076AAXX  09001 59754 31404 80903 10190 20190 40141 52010 74640 886// 333 05100;EQDQ01  00002PRCP06
0136597540999992000010912004+20370+110170FM-12+010999999V0200901N004010090019N0150001N1+99999+99999101381ADDAA106000091GF107991071081004501999999MD1210141+9999REMSYN054AAXX  09121 59754 32465 70904 20199 40138 52014 878//;EQDQ01  00002PRCP06
0124597540999992000010921004+20370+110170FM-12+010999999V0201101N003010090019N0030001N1+01991+01971101221ADDGF107991071081004501999999MD1710111+9999MW1101REMSYN066AAXX  09211 59754 41430 71103 10199 20197 40122 57011 71000 878//;
0172597540999992000011000004+20370+110170FM-12+010999999V0200901N003010042019N0009001N1+01971+01951101401ADDAA106000091AY141061GF107991071061004501041999MD1210181+0001MW1441REMSYN076AAXX  10001 59754 31409 70903 10197 20195 40140 52018 74440 8764/ 333 00001;EQDQ01  00002PRCP06
0185597540999992000011006004+20370+110170FM-12+010999999V0200901N004010090019N0280001N1+02501+02011101261ADDAA106000091AY141061GF107991071081004501999999KA1999N+01961MD1710221+9999MW1001REMSYN076AAXX  10061 59754 31478 70904 10250 20201 40126 57022 70040 878// 333 20196;EQDQ01  00002PRCP06
0154597540999992000011012004+20370+110170FM-12+010999999V0200901N004010090019N0080001N1+02061+02001101331ADDAA106000091GF108991081081004501999999MD1210101+9999MW1101REMSYN066AAXX  10121 59754 31458 80904 10206 20200 40133 52010 71000 888//;EQDQ01  00002PRCP06
0152597540999992000011100004+20370+110170FM-12+010999999V0200901N003010090019N0110001N1+02071+02041101441ADDAA106000091GF107991071081004501999999MD1210171+0001REMSYN070AAXX  11001 59754 32461 70903 10207 20204 40144 52017 878// 333 00001;EQDQ01  00002PRCP06
0165597540999992000011106004+20370+110170FM-12+010999999V0200901N003010042019N0300001N1+02671+02121101151ADDAA106000091GF105991051011004501001001KA1999N+02051MD1710341+9999REMSYN070AAXX  11061 59754 32480 50903 10267 20212 40115 57034 85100 333 20205;EQDQ01  00002PRCP06
0142597540999992000011112004+20370+110170FM-12+010999999V0200901N003010090019N0130001N1+02171+02111101191ADDAA106000091GF107991071081004501999999MD1210111+9999REMSYN060AAXX  11121 59754 32463 70903 10217 20211 40119 52011 878//;EQDQ01  00002PRCP06
0165597540999992000011206004+20370+110170FM-12+010999999V0200901N002010090019N0250001N1+02631+02191101101ADDAA106000091GF105991051081004501001001KA1999N+02071MD1710281+9999REMSYN070AAXX  12061 59754 32475 50902 10263 20219 40110 57028 85800 333 20207;EQDQ01  00002PRCP06
0142597540999992000011212004+20370+110170FM-12+010999999V0200901N003010042019N0160001N1+02231+02121101151ADDAA106000091GF107991071011004501999999MD1210111+9999REMSYN060AAXX  12121 59754 32466 70903 10223 20212 40115 52011 871//;EQDQ01  00002PRCP06
0112597540999992000011221004+20370+110170FM-12+010999999V0200901N002010090019N0120001N1+02171+02111101071ADDGF107991071081004501999999MD1710051+9999REMSYN060AAXX  12211 59754 42462 70902 10217 20211 40107 57005 878//;
0152597540999992000011300004+20370+110170FM-12+010999999V0201101N003010090019N0130001N1+02151+02091101211ADDAA106000091GF108991081081004501999999MD1210131+0011REMSYN070AAXX  13001 59754 32463 81103 10215 20209 40121 52013 888// 333 05101;EQDQ01  00002PRCP06
0172597540999992000011306004+20370+110170FM-12+010999999V0200901N005012200019N0300001N1+02641+02131100941ADDAA106000791AY161061GF104991041081004501001001KA1999N+02141MD1710341+9999MW1001REMSYN082AAXX  13061 59754 11480 40905 10264 20213 40094 57034 69901 70060 84800 333 20214;
0142597540999992000011312004+20370+110170FM-12+010999999V0200901N004010042019N0160001N1+02221+02051101051ADDAA106000091GF107991071011004501999999MD1210161+9999REMSYN060AAXX  13121 59754 32466 70904 10222 20205 40105 52016 871//;EQDQ01  00002PRCP06
0169597540999992000011400004+20370+110170FM-12+010999999V0200901N004010042019N0004001N1+01991+01971101221ADDAA106000791AY161061GF108991081061004501999999MD1210111+0001MW1461REMSYN092    AAXX  14001 59754 11404 80904 10199 20197 40122 52011 69901 74660 886// 333 00052 79999;
0189597540999992000011406004+20370+110170FM-12+010999999V0200901N004010090019N0220001N1+02491+02081100981ADDAA199000091AY141061GF105991051081004501001001KA1999N+01981MD1710341+9999MW1001REMSYN080    AAXX  14061 59754 31472 50904 10249 20208 40098 57034 70040 85800 333 20198;EQDQ01  00002PRCP99
0156597540999992000011412004+20370+110170FM-12+010999999V0200901N003012200019N0160001N1+02161+01991101051ADDAA199000091GA1001+999999999GF100991001001999999001001MD1210141+9999REMSYN058    AAXX  14121 59754 32966 00903 10216 20199 40105 52014;EQDQ01  00002PRCP99
0116597540999992000011421004+20370+110170FM-12+010999999V0201401N002010090019N0130001N1+02151+02071999999ADDGF107991071081004501999999MD1710021+9999REMSYN064    AAXX  14211 59754 42463 71402 10215 20207 401/9 57002 878//;
0169597540999992000011506004+20370+110170FM-12+010999999V0200901N005010042019N0250001N1+02711+02001101041ADDAA199000091GF105991051011004501001001KA1999N+02101MD1710311+9999REMSYN074    AAXX  15061 59754 32475 50905 10271 20200 40104 57031 85100 333 20210;EQDQ01  00002PRCP99
0116597540999992000011521004+20370+110170FM-12+010999999V0200901N004010090019N0130001N1+02161+02071101271ADDGF107991071081004501999999MD1210021+9999REMSYN064    AAXX  15211 59754 42463 70904 10216 20207 40127 52002 878//;
0156597540999992000011600004+20370+110170FM-12+010999999V0200901N003010090019N0130001N1+02131+02071101481ADDAA199000091GF107991071081004501999999MD1210201+0021REMSYN074    AAXX  16001 59754 32463 70903 10213 20207 40148 52020 878// 333 00200;EQDQ01  00002PRCP99
0155597540999992000011606004+20370+110170FM-12+010999999V0200901N004010042019N0260001N1+02611+01971101291ADDAA199000091GF106991061011004501001001KA1999N+02111REMSYN074    AAXX  16061 59754 32476 60904 10261 20197 40129 5/033 86100 333 20211;EQDQ01  00002PRCP99
0169597540999992000011700004+20370+110170FM-12+010999999V0200401N004010090019N0120001N1+01861+01711101691ADDAA106000791AY161061GF108991081081004501999999MD1210211+0201MW1001REMSYN092    AAXX  17001 59754 11462 80404 10186 20171 40169 52021 69901 70060 888// 333 00253 79999;
0146597540999992000011712004+20370+110170FM-12+010999999V0200401N003010090019N0120001N1+01471+01171101741ADDAA199000091GF108991081081004501999999MD1210121+9999REMSYN064    AAXX  17121 59754 32462 80403 10147 20117 40174 52012 888//;EQDQ01  00002PRCP99
0151597540999992000011721004+20370+110170FM-12+010999999V0200401N004019999999N0110001N1+01171+00991101881ADDAA124000791AY161031GF108991999999004501999999MD1710061+9999MW1001REMSYN074    AAXX  17211 59754 41461 80404 10117 20099 40188 57006 70060 333 79999;
0169597540999992000011800004+20370+110170FM-12+010999999V0203201N004010042019N0080001N1+01041+00961102151ADDAA106000791AY161061GF108991081071004501999999MD1210271+0401MW1601REMSYN092    AAXX  18001 59754 11458 83204 10104 20096 40215 52027 69901 76060 887// 333 00458 79999;
0176597540999992000011806004+20370+110170FM-12+010999999V0203601N004010090019N0150001N1+01251+00871101991ADDAA106000191AY161061GF108991081081004501999999KA1999N+01011MD1710301+9999MW1001REMSYN086    AAXX  18061 59754 11465 83604 10125 20087 40199 57030 69911 70060 888// 333 20101;
0145597540999992000011812004+20370+110170FM-12+010999999V0203601N004010042019N0120001N1+01091+00821102181ADDAA106000791GF108991081071004501999999MD1210191+9999MW1601REMSYN076    AAXX  18121 59754 11462 83604 10109 20082 40218 52019 69901 76000 887//;
0157597540999992000011821004+20370+110170FM-12+010999999V0200201N005010090019N0120001N1+01121+00681102171ADDAA124000191AY161031GF108991081081004501999999MD1710141+9999MW1001REMSYN080    AAXX  18211 59754 41462 80205 10112 20068 40217 57014 70060 888// 333 70001;
0169597540999992000011900004+20370+110170FM-12+010999999V0200201N003010120019N0150001N1+01141+00701102281ADDAA106000791AY161061GF107991071051012501041999MD1210111+0101MW1001REMSYN092    AAXX  19001 59754 11665 70203 10114 20070 40228 52011 69901 70060 8754/ 333 00101 70001;
0169597540999992000011906004+20370+110170FM-12+010999999V0200701N003010090019N0200001N1+01271+00711102181ADDAA199000091GF108991081081004501999999KA1999N+01081MD1710281+9999REMSYN074    AAXX  19061 59754 32470 80703 10127 20071 40218 57028 888// 333 20108;EQDQ01  00002PRCP99
0146597540999992000011912004+20370+110170FM-12+010999999V0200401N002010120019N0160001N1+01261+00681102241ADDAA199000091GF107991071051012501999999MD1210101+9999REMSYN064    AAXX  19121 59754 32666 70402 10126 20068 40224 52010 875//;EQDQ01  00002PRCP99
0094597540999992000011921004+20370+110170FM-12+010999999V0200401N003019999999N0150001N1+99999+99999999999ADDGF107991999999012501999999MD1710101+9999REMSYN042AAXX  19211 59754 42665 70403 20073 5701/;
0152597540999992000012000004+20370+110170FM-12+010999999V0200401N003010090019N0160001N1+01341+00701102281ADDAA199000091GF107991071081004501999999MD1210101+0001REMSYN070AAXX  20001 59754 32466 70403 10134 20070 40228 52010 878// 333 00002;EQDQ01  00002PRCP99
0165597540999992000012006004+20370+110170FM-12+010999999V0200401N005019999999N0200001N1+01691+01051102081ADDAA199000091GF106991031081999999041001KA1999N+01241MD1710321+9999REMSYN070AAXX  20061 59754 32/70 60405 10169 20105 40208 57032 83840 333 20124;EQDQ01  00002PRCP99
0112597540999992000012021004+20370+110170FM-12+010999999V0200401N005012200019N0130001N1+01561+01291102251ADDGF102991021011004501041001MD1710051+9999REMSYN060AAXX  20211 59754 42463 20405 10156 20129 40225 57005 82140;
0152597540999992000012100004+20370+110170FM-12+010999999V0200701N004010090019N0130001N1+01561+01291102371ADDAA199000091GF107991071081004501999999MD1210121+0011REMSYN070AAXX  21001 59754 32463 70704 10156 20129 40237 52012 878// 333 00102;EQDQ01  00002PRCP99
0149597540999992000012112004+20370+110170FM-12+010999999V0200701N005010042019N0120001N1+01651+01551102161ADDAA106000791AY161061GF108991081071004501999999MD1210081+9999MW1611REMSYN072AAXX  21121 59754 11462 80705 10165 20155 40216 52008 69901 76160 887//;
0153597540999992000012121004+20370+110170FM-12+010999999V0200701N005010120019N0110001N1+01711+01611101961ADDAA124000791AY161031GF108991081051012501999999MD1710151+9999MW1601REMSYN076AAXX  21211 59754 41661 80705 10171 20161 40196 57015 76060 885// 333 79999;
0165597540999992000012200004+20370+110170FM-12+010999999V0200401N005010090019N0110001N1+01691+01551102031ADDAA106000791AY161061GF108991081081004501999999MD1210071-0301MW1001REMSYN088AAXX  22001 59754 11461 80405 10169 20155 40203 52007 69901 70060 888// 333 05301 79999;
0172597540999992000012206004+20370+110170FM-12+010999999V0200701N006010042019N0200001N1+01941+01571101791ADDAA106000791AY161061GF107991071011004501999999KA1999N+01631MD1710321+9999MW1001REMSYN082AAXX  22061 59754 11470 70706 10194 20157 40179 57032 69901 70060 871// 333 20163;
0142597540999992000012212004+20370+110170FM-12+010999999V0200701N003010090019N0120001N1+01771+01551101781ADDAA199000091GF108991081081004501999999MD1210071+9999REMSYN060AAXX  22121 59754 32462 80703 10177 20155 40178 52007 888//;EQDQ01  00002PRCP99
0165597540999992000012300004+20370+110170FM-12+010999999V0200401N003010090019N0090001N1+01741+01661101701ADDAA106002091AY161061GF108991081081004501999999MD1210101-0301MW1101REMSYN088AAXX  23001 59754 11459 80403 10174 20166 40170 52010 60021 71060 888// 333 05301 70015;
0165597540999992000012306004+20370+110170FM-12+010999999V0200401N003010090019N0130001N1+02141+01891101531ADDAA199000091GF107991071081004501999999KA1999N+01681MD1710301+9999REMSYN070AAXX  23061 59754 32463 70403 10214 20189 40153 57030 878// 333 20168;EQDQ01  00002PRCP99
0142597540999992000012312004+20370+110170FM-12+010999999V0200401N003010090019N0110001N1+01901+01801101591ADDAA199000091GF107991071081004501999999MD1210111+9999REMSYN060AAXX  23121 59754 32461 70403 10190 20180 40159 52011 878//;EQDQ01  00002PRCP99
0173597540999992000012400004+20370+110170FM-12+010999999V0200401N003010090019N0050001N1+01851+01831101711ADDAA106000191AY151061AY241061GF108991081081004501999999MD1210141+0001MW1201REMSYN088AAXX  24001 59754 11450 80403 10185 20183 40171 52014 69921 72054 888// 333 00001 70002;
0180597540999992000012406004+20370+110170FM-12+010999999V0200701N003010090019N0200001N1+02021+01881101711ADDAA106000191AY161061AY251061GF108991081081004501999999KA1999N+01841MD1710161+9999MW1001REMSYN082AAXX  24061 59754 11470 80703 10202 20188 40171 57016 69911 70065 888// 333 20184;
0149597540999992000012412004+20370+110170FM-12+010999999V0200701N004010090019N0180001N1+01961+01821101801ADDAA106000791AY161061GF107991071081004501999999MD1210121+9999MW1001REMSYN072AAXX  24121 59754 11468 70704 10196 20182 40180 52012 69901 70060 878//;
0153597540999992000012421004+20370+110170FM-12+010999999V0200201N003010042019N0130001N1+01751+01621101931ADDAA124003391AY161031GF108991081071004501999999MD1210021+9999MW1601REMSYN076AAXX  24211 59754 41463 80203 10175 20162 40193 52002 76060 887// 333 70032;
0165597540999992000012500004+20370+110170FM-12+010999999V0200201N006010090019N0140001N1+01471+01211102161ADDAA106001091AY161061GF108991081081004501999999MD1210221+0401MW1601REMSYN088AAXX  25001 59754 11464 80206 10147 20121 40216 52022 60011 76060 888// 333 00454 70031;
0172597540999992000012506004+20370+110170FM-12+010999999V0200701N005010042019N0200001N1+01511+01061102231ADDAA106000191AY161061GF108991081071004501999999KA1999N+01441MD1710191+9999MW1601REMSYN082AAXX  25061 59754 11470 80705 10151 20106 40223 57019 69911 76060 887// 333 20144;
0149597540999992000012512004+20370+110170FM-12+010999999V0200401N003010090019N0150001N1+99999+99999102381ADDAA106000791AY161061GF108991081081004501999999MD1210151+9999MW1601REMSYN072AAXX  25121 59754 11465 80403 10751 20014 40238 52015 69901 76060 888//;
0139597540999992000012600004+20370+110170FM-12+010999999V0203601N004010090019N0150001N1+01181+00721102731ADDAA124000391GF108991081081004501999999MD1210251+0601REMSYN076AAXX  26001 59754 32465 83604 10118 20072 40273 52025 888// 333 00653 70003;
0165597540999992000012606004+20370+110170FM-12+010999999V0200201N004010090019N0200001N1+01341+00651102581ADDAA199000091GF108991081081004501999999KA1999N+01071MD1710291+9999REMSYN070AAXX  26061 59754 32470 80204 10134 20065 40258 57029 888// 333 20107;EQDQ01  00002PRCP99
0112597540999992000012621004+20370+110170FM-12+010999999V0200701N004010120019N0160001N1+01101+00371102711ADDGF107991071051012501999999MD1710021+9999REMSYN060AAXX  26211 59754 42666 70704 10110 20037 40271 57002 875//;
0165597540999992000012706004+20370+110170FM-12+010999999V0200401N005012200019N0250001N1+01421+00421102631ADDAA199000091GF101991011011004501001001KA1999N+01031MD1710271+9999REMSYN070AAXX  27061 59754 32475 10405 10142 20042 40263 57027 81100 333 20103;EQDQ01  00002PRCP99
0152597540999992000012712004+20370+110170FM-12+010999999V0200401N002012200019N0180001N1+01141+00561102601ADDAA199000091GA1001+999999999GF100991001001999999001001MD1210121+9999REMSYN054AAXX  27121 59754 32968 00402 10114 20056 40260 52012;EQDQ01  00002PRCP99
0112597540999992000012721004+20370+110170FM-12+010999999V0200201N002010150019N0160001N1+00901+00511102511ADDGF105991051051017501001001MD1710081+9999REMSYN060AAXX  27211 59754 42766 50202 1009/ 20051 40251 57008 85500;
0152597540999992000012800004+20370+110170FM-12+010999999V0200401N004010120019N0160001N1+01101+00581102681ADDAA199000091GF107991071051012501041999MD1210171+0021REMSYN070AAXX  28001 59754 32666 70404 10110 20058 40268 52017 8754/ 333 05201;EQDQ01  00002PRCP99
0165597540999992000012806004+20370+110170FM-12+010999999V0200701N005019999999N0200001N1+01841+01021102311ADDAA199000091GF107991001001999999001021KA1999N+00901MD1710401+9999REMSYN070AAXX  28061 59754 32970 70705 10184 20102 40231 57040 80002 333 20090;EQDQ01  00002PRCP99
0142597540999992000012812004+20370+110170FM-12+010999999V0200701N004010090019N0170001N1+01571+01221102321ADDAA199000091GF107991071081004501999999MD1210131+9999REMSYN060AAXX  28121 59754 32467 70704 10157 20122 40232 52013 878//;EQDQ01  00002PRCP99
0153597540999992000012821004+20370+110170FM-12+010999999V0200401N004010090019N0150001N1+01431+00921102351ADDAA124000791AY161031GF107991071081004501999999MD1710011+9999MW1211REMSYN076AAXX  28211 59754 41465 70404 10143 20092 40235 57001 72160 878// 333 79999;
0165597540999992000012900004+20370+110170FM-12+010999999V0200201N004010900019N0160001N1+01271+00711102531ADDAA106000791AY161061GF107991011011004501001021MD1210181-0101MW1001REMSYN088AAXX  29001 59754 11466 70204 10127 20071 40253 52018 69901 70060 81102 333 05102 79999;
0172597540999992000012906004+20370+110170FM-12+010999999V0200901N004010090019N0200001N1+01941+00971102391ADDAA106000791AY161061GF107991071081004501999999KA1999N+01261MD1710251+9999MW1001REMSYN082AAXX  29061 59754 11470 70904 10194 20097 40239 57025 69901 70060 878// 333 20126;
0139597540999992000013000004+20370+110170FM-12+010999999V0200201N005019999999N0180001N1+01211+00691102701ADDAA124000791GF106991051001999999041021MD1210091+0201REMSYN076AAXX  30001 59754 32968 60205 10121 20069 40270 52009 85042 333 00251 79999;
0165597540999992000013006004+20370+110170FM-12+010999999V0200901N007010900019N0200001N1+01761+00801102631ADDAA199000091GF107991011011004501001021KA1999N+01181MD1710251+9999REMSYN070AAXX  30061 59754 32470 70907 10176 20080 40263 57025 81102 333 20118;EQDQ01  00002PRCP99
0142597540999992000013012004+20370+110170FM-12+010999999V0200701N003012200019N0150001N1+01481+00981102701ADDAA199000091GF102991001001999999001021MD1210151+9999REMSYN060AAXX  30121 59754 32965 20703 10148 20098 40270 52015 80002;EQDQ01  00002PRCP99
0112597540999992000013021004+20370+110170FM-12+010999999V0200401N003010090019N0150001N1+01411+00791102591ADDGF107991071081004501999999MD1710141+9999REMSYN060AAXX  30211 59754 42465 70403 10141 20079 40259 57014 878//;
0152597540999992000013100004+20370+110170FM-12+010999999V0200201N003010090019N0160001N1+01221+00471102741ADDAA199000091GF108991081081004501999999MD1210141+0001REMSYN070AAXX  31001 59754 32466 80203 10122 20047 40274 52014 888// 333 00000;EQDQ01  00002PRCP99
0165597540999992000013106004+20370+110170FM-12+010999999V0203601N005010090019N0180001N1+01311+00511102691ADDAA199000091GF108991081081004501999999KA1999N+01211MD1710191+9999REMSYN070AAXX  31061 59754 32468 83605 10131 20051 40269 57019 888// 333 20121;EQDQ01  00002PRCP99
0142597540999992000013112004+20370+110170FM-12+010999999V0203601N004010090019N0150001N1+01101+00431102801ADDAA199000091GF108991081081004501999999MD1210191+9999REMSYN060AAXX  31121 59754 32465 83604 10110 20043 40280 52019 888//;EQDQ01  00002PRCP99
0112597540999992000013121004+20370+110170FM-12+010999999V0203401N006010120019N0150001N1+00881+00321102631ADDGF108991081051012501999999MD1710131+9999REMSYN060AAXX  31211 59754 42665 83406 10088 20032 40263 57013 885//;
0142597540999992000020100004+20370+110170FM-12+010999999V0203601N004010120019N0140001N1+00901+00391102801ADDAA199000091GF108991081051012501999999MD1210161+9999REMSYN060AAXX  01001 59754 32664 83604 10090 20039 40280 52016 885//;EQDQ01  00002PRCP99
0165597540999992000020106004+20370+110170FM-12+010999999V0200201N002010120019N0180001N1+01431+00571102441ADDAA199000091GF108991081051012501999999KA1999N+00861MD1710361+9999REMSYN070AAXX  01061 59754 32668 80202 10143 20057 40244 57036 885// 333 20086;EQDQ01  00002PRCP99
0112597540999992000020121004+20370+110170FM-12+010999999V0200201N003010120019N0120001N1+01191+00621102311ADDGF107991071051012501999999MD1710171+9999REMSYN060AAXX  01211 59754 42662 70203 10119 20062 40231 57017 875//;
0152597540999992000020200004+20370+110170FM-12+010999999V0200701N004010120019N0150001N1+01291+00851102391ADDAA199000091GF107991071051012501999999MD1210081+0041REMSYN070AAXX  02001 59754 32665 70704 10129 20085 40239 52008 875// 333 05404;EQDQ01  00002PRCP99
0165597540999992000020206004+20370+110170FM-12+010999999V0200701N005010360019N0220001N1+02011+01011102141ADDAA199000091GF106991031051012501041001KA1999N+01171MD1710331+9999REMSYN070AAXX  02061 59754 32672 60705 10201 20101 40214 57033 83540 333 20117;EQDQ01  00002PRCP99
0112597540999992000020221004+20370+110170FM-12+010999999V0200701N002019999999N0130001N1+01591+01431101961ADDGF106991061011999999001001MD1710141+9999REMSYN060AAXX  02211 59754 ///63 60702 10159 20143 40196 57014 86100;
0146597540999992000020300004+20370+110170FM-12+010999999V0200701N004019999999N0140001N1+01511+01291102101ADDAA199000091GF107991999999004501999999MD1210141+0031REMSYN064AAXX  03001 59754 32464 70704 10151 20129 40210 52014 333 05302;EQDQ01  00002PRCP99
0165597540999992000020306004+20370+110170FM-12+010999999V0200401N003012200019N0250001N1+02181+01411101881ADDAA199000091GF103991031011004501041001KA1999N+01351MD1710281+9999REMSYN070AAXX  03061 59754 32475 30403 10218 20141 40188 57028 83140 333 20135;EQDQ01  00002PRCP99
0112597540999992000020321004+20370+110170FM-12+010999999V0200701N002010090019N0120001N1+01781+01661101731ADDGF107991071081004501999999MD1710121+9999REMSYN060AAXX  03211 59754 42462 70702 10178 20166 40173 57012 878//;
0152597540999992000020400004+20370+110170FM-12+010999999V0200701N003010090019N0110001N1+01701+01581101861ADDAA199000091GF108991081081004501999999MD1210121+0021REMSYN070AAXX  04001 59754 32461 80703 10170 20158 40186 52012 888// 333 05202;EQDQ01  00002PRCP99
0165597540999992000020406004+20370+110170FM-12+010999999V0200901N005010090019N0200001N1+01881+01631101591ADDAA199000091GF108991081081004501999999KA1999N+01651MD1710341+9999REMSYN070AAXX  04061 59754 32470 80905 10188 20163 40159 57034 888// 333 20165;EQDQ01  00002PRCP99
0144597540999992000020421004+20370+110170FM-12+010999999V0202001N999999999999N0140001N1+01801+01651101711ADDAA124000791REMSYN070AAXX  04211 59754 /4264 /7004 10180 20165 40171 5700/ 878// 333 79999;EQDQ01+010401WOSPD Q02+000072APCTENQ03+000002APC3  
0131597540999992000020500004+20370+110170FM-12+010999999V02099999999999999999N0170001N1+01711+01541101881ADDAA106000791MD1210161+0001MW1211REMSYN088AAXX  05001 59754 11467 //405 10171 20154 40188 52016 69901 72100 86800 333 00000 79999;
0146597540999992000020506004+20370+110170FM-12+010999999V0200901N003010042019N0300001N1+02321+01561101651ADDAA199000021GF105991051011004501041001KA1999N+01681MD1710301+9999REMSYN070AAXX  05061 59754 32480 50903 10232 20156 40165 57030 85140 333 20168;
0123597540999992000020512004+20370+110170FM-12+010999999V0202501N002012200019N0150001N1+01801+01491101681ADDAA199000021GF101991011011004501001001MD1210101+9999REMSYN060AAXX  05121 59754 32465 12502 10180 20149 40168 52010 81100;
0152597540999992000020600004+20370+110170FM-12+010999999V0200201N002010120019N0130001N1+01281+00971101871ADDAA199000091GF107991071051012501999999MD1210121+0001REMSYN070AAXX  06001 59754 32663 70202 10128 20097 40187 52012 875// 333 00054;EQDQ01  00002PRCP99
0165597540999992000020606004+20370+110170FM-12+010999999V0202001N004010150019N0200001N1+02061+01351101591ADDAA199000091GF107991071051017501999999KA1999N+01171MD1710321+9999REMSYN070AAXX  06061 59754 32770 72004 10206 20135 40159 57032 875// 333 20117;EQDQ01  00002PRCP99
0142597540999992000020612004+20370+110170FM-12+010999999V0209999C000012200019N0130001N1+01641+01281101571ADDAA199000091GF102991001001999999001021MD1210111+9999REMSYN060AAXX  06121 59754 32963 20000 10164 20128 40157 52011 80002;EQDQ01  00002PRCP99
0112597540999992000020621004+20370+110170FM-12+010999999V0203401N003012200019N0120001N1+01291+01001101581ADDGF101991001001999999001021MD1710101+9999REMSYN060AAXX  06211 59754 42962 13403 10129 20100 40158 57010 80002;
0152597540999992000020700004+20370+110170FM-12+010999999V0203601N004019999999N0150001N1+01301+00931101691ADDAA199000091GF107991011001999999041021MD1210111+9999REMSYN070AAXX  07001 59754 32965 73604 10130 20093 40169 52011 81042 333 052/0;EQDQ01  00002PRCP99
0165597540999992000020706004+20370+110170FM-12+010999999V0200201N003010360019N0200001N1+02211+01251101551ADDAA199000091GF107991041011004501041021KA1999N+01251MD1710251+9999REMSYN070AAXX  07061 59754 32470 70203 10221 20125 40155 57025 84142 333 20125;EQDQ01  00002PRCP99
0112597540999992000020721004+20370+110170FM-12+010999999V0209999C000010090019N0150001N1+01401+00891101701ADDGF107991071081004501999999MD1710051+9999REMSYN060AAXX  07211 59754 42465 70000 10140 20089 40170 57005 878//;
0152597540999992000020800004+20370+110170FM-12+010999999V0200701N002019999999N0160001N1+01501+00921101871ADDAA199000091GF107991999999004501999999MD1210171+0021REMSYN070AAXX  08001 59754 32466 70702 10150 20092 40187 52017 78//0 333 00202;EQDQ01  00002PRCP99
0175597540999992000020806004+20370+110170FM-12+010999999V0200701N003012200019N0200001N1+01921+00921101641ADDAA199000091GA1001+999999999GF100991001001999999001001KA1999N+01351MD1710301+9999REMSYN064AAXX  08061 59754 32970 00703 10192 20092 40164 57030 333 20135;EQDQ01  00002PRCP99
0110597540999992000020812004+20370+110170FM-12+010999999V0200701N003012200019N9999999N1+99999+99999101731ADDGA1001+999999999GF100991001001999999001001MD1210121+9999REMSYN042AAXX  08121 59754 /329/ 00703 40173 52012;
0112597540999992000020821004+20370+110170FM-12+010999999V0209999C000010120019N0120001N1+01641-01341101621ADDGF107991071051012501999999MD1710111+9999REMSYN060AAXX  08211 59754 42662 70000 10164 21134 40162 57011 875//;
0168597540999992000020900004+20370+110170FM-12+010999999V0200701N004010360019N0160001N1+01641+01412101731ADDAA199000091GF107991011011004501041021MD1210101+0011REMSYN070AAXX  09001 59754 32466 70704 10164 20141 40173 52010 81142 333 05101;EQDQ01+001413ATOD  Q02  00002PRCP99
0080597540999992000020912004+20370+110170FM-12+010999999V02099999999999999999N0150001N1+01151+99999101501ADDMD1210111+9999REMSYN054AAXX  09121 59754 /2465 /20/3 10115 40150 52011 82100;
0112597540999992000020921004+20370+110170FM-12+010999999V0200701N002010090019N0120001N1+01801+01651999999ADDGF107991071081004501999999MD1710111+9999REMSYN060AAXX  09211 59754 42462 70702 10180 20165 4/74/ 57011 878//;
0164597540999992000021000004+20370+110170FM-12+010999999V0201101N002010042019N0090001N1+01781+01681101551ADDAA199000091GF106991051011004501001021MD1210111+0021MW1101REMSYN076AAXX  10001 59754 31459 61102 10178 20168 40155 52011 71000 85102 333 05201;EQDQ01  00002PRCP99
0165597540999992000021006004+20370+110170FM-12+010999999V0200901N004010042019N0250001N1+02361+01671101281ADDAA199000091GF106991061011004501001001KA1999N+01721MD1710331+9999REMSYN070AAXX  10061 59754 32475 60904 10236 20167 40128 57033 86100 333 20172;EQDQ01  00002PRCP99
0112597540999992000021021004+20370+110170FM-12+010999999V0200701N002010090019N0120001N1+01921+01821101361ADDGF107991071081004501999999MD1710051+9999REMSYN060AAXX  10211 59754 42462 70702 10192 20182 40136 57005 878//;
0152597540999992000021100004+20370+110170FM-12+010999999V0201101N003012200019N0130001N1+01881+01821101481ADDAA199000091GF104991031011004501041021MD1210111+0011REMSYN070AAXX  11001 59754 32463 41103 10188 20182 40148 52011 83142 333 05101;EQDQ01  00002PRCP99
0165597540999992000021106004+20370+110170FM-12+010999999V0201101N004012200019N0280001N1+02461+01731101251ADDAA199000091GF103991031011004501001001KA1999N+01871MD1710321+9999REMSYN070AAXX  11061 59754 32478 31104 10246 20173 40125 57032 83100 333 20187;EQDQ01  00002PRCP99
0128597540999992000021112004+20370+110170FM-12+010999999V0201101N004019999999N0170001N1+02041+01881101351ADDAA199000091GF107991999999004501999999REMSYN060AAXX  11121 59754 32467 71104 10204 20188 40135 92017 871//;EQDQ01  00002PRCP99
0157597540999992000021200004+20370+110170FM-12+010999999V0200901N003010090019N0130001N1+01961+01861101431ADDAA106000791GF108991081081004501999999MD1210131-0101MW1601REMSYN088AAXX  12001 59754 11463 80903 10196 20186 40143 52013 69901 76000 888// 333 05101 79999;
0172597540999992000021206004+20370+110170FM-12+010999999V0201101N005010090019N0280001N1+02431+01731101261ADDAA106000791AY161061GF107991071081004501999999KA1999N+01951MD1710251+9999MW1001REMSYN082AAXX  12061 59754 11478 71105 10243 20173 40126 57025 69901 70060 878// 333 20195;
0133597540999992000021221004+20370+110170FM-12+010999999V0201101N003010090019N0130001N1+02011+01931101101ADDAA124000791GF107991071081004501999999MD1710071+9999REMSYN070AAXX  12211 59754 42463 71103 10201 20193 40110 57007 878// 333 79999;
0157597540999992000021300004+20370+110170FM-12+010999999V0201101N003010090019N0130001N1+02001+01921101261ADDAA106000791GF107991071081004501999999MD1210161-0201MW1601REMSYN088AAXX  13001 59754 11463 71103 10200 20192 40126 52016 69901 76000 878// 333 05200 79999;
0146597540999992000021306004+20370+110170FM-12+010999999V0201101N004010042019N0280001N1+02591+01881101051ADDAA199000021GF105991051011004501001001KA1999N+01971MD1710301+9999REMSYN070AAXX  13061 59754 32478 51104 10259 20188 40105 57030 85100 333 20197;
0123597540999992000021312004+20370+110170FM-12+010999999V0201101N006010042019N0160001N1+02121+01961101061ADDAA199000021GF107991071011004501999999MD1210141+9999REMSYN060AAXX  13121 59754 32466 71106 10212 20196 40106 52014 871//;
0133597540999992000021321004+20370+110170FM-12+010999999V0201101N003010090019N0140001N1+02071+01991101131ADDAA124000791GF107991071081004501999999MD1710031+9999REMSYN070AAXX  13211 59754 42464 71103 10207 20199 40113 57003 878// 333 79999;
0152597540999992000021400004+20370+110170FM-12+010999999V0201101N003010090019N0110001N1+02071+02011101401ADDAA199000091GF107991071081004501999999MD1210271+0011REMSYN070AAXX  14001 59754 32461 71103 10207 20201 40140 52027 878// 333 00101;EQDQ01  00002PRCP99
0165597540999992000021406004+20370+110170FM-12+010999999V0201101N001010090019N0280001N1+02631+01751101281ADDAA199000091GF105991051081004501001001KA1999N+02051MD1710231+9999REMSYN070AAXX  14061 59754 32478 51101 10263 20175 40128 57023 85800 333 20205;EQDQ01  00002PRCP99
0142597540999992000021412004+20370+110170FM-12+010999999V0200901N002010090019N0160001N1+02031+01921101411ADDAA199000091GF107991071081004501999999MD1210171+9999REMSYN060AAXX  14121 59754 32466 70902 10203 20192 40141 52017 878//;EQDQ01  00002PRCP99
0153597540999992000021421004+20370+110170FM-12+010999999V0200701N003010090019N0120001N1+02021+01931101531ADDAA124000791AY161031GF107991071081004501999091MD1410001+9999MW1211REMSYN076AAXX  14211 59754 41462 70703 10202 20193 40153 54000 72160 878/9 333 79999;
0165597540999992000021500004+20370+110170FM-12+010999999V0200701N004010090019N0180001N1+01881+01561101821ADDAA106000791AY161061GF108991081081004501999999MD1210281+0401MW1001REMSYN088AAXX  15001 59754 11468 80704 10188 20156 40182 52028 69901 70060 888// 333 00452 79999;
0146597540999992000021506004+20370+110170FM-12+010999999V0200701N003010090019N0200001N1+01971+01591101691ADDAA199000021GF108991081081004501999999KA1999N+01861MD1710271+9999REMSYN070AAXX  15061 59754 32470 80703 10197 20159 40169 57027 888// 333 20186;
0127597540999992000021521004+20370+110170FM-12+010999999V0201101N005010090019N0130001N1+01851+99999101571ADDAA124000791GF106991051081004501041001MD1710131+9999REMSYN064AAXX  15211 59754 42463 61105 10185 40157 57013 85840 333 79999;
0152597540999992000021600004+20370+110170FM-12+010999999V0200901N004010090019N0120001N1+01841+01671101711ADDAA199000091GF107991071081004501999999MD1210141+0011REMSYN070AAXX  16001 59754 32462 70904 10184 20167 40171 52014 878// 333 05100;EQDQ01  00002PRCP99
0165597540999992000021606004+20370+110170FM-12+010999999V0201101N005010042019N0200001N1+02341+01711101481ADDAA199000091GF105991051011004501041001KA1999N+01781MD1710251+9999REMSYN070AAXX  16061 59754 32470 51105 10234 20171 40148 57025 85140 333 20178;EQDQ01  00002PRCP99
0142597540999992000021612004+20370+110170FM-12+010999999V0200901N005010090019N0160001N1+02021+01751101521ADDAA199000091GF108991081081004501999999MD1210131+9999REMSYN060AAXX  16121 59754 32466 80905 10202 20175 40152 52013 888//;EQDQ01  00002PRCP99
0145597540999992000021621004+20370+110170FM-12+010999999V0200701N002010042019N0130001N1+01931+01831101511ADDAA124000791GF107991071071004501999999MD1710101+9999MW1601REMSYN076AAXX  16211 59754 41463 70702 10193 20183 40151 57010 76000 877// 333 79999;
0172597540999992000021706004+20370+110170FM-12+010999999V0200701N006010090019N0180001N1+02001+01791101501ADDAA106000191AY161061GF108991081081004501999999KA1999N+01881MD1710321+9999MW1001REMSYN082AAXX  17061 59754 11468 80706 10200 20179 40150 57032 69911 70060 888// 333 20188;
0133597540999992000021721004+20370+110170FM-12+010999999V0201101N003010090019N0120001N1+01981+01921101351ADDAA124000191GF107991071081004501999999MD1710071+9999REMSYN070AAXX  17211 59754 42462 71103 10198 20192 40135 57007 878// 333 70001;
0139597540999992000021800004+20370+110170FM-12+010999999V0200901N003010090019N0120001N1+02021+01941101461ADDAA124000191GF107991071081004501999999MD1210111-0201REMSYN076AAXX  18001 59754 32462 70903 10202 20194 40146 52011 878// 333 05201 70001;
0133597540999992000021801004+20370+110170FM-12+010999999V0200901N003010090019N0120001N1+02021+01941101461ADDAA124000191GF107991071081004501999999MD1999999-0201REMSYN070AAXX  18011 59754 32462 70903 10202 20194 40146 878// 333 05201 70001;
0172597540999992000021806004+20370+110170FM-12+010999999V0201101N003010042019N0150001N1+02221+02071101251ADDAA106000791AY161061GF108991081071004501999999KA1999N+01931MD1710281+9999MW1601REMSYN082AAXX  18061 59754 11465 81103 10222 20207 40125 57028 69901 76060 887// 333 20193;
0149597540999992000021812004+20370+110170FM-12+010999999V0200901N004010090019N0130001N1+02111+02051101121ADDAA106000191AY161061GF108991081081004501999999MD1210051+9999MW1001REMSYN072AAXX  18121 59754 11463 80904 10211 20205 40112 52005 69911 70060 888//;
0151597540999992000021900004+20370+110170FM-12+010999999V0201101N002012200019N0050001N1+02061+02031101101ADDAA124000191GF102991021001999999041001MD1210131-0401MW1101REMSYN082AAXX  19001 59754 31950 21102 10206 20203 40110 52013 71000 82040 333 05400 70001;
0165597540999992000021906004+20370+110170FM-12+010999999V0202201N003012200019N0300001N1+02971+02011100791ADDAA199000091GF101991011011004501041001KA1999N+02011MD1710341+9999REMSYN070AAXX  19061 59754 32480 12203 10297 20201 40079 57034 81140 333 20201;EQDQ01  00002PRCP99
0136597540999992000021912004+20370+110170FM-12+010999999V0209999C000012200019N0160001N1+02391+02071999999ADDAA199000091GF101991001001999999001021MD1210171+9999REMSYN054AAXX  19121 59754 32966 10000 10239 20207 52017 80002;EQDQ01  00002PRCP99
0086597540999992000021921004+20370+110170FM-12+010999999V0201401N003012200019N0130001N1+02151+99999100731ADDGF102991021001999999041001REMSYN048AAXX  19211 59754 42963 21403 10215 40073 82040;
0152597540999992000022000004+20370+110170FM-12+010999999V0201401N001010900019N0120001N1+02151+02061100891ADDAA199000091GF105991021051012501041021MD1210151+0021REMSYN070AAXX  20001 59754 32662 51401 10215 20206 40089 52015 82542 333 05201;EQDQ01  00002PRCP99
0165597540999992000022006004+20370+110170FM-12+010999999V0202201N005010360019N0300001N1+03231+02101100781ADDAA199000091GF107991011011004501041021KA1999N+02081MD1710221+9999REMSYN070AAXX  20061 59754 32480 72205 10323 20210 40078 57022 81142 333 20208;EQDQ01  00002PRCP99
0173597540999992000022100004+20370+110170FM-12+010999999V0200701N006010042019N0120001N1+01751+01651101211ADDAA106000791AY161061AY261061GF108991081071004501999999MD1210161+0301MW1611REMSYN088AAXX  21001 59754 11462 80706 10175 20165 40121 52016 69901 76166 887// 333 00354 79999;
0172597540999992000022106004+20370+110170FM-12+010999999V0200401N003010042019N0120001N1+01881+01801101151ADDAA106000791AY161061GF108991081071004501999999KA1999N+01741MD1710251+9999MW1611REMSYN082AAXX  21061 59754 11462 80403 10188 20180 40115 57025 69901 76160 887// 333 20174;
0145597540999992000022121004+20370+110170FM-12+010999999V0200401N002010090019N0080001N1+02021+02001101011ADDAA124000791GF108991081081004501999999MD1710081+9999MW1101REMSYN076AAXX  21211 59754 41458 80402 10202 20200 40101 57008 71000 888// 333 79999;
0165597540999992000022200004+20370+110170FM-12+010999999V0203601N004010042019N0130001N1+01761+01681101231ADDAA106000791AY161061GF108991081071004501999999MD1210211+0001MW1601REMSYN088AAXX  22001 59754 11463 83604 10176 20168 40123 52021 69901 76060 887// 333 00000 79999;
0172597540999992000022206004+20370+110170FM-12+010999999V0200401N004010090019N0220001N1+02271+01861101091ADDAA106000791AY161061GF107991071081004501999999KA1999N+01741MD1710241+9999MW1001REMSYN082AAXX  22061 59754 11472 70404 10227 20186 40109 57024 69901 70060 878// 333 20174;
0123597540999992000022212004+20370+110170FM-12+010999999V0200401N004010090019N0150001N1+01821+01691100991ADDAA199000021GF107991071081004501999999MD1410001+9999REMSYN060AAXX  22121 59754 32465 70404 10182 20169 40099 54000 878//;
0153597540999992000022221004+20370+110170FM-12+010999999V0203601N004010120019N0090001N1+01881+01851100991ADDAA124000391AY151031GF108991081051012501999999MD1210041+9999MW1601REMSYN076AAXX  22211 59754 41659 83604 10188 20185 40099 52004 76050 885// 333 70002;
0173597540999992000022300004+20370+110170FM-12+010999999V0200401N003010042019N0120001N1+01781+01701101231ADDAA106000191AY161061AY251061GF108991081071004501999999MD1210231+0001MW1601REMSYN088AAXX  23001 59754 11462 80403 10178 20170 40123 52023 69911 76065 887// 333 00000 70002;
0172597540999992000022306004+20370+110170FM-12+010999999V0203601N004010090019N0200001N1+01821+01651101211ADDAA106000791AY161061GF108991081081004501999999KA1999N+01761MD1710141+9999MW1001REMSYN082AAXX  23061 59754 11470 83604 10182 20165 40121 57014 69901 70060 888// 333 20176;
0149597540999992000022312004+20370+110170FM-12+010999999V0200401N004010042019N0120001N1+01611+01521101301ADDAA106000791AY161061GF108991081071004501999999MD1219999+9999MW1611REMSYN072AAXX  23121 59754 11462 80404 10161 20152 40130 52/15 69901 76160 887//;
0153597540999992000022321004+20370+110170FM-12+010999999V0200401N003010042019N0120001N1+01541+01441101481ADDAA124000791AY161031GF108991081071004501999999MD1710011+9999MW1601REMSYN076AAXX  23211 59754 41462 80403 10154 20144 40148 57001 76060 887// 333 79999;
0165597540999992000022400004+20370+110170FM-12+010999999V0200401N003010042019N0110001N1+01481+01411101701ADDAA106000791AY161061GF108991081071004501999999MD1210221+0501MW1611REMSYN088AAXX  24001 59754 11461 80403 10148 20141 40170 52022 69901 76160 887// 333 00553 79999;
0180597540999992000022406004+20370+110170FM-12+010999999V0203601N003010042019N0180001N1+01541+01361101621ADDAA106000191AY161061AY261061GF108991081071004501999999KA1999N+01481MD1710221+9999MW1611REMSYN082AAXX  24061 59754 11468 83603 10154 20136 40162 57022 69911 76166 887// 333 20148;
0161597540999992000022421004+20370+110170FM-12+010999999V0200401N003010042019N0110001N1+01331+01261101681ADDAA124002391AY161031AY261031GF108991081071004501999999MD1210031+9999MW1611REMSYN076AAXX  24211 59754 41461 80403 10133 20126 40168 52003 76166 887// 333 70022;
0167597540999992000022500004+20370+110170FM-12+010999999V0203601N004010042019N0110001N1+01261+01191101931ADDAA106001091AY161061AY261061GF108991081071004501999999MD1210241+0021MW1611REMSYN082AAXX  25001 59754 11461 83604 10126 20119 40193 52024 60011 76166 887// 333 00252;
0180597540999992000022506004+20370+110170FM-12+010999999V0203601N004010042019N0150001N1+01181+01081101911ADDAA106000591AY161061AY261061GF108991081071004501999999KA1999N+01161MD1710181+9999MW1611REMSYN082AAXX  25061 59754 11465 83604 10118 20108 40191 57018 69951 76166 887// 333 20116;
0149597540999992000022512004+20370+110170FM-12+010999999V0203601N002010042019N0140001N1+01121+01001102021ADDAA106999999AY161061GF108991081071004501999999MD1210131+9999MW1601REMSYN072AAXX  25121 59754 11464 83602 10112 20100 40202 52013 69/11 76060 887//;
0133597540999992000022521004+20370+110170FM-12+010999999V0203601N004010090019N0150001N1+01061+00861102081ADDAA124001091GF108991081081004501999999MD1710061+9999REMSYN070AAXX  25211 59754 42465 83604 10106 20086 40208 57006 888// 333 70011;
0172597540999992000022606004+20370+110170FM-12+010999999V0200401N002010090019N0220001N1+01331+00811102141ADDAA106000791AY161061GF108991081081004501999999KA1999N+01021MD1710221+9999MW1001REMSYN082AAXX  26061 59754 11472 80402 10133 20081 40214 57022 69901 70060 888// 333 20102;
0142597540999992000022612004+20370+110170FM-12+010999999V0203601N002010120019N0160001N1+01271+00801102131ADDAA199000091GF107991071051012501999999MD1210121+9999REMSYN060AAXX  26121 59754 32666 73602 10127 20080 40213 52012 875//;EQDQ01  00002PRCP99
0133597540999992000022621004+20370+110170FM-12+010999999V0200401N003010120019N0150001N1+01261+00861102011ADDAA124000791GF108991081051012501999999MD1710171+9999REMSYN070AAXX  26211 59754 42665 80403 10126 20086 40201 57017 885// 333 79999;
0139597540999992000022700004+20370+110170FM-12+010999999V0200401N003010090019N0160001N1+01291+00781102121ADDAA124000791GF107991071081004501999999MD1210111-0201REMSYN076AAXX  27001 59754 32466 70403 10129 20078 40212 52011 878// 333 05203 79999;
0165597540999992000022706004+20370+110170FM-12+010999999V0200401N004019999999N0200001N1+01471+00791101981ADDAA199000091GF107991011081004501999999KA1999N+01181MD1710191+9999REMSYN070AAXX  27061 59754 32470 70404 10147 20079 40198 57019 818// 333 20118;EQDQ01  00002PRCP99
0133597540999992000022721004+20370+110170FM-12+010999999V0203601N003010120019N0130001N1+01191+01021101871ADDAA124000791GF107991071051012501999999MD1710161+9999REMSYN070AAXX  27211 59754 42663 73603 10119 20102 40187 57016 875// 333 79999;
0139597540999992000022800004+20370+110170FM-12+010999999V0203601N003010090019N0120001N1+01121+00961102061ADDAA124000791GF108991081081004501999999MD1210191-0101REMSYN076AAXX  28001 59754 32462 83603 10112 20096 40206 52019 888// 333 05152 79999;
0172597540999992000022806004+20370+110170FM-12+010999999V0203601N003010090019N0250001N1+01381+01061101981ADDAA106000191AY161061GF108991081081004501999999KA1999N+01111MD1710271+9999MW1001REMSYN082AAXX  28061 59754 11475 83603 10138 20106 40198 57027 69911 70060 888// 333 20111;
0142597540999992000022812004+20370+110170FM-12+010999999V0200201N003010090019N0130001N1+01311+01101102031ADDAA199000091GF108991081081004501999999MD1210111+9999REMSYN060AAXX  28121 59754 32463 80203 10131 20110 40203 52011 888//;EQDQ01  00002PRCP99
0153597540999992000022821004+20370+110170FM-12+010999999V0203601N003010042019N0110001N1+01181+01081102141ADDAA124000591AY161031GF108991081071004501999999MD1710081+9999MW1601REMSYN076AAXX  28211 59754 41461 83603 10118 20108 40214 57008 76060 887// 333 70004;
0167597540999992000022900004+20370+110170FM-12+010999999V0203601N004019999999N0130001N1+01141+01021102241ADDAA106000891AY161061AY281061GF108991999999004501999999MD1210101+0201MW1611REMSYN082AAXX  29001 59754 /1463 83604 10114 20102 40224 52010 69971 76168 333 00200 70008;
0180597540999992000022906004+20370+110170FM-12+010999999V0200401N002010042019N0120001N1+01241+01151102061ADDAA106001091AY161061AY261061GF108991081071004501999999KA1999N+01121MD1710211+9999MW1611REMSYN082AAXX  29061 59754 11462 80402 10124 20115 40206 57021 60011 76166 887// 333 20112;
0161597540999992000022921004+20370+110170FM-12+010999999V0203601N003010042019N0110001N1+01101+01021102041ADDAA124024491AY161031AY261031GF108991081071004501999999MD1710131+9999MW1611REMSYN076AAXX  29211 59754 41461 83603 10110 20102 40204 57013 76166 887// 333 70245;
0173597540999992000030100004+20370+110170FM-12+010999999V0200401N003010042019N0110001N1+01231+01151102131ADDAA106004191AY161061AY261061GF108991081071004501999999MD1210091-0101MW1601REMSYN088AAXX  01001 59754 11461 80403 10123 20115 40213 52009 60041 76066 887// 333 05101 70260;
0180597540999992000030106004+20370+110170FM-12+010999999V0203601N004010042019N0120001N1+01331+01261102031ADDAA106010991AY161061AY261061GF108991081071004501999999KA1999N+01061MD1710191+9999MW1611REMSYN082AAXX  01061 59754 11462 83604 10133 20126 40203 57019 60111 76166 887// 333 20106;
0161597540999992000030121004+20370+110170FM-12+010999999V0203601N003010042019N0110001N1+01181+01141101851ADDAA124021891AY161031AY261031GF108991081071004501999999MD1710101+9999MW1611REMSYN076AAXX  01211 59754 41461 83603 10118 20114 40185 57010 76166 887// 333 70218;
0180597540999992000031406004+20370+110170FM-12+010999999V0200401N003010042019N0200001N1+02361+02171101121ADDAA106000791AY161061AY251061GF107991071011004501999999KA1999N+01831MD1710331+9999MW1001REMSYN082AAXX  14061 59754 11470 70403 10236 20217 40112 57033 69901 70065 871// 333 20183;
0142597540999992000031412004+20370+110170FM-12+010999999V0201101N004010090019N0130001N1+02281+02221101111ADDAA199000091GF107991071081004501999999MD1210161+9999REMSYN060AAXX  14121 59754 32463 71104 10228 20222 40111 52016 878//;EQDQ01  00002PRCP99
0159597540999992000031500004+20370+110170FM-12+010999999V0200701N002010090019N0100001N1+02241+02211101251ADDAA124000791AY141061GF107991071081004501999999MD1210121-0201MW1001REMSYN082AAXX  15001 59754 31460 70702 10224 20221 40125 52012 70040 878// 333 05203 79999;
0165597540999992000032406004+20370+110170FM-12+010999999V0200401N006010042019N0250001N1+02261+01661101711ADDAA199000091GF107991061011004501001021KA1999N+01981MD1710191+9999REMSYN070AAXX  24061 59754 32475 70406 10226 20166 40171 57019 86102 333 20198;EQDQ01  00002PRCP99
0142597540999992000032412004+20370+110170FM-12+010999999V0200401N003010090019N0180001N1+02021+01641101701ADDAA199000091GF108991081081004501999999MD1210121+9999REMSYN060AAXX  24121 59754 32468 80403 10202 20164 40170 52012 888//;EQDQ01  00002PRCP99
0112597540999992000032421004+20370+110170FM-12+010999999V0200901N004010090019N0130001N1+02111+01921101721ADDGF107991071081004501999999MD1710091+9999REMSYN060AAXX  24211 59754 42463 70904 10211 20192 40172 57009 878//;
0157597540999992000032500004+20370+110170FM-12+010999999V0200901N004010042019N0130001N1+02131+01941101901ADDAA106000791GF107991071071004501999999MD1210171+0101MW1601REMSYN088AAXX  25001 59754 11463 70904 10213 20194 40190 52017 69901 76000 877// 333 00101 79999;
0172597540999992000032506004+20370+110170FM-12+010999999V0200901N006010360019N0220001N1+02581+01931101701ADDAA106000791AY161061GF107991011011004501041999KA1999N+02011MD1710311+9999MW1001REMSYN082AAXX  25061 59754 11472 70906 10258 20193 40170 57031 69901 70060 8114/ 333 20201;
0123597540999992000032512004+20370+110170FM-12+010999999V0203601N004010090019N0150001N1+02121+01831999999ADDAA199000021GF107991071081004501999999MD1210191+9999REMSYN060AAXX  25121 59754 32465 73604 10212 20183 4/178 52019 878//;
0133597540999992000032521004+20370+110170FM-12+010999999V0203601N002010090019N0012001N1+02021+01861101951ADDAA124000791GF107991071081004501999999MD1710011+9999REMSYN070AAXX  25211 59754 42412 73602 10202 20186 40195 57001 878// 333 79999;
0139597540999992000032600004+20370+110170FM-12+010999999V0203601N003010090019N0150001N1+01991+01611102081ADDAA124000791GF107991071081004501999999MD1210121+0201REMSYN076AAXX  26001 59754 32465 73603 10199 20161 40208 52012 878// 333 00251 79999;
0165597540999992000032606004+20370+110170FM-12+010999999V0200901N005012200019N0180001N1+02491+01591101871ADDAA199000091GF102991011011004501041021KA1999N+01961MD1710261+9999REMSYN070AAXX  26061 59754 32468 20905 10249 20159 40187 57026 81142 333 20196;EQDQ01  00002PRCP99
0122597540999992000032621004+20370+110170FM-12+010999999V0209999C000012200019N0100001N1+01781+01541101661ADDGA1001+999999999GF100991001001999999001001MD1710151+9999REMSYN054AAXX  26211 59754 42960 00000 10178 20154 40166 57015;
0164597540999992000032700004+20370+110170FM-12+010999999V0209999C000012200019N0090001N1+01861+01591101811ADDAA199000091GF102991001001999999001021MD1210141+0031MW1101REMSYN076AAXX  27001 59754 31959 20000 10186 20159 40181 52014 71000 80002 333 05351;EQDQ01  00002PRCP99
0134597540999992000032721004+20370+110170FM-12+010999999V0203201N002012200019N0080001N1+01831+01751101481ADDGA1001+999999999GF100991001001999999001001MD1710111+9999MW1101REMSYN060AAXX  27211 59754 41958 03202 10183 20175 40148 57011 71000;
0164597540999992000032800004+20370+110170FM-12+010999999V0209999C000012200019N0070001N1+01881+01781101631ADDAA199000091GF103991031001999999041001MD1210141+0021MW1101REMSYN076AAXX  28001 59754 31957 30000 10188 20178 40163 52014 71000 83040 333 05200;EQDQ01  00002PRCP99
0165597540999992000032806004+20370+110170FM-12+010999999V0201401N003012200019N0180001N1+02691+01971101311ADDAA199000091GF101991011011004501001001KA1999N+01761MD1710301+9999REMSYN070AAXX  28061 59754 32468 11403 10269 20197 40131 57030 81100 333 20176;EQDQ01  00002PRCP99
0152597540999992000032900004+20370+110170FM-12+010999999V0209999C000012200019N0110001N1+01871+01461101751ADDAA199000091GF101991011001999999041001MD1210191+0011REMSYN070AAXX  29001 59754 32961 10000 10187 20146 40175 52019 81040 333 00100;EQDQ01  00002PRCP99
0122597540999992000032921004+20370+110170FM-12+010999999V0203601N001012200019N0110001N1+02061+01931101391ADDGA1001+999999999GF100991001001999999001001MD1710071+9999REMSYN054AAXX  29211 59754 /2961 03601 10206 20193 40139 57007;
0152597540999992000033000004+20370+110170FM-12+010999999V0200401N003012200019N0120001N1+02201+02021101491ADDAA199000091GF101991011011004501001001MD1210091+0031REMSYN070AAXX  30001 59754 32462 10403 10220 20202 40149 52009 81100 333 05303;EQDQ01  00002PRCP99
0165597540999992000033006004+20370+110170FM-12+010999999V0200901N005010042019N0220001N1+99999+99999101171ADDAA199000091GF107991071011004501001001KA1999N+02051MD1710291+9999REMSYN070AAXX  30061 59754 32472 70905 1/283 20212 40117 57029 87100 333 20205;EQDQ01  00002PRCP99
0142597540999992000033012004+20370+110170FM-12+010999999V0200901N004010042019N0150001N1+02331+02131101001ADDAA199000091GF107991071011004501999999MD1010201+9999REMSYN060AAXX  30121 59754 32465 70904 10233 20213 40100 50020 871//;EQDQ01  00002PRCP99
0112597540999992000033021004+20370+110170FM-12+010999999V0200901N002010042019N0110001N1+02251+02191100851ADDGF107991071011004501999999MD1710111+9999REMSYN060AAXX  30211 59754 42461 70902 10225 20219 40085 57011 871//;
0164597540999992000033100004+20370+110170FM-12+010999999V0201101N002010042019N0090001N1+02271+02231100951ADDAA199000091GF107991071011004501999999MD1210101+0051MW1101REMSYN076AAXX  31001 59754 31459 71102 10227 20223 40095 52010 71000 871// 333 05501;EQDQ01  00002PRCP99
0165597540999992000033106004+20370+110170FM-12+010999999V0202201N003012200019N0280001N1+03001+02011100631ADDAA199000091GF104991011011004501001021KA1999N+02241MD1710301+9999REMSYN070AAXX  31061 59754 32478 42203 10300 20201 40063 57030 81102 333 20224;EQDQ01  00002PRCP99
0122597540999992000033121004+20370+110170FM-12+010999999V0209999C000012200019N0120001N1+02241+02061100471ADDGA1001+999999999GF100991001001999999001001MD1710081+9999REMSYN054AAXX  31211 59754 42962 00000 10224 20206 40047 57008;
0146597540999992000040106004+20370+110170FM-12+010999999V0202201N001012200019N0280001N1+03201+02161100391ADDAA199000091GF101991011011004501001021MD1710321+9999REMSYN064AAXX  01061 59754 32478 12201 10320 20216 40039 57032 81102 333;EQDQ01  00002PRCP99
0112597540999992000040121004+20370+110170FM-12+010999999V0200901N002010042019N0110001N1+02411+02351100521ADDGF106991061011004501001011MD1710011+9999REMSYN060AAXX  01211 59754 42461 60902 10241 20235 40052 57001 86101;
0165597540999992000040206004+20370+110170FM-12+010999999V0201601N004012200019N0280001N1+03411+02331100411ADDAA199000091GF102991011011004501041001KA1999N+02411MD1710261+9999REMSYN070AAXX  02061 59754 32478 21604 10341 20233 40041 57026 81140 333 20241;EQDQ01  00002PRCP99
0122597540999992000040221004+20370+110170FM-12+010999999V0201101N002012200019N0130001N1+02481+02301100551ADDGA1001+999999999GF100991001001999999001001MD1710101+9999REMSYN054AAXX  02211 59754 42963 01102 10248 20230 40055 57010;
0152597540999992000040300004+20370+110170FM-12+010999999V0201401N003010042019N0160001N1+02551+02301100801ADDAA199000091GF107991061041004501041999MD1210241+0011REMSYN070AAXX  03001 59754 32466 71403 10255 20230 40080 52024 8644/ 333 00101;EQDQ01  00002PRCP99
0162597540999992000040312004+20370+110170FM-12+010999999V0201101N002010042019N0130001N1+99999+99999100801ADDAA199000091AY191061GF107991071041004501999091MD1210181+9999MW1001REMSYN066AAXX  03121 59754 31463 71102 102/4 20226 40080 52018 70090 874/9;EQDQ01  00002PRCP99
0133597540999992000040321004+20370+110170FM-12+010999999V0203601N004010090019N0130001N1+02201+01851100901ADDAA124002891GF108991081081004501999999MD1710041+9999REMSYN070AAXX  03211 59754 42463 83604 10220 20185 40090 57004 888// 333 70029;
0139597540999992000040400004+20370+110170FM-12+010999999V0200201N003010090019N0150001N1+02171+01871101051ADDAA124002891GF108991081081004501999999MD1210151+0201REMSYN076AAXX  04001 59754 32465 80203 10217 20187 40105 52015 888// 333 00254 70029;
0172597540999992000040406004+20370+110170FM-12+010999999V0209999C000010042019N0250001N1+02441+02091100921ADDAA106000891AY181061GF108991081011004501999999KA1999N+02151MD1710311+9999MW1001REMSYN082AAXX  04061 59754 11475 80000 10244 20209 40092 57031 69981 70080 881// 333 20215;
0142597540999992000040412004+20370+110170FM-12+010999999V0200701N003010042019N0150001N1+02341+02071100851ADDAA199000091GF107991071011004501999999MD1210111+9999REMSYN060AAXX  04121 59754 32465 70703 10234 20207 40085 52011 871//;EQDQ01  00002PRCP99
