0223603950999992000011300004+36700+004050FM-12+019599999V0209999C000010300019N0200001N1+00751+00641102521ADDAA106000591AC13C9AY161061AY211061GA1031+012009089GA2051+030009049GF108991031021012501071999MD1810061+9999MW1031REMSYN100AAXX  13004 60395 11670 80000 10075 20064 40252 58006 69961 70361 8327/ 333 0//53 83840 85460 95990;
0180603950999992000011400004+36700+004050FM-12+019599999V0209999C00001036001CN0150001N1+00651+00491101981ADDAA199000091GA1011+012009089GA2031+015009069GF107991041081012501071999REMSYN080    AAXX  14004 60395 32665 70000 10065 20049 40198 8487/ 333 81840 83650 95990;EQDQ01  00002PRCP99
0137603950999992000012200004+36700+004050FM-12+019599999V0209999C000012200019N0200001N1+00581+99999102461ADDAA118039991GA1001+999999999GF100991001001999999001001MD1410001+9999REMSYN058AAXX  22004 60395 32970 00000 10058 40246 54000 333 60403;
0133603950999992000021812004+36700+004050FM-12+019599999V0202601N002112200019N0200001N1+01851+01131102561ADDAA124284091GF102991021021012501001001MD1810041+9999REMSYN070AAXX  18124 60395 32670 22604 10185 20113 40256 58004 82200 333 72840;
0144603950999992000021815004+36700+004050FM-12+019599999V0202801N003112200019N0200001N1+02001+00921102351ADDGA1011+012009089GF102991011021012501001001MD1710201+9999REMSYN076AAXX  18154 60395 42670 22806 10200 20092 40235 57020 81200 333 81840 95900;
0126603950999992000022003004+36700+004050FM-12+019599999V0209999C000012200019N0200001N1+00851+00641102061ADDGA1001+999999999GF100991001001999999001001MD1810021+9999REMSYN058AAXX  20034 60395 42970 00000 10085 20064 40206 58002 333;
0132603950999992000022109004+36700+004050FM-12+019599999V0209999C000012200019N0200001N1+01021+00771102641ADDGA1001+999999999GF100991001001999999001001MD1210131+9999REMSYN064AAXX  21094 60395 42970 00000 10102 20077 40264 52013 333 95900;
0126603950999992000030115004+36700+004050FM-12+019599999V0202801N006212200019N0150001N1+02071+01271101831ADDGA1001+999999999GF100991001001999999001001MD1610201+9999REMSYN058AAXX  01154 60395 42965 02812 10207 20127 40183 5602/ 333;
0132603950999992000031003004+36700+004050FM-12+019599999V0209999C000012200019N0200001N1+00801+00341102881ADDGA1001+999999999GF100991001001999999001001MD1810041+9999REMSYN064AAXX  10034 60395 42970 00000 10080 20034 40288 58004 333 9599<;
0190603950999992000031312004+36700+004050FM-12+019599999V0202601N001010690019N0150001N1+02301+01131102071ADDAA199000091GA1011+030009039GA2061+069009009GF107991999999999999999999MD1810031+9999REMSYN076AAXX  13124 60395 32965 72602 10230 20113 40207 58003 333 81360 86073 95900;EQDQ01  00002PRCP99
0185603950999992000031315004+36700+004050FM-12+019599999V0202801N002610690019N0150001N1+02101+00871101971ADDGA1031+030009049GA2051+069009009GF108991031071999999999021MD1610121+9999REMSYN082AAXX  13154 60395 42965 82805 10210 20087 40197 56012 83702 333 83460 85073 95900;EQDQ01+000002SCOMCG
0233603950999992000031706004+36700+004050FM-12+019599999V0209999C000010300019N0150001N1+00781+00561102511ADDAA199000091GA1021+009909089GA2031+030009039GF105991021021012501031001IA2240+00509KA1120N+00731MD1610021+9999REMSYN094AAXX  17064 60395 32665 50000 10078 20056 40251 56002 82230 333 00500 20073 82833 83360 95900;EQDQ01  00002PRCP99
0185603950999992000031909004+36700+004050FM-12+019599999V0209999C000010360019N0200001N1+00931+00561102001ADDGA1031+015009069GA2081+999999089GF199999041081012501031001MD1310021+9999REMSYN082AAXX  19094 60395 42670 60000 10093 20056 40200 53002 84830 333 88855 83650 95900;EQDQ01+000062SCOTCV
0168603950999992000031912004+36700+004050FM-12+019599999V0209999C00001015001CN0450001N1+01471+00951102061ADDAA199000091GA1021+012009029GF105991051081012501001001MD1010071+9999REMSYN070AAXX  19124 60395 32683 50000 10147 20095 40206 50007 85800 333 82840;EQDQ01  00002PRCP99
0154603950999992000032618004+36700+004050FM-12+019599999V0203601N002112200019N0100001N1+01581+99999999999ADDAA199000091GA1001+999999999GF100991001001999999001001REMSYN070AAXX  26184 60395 32960 03604 10158 201/6 555 > 399)71 178(. 980/ MIF;EQDQ01  00002PRCP99
0196603950999992000032812004+36700+004050FM-12+019599999V0203001N007210690019N0200001N1+01961+00301100611ADDAA199000091GA1041+030009039GA2031+069009009GF107991041001999999031021MD1810051+9999REMSYN082AAXX  28124 60395 32970 73014 10196 2003/ 40061 58005 84032 333 84360 83073 95900;EQDQ01  00002PRCP99
0174603950999992000040312004+36700+004050FM-12+019599999V0202801N003612200019N0150001N1+02111+01001100111ADDAA199000091GA1031+012009089GF103991031021012501001001MD1810121+9999REMSYN076AAXX  03124 60395 32665 32807 10211 20100 40011 58012 83200 333 83840 95900;EQDQ01  00002PRCP99
0193603950999992000070918004+36690+004500FM-12+019599999V0200601N003112200019N0200001N1+03201+01341101161ADDAA199000091GA1011+012009089GF101991011011012501001001KA1120M+03551MD1710131+9999REMSYN082AAXX  09184 60395 32670 10606 10320 20134 40116 57013 81100 333 10355 81840 95900;EQDQ01  00002PRCP99
0201603950999992000122112004+36690+004050FM-12+019599999V0209999C000010120019N0150001N1+01311+01011101151ADDAA106000391AC13C9AY161061AY261061GA1061+012009089GF106991061021012501001001MD1810111+9999MW1011REMSYN094AAXX  21124 60395 11665 60000 10131 20101 40115 58011 69931 70166 86200 333 0//13 86840 95900;
