0142605200999992000021812004+35180-002620FM-12+045099999V0201101N999999999999N9999999N1+01871+00291102561ADDAA199000091MD1810041+9999REMSYN070AAXX  18124 60520 32/// /6110 10187 20029 40256 58004 333 0//00 95900;EQDQ01+005653WOSPD Q02  00002PRCP99
0132605200999992000021815004+35180-002620FM-12+045099999V0201001N004112200019N0150001N1+02061+00211102441ADDGA1001+999999999GF100991001001999999001001MD1710141+9999REMSYN064AAXX  18154 60520 42965 01008 10206 20021 40244 57014 333 95900;
0199605200999992000022006004+35180-002620FM-12+045099999V0209999C000012200019N0080001N1+00091-00021102351ADDAA199000091GA1001+999999999GF100991001001999999001001IA2240-00309KA1120N+00051MD1610031+9999REMSYN076AAXX  20064 60520 33958 00000 10009 21002 40235 56003 333 05300 20005 95990;EQDQ01  00002PRCP99
0199605200999992000022106004+35180-002620FM-12+045099999V0209999C000012200019N0100001N1+00141+00061102461ADDAA199000091GA1001+999999999GF100991001001999999001001IA2240-00209KA1120N+00141MD1610021+9999REMSYN076AAXX  21064 60520 33960 00000 10014 20006 40246 56002 333 05200 20014 95990;EQDQ01  00002PRCP99
0132605200999992000022109004+35180-002620FM-12+045099999V0209999C000012200019N0100001N1+00881+00231102491ADDGA1001+999999999GF100991001001999999001001MD1310111+9999REMSYN064AAXX  21094 60520 42960 00000 10088 20023 40249 53011 333 95900;
0122605200999992000022409004+35180-002620FM-12+045099999V02099999999992200019N0100001N1+01241-00081102741ADDGA1001+999999999GF100991001001999999001001MD1210291+9999REMSYN054AAXX  24094 60520 42960 0//14 10124 21008 40274 52029;
0211605200999992000031006004+35180-002620FM-12+045099999V0209999C000012200019N0100001N1+00111-00051102841ADDAA199000091GA1021+069009009GF102991001001999999001021IA2240-00209KA1120N+00101MD1610031+9999REMSYN088AAXX  10064 60520 33960 20000 10011 21005 40284 56003 80002 333 05200 20010 82073 95900;EQDQ01  00002PRCP99
0180605200999992000031312004+35180-002620FM-12+045099999V0203201N003112200019N0150001N1+01871+00581102171ADDAA199000091GA1021+069009009GF102991001001999999001021MD1110051+9999REMSYN082AAXX  13124 60520 32965 23206 10187 20058 40217 51005 80002 333 0//00 82073 95900;EQDQ01  00002PRCP99
0166605200999992000031315004+35180-002620FM-12+045099999V0200301N007210690019N0150001N1+01871+00861102111ADDGA1011+009909069GA2051+069009009GF105991011051012501001041MD1710101+9999REMSYN082AAXX  13154 60520 42665 50314 10187 20086 40211 57010 81504 333 81633 85073 95900;
0144605200999992000031912004+35180-002620FM-12+045099999V0209999C000010075019N0100001N1+99999+99999101891ADDAA199000091GF105991051021008001001001REMSYN076AAXX  19124 60520 32560 50000 20046 40189 5/002 85200 333 0//00 1/226 95900;EQDQ01  00002PRCP99
0180605200999992000032812004+35180-002620FM-12+045099999V0202901N008212200019N0200001N1+01931-00131100961ADDAA199000091GA1021+069009009GF102991001001999999001021MD1010011+9999REMSYN082AAXX  28124 60520 32970 22916 10193 21013 40096 50001 80002 333 0//00 82073 95900;EQDQ01  00002PRCP99
0202605200999992000040312004+35180-002620FM-12+045099999V0202701N006212200019N0150001N1+01701-00191100301ADDAA199000091GA1011+007809089GA2041+009009069GF104991041081008001001001MD1810031+9999REMSYN088AAXX  03124 60520 32565 42712 10170 21019 40030 58003 84800 333 0//00 81826 84630 95900;EQDQ01  00002PRCP99
0193605200999992000070918004+35170-002620FM-12+045099999V0209999C000012200019N0150001N1+03091+01741101381ADDAA199000091GA1021+069009009GF102991001001999999001021KA1120M+03411MD1610121+9999REMSYN082AAXX  09184 60520 32965 20000 10309 20174 40138 56012 80002 333 10341 82073 95900;EQDQ01  00002PRCP99
