0192605360999992000010712004+34870+000150FM-12+077099999V0209999C000012200019N0200001N1+01241+00071999999ADDAA106000091GA1001+999999999GF100991001001999999001001MA1999999093661MD1810101+9999ME1315469REMSYN070AAXX  07124 60536 32970 00000 10124 20007 39366 48546 58010 333 95980;EQDQ01  00002PRCP06
0190605360999992000011400004+34870+000150FM-12+077099999V0209999C000012200019N0100001N1+99999+99999999999ADDAA199000091GA1001+999999999GF100991001001999999001001MA1999999093001MD1810091+9999ME1314839REMSYN068    AAXX  14004 60536 32960 00000 21012 39300 48483 58009 333 95990;EQDQ01  00002PRCP99
0147605360999992000012200004+34870+000150FM-12+077099999V0209999C000012200019N0100001N1-00011-00191999999ADDAA199000091GA1001+999999999GF100991001001999999001001ME1315299REMSYN054AAXX  22004 60536 32960 00000 11001 21019 393// 48529;EQDQ01  00002PRCP99
0192605360999992000012300004+34870+000150FM-12+077099999V02099999999992200019N0100001N1+00051-00391999999ADDAA199000091GA1001+999999999GF100991001001999999001001MA1999999093081MD1010011+9999ME1314509REMSYN070AAXX  23004 60536 32960 00/00 10005 21039 39308 48450 50001 333 95990;EQDQ01  00002PRCP99
0155605360999992000020515004+34870+000150FM-12+077099999V0201801N001012200019N0200001N1+99999+99999999999ADDGF102991999999999999999999MA1999999094351MD1610802+9999ME1316149REMSYN060AAXX  05154 60536 42970 21802 1085/ 21045 39435 48614 5608/;EQDQ01+000802APC3  
0177605360999992000021812004+34870+000150FM-12+077099999V0209999C000012200019N0200001N1+01711+00511999999ADDAA199000091GA1001+999999999GF100991001001999999001001MA1999999093821MD1010021+9999REMSYN064AAXX  18124 60536 32970 00000 10171 20051 39382 50002 333 95900;EQDQ01  00002PRCP99
0162605360999992000021815004+34870+000150FM-12+077099999V0209999C000012200019N0200001N1+02001+00391999999ADDGA1001+999999999GF100991001001999999001001MA1999999093631MD1610191+9999ME1315559REMSYN070AAXX  18154 60536 42970 00000 10200 20039 39363 48555 56019 333 95900;
0162605360999992000022109004+34870+000150FM-12+077099999V0209999C000012200019N0200001N1+01251+00411999999ADDGA1001+999999999GF100991001001999999001001MA1999999093721MD1310151+9999ME1315599REMSYN070AAXX  21094 60536 42970 00000 10125 20041 39372 48559 53015 333 95900;
0108605360999992000030115004+34870+000150FM-12+077099999V02099999999992200019N0200001N1+02201-01131999999ADDGA1001+999999999GF100991001001999999001001REMSYN054AAXX  01154 60536 42970 036// 10220 21113 34/// 5/025;
0157605360999992000030615004+34870+000150FM-12+077099999V0203301N005110690019N0200001N1+02251-00161999999ADDGA1061+069009009GF106991001001999999001021MD1610582+9999REMSYN070AAXX  06154 60536 42970 63310 10225 21016 56058 80002 333 86073 95900;EQDQ01+000582APC3  
0159605360999992000031315004+34870+000150FM-12+077099999V0203301N003110690019N0150001N1+02051+00341999999ADDGA1051+069009009GF105991001001999999001021MA1999999093321MD1610061+9999REMSYN076AAXX  13154 60536 42965 53306 10205 20034 39332 56006 80002 333 85073 95900;
0204605360999992000032812004+34870+000150FM-12+077099999V0203101N009312200019N0200001N1+01851-00191999999ADDAA199000091GA1041+069009009GF104991001001999999001021MA1999999092271MD1810051+9999ME1314419REMSYN082AAXX  28124 60536 32970 43118 10185 21019 39227 48441 58005 80002 333 84073 95900;EQDQ01  00002PRCP99
0226605360999992000040312004+34870+000150FM-12+077099999V0202401N005110300019N0200001N1+01601+00001999999ADDAA199000091GA1031+009909069GA2041+030009039GF106991031051012501081001MA1999999091701MD1610041+9999ME1313899REMSYN088AAXX  03124 60536 32670 62410 10160 21000 39170 48389 56004 83580 333 83633 84360 95900;EQDQ01  00002PRCP99
0211605360999992000070918004+34860+000150FM-12+077099999V0203301N004112200019N0200001N1+03171+01501999999ADDAA199000091GA1001+999999999GF100991001001999999001001KA1120M+03601MA1999999092801MD1510101+9999ME1315189REMSYN076AAXX  09184 60536 32970 03308 10317 20150 39280 48518 55010 333 10360 95900;EQDQ01  00002PRCP99
