0162605400999992000012615004+34150+000070FM-12+100099999V0202801N007212200019N0350001N1+01501-00961999999ADDGA1001+999999999GF100991001001999999001001MA1999999090421MD1610101+9999ME1315109REMSYN070AAXX  26154 60540 /2981 02814 10150 21096 39042 48510 56010 333 95900;
0180605400999992000021812004+34150+000070FM-12+100099999V02099999999992200019N0300001N1+99999+99999999999ADDAA199000091GA1001+999999999GF100991001001999999001001MA1999999091101MD1110041+9999ME1315729REMSYN058AAXX  18124 60540 32980 0//92 39110 48572 51004 333 95900;EQDQ01  00002PRCP99
0162605400999992000021815004+34150+000070FM-12+100099999V0209999C000012200019N0300001N1+01581-00091999999ADDGA1001+999999999GF100991001001999999001001MA1999999090931MD1610171+9999ME1315579REMSYN070AAXX  18154 60540 42980 00000 10158 21009 39093 48557 56017 333 95900;
0126605400999992000022109004+34150+000070FM-12+100099999V0209999C000012200019N0250001N1+99999+99999999999ADDGA1001+999999999GF100991001001999999001001MD1210211+9999REMSYN058AAXX  21094 60540 42975 00000 107/2 485// 52021 333 95900;
0147605400999992000030115004+34150+000070FM-12+100099999V0202401N007212200019N0300001N1+02121-01011999999ADDGA1001+999999999GF100991001001999999001001MD1710261+9999ME1315399REMSYN070AAXX  01154 60540 42980 02414 10212 21101 390/5 48539 57026 333 95900;
0196605400999992000030615004+34150+000070FM-12+100099999V0202601N00211069001CN0200001N1+02321-00711999999ADDGA1061+069009009GA2011+999999039GF106991011001999999031999MA1999999099401MD1710191+9999ME1309669REMSYN088AAXX  06154 60540 42970 62604 10232 21071 3994/ 48966 57019 8103/ 333 813/0 86073 95900;
0258605400999992000031312004+34150+000070FM-12+100099999V02099999999992200019N0100001N1+99999+99999999999ADDAA199000091GA1011+012009089GA2031+030009039GA3061+069009009GF199999011021012501031021MA1999999090661MD1810071+9999ME1315509REMSYN088AAXX  13124 60540 32660 1///1 21011 39066 48550 58007 81232 333 81840 83360 86073 95900;EQDQ01+000012SCOTCVQ02  00002PRCP99
0192605400999992000031315004+34150+000070FM-12+100099999V0209999999999069001CN0100001N1+01931-00031999999ADDGA1021+012009089GA2031+030009039GA3061+069009009MA1999999090521MD1610141+9999ME1315539REMSYN094AAXX  13154 60540 42660 ///17 10193 21003 39052 48553 56014 82232 333 82840 83360 86073 95900;
0143605400999992000031815004+34150+000070FM-12+100099999V0202301N002112200019N9999999N1+02021-00101999999ADDGF104991041021012501001001IA1249MA1999999090011MD1019999+9999REMSYN070AAXX  18154 60540 426/0 42304 10202 2101/ 39001 50/9/ 84200 333 4833/;
0220605400999992000032812004+34150+000070FM-12+100099999V0202401N010812200019N0100001N1+01901-00631999999ADDAA199000091GA1021+030009049GF102991021041999999999001MA1999999089531MD1810101+9999ME1314389REMSYN082AAXX  28124 60540 32960 22421 10190 21063 38953 48438 58010 82400 333 82460 95900;EQDQ01+000002SCOMCGQ02  00002PRCP99
0223605400999992000070918004+34150+000700FM-12+100099999V0202501N006212200019N0100001N1+03581+00541999999ADDAA199000091GA1021+009909069GF102991021051012501001001KA1120M+03711MA1999999090121MD1610081+9999ME1315169REMSYN088AAXX  09184 60540 32660 22512 10358 20054 39012 48516 56008 82500 333 10371 82633 95900;EQDQ01  00002PRCP99
