0158605570999992000020515004+33270-000300FM-12+116699999V02099999999992200019N0250001N1+01461-02371999999ADDGA1001+999999999GF100991001001999999001001MA1999999089701MD1610211+9999ME1316149REMSYN066AAXX  05154 60557 42975 000/0 10146 21237 3897/ 48614 56021 95900;
0229605570999992000022006004+33270-000300FM-12+116699999V0209999C000012200019N0200001N1+00141-00231999999ADDAA199000091GA1001+999999999GF100991001001999999001001IA2240-00309KA1120N+00101MA1999999088901MD1610051+9999ME1315369REMSYN082AAXX  20064 60557 33970 00000 10014 21023 38890 48536 56005 333 05300 20010 95990;EQDQ01  00002PRCP99
0121605570999992000022109004+33270-000300FM-12+116699999V0209999C000012200019N0250001N1+00651+99999999999ADDGA1001+999999999GF100991001001999999001001ME1315599REMSYN058AAXX  21094 60557 42975 00000 10065 48559 5/018 333 95900;
0152605570999992000030115004+33270-000300FM-12+116699999V0203201N003112200019N0250001N1+02001-00341999999ADDGA1001+999999999GF100991001001999999001001MA1999999089001MD1619999+9999ME1315589REMSYN060AAXX  01154 60557 42975 03206 10200 21034 38900 48558 567//;
0174605570999992000030615004+33270-000300FM-12+116699999V0202001N008212200019N0080001N1+02151+99999999999ADDGA1021+999999009GF102991001001999999001021MA1999999089201MD1710171+9999ME1315829REMSYN082AAXX  06154 60557 42958 22016 10215 22033 3892/ 48582 57017 80002 333 8207/ 959-0;
0214605570999992000031312004+33270-000300FM-12+116699999V0202601N006210600019N0080001N1+02051-00191999999ADDAA199000091GA1011+030009039GA2081+060009029GF108991011001999999081071REMSYN082AAXX  13124 60557 32958 82612 10205 21019 388// 5800/ 81087 333 81360 88270 95960;EQDQ01+000082APCTENQ02+000002APC3  Q03  00002PRCP99
0168605570999992000031315004+33270-000300FM-12+116699999V0203001N006210360019N0080001N1+02051-00211999999ADDGA1031+011709029GF108991031021008001081021MA1999999088731MD1610201+9999ME1315329REMSYN076AAXX  13154 60557 42558 83012 10205 21021 38873 48532 56020 83282 333 83839;
0204605570999992000032812004+33270-000300FM-12+116699999V0203001N001012200019N0250001N1+01851+00361999999ADDAA199000091GA1011+009909089GF102991011021012501001021MA1999999087861MD1810021+9999ME1314469REMSYN082AAXX  28124 60557 32675 23002 10185 20036 38786 48446 58002 81202 333 81833 95900;EQDQ01  00002PRCP99
0204605570999992000040312004+33270-000300FM-12+116699999V0209999C000012200019N0250001N1+01501+00391999999ADDAA199000091GA1041+009009089GF104991041021008001001001MA1999999087101MD1810151+9999ME1313789REMSYN082AAXX  03124 60557 32575 40000 10150 20039 3871/ 48378 58015 84200 333 84830 95900;EQDQ01  00002PRCP99
0251605570999992000070918004+33260-000300FM-12+116699999V0209999C000012200019N0150001N1+03581+00741999999ADDAA199000091AY101061AY201061GA1011+069009009GF101991001001999999001021KA1120M+03731MA1999999088371MD1810191+9999ME1315099MW1021REMSYN094AAXX  09184 60557 31965 10000 10358 20074 38837 48509 58019 70200 80002 333 10373 81073 95900;EQDQ01  00002PRCP99
