0186670170999992000011015004-13370+050000FM-12+0005FMNV V0209999C00001045001CN0250001N1+99999+99999100531ADDAA106025091GA1031+005109089GF108991041081004501071999KA1120M+02781MD1810011+9999REMSYN094AAXX  10154 67017 2/475 80000 1/2/2 20240 40053 58001 72166 8487/ 333 10278 60251 83817 88456;
0189670170999992000022809004-13370+050000FM-12+0005FMNV V0203101N002112200019N0400001N1+03261+02531101021ADDAA199000091GA1021+006009029GF102991021021008001001001MA1999999100931MD1810051+9999REMSYN076AAXX  28094 67017 32582 23104 10326 20253 30093 40102 58005 82200 333 82820;EQDQ01  00002PRCP99
0301670170999992000040206004-13370+050000FM-12+0005FMNV V0209999999999012001CN0300001N1+02561+02131101021ADDAA199000091GA1021+006009089GA2031+012009069GA3041+030009049GF107991041081008001071021IA2240+02209KA1120M+02971KA2120N+02241MA1999999100961MD1010101+9999REMSYN118AAXX  02064 67017 32580 7//// 10256 20213 30096 40102 50010 84872 333 02200 10297 20224 55/// 82820 83640 84460 84073;EQDQ01  00002PRCP99
0239670170999992000040209004-13370+050000FM-12+0005FMNV V02099999999990300019N0300001N1+02871+02201100691ADDAA199000091GA1031+006009089GA2031+012009069GA3041+030009049GF107991041081008001071021MA1999999100631MD1810331+9999REMSYN094AAXX  02094 67017 32580 7//// 10287 20220 30063 40069 58033 84872 333 83820 83640 84460 84073;EQDQ01  00002PRCP99
0251670170999992000040212004-13370+050000FM-12+0005FMNV V0209999999999045001CN0250001N1+02581+02001100501ADDAA199000091AY121061AY221061GA1031+006009089GA2031+012009069GF107991041081008001071999MA1999999100441MD1710191+9999MW1151REMSYN100AAXX  02124 67017 31575 7//// 10258 20200 30044 40050 57019 71522 8487/ 333 0//00 83820 83640 87460;EQDQ01  00002PRCP99
0264670170999992000040215004-13370+050000FM-12+0005FMNV V0209999C000010099019N0250001N1+02841+02311100491ADDAA199000091AY121031AY221031GA1031+006009089GA2041+009909069GF107991051081008001071999KA1120M+03211MA1999999100431MD1510011+9999MW1151REMSYN100AAXX  02154 67017 31575 70000 10284 20231 30043 40049 55001 71522 8587/ 333 10321 83820 84633 85459;EQDQ01  00002PRCP99
0287670170999992000040303004-13370+050000FM-12+0005FMNV V0209999999999045001CN0080001N1+02531+02281101051ADDAA124001091AC11C9AY161031AY221031GA1031+005109089GA2031+009909069GF108991041081008001071999IA2240+02109KA1120M+03211MA1999999100991MD1210341+9999MW1601REMSYN124AAXX  03034 67017 11558 8//// 10253 20228 30099 40105 52034 60014 76062 8487/ 333 02111 10321 20/// 55/// 83817 83633 87458;
0189670170999992000100703004-13370+050000FM-12+0005FMNV V0201801N002112200019N0300001N1+02221+01701101701ADDAA199000091GA1021+006009029GF102991021021008001001001MA1999999101641MD1310081+9999REMSYN076AAXX  07034 67017 33580 21804 10222 20170 30164 40170 53008 82200 333 82820;EQDQ01  00002PRCP99
0210670170999992000100803004-13370+050000FM-12+0005FMNV V0201201N00411009001CN0200001N1+02241+01981101791ADDAA112002091AY101031AY261031GA1041+005109089GF107991071081004501999999MA1999999101731MD1310141+9999MW1151REMSYN094AAXX  08034 67017 21470 71208 10224 20198 30173 40179 53014 71506 878// 333 60022 84817 85633;
0182670170999992000100903004-13370+050000FM-12+0005FMNV V0202001N00311012001CN0300001N1+02151+01611101551ADDAA112003091GA1031+006009089GF105991051081008001001001MA1999999101591MD1310051+9999REMSYN088AAXX  09034 67017 23580 52006 10215 20161 30159 40155 53005 85800 333 60032 83820 83633;
0238670170999992000100906004-13370+050000FM-12+0005FMNV V0201601N005112200019N0350001N1+02601+01601101781ADDAA124003091GA1041+006009029GF104991041021008001001001IA2240+02009KA1120M+02681KA2120N+02001MA1999999101721MD1110131+9999REMSYN106AAXX  09064 67017 12581 41610 10260 20160 30172 40178 51013 60034 84200 333 02019 10268 20200 55/// 84820;
0189670170999992000100909004-13370+050000FM-12+0005FMNV V02099999999992200019N0350001N1+02641+01951101671ADDAA199000091GA1031+006009029GF103991031021008001001001MA1999999101611MD1810111+9999REMSYN076AAXX  09094 67017 32581 3//18 10264 20195 30161 40167 58011 83200 333 83820;EQDQ01  00002PRCP99
0201670170999992000100912004-13370+050000FM-12+0005FMNV V02099999999990120019N0400001N1+02601+01981101471ADDAA199000091GA1021+006009089GF105991051081008001001001MA1999999101411MD1710201+9999REMSYN088AAXX  09124 67017 32582 5//16 10260 20198 30141 40147 57020 85800 333 0//00 82820 84640;EQDQ01  00002PRCP99
0199670170999992000101003004-13370+050000FM-12+0005FMNV V0209999999999012001CN0300001N1+02101+01571101661ADDAA199000091GA1031+006009089GF105991051081008001001001MA1999999101601MD1310061+9999REMSYN086AAXX  10034 67017 33580 5//06 10210 20157 30160 40166 53006 85800 333 83820 555 83633;EQDQ01  00002PRCP99
0189670170999992000101009004-13370+050000FM-12+0005FMNV V02099999999992200019N0300001N1+02671+01701101681ADDAA199000091GA1031+006009029GF103991031021008001001001MA1999999101621MD1810131+9999REMSYN076AAXX  10094 67017 32580 3//18 10267 20170 30162 40168 58013 83200 333 83820;EQDQ01  00002PRCP99
0195670170999992000101012004-13370+050000FM-12+0005FMNV V02099999999992200019N0300001N1+02611+01721101521ADDAA199000091GA1041+006009029GF104991041021008001001001MA1999999101461MD1710161+9999REMSYN082AAXX  10124 67017 32580 4//16 10261 20172 30146 40152 57016 84200 333 0//00 84820;EQDQ01  00002PRCP99
0189670170999992000101109004-13370+050000FM-12+0005FMNV V02099999999992200019N0300001N1+02701+01761101801ADDAA199000091GA1031+006009029GF103991031021008001001001MA1999999101741MD1810111+9999REMSYN076AAXX  11094 67017 32580 3//18 10270 20176 30174 40180 58011 83200 333 83820;EQDQ01  00002PRCP99
0195670170999992000101112004-13370+050000FM-12+0005FMNV V02099999999992200019N0300001N1+02581+01921101671ADDAA199000091GA1021+006009029GF102991021021008001001001MA1999999101611MD1710131+9999REMSYN082AAXX  11124 67017 32580 2//16 10258 20192 30161 40167 57013 82200 333 0//00 82820;EQDQ01  00002PRCP99
0199670170999992000101203004-13370+050000FM-12+0005FMNV V02099999999992200019N0300001N1+02271+01641101831ADDAA199000091GA1021+006009089GF103991031081008001001001MA1999999101771MD1310041+9999REMSYN086AAXX  12034 67017 33580 3//06 10227 20164 30177 40183 53004 83800 333 82820 555 82633;EQDQ01  00002PRCP99
0263670170999992000101206004-13370+050000FM-12+0005FMNV V02099999999990120019N0300001N1+02621+01771101911ADDAA199000091GA1031+006009089GF106991061081008001001001IA2240+02009KA1120M+02781KA2120N+02121MA1999999101851MD1010081+9999REMSYN112AAXX  12064 67017 32580 6//12 10262 20177 30185 40191 50008 86800 333 02000 10278 20212 5///4 55/// 83820 84640;EQDQ01  00002PRCP99
0189670170999992000101209004-13370+050000FM-12+0005FMNV V02099999999992200019N0300001N1+02671+01901101741ADDAA199000091GA1031+006009029GF103991031021999999001001MA1999999101681MD1810171+9999REMSYN076AAXX  12094 67017 32980 3//16 10267 20190 30168 40174 58017 83200 333 83820;EQDQ01  00002PRCP99
0195670170999992000101212004-13370+050000FM-12+0005FMNV V02099999999992200019N0300001N1+02631+01871101531ADDAA199000091GA1031+006009029GF103991031021008001001001MA1999999101471MD1710211+9999REMSYN082AAXX  12124 67017 32580 3//14 10263 20187 30147 40153 57021 83200 333 0//00 83820;EQDQ01  00002PRCP99
0251670170999992000101303004-13370+050000FM-12+0005FMNV V02099999999992200019N0300001N1+02621+01661101821ADDAA199000091GA1041+006009029GF104991041021008001001001IA2240+02009KA1120M+02731KA2120N+02091MA1999999101761MD1110061+9999REMSYN100AAXX  13034 67017 32580 4//14 10262 20166 30176 40182 51006 84200 333 02000 10273 20209 55/// 84820;EQDQ01  00002PRCP99
0195670170999992000101312004-13370+050000FM-12+0005FMNV V02099999999992200019N0300001N1+02671+01661101471ADDAA199000091GA1011+006009029GF101991011021008001001001MA1999999101411MD1710181+9999REMSYN082AAXX  13124 67017 32580 1//16 10267 20166 30141 40147 57018 81200 333 0//00 81820;EQDQ01  00002PRCP99
0189670170999992000101403004-13370+050000FM-12+0005FMNV V02099999999992200019N0300001N1+02231+01481101581ADDAA199000091GA1021+006009029GF102991021021008001001001MA1999999101521MD1310071+9999REMSYN076AAXX  14034 67017 33580 2//12 10223 20148 30152 40158 53007 82200 333 82820;EQDQ01  00002PRCP99
0261670170999992000101406004-13370+050000FM-12+0005FMNV V02099999999992200019N0300001N1+02681+01421101691ADDAA199000091GA1011+006009089GF101991011081008001001001IA2240+02009KA1120M+02801KA2120N+02161MA1999999101631MD1110111+9999REMSYN110AAXX  14064 67017 32580 1//16 10268 20142 30163 40169 51011 81800 333 02000 10280 20216 55/// 81820 555 81640;EQDQ01  00002PRCP99
0261670170999992000101606004-13370+050000FM-12+0005FMNV V02099999999992200019N0350001N1+02591+01401101671ADDAA199000091GA1011+006009089GF102991011021008001001021IA2240+01909KA1120M+02741KA2120N+02051MA1999999101611MD1210061+9999REMSYN110AAXX  16064 67017 32581 2//08 10259 20140 30161 40167 52006 81202 333 01900 10274 20205 55/// 81820 555 81073;EQDQ01  00002PRCP99
0195670170999992000101703004-13370+050000FM-12+0005FMNV V0209999C000012200019N0300001N1+02071+01441101611ADDAA199000091GA1011+006009089GF104991041081008001001001MA1999999101551MD1310071+9999REMSYN082AAXX  17034 67017 33580 40000 10207 20144 30155 40161 53007 84800 333 81820 84640;EQDQ01  00002PRCP99
0257670170999992000101706004-13370+050000FM-12+0005FMNV V02099999999990120019N0300001N1+02581+01521101761ADDAA199000091GA1011+006009089GF106991061081008001001001IA2240+01809KA1120M+02751KA2120N+02001MA1999999101701MD1210151+9999REMSYN106AAXX  17064 67017 32580 6//08 10258 20152 30170 40176 52015 86800 333 01800 10275 20200 55/// 81820 86640;EQDQ01  00002PRCP99
0205670170999992000101709004-13370+050000FM-12+0005FMNV V02099999999992200019N0300001N1+02751+01631101641ADDAA199000091GA1011+012009069GF103991011081008001001021MA1999999101581MD1810121+9999REMSYN092AAXX  17094 67017 32580 3//12 10275 20163 30158 40164 58012 81802 333 81820 555 81640 81070;EQDQ01  00002PRCP99
0205670170999992000101712004-13370+050000FM-12+0005FMNV V02099999999992200019N0300001N1+02671+01681101451ADDAA199000091GA1011+006009089GF102991011021008001001021MA1999999101391MD1710191+9999REMSYN092AAXX  17124 67017 32580 2//12 10267 20168 30139 40145 57019 81202 333 0//00 81820 555 82783;EQDQ01  00002PRCP99
0261670170999992000101806004-13370+050000FM-12+0005FMNV V02099999999992200019N0350001N1+02351+01831101721ADDAA199000091GA1021+006009089GF104991021021008001001001IA2240+01809KA1120M+02791KA2120N+01971MA1999999101521MD1210151+9999REMSYN110AAXX  18064 67017 32581 4//06 10235 20183 30152 40172 52015 82200 333 01800 10279 20197 55/// 82820 555 82073;EQDQ01  00002PRCP99
0246670170999992000101809004-13370+050000FM-12+0005FMNV V02099999999992200019N0300001N1+99999+99999999999ADDAA199000091AY191031AY291031GA1021+006009029GF103991999999008001999999MW1371REMSYN076AAXX  18094 67017 32580 3//19 19257 29172 39141 49146 57911 73799 333 82820;EQDQ01+091413APOSP Q02+091463APOSLPQ03+000077APCTENQ04+009117APC3  Q05  00002PRCP99
0195670170999992000101812004-13370+050000FM-12+0005FMNV V02099999999992200019N0300001N1+02631+01921101311ADDAA199000091GA1021+006009029GF104991041081008001001001MA1999999101251MD1710161+9999REMSYN082AAXX  18124 67017 32580 4//10 10263 20192 30125 40131 57016 84800 333 0//00 82820;EQDQ01  00002PRCP99
0244670170999992000101906004-13370+050000FM-12+0005FMNV V0209999999999105001CN0300001N1+02591+01641101601ADDAA124002091GA1031+006009089GF105991031021008001001021IA2240+01809KA1120M+02751KA2120N+02141MA1999999101541MD1110171+9999REMSYN112AAXX  19064 67017 12580 5//08 10259 20164 30154 40160 51017 60024 83202 333 01819 10275 20214 55/// 83820 83073;
0195670170999992000101909004-13370+050000FM-12+0005FMNV V0209999999999105001CN0300001N1+02671+01781101421ADDAA199000091GA1031+006009089GF106991031021008001001021MA1999999101361MD1810181+9999REMSYN082AAXX  19094 67017 32580 6//10 10267 20178 30136 40142 58018 83202 333 83820 84073;EQDQ01  00002PRCP99
0133670170999992000102009004-13370+050000FM-12+0005FMNV V02099999999999999999N0300001N1+99999+99999101551ADDGA1031+006009029MA1999999101491MD1810121+9999REMSYN076AAXX  20094 67017 /2880 ///10 10/// 20184 30149 40155 58012 83202 333 83820;
0223670170999992000102012004-13370+050000FM-12+0005FMNV V02099999999992200019N0250001N1+02641+01801101401ADDAA199000091AY101061AY201061GA1021+006009029GF103991021021008001001021MA1999999101341MD1710151+9999MW1051REMSYN088AAXX  20124 67017 31575 3//10 10264 20180 30134 40140 57015 70500 82202 333 0//00 82820;EQDQ01  00002PRCP99
0195670170999992000102103004-13370+050000FM-12+0005FMNV V02099999999992200019N0300001N1+02171+01681101621ADDAA199000091GA1011+006009089GF103991011021008001001021MA1999999101561MD1310041+9999REMSYN082AAXX  21034 67017 33580 3//02 10217 20168 30156 40162 53004 81202 333 81820 83073;EQDQ01  00002PRCP99
0251670170999992000102106004-13370+050000FM-12+0005FMNV V02099999999992200019N0300001N1+02731+01701101811ADDAA199000091GA1021+006009029GF104991021021008001001021IA2240+02009KA1120M+02701KA2120N+02141MA1999999101751MD1210191+9999REMSYN100AAXX  21064 67017 32580 4//10 10273 20170 30175 40181 52019 82202 333 02000 10270 20214 55/// 82820;EQDQ01  00002PRCP99
0267670170999992000102206004-13370+050000FM-12+0005FMNV V02099999999992200019N0300001N1+02641+01741101691ADDAA199000091GA1021+006909089GF103991021021008001031001IA2240+02009KA1120M+02821KA2120N+02101MA1999999101631MD1210051+9999REMSYN116AAXX  22064 67017 32580 3//04 10264 20174 30163 40169 52005 82230 333 02000 10282 20210 5///4 55/// 82823 555 82360;EQDQ01  00002PRCP99
0189670170999992000102303004-13370+050000FM-12+0005FMNV V02099999999992200019N0300001N1+02141+01841101471ADDAA199000091GA1021+006009029GF102991021021008001001001MA1999999101411MD1310031+9999REMSYN076AAXX  23034 67017 33580 2//02 10214 20184 30141 40147 53003 82200 333 82820;EQDQ01  00002PRCP99
0251670170999992000102306004-13370+050000FM-12+0005FMNV V02099999999992200019N0300001N1+02721+01801101531ADDAA199000091GA1021+006009029GF102991021021008001001001IA2240+02009KA1120M+02811KA2120N+02121MA1999999101491MD1110061+9999REMSYN100AAXX  23064 67017 32580 2//10 10272 20180 30149 40153 51006 82200 333 02000 10281 20212 55/// 82820;EQDQ01  00002PRCP99
0239670170999992000102312004-13370+050000FM-12+0005FMNV V02099999999992200019N0300001N1+02721+01871101201ADDAA199000091GA1011+006909099GA2011+006909089GF102991011091008001031001MA1999999101141MD1710231+9999REMSYN110AAXX  23124 67017 32580 2//10 10272 20187 30114 40120 57023 81930 333 0//00 81923 81823 94945 95815 555 82360;EQDQ01  00002PRCP99
0261670170999992000102406004-13370+050000FM-12+0005FMNV V02099999999992200019N0300001N1+02801+02051101391ADDAA199000091GA1041+006009089GF104991041081008001001001IA2240+02109KA1120M+02841KA2120N+02351MA1999999101331MD1210091+9999REMSYN110AAXX  24064 67017 32580 4//08 10280 20205 30133 40139 52009 84800 333 02100 10284 20235 55/// 84820 555 81633;EQDQ01  00002PRCP99
0189670170999992000102409004-13370+050000FM-12+0005FMNV V02099999999992200019N0300001N1+02931+02211101391ADDAA199000091GA1031+006009029GF104991041081008001001001MA1999999101331MD1010001+9999REMSYN076AAXX  24094 67017 32580 4//08 10293 20221 30133 40139 50000 84800 333 83820;EQDQ01  00002PRCP99
0229670170999992000102412004-13370+050000FM-12+0005FMNV V0209999999999012001CN0250001N1+02801+02261101261ADDAA199000091AY111061AY211061GA1031+006009089GF106991061081008001001001MA1999999101201MD1710131+9999MW1151REMSYN094AAXX  24124 67017 31575 6//06 10280 20226 30120 40126 57013 71511 86800 333 0//00 83820 85633;EQDQ01  00002PRCP99
0202670170999992000102503004-13370+050000FM-12+0005FMNV V0209999C00001009001CN0200001N1+02411+02251101431ADDAA112003091AY161031GA1041+005109089GF107991071081004501999999MA1999999101371MD1310011+9999MW1151REMSYN094AAXX  25034 67017 21470 70000 10241 20225 30137 40143 53001 7156/ 878// 333 60032 84817 85633;
0250670170999992000102506004-13370+050000FM-12+0005FMNV V0209999999999009001CN0300001N1+02741+02271101641ADDAA124003091AC12I9GA1041+005109089GF106991061081004501001001IA2240+02209KA1120M+02991KA2120N+02381MA1999999101581MD1210211+9999REMSYN112AAXX  25064 67017 12480 6//04 10274 20227 30158 40164 52021 60034 86800 333 02216 10299 20238 55/// 84817 84633;
0189670170999992000102509004-13370+050000FM-12+0005FMNV V02099999999990060019N0300001N1+02901+02201101611ADDAA199000091GA1051+006009029GF105991051021008001001001MA1999999101551MD1810031+9999REMSYN076AAXX  25094 67017 32580 5//06 10290 20220 30155 40161 58003 85200 333 85820;EQDQ01  00002PRCP99
0222670170999992000102512004-13370+050000FM-12+0005FMNV V0209999999999009001CN0300001N1+02561+02261101501ADDAA106000191AC11C9AY161061AY221061GA1031+005109089GF105991051081004501001001MA1999999101441MD1710111+9999MW1211REMSYN100AAXX  25124 67017 11480 5//02 10256 20226 30144 40150 57011 69921 72162 85800 333 0//11 83817 83633;
0201670170999992000102515004-13370+050000FM-12+0005FMNV V0209999999999009001CN0300001N1+02471+02161101501ADDAA106000291GA1031+005109089GF105991051081004501001001KA1120M+02911MA1999999101441MD1510001+9999REMSYN094AAXX  25154 67017 22480 5//06 10247 20216 30144 40150 55000 85800 333 10291 69921 83817 84633;
0260670170999992000102606004-13370+050000FM-12+0005FMNV V02099999999990060019N0300001N1+02721+01921101711ADDAA124000191GA1051+006009089GF106991061081008001001001IA2240+02209KA1120M+02911KA2120N+02281MA1999999101651MD1210141+9999REMSYN128AAXX  26064 67017 12580 6//14 10272 20192 30165 40171 52014 69924 86800 333 02219 10291 20228 55/// 85820 94919 95879 555 83633;
0189670170999992000102609004-13370+050000FM-12+0005FMNV V02099999999992200019N0350001N1+02891+01901101611ADDAA199000091GA1021+006909029GF102991021021008001001001MA1999999101551MD1810101+9999REMSYN076AAXX  26094 67017 32581 2//14 10289 20190 30155 40161 58010 82200 333 82823;EQDQ01  00002PRCP99
0195670170999992000102612004-13370+050000FM-12+0005FMNV V02099999999992200019N0300001N1+02721+01961101531ADDAA199000091GA1021+006909029GF102991021021008001001001MA1999999101471MD1710081+9999REMSYN082AAXX  26124 67017 32580 2//14 10272 20196 30147 40153 57008 82200 333 0//00 82823;EQDQ01  00002PRCP99
0208670170999992000102615004-13370+050000FM-12+0005FMNV V0209999999999012001CN0300001N1+02481+02061101581ADDAA199000091GA1041+006009029GF105991051081008001001001KA1120M+02871MA1999999101521MD1310051+9999REMSYN082AAXX  26154 67017 32580 5//10 10248 20206 30152 40158 53005 85800 333 10287 84820;EQDQ01  00002PRCP99
0189670170999992000102703004-13370+050000FM-12+0005FMNV V0209999999999012001CN0300001N1+02381+01671101621ADDAA199000091GA1041+006009029GF105991051081008001001001MA1999999101561MD1310041+9999REMSYN076AAXX  27034 67017 33580 5//08 10238 20167 30156 40162 53004 85800 333 84820;EQDQ01  00002PRCP99
0285670170999992000102706004-13370+050000FM-12+0005FMNV V0209999999999012001CN0250001N1+02581+01831101821ADDAA199000091AY121061AY221061GA1041+006009089GF106991061081008001001001IA2240+02109KA1120M+02871KA2120N+02271MA1999999101761MD1210201+9999MW1151REMSYN112AAXX  27064 67017 31575 6//14 10258 20183 30176 40182 52020 71522 86800 333 02100 10287 20227 55/// 84820 84633;EQDQ01  00002PRCP99
0189670170999992000102709004-13370+050000FM-12+0005FMNV V02099999999992200019N0300001N1+02821+01681101661ADDAA199000091GA1041+006909029GF104991041021008001001001MA1999999101601MD1810161+9999REMSYN076AAXX  27094 67017 32580 4//12 10282 20168 30160 40166 58016 84200 333 84823;EQDQ01  00002PRCP99
0195670170999992000102712004-13370+050000FM-12+0005FMNV V02099999999992200019N0300001N1+02701+01661101481ADDAA199000091GA1021+006909029GF102991021021008001001001MA1999999101421MD1710181+9999REMSYN082AAXX  27124 67017 32580 2//10 10270 20166 30142 40148 57018 82200 333 0//00 82823;EQDQ01  00002PRCP99
0218670170999992000102715004-13370+050000FM-12+0005FMNV V02099999999992200019N0300001N1+02391+01771101531ADDAA199000091GA1021+006009089GF103991031081008001001001KA1120M+02831MA1999999101471MD1310051+9999REMSYN092AAXX  27154 67017 32580 3//10 10239 20177 30147 40153 53005 83800 333 10283 82820 555 81640;EQDQ01  00002PRCP99
0189670170999992000102803004-13370+050000FM-12+0005FMNV V02099999999992200019N0300001N1+02191+01671101591ADDAA199000091GA1021+006009029GF102991021021008001001001MA1999999101531MD1310021+9999REMSYN076AAXX  28034 67017 33580 2//02 10219 20167 30153 40159 53002 82200 333 82820;EQDQ01  00002PRCP99
0251670170999992000102806004-13370+050000FM-12+0005FMNV V02099999999992200019N0300001N1+02701+01491101631ADDAA199000091GA1021+006909029GF102991021021008001001001IA2240+02109KA1120M+02831KA2120N+02091MA1999999101571MD1110041+9999REMSYN100AAXX  28064 67017 32580 2//08 10270 20149 30157 40163 51004 82200 333 02100 10283 20209 55/// 82823;EQDQ01  00002PRCP99
0189670170999992000102903004-13370+050000FM-12+0005FMNV V02099999999992200019N0300001N1+02161+01841101481ADDAA199000091GA1021+006009029GF102991021081008001001001MA1999999101421MD1310051+9999REMSYN076AAXX  29034 67017 33580 2//02 10216 20184 30142 40148 53005 82800 333 82820;EQDQ01  00002PRCP99
0251670170999992000102906004-13370+050000FM-12+0005FMNV V02099999999992200019N0300001N1+02711+01901101541ADDAA199000091GA1031+006009029GF104991041081008001001001IA2240+02109KA1120M+02841KA2120N+02121MA1999999101481MD1210061+9999REMSYN100AAXX  29064 67017 32580 4//02 10271 20190 30148 40154 52006 84800 333 02100 10284 20212 55/// 83820;EQDQ01  00002PRCP99
0199670170999992000103003004-13370+050000FM-12+0005FMNV V02099999999992200019N0300001N1+02251+02101101441ADDAA199000091GA1021+006009089GF102991021081008001001001MA1999999101381MD1310091+9999REMSYN086AAXX  30034 67017 33580 2//02 10225 20210 30138 40144 53009 82800 333 82820 555 81640;EQDQ01  00002PRCP99
0257670170999992000103006004-13370+050000FM-12+0005FMNV V02099999999992200019N0300001N1+02801+02001101521ADDAA199000091GA1041+006009029GF104991041021008001001001IA2240+02109KA1120M+02861KA2120N+02221MA1999999101461MD1010081+9999REMSYN106AAXX  30064 67017 32580 4//02 10280 20200 30146 40152 50008 84200 333 02100 10286 20222 5///4 55/// 84820;EQDQ01  00002PRCP99
0217670170999992000103009004-13370+050000FM-12+0005FMNV V02099999999992200019N0250001N1+02821+02001101481ADDAA199000091AY101031AY201031GA1041+006009029GF104991041021008001001001MA1999999101421MD1810041+9999MW1051REMSYN082AAXX  30094 67017 31575 4//02 10282 20200 30142 40148 58004 70500 84200 333 84820;EQDQ01  00002PRCP99
0223670170999992000103012004-13370+050000FM-12+0005FMNV V02099999999992200019N0250001N1+02751+01971101321ADDAA199000091AY101061AY201061GA1031+006009029GF104991031021008001001021MA1999999101261MD1710161+9999MW1051REMSYN088AAXX  30124 67017 31575 4//02 10275 20197 30126 40132 57016 70500 83202 333 0//00 83820;EQDQ01  00002PRCP99
0242670170999992000103015004-13370+050000FM-12+0005FMNV V0209999C000011050019N0300001N1+02431+02041101361ADDAA199000091GA1031+006009089GA2011+006909099GF105991041091008001001031KA1120M+02871MA1999999101301MD1310041+9999REMSYN100AAXX  30154 67017 32580 50000 10243 20204 30130 40136 53004 84903 333 10287 83820 81923 94945 95815;EQDQ01  00002PRCP99
0195670170999992000103103004-13370+050000FM-12+0005FMNV V0209999999999012001CN0300001N1+02481+02011101481ADDAA199000091GA1031+006009089GF105991051081008001001001MA1999999101421MD1310031+9999REMSYN082AAXX  31034 67017 33580 5//02 10248 20201 30142 40148 53003 85800 333 83820 83633;EQDQ01  00002PRCP99
0251670170999992000103106004-13370+050000FM-12+0005FMNV V02099999999992200019N0300001N1+02771+02041101591ADDAA199000091GA1041+006009029GF104991041021008001001001IA2240+02109KA1120M+02871KA2120N+02241MA1999999101531MD1210111+9999REMSYN100AAXX  31064 67017 32580 4//08 10277 20204 30153 40159 52011 84200 333 02100 10287 20224 55/// 84820;EQDQ01  00002PRCP99
0261670170999992000103112004-13370+050000FM-12+0005FMNV V02099999999991050019N0300001N1+02771+02061101301ADDAA199000091GA1011+006009099GA2021+006009089GA3031+012009069GF105991041091008001001031MA1999999101241MD1710171+9999REMSYN116AAXX  31124 67017 32580 5//06 10277 20206 30124 40130 57017 84903 333 0//00 81920 82820 83640 94945 95815 555 83073;EQDQ01  00002PRCP99
0206670170999992000110103004-13370+050000FM-12+0005FMNV V0209999C000010051019N0200001N1+02191+01971101461ADDAA112009091AY161031GA1051+005109089GF106991061081004501001001MA1999999101401MD1310021+9999MW1151REMSYN098AAXX  01034 67017 21470 60000 10219 20197 30140 40146 53002 7156/ 86800 333 60092 85817 555 83633;
0288670170999992000110106004-13370+050000FM-12+0005FMNV V0209999999999012001CN0300001N1+02411+01961101561ADDAA124009991AC12C9AY161061AY221061GA1031+009909069GF106991051081008001001021IA2240+02109KA1120M+02881KA2120N+02151MA1999999101501MD1110101+9999MW1011REMSYN128AAXX  01064 67017 11580 6//04 10241 20196 30150 40156 51010 60104 70162 85802 333 02112 10288 20215 55/// 84820 555 83633 82073;
0176670170999992000110203004-13370+050000FM-12+0005FMNV V02099999999992200019N0300001N1+02211+01681101301ADDAA112000291GA1011+006009029GF102991021081008001001001MA1999999101241MD1310051+9999REMSYN082AAXX  02034 67017 23580 2//08 10221 20168 30124 40130 53005 82800 333 69922 81820;
0194670170999992000110503004-13370+050000FM-12+0005FMNV V0209999999999009001CN0150001N1+02151+01961101541ADDAA112006091GA1041+005109089GF107991071081004501999999MA1999999101481MD1310031+9999MW1151REMSYN094AAXX  05034 67017 21465 7//06 10215 20196 30148 40154 53003 715// 878// 333 60062 84817 85633;
0278670170999992000110506004-13370+050000FM-12+0005FMNV V0209999999999012001CN0200001N1+02471+02061101671ADDAA124006191AC10I9AY161061AY221061GA1041+006009089GF106991061081008001001001IA2240+02009KA1120M+02741KA2120N+02111MA1999999101611MD1110131+9999MW1151REMSYN118AAXX  05064 67017 11570 6//10 10247 20206 30161 40167 51013 60064 71562 86800 333 02014 10274 20211 55/// 84820 85633;
0207670170999992000110603004-13370+050000FM-12+0005FMNV V0209999999999012001CN0250001N1+02221+01561101381ADDAA199000091GA1031+006009089GF105991051081008001001001MA1999999101321MD1310041+9999MW1151REMSYN088AAXX  06034 67017 31575 5//04 10222 20156 30132 40138 53004 715// 85800 333 83820 84633;EQDQ01  00002PRCP99
0269670170999992000110706004-13370+050000FM-12+0005FMNV V0209999999999012001CN0300001N1+02801+01701101361ADDAA124000191GA1031+006009089GF106991061081008001001001IA2240+02009KA1120M+99999KA2120N+02151MA1999999101301MD1010061+9999REMSYN118AAXX  07064 67017 12580 6//10 10280 20170 30130 40136 50006 69924 86800 333 02019 10269 20215 5///4 55/// 83820 85633;EQDQ01 +02692ATMX  
0189670170999992000110709004-13370+050000FM-12+0005FMNV V02099999999992200019N0300001N1+02761+01851101281ADDAA199000091GA1031+006009029GF104991041081008001001001MA1999999101221MD1810081+9999REMSYN076AAXX  07094 67017 32580 4//12 10276 20185 30122 40128 58008 84800 333 83820;EQDQ01  00002PRCP99
0195670170999992000110712004-13370+050000FM-12+0005FMNV V02099999999992200019N0300001N1+02731+01941101151ADDAA199000091GA1021+006009029GF103991021081008001001021MA1999999101091MD1710131+9999REMSYN082AAXX  07124 67017 32580 3//10 10273 20194 30109 40115 57013 82802 333 0//00 82820;EQDQ01  00002PRCP99
0242670170999992000110715004-13370+050000FM-12+0005FMNV V02099999999992200019N0300001N1+02431+02021101301ADDAA199000091GA1021+006009079GA2011+006909099GF104991031091008001001021KA1120M+02881MA1999999101241MD1310151+9999REMSYN100AAXX  07154 67017 32580 4//06 10243 20202 30124 40130 53015 83902 333 10288 82720 81923 94946 95816;EQDQ01  00002PRCP99
0217670170999992000110803004-13370+050000FM-12+0005FMNV V0209999999999045001CN0400001N1+02421+01771101311ADDAA199000091GA1021+006009079GA2021+006909069GF106991031081008001031021MA1999999101251MD1310051+9999REMSYN088AAXX  08034 67017 33582 6//04 10242 20177 30125 40131 53005 83832 333 82720 82623 83360;EQDQ01  00002PRCP99
0257670170999992000110806004-13370+050000FM-12+0005FMNV V0209999999999220001CN0300001N1+02831+01931101391ADDAA199000091GA1031+006009089GF106991031021008001001041IA2240+02009KA1120M+02881KA2120N+02241MA1999999101331MD1210081+9999REMSYN106AAXX  08064 67017 32580 6//12 10283 20193 30133 40139 52008 83204 333 02000 10288 20224 55/// 83820 85073;EQDQ01  00002PRCP99
0241670170999992000110809004-13370+050000FM-12+0005FMNV V02099999999991050019N0400001N1+02911+02071101351ADDAA199000091GA1011+006009099GA2031+006009089GF106991031031008001001021MA1999999101291MD1810041+9999REMSYN112AAXX  08094 67017 32582 6//12 10291 20207 30129 40135 58004 83302 333 81920 83820 95073 94943 94945 95833 95835;EQDQ01  00002PRCP99
0273670170999992000110812004-13370+050000FM-12+0005FMNV V02099999999990690019N0300001N1+02761+02141101181ADDAA199000091GA1021+006009089GA2011+006909099GA3051+069009009GF106991021091008001031031MA1999999101121MD1710171+9999REMSYN128AAXX  08124 67017 32580 6//10 10276 20214 30112 40118 57017 82933 333 0//00 82820 81923 85073 94946 94947 95836 95837 555 82360;EQDQ01  00002PRCP99
0229670170999992000110903004-13370+050000FM-12+0005FMNV V0202201N00211012001CN0150001N1+02201+02101101361ADDAA199000091GA1021+005109089GA2031+012009069GF107991041081004501071999MA1999999101301MD1310041+9999MW1151REMSYN094AAXX  09034 67017 31465 72204 10220 20210 30130 40136 53004 715// 8487/ 333 82817 83640 87460;EQDQ01  00002PRCP99
0294670170999992000110906004-13370+050000FM-12+0005FMNV V02099999999990690019N0300001N1+02791+01881101351ADDAA124013091GA1011+006009099GA2041+006009089GA3041+069009009GF105991041091008001001031IA2240+02209KA1120M+02931KA2120N+02211MA1999999101291MD1110101+9999REMSYN130AAXX  09064 67017 12580 5//10 10279 20188 30129 40135 51010 60134 84903 333 02219 10293 20221 55/// 81920 84820 84073 94941 95841;
0229670170999992000110909004-13370+050000FM-12+0005FMNV V02099999999992200019N0300001N1+02771+02051101141ADDAA199000091GA1011+006909099GA2021+006909089GF103991021091008001001021MA1999999101081MD1710171+9999REMSYN100AAXX  09094 67017 32580 3//12 10277 20205 30108 40114 57017 82902 333 0//00 82823 81923 94945 95815;EQDQ01  00002PRCP99
0189670170999992000111003004-13370+050000FM-12+0005FMNV V02099999999992200019N0300001N1+02301+01941101241ADDAA199000091GA1031+006009029GF103991031021008001001001MA1999999101181MD1310141+9999REMSYN076AAXX  10034 67017 33580 3//02 10230 20194 30118 40124 53014 83200 333 83820;EQDQ01  00002PRCP99
0251670170999992000111006004-13370+050000FM-12+0005FMNV V02099999999992200019N0300001N1+02741+01931101371ADDAA199000091GA1041+006009029GF104991041021008001001001IA2240+02109KA1120M+02871KA2120N+02241MA1999999101291MD1110111+9999REMSYN100AAXX  10064 67017 32580 4//10 10274 20193 30129 40137 51011 84200 333 02100 10287 20224 55/// 84820;EQDQ01  00002PRCP99
0189670170999992000111009004-13370+050000FM-12+0005FMNV V02099999999992200019N0350001N1+02841+01941101261ADDAA199000091GA1031+006909029GF104991031021008001001021MA1999999101201MD1810091+9999REMSYN076AAXX  10094 67017 32581 4//12 10284 20194 30120 40126 58009 83202 333 83823;EQDQ01  00002PRCP99
0207670170999992000111103004-13370+050000FM-12+0005FMNV V0209999999999012001CN0250001N1+02401+02001101401ADDAA199000091GA1031+006009089GF107991071081008001999999MA1999999101341MD1310131+9999MW1151REMSYN088AAXX  11034 67017 31575 7//06 10240 20200 30134 40140 53013 715// 878// 333 83820 87633;EQDQ01  00002PRCP99
0285670170999992000111106004-13370+050000FM-12+0005FMNV V0209999999999012001CN0200001N1+02591+02041101541ADDAA199000091AY121061AY221061GA1041+006009089GF107991071081008001999999IA2240+02109KA1120M+02861KA2120N+02241MA1999999101481MD1110141+9999MW1151REMSYN112AAXX  11064 67017 31570 7//10 10259 20204 30148 40154 51014 71522 878// 333 02100 10286 20224 55/// 84820 86633;EQDQ01  00002PRCP99
0176670170999992000111203004-13370+050000FM-12+0005FMNV V02099999999992200019N0300001N1+02201+01841101421ADDAA112014091GA1021+006009029GF104991031081008001001021MA1999999101361MD1310091+9999REMSYN082AAXX  12034 67017 23580 4//08 10220 20184 30136 40142 53009 83802 333 60142 82820;
0208670170999992000111303004-13370+050000FM-12+0005FMNV V02099999999990690019N0300001N1+02191+01681101181ADDAA112000491GA1031+006009089GA2041+069009009GF106991041081008001001021MA1999999101121MD1310041+9999REMSYN098AAXX  13034 67017 23580 6//04 10219 20168 30112 40118 53004 84802 333 69942 83820 84073 555 82633;
0182670170999992000111403004-13370+050000FM-12+0005FMNV V0209999999999012001CN0300001N1+02191+01891101231ADDAA112004091GA1021+006009089GF105991051081008001001001MA1999999101171MD1310061+9999REMSYN088AAXX  14034 67017 23580 5//02 10219 20189 30117 40123 53006 85800 333 60042 82820 83633;
0235670170999992000111409004-13370+050000FM-12+0005FMNV V02099999999991050019N0300001N1+02841+01911101221ADDAA199000091GA1021+012009069GF105991041031008001001021MA1999999101161MD1810091+9999REMSYN122AAXX  14094 67017 32580 5//12 10284 20191 30116 40122 58009 84302 333 81923 83823 94943 94945 95833 95835 555 82640 82073;EQDQ01  00002PRCP99
0279670170999992000111412004-13370+050000FM-12+0005FMNV V02099999999990270019N0250001N1+02571+01941101101ADDAA199000091AY121061AY221061GA1011+006009099GA2031+006009089GA3061+027009049GF106991031091008001071001MA1999999101041MD1710121+9999MW1151REMSYN112AAXX  14124 67017 31575 6//08 10257 20194 30104 40110 57012 71522 83970 333 0//00 81920 83820 86459 94945 95835;EQDQ01  00002PRCP99
0289670170999992000111506004-13370+050000FM-12+0005FMNV V02099999999990060019N0200001N1+02681+01791101321ADDAA199000091AY121061AY221061GA1051+006009089GF106991061081008001001001IA2240+02009KA1120M+02861KA2120N+02151MA1999999101261MD1110071+9999MW1151REMSYN116AAXX  15064 67017 31570 6//06 10268 20179 30126 40132 51007 71522 86800 333 02000 10286 20215 55/// 85820 555 83640;EQDQ01  00002PRCP99
0189670170999992000111509004-13370+050000FM-12+0005FMNV V02099999999992200019N0300001N1+02811+01911101241ADDAA199000091GA1041+006909029GF104991041021008001001021MA1999999101181MD1810081+9999REMSYN076AAXX  15094 67017 32580 4//12 10281 20191 30118 40124 58008 84202 333 84823;EQDQ01  00002PRCP99
0229670170999992000111512004-13370+050000FM-12+0005FMNV V02099999999992200019N0300001N1+02731+01921101001ADDAA199000091GA1011+006909099GA2031+006909089GF103991031031008001001021MA1999999100941MD1710241+9999REMSYN100AAXX  15124 67017 32580 3//12 10273 20192 30094 40100 57024 83302 333 0//00 81923 83823 94945 95815;EQDQ01  00002PRCP99
0242670170999992000111515004-13370+050000FM-12+0005FMNV V02099999999992200019N0300001N1+02491+01951101001ADDAA199000091GA1011+006909099GA2031+006909089GF104991041031008001001021KA1120M+02871MA1999999100941MD1510001+9999REMSYN100AAXX  15154 67017 32580 4//12 10249 20195 30094 40100 55000 84302 333 10287 83823 81923 94945 95815;EQDQ01  00002PRCP99
0207670170999992000111603004-13370+050000FM-12+0005FMNV V02099999999990120019N0250001N1+02421+01751101121ADDAA199000091GA1021+006009089GF106991061081008001001001MA1999999101061MD1410001+9999MW1151REMSYN088AAXX  16034 67017 31575 6//06 10242 20175 30106 40112 54000 715// 86800 333 82820 86640;EQDQ01  00002PRCP99
0205670170999992000111612004-13370+050000FM-12+0005FMNV V02099999999992200019N0300001N1+02751+01901100911ADDAA199000091GA1021+006909089GF103991031081008001001001MA1999999100851MD1710191+9999REMSYN092AAXX  16124 67017 32580 3//10 10275 20190 30085 40091 57019 83800 333 0//00 82823 555 81640;EQDQ01  00002PRCP99
0228670170999992000111703004-13370+050000FM-12+0005FMNV V02099999999990099019N0250001N1+02251+02011101041ADDAA112000391AY161031GA1031+006009089GA2041+009909069GF106991051081008001071001MA1999999100981MD1310031+9999MW1151REMSYN104AAXX  17034 67017 21575 6//04 10225 20201 30098 40104 53003 7156/ 85870 333 69932 83820 84633 555 83460;
0284670170999992000111706004-13370+050000FM-12+0005FMNV V02099999999990120019N0250001N1+02511+01961101191ADDAA124000391AC11I9AY161061AY221061GA1031+006009089GF107991071081008001999999IA2240+02109KA1120M+02881KA2120N+02181MA1999999101131MD1110151+9999MW1151REMSYN124AAXX  17064 67017 11575 7//04 10251 20196 30113 40119 51015 69934 71562 878// 333 02115 10288 20218 5///4 55/// 83820 87640;
0195670170999992000111709004-13370+050000FM-12+0005FMNV V02099999999990120019N0300001N1+02811+01891101051ADDAA199000091GA1031+006009089GF105991051081008001001001MA1999999100991MD1810141+9999REMSYN082AAXX  17094 67017 32580 5//04 10281 20189 30099 40105 58014 85800 333 83820 84640;EQDQ01  00002PRCP99
0195670170999992000111803004-13370+050000FM-12+0005FMNV V0209999C00001045001CN0300001N1+02311+02071100901ADDAA199000091GA1021+006009089GF105991031081008001031001MA1999999100841MD1310081+9999REMSYN082AAXX  18034 67017 33580 50000 10231 20207 30084 40090 53008 83830 333 82820 84360;EQDQ01  00002PRCP99
0251670170999992000111806004-13370+050000FM-12+0005FMNV V0209999C000010060019N0300001N1+02741+02161100981ADDAA199000091GA1061+006009029GF106991061021008001001001IA2240+02209KA1120M+02821KA2120N+02151MA1999999100921MD1110081+9999REMSYN100AAXX  18064 67017 32580 60000 10274 20216 30092 40098 51008 86200 333 02200 10282 20215 55/// 86820;EQDQ01  00002PRCP99
0199670170999992000111903004-13370+050000FM-12+0005FMNV V0209999C00001012001CN0300001N1+02391+02161100971ADDAA199000091GA1031+006009089GF106991061081008001001001MA1999999100911MD1310141+9999REMSYN086AAXX  19034 67017 33580 60000 10239 20216 30091 40097 53014 86800 333 83820 555 83640;EQDQ01  00002PRCP99
0261670170999992000111906004-13370+050000FM-12+0005FMNV V02099999999990060019N0300001N1+02711+02161101161ADDAA199000091GA1051+006009089GF105991051081008001001001IA2240+02209KA1120M+02871KA2120N+02361MA1999999101101MD1210191+9999REMSYN110AAXX  19064 67017 32580 5//06 10271 20216 30110 40116 52019 85800 333 02200 10287 20236 55/// 85820 555 81640;EQDQ01  00002PRCP99
0278670170999992000112006004-13370+050000FM-12+0005FMNV V0209999C00001045001CN0200001N1+02351+02181101371ADDAA124017091AC11C9AY161061AY221061GA1041+005109089GF107991041021004501071999IA2240+02309KA1120M+02911KA2120N+02271MA1999999101311MD1210111+9999MW1211REMSYN118AAXX  20064 67017 11470 70000 10235 20218 30131 40137 52011 60174 72162 8427/ 333 02311 10291 20227 55/// 84817 84360;
0251670170999992000112015004-13370+050000FM-12+0005FMNV V02099999999990099019N0200001N1+02351+02201101221ADDAA106001091AY161031AY221031GA1041+005109089GA2031+009909069GF107991051081004501071999KA1120M+02831MA1999999101161MD1310111+9999MW1151REMSYN106AAXX  20154 67017 21470 7//02 10235 20220 30116 40122 53011 71562 8587/ 333 10283 60011 84817 83633 84458;
0216670170999992000112103004-13370+050000FM-12+0005FMNV V02099999999990051019N0080001N1+02251+02081101271ADDAA112010091GA1051+005109089GA2031+009909069GF107991061081004501071999MA1999999101211MD1310061+9999MW1601REMSYN100AAXX  21034 67017 21458 7//04 10225 20208 30121 40127 53006 760// 8687/ 333 60102 85817 83633 84358;
0214670170999992000112109004-13370+050000FM-12+0005FMNV V02099999999990051019N0250001N1+02851+02061101271ADDAA106000491AY121031AY221031GA1051+005109089GF106991061081004501001001MA1999999101211MD1810171+9999MW1151REMSYN098AAXX  21094 67017 21475 6//08 10285 20206 30121 40127 58017 71522 86800 333 69941 85817 555 83640;
0260670170999992000112306004-13370+050000FM-12+0005FMNV V0209999999999012001CN0300001N1+02821+02041101501ADDAA124000591AC13I9GA1041+006009089GF105991051081008001001001IA2240+02709KA1120M+02861KA2120N+02281MA1999999101441MD1210171+9999REMSYN122AAXX  23064 67017 12580 5//10 10282 20204 30144 40150 52017 69944 85800 333 02717 10286 20228 5///4 55/// 84820 555 83640;
0223670170999992000112309004-13370+050000FM-12+0005FMNV V02099999999990060019N0300001N1+02881+02191101391ADDAA199000091GA1011+006009099GA2041+006009089GF105991051031008001001021MA1999999101331MD1810111+9999REMSYN094AAXX  23094 67017 32580 5//08 10288 20219 30133 40139 58011 85302 333 81920 84820 94943 95813;EQDQ01  00002PRCP99
0242670170999992000112315004-13370+050000FM-12+0005FMNV V0209999999999009001CN0250001N1+02481+02171101291ADDAA199000091AY121031AY221031GA1031+005109089GF105991051081004501001001KA1120M+02891MA1999999101211MD1310031+9999MW1151REMSYN094AAXX  23154 67017 31475 5//06 10248 20217 30121 40129 53003 71522 85800 333 10289 83817 84633;EQDQ01  00002PRCP99
0182670170999992000112403004-13370+050000FM-12+0005FMNV V02099999999990051019N0300001N1+02481+02141101431ADDAA112009091GA1051+005109089GF106991061081008001001001MA1999999101371MD1310141+9999REMSYN088AAXX  24034 67017 23580 6//06 10248 20214 30137 40143 53014 86800 333 60092 85817 83640;
0223670170999992000112409004-13370+050000FM-12+0005FMNV V02099999999992200019N0350001N1+02831+02021101401ADDAA199000091GA1011+006009099GA2041+006009089GF104991041031008001001001MA1999999101341MD1810121+9999REMSYN094AAXX  24094 67017 32581 4//08 10283 20202 30134 40140 58012 84300 333 81920 84820 94946 95816;EQDQ01  00002PRCP99
0199670170999992000112503004-13370+050000FM-12+0005FMNV V02099999999992200019N0300001N1+02381+01901101391ADDAA199000091GA1031+006009089GF103991031081008001001001MA1999999101331MD1310131+9999REMSYN086AAXX  25034 67017 33580 3//04 10238 20190 30133 40139 53013 83800 333 83820 555 81633;EQDQ01  00002PRCP99
0189670170999992000112603004-13370+050000FM-12+0005FMNV V02099999999992200019N0300001N1+02341+01731101341ADDAA199000091GA1021+006009029GF102991021081008001001001MA1999999101281MD1310081+9999REMSYN076AAXX  26034 67017 33580 2//04 10234 20173 30128 40134 53008 82800 333 82820;EQDQ01  00002PRCP99
0224670170999992000112703004-13370+050000FM-12+0005FMNV V0209999C000010051019N0030001N1+02291+02171101491ADDAA112005091AY161031GA1051+005109089GA2051+027009049GF108991061081004501071999MA1999999101431MD1310171+9999MW1621REMSYN100AAXX  27034 67017 21430 80000 10229 20217 30143 40149 53017 7626/ 8687/ 333 60052 85817 85459 84633;
0250670170999992000112709004-13370+050000FM-12+0005FMNV V0209999999999007501CN0300001N1+02811+02261101401ADDAA106000191AY161031AY221031GA1021+012009069GF105991051031008001031001MA1999999101341MD1810141+9999MW1011REMSYN134AAXX  27094 67017 21580 5//04 10281 20226 30134 40140 58014 70162 85330 333 69911 81920 84820 94943 94995 95833 95935 555 82640 82360;
0273670170999992000112715004-13370+050000FM-12+0005FMNV V02099999999990120019N0250001N1+99999+99999101331ADDAA106000291AY121031AY221031GA1011+005109099GA2031+005109089GA3031+012009069GF105991051031004501001001KA1120M+02851MA1999999101271MD1310071+9999MW1151REMSYN112AAXX  27154 67017 21475 5//08 20217 30127 40133 53007 71522 85300 333 10285 69921 81917 83817 83640 94946 95836;
0168670170999992000112803004-13370+050000FM-12+0005FMNV V0209999999999012001CN0300001N1+02351+02001101401ADDAA112000991GA1021+006009089GF105991051081008001001001MA1999999101341REMSYN088AAXX  28034 67017 23580 5//02 10235 20200 30134 40140 5//// 85800 333 69992 82820 84633;
0292670170999992000112815004-13370+050000FM-12+0005FMNV V02099999999990120019N0200001N1+02571+02061101301ADDAA199000091AY121031AY221031GA1031+005109089GA2011+006009099GA3041+012009069GF106991061091004501001001KA1120M+02831MA1999999101241MD1310111+9999MW1151REMSYN112AAXX  28154 67017 31470 6//04 10257 20206 30124 40130 53011 71522 86900 333 10283 83817 81920 84640 94946 95836;EQDQ01  00002PRCP99
0245670170999992000112909004-13370+050000FM-12+0005FMNV V02099999999992200019N0350001N1+02891+01951101331ADDAA199000091GA1011+006009099GA2021+006009089GA3031+039009039GF104991021031008001031001MA1999999101271MD1810081+9999REMSYN100AAXX  29094 67017 32581 4//10 10289 20195 30127 40133 58008 82330 333 81920 82820 83363 94946 95816;EQDQ01  00002PRCP99
0274670170999992000112915004-13370+050000FM-12+0005FMNV V02099999999990450019N0300001N1+02511+02061101321ADDAA199000091GA1011+006009099GA2021+006009089GA3031+012009069GF105991041091008001031001KA1120M+02921MA1999999101261MD1310091+9999REMSYN116AAXX  29154 67017 32580 5//02 10251 20206 30126 40132 53009 84930 333 10292 81920 82820 83640 94946 95836 555 82362;EQDQ01  00002PRCP99
0187670170999992000113003004-13370+050000FM-12+0005FMNV V0209999999999012001CN0250001N1+02431+01891101381ADDAA199000091GA1031+006009089GF105991051081008001001001MA1999999101321MW1151REMSYN082AAXX  30034 67017 31575 5//04 10243 20189 30132 40138 715// 85800 333 83820 84633;EQDQ01  00002PRCP99
0210670170999992000113009004-13370+050000FM-12+0005FMNV V0209999999999012001CN0250001N1+02791+02031101411ADDAA106000691AY121031AY221031GA1041+006009089GF106991061081008001001001MA1999999101351MD1810131+9999MW1151REMSYN094AAXX  30094 67017 21575 6//08 10279 20203 30135 40141 58013 71522 86800 333 69961 84820 83633;
0181670170999992000120103004-13370+050000FM-12+0005FMNV V0209999C000012200019N0300001N1+02361+02071101381ADDAA199000091GA1011+006009089GF104991041081008001001001MA1999999101321REMSYN082AAXX  01034 67017 33580 40000 10236 20207 30132 40138 5//// 84800 333 81820 84640;EQDQ01  00002PRCP99
0223670170999992000120109004-13370+050000FM-12+0005FMNV V0209999C000012200019N0350001N1+02911+02021101201ADDAA199000091GA1011+006909099GA2031+006909089GF103991031031008001001001MA1999999101141MD1810141+9999REMSYN094AAXX  01094 67017 32581 30000 10291 20202 30114 40120 58014 83300 333 81923 83823 94946 95816;EQDQ01  00002PRCP99
0242670170999992000120115004-13370+050000FM-12+0005FMNV V0209999C000010450019N0300001N1+02581+02071101101ADDAA199000091GA1011+006009089GA2021+006009089GF105991031091008001031031KA1120M+02941MA1999999101041MD1310121+9999REMSYN100AAXX  01154 67017 32580 50000 10258 20207 30104 40110 53012 83933 333 10294 81820 82820 94946 95836;EQDQ01  00002PRCP99
0231670170999992000120203004-13370+050000FM-12+0005FMNV V0209999C000010300019N0200001N1+02511+02231101221ADDAA199000091GA1011+006009099GA2031+006009089GA3041+030009039GF106991041091008001071021MA1999999101161REMSYN100AAXX  02034 67017 31570 60000 10251 20223 30116 40122 5//// 84972 333 81920 83820 84360 94944 95834;EQDQ01  00002PRCP99
0207670170999992000120303004-13370+050000FM-12+0005FMNV V02099999999992200019N0300001N1+02521+01871101361ADDAA199000091GA1021+006009089GA2031+012009069GF104991041081008001001021MA1999999101301REMSYN092AAXX  03034 67017 33580 4//02 10252 20187 30130 40136 5//// 84802 333 82820 83640 555 81073;EQDQ01  00002PRCP99
0182670170999992000120403004-13370+050000FM-12+0005FMNV V02099999999990051019N0080001N1+02311+02201101401ADDAA112017091AY161031GA1061+005109029GF107991071081004501999999MA1999999101341MW1211REMSYN088AAXX  04034 67017 21458 7//04 10231 20220 30134 40140 5//// 7216/ 878// 333 60172 86817;
0204670170999992000120409004-13370+050000FM-12+0005FMNV V02099999999990060019N0250001N1+02871+02241101381ADDAA106005091AY161031AY221031GA1051+006009029GF105991051021008001001001MA1999999101321MD1810141+9999MW1211REMSYN088AAXX  04094 67017 21575 5//10 10287 20224 30132 40138 58014 72162 85200 333 60051 85820;
0232670170999992000120412004-13370+050000FM-12+0005FMNV V02099999999992200019N0300001N1+02861+02181101241ADDAA106006191AC10I9AY161061AY211061GA1011+012009069GF104991041081008001001021MA1999999101181MD1710141+9999MW1011REMSYN110AAXX  04124 67017 11580 4//08 10286 20218 30118 40124 57014 60061 70161 84802 333 0//14 84820 555 81640 81073;
0181670170999992000120503004-13370+050000FM-12+0005FMNV V0209999999999105001CN0300001N1+02451+01991101381ADDAA199000091GA1021+006009089GF105991021021008001001021MA1999999101321REMSYN082AAXX  05034 67017 33580 5//04 10245 20199 30132 40138 5//// 82202 333 82820 83073;EQDQ01  00002PRCP99
0335670170999992000120506004-13370+050000FM-12+0005FMNV V0209999999999006901CN0300001N1+02871+02011101421ADDAA124000191GA1021+006909099GA2031+006909089GA3031+009909069GF106991041999008001001021IA2240+02309KA1120M+02891KA2120N+02331MA1999999101381MD1010041+9999REMSYN152AAXX  05064 67017 12580 6//10 10287 20201 30138 40142 50004 69914 84002 333 02319 10289 20233 55/// 82923 83823 83633 94941 94942 95831 95832 555 82073;EQDQ01+000002SCOLCG
0273670170999992000120509004-13370+050000FM-12+0005FMNV V02099999999990120019N0250001N1+02951+02151101341ADDAA199000091AY121031AY221031GA1011+006909099GA2031+006909089GA3061+012009069GF107991071091008001999999MA1999999101281MD1810121+9999MW1151REMSYN106AAXX  05094 67017 31575 7//12 10295 20215 30128 40134 58012 71522 879// 333 81923 83823 86640 94941 95831;EQDQ01  00002PRCP99
0229670170999992000120515004-13370+050000FM-12+0005FMNV V0209999999999009001CN0250001N1+02401+02021101361ADDAA106003091AY161031AY221031GA1021+005109089GF106991051081004501031001KA1120M+02931MA1999999101301MD1310141+9999MW1151REMSYN100AAXX  05154 67017 21475 6//02 10240 20202 30130 40136 53014 71562 85830 333 10293 60031 82817 84620;
0175670170999992000120603004-13370+050000FM-12+0005FMNV V02099999999992200019N0300001N1+02571+02011101461ADDAA199000091GA1041+006009029GF104991041021008001001001MA1999999101401REMSYN076AAXX  06034 67017 33580 4//04 10257 20201 30140 40146 5//// 84200 333 84820;EQDQ01  00002PRCP99
0244670170999992000120606004-13370+050000FM-12+0005FMNV V02099999999990060019N0300001N1+02841+02061101481ADDAA124003091GA1051+006009029GF105991051021008001001001IA2240+02309KA1120M+02951KA2120N+02361MA1999999101421MD1010021+9999REMSYN112AAXX  06064 67017 12580 5//10 10284 20206 30142 40148 50002 60034 85200 333 02319 10295 20236 5///4 55/// 85820;
0189670170999992000120609004-13370+050000FM-12+0005FMNV V02099999999992200019N0350001N1+02891+02091101351ADDAA199000091GA1031+006009029GF103991031021008001001001MA1999999101291MD1810131+9999REMSYN076AAXX  06094 67017 32581 3//14 10289 20209 30129 40135 58013 83200 333 83820;EQDQ01  00002PRCP99
0205670170999992000120612004-13370+050000FM-12+0005FMNV V02099999999992200019N0350001N1+02871+01991101171ADDAA199000091GA1021+006009089GF103991031081008001001001MA1999999101111MD1710181+9999REMSYN092AAXX  06124 67017 32581 3//10 10287 20199 30111 40117 57018 83800 333 0//00 82820 555 81640;EQDQ01  00002PRCP99
0218670170999992000120615004-13370+050000FM-12+0005FMNV V0209999999999012001CN0300001N1+02601+02041101281ADDAA199000091GA1041+006009089GF105991051081008001001001KA1120M+02931MA1999999101221MD1310111+9999REMSYN092AAXX  06154 67017 32580 5//06 10260 20204 30122 40128 53011 85800 333 10293 84820 555 83633;EQDQ01  00002PRCP99
0248670170999992000120706004-13370+050000FM-12+0005FMNV V02099999999991050019N0300001N1+02801+02081101351ADDAA124000191GA1041+006009089GF106991041021008001001021IA2240+02209KA1120M+02931KA2120N+02371MA1999999101291MD1010051+9999REMSYN116AAXX  07064 67017 12580 6//10 10280 20208 30129 40135 50005 69914 84202 333 02219 10293 20237 55/// 84820 555 83073;
0195670170999992000120709004-13370+050000FM-12+0005FMNV V0209999999999105001CN0300001N1+02921+02111101281ADDAA199000091GA1031+006009089GF105991031021008001001021MA1999999101221MD1810071+9999REMSYN082AAXX  07094 67017 32580 5//12 10292 20211 30122 40128 58007 83202 333 83820 83073;EQDQ01  00002PRCP99
0201670170999992000120712004-13370+050000FM-12+0005FMNV V0209999999999045001CN0300001N1+02931+02071101231ADDAA199000091GA1031+006009089GF106991031021008001031021MA1999999101171MD1710051+9999REMSYN088AAXX  07124 67017 32580 6//08 10293 20207 30117 40123 57005 83232 333 0//00 83820 84073;EQDQ01  00002PRCP99
0191670170999992000120803004-13370+050000FM-12+0005FMNV V02099999999992200019N0300001N1+02471+01861101311ADDAA199000091GA1021+012009069GF103991031081008001001021MA1999999101251REMSYN092AAXX  08034 67017 33580 3//04 10247 20186 30125 40131 5//// 83802 333 82820 555 82640 81073;EQDQ01  00002PRCP99
0257670170999992000120806004-13370+050000FM-12+0005FMNV V02099999999992200019N0350001N1+02901+01851101321ADDAA199000091GA1021+006009029GF103991021021008001001021IA2240+02209KA1120M+02941KA2120N+02331MA1999999101261MD1010011+9999REMSYN106AAXX  08064 67017 32581 3//10 10290 20185 30126 40132 50001 82202 333 02200 10294 20233 5///4 55/// 82820;EQDQ01  00002PRCP99
0227670170999992000120812004-13370+050000FM-12+0005FMNV V02099999999990120019N0350001N1+02901+02051101101ADDAA199000091GA1021+006009089GA2041+012009069GF106991051081008001001021MA1999999101041MD1710121+9999REMSYN098AAXX  08124 67017 32581 6//12 10290 20205 30104 40110 57012 85802 333 0//00 82820 84640 555 82073;EQDQ01  00002PRCP99
0250670170999992000120906004-13370+050000FM-12+0005FMNV V02099999999990120019N0350001N1+02781+01921101291ADDAA124000191GA1021+006009089GF105991051081008001001001IA2240+02209KA1120M+02991KA2120N+02361MA1999999101231MD1010031+9999REMSYN118AAXX  09064 67017 12581 5//10 10278 20192 30123 40129 50003 69924 85800 333 02219 10299 20236 50/// 55/// 82820 84640;
0181670170999992000121003004-13370+050000FM-12+0005FMNV V0209999C000010120019N0300001N1+02461+02061101181ADDAA199000091GA1021+006009089GF106991061081008001001001MA1999999101121REMSYN082AAXX  10034 67017 33580 60000 10246 20206 30112 40118 5//// 86800 333 82820 86640;EQDQ01  00002PRCP99
0267670170999992000121106004-13370+050000FM-12+0005FMNV V0209999C000010060019N0300001N1+02781+02111101181ADDAA199000091GA1061+006009089GF107991071081008001999999IA2240+02309KA1120M+02921KA2120N+02451MA1999999101121MD1110051+9999REMSYN116AAXX  11064 67017 32580 70000 10278 20211 30112 40118 51005 878// 333 02300 10292 20245 50//4 55/// 86820 555 82640;EQDQ01  00002PRCP99
0199670170999992000121109004-13370+050000FM-12+0005FMNV V02099999999991050019N0300001N1+02941+02211101081ADDAA199000091GA1031+006009089GF105991031021008001001021MA1999999101021MD1810101+9999REMSYN086AAXX  11094 67017 32580 5//06 10294 20221 30102 40108 58010 83202 333 83820 555 83073;EQDQ01  00002PRCP99
0201670170999992000121112004-13370+050000FM-12+0005FMNV V0209999999999220001CN0300001N1+02841+02161100911ADDAA199000091GA1021+006009089GF106991021021008001001061MA1999999100851MD1710171+9999REMSYN088AAXX  11124 67017 32580 6//04 10284 20216 30085 40091 57017 82206 333 0//00 82820 85273;EQDQ01  00002PRCP99
0270670170999992000121115004-13370+050000FM-12+0005FMNV V0209999C000010060019N0200001N1+02661+02111101001ADDAA199000091AY121031AY221031GA1011+006009099GA2041+006009089GF106991051091008001001021KA1120M+02931MA1999999100941MD1310091+9999MW1151REMSYN106AAXX  11154 67017 31570 60000 10266 20211 30094 40100 53009 71522 85902 333 10293 81920 84820 94946 95836;EQDQ01  00002PRCP99
0187670170999992000121203004-13370+050000FM-12+0005FMNV V0209999C000010060019N0200001N1+02311+99999101161ADDAA199000091GA1051+006009029GF106991061081008001001001MA1999999101101MW1151REMSYN082AAXX  12034 67017 31570 60000 10231 20239 30110 40116 5//// 715// 86800 333 85820;EQDQ01  00002PRCP99
0267670170999992000121212004-13370+050000FM-12+0005FMNV V02099999999992200019N0200001N1+02971+02081100881ADDAA199000091AY111061AY211061GA1011+006009099GA2011+006009089GF103991031091008001001001MA1999999100821MD1710171+9999MW1051REMSYN116AAXX  12124 67017 31570 3//04 10297 20208 30082 40088 57017 70511 83900 333 0//00 81920 81820 94946 95816 555 82640;EQDQ01  00002PRCP99
0292670170999992000121215004-13370+050000FM-12+0005FMNV V0209999C000010099019N0200001N1+02741+02081100971ADDAA199000091AY121031AY211031GA1011+006009099GA2031+006009089GA3041+009909069GF106991061091008001001001KA1120M+03051MA1999999100911MD1310091+9999MW1151REMSYN112AAXX  12154 67017 31570 60000 10274 20208 30091 40097 53009 71521 86900 333 10305 81920 83820 84633 94946 95836;EQDQ01  00002PRCP99
0193670170999992000121303004-13370+050000FM-12+0005FMNV V0209999C00001012001CN0250001N1+02451+02201101121ADDAA199000091GA1031+006009089GF107991071081008001999999MA1999999101061MW1151REMSYN088AAXX  13034 67017 31575 70000 10245 20220 30106 40112 5//// 715// 878// 333 83820 85633;EQDQ01  00002PRCP99
0267670170999992000121306004-13370+050000FM-12+0005FMNV V0209999C00001012001CN0300001N1+02801+02131101081ADDAA199000091GA1031+012009069GF107991061081008001031999IA2240+02309KA1120M+03051KA2120N+02391MA1999999101021MD1010041+9999REMSYN116AAXX  13064 67017 32580 70000 10280 20213 30102 40108 50004 8683/ 333 02300 10305 20239 55/// 84820 555 83640 83360;EQDQ01  00002PRCP99
0223670170999992000121309004-13370+050000FM-12+0005FMNV V02099999999992200019N0300001N1+02951+02251100921ADDAA199000091GA1011+006009099GA2031+006009089GF103991031091008001001001MA1999999100861MD1810161+9999REMSYN094AAXX  13094 67017 32580 3//06 10295 20225 30086 40092 58016 83900 333 81920 83820 94946 95816;EQDQ01  00002PRCP99
0241670170999992000121312004-13370+050000FM-12+0005FMNV V02099999999992200019N0300001N1+02941+02191100661ADDAA199000091GA1011+006009099GA2021+006009089GF102991021091008001001001MA1999999100601MD1710261+9999REMSYN112AAXX  13124 67017 32580 2//04 10294 20219 30060 40066 57026 82900 333 0//00 81920 82820 94947 94946 95836 95837;EQDQ01  00002PRCP99
0301670170999992000121403004-13370+050000FM-12+0005FMNV V02099999999992200019N0300001N1+03081+02241101101ADDAA199000091GA1011+006009099GA2041+006009089GF104991041031008001001001IA2240+02309KA1120M+99999KA2120N+02421MA1999999101041MD1110041+9999REMSYN118AAXX  14034 67017 32580 4//02 10308 20224 30104 40110 51004 84300 333 02300 10296 20242 55/// 81920 84820 94947 95817;EQDQ01  00002PRCP99Q02 +02962ATMX  
0223670170999992000121409004-13370+050000FM-12+0005FMNV V02099999999992200019N0300001N1+03021+02281100951ADDAA199000091GA1011+006009099GA2031+006009089GF103991031031008001001001MA1999999100901MD1810151+9999REMSYN094AAXX  14094 67017 32580 3//06 10302 20228 30090 40095 58015 83300 333 81920 83820 94946 95836;EQDQ01  00002PRCP99
0264670170999992000121415004-13370+050000FM-12+0005FMNV V0209999C000011050019N0300001N1+02761+02421100931ADDAA199000091GA1011+006009099GA2041+006009089GF105991041091008001001021KA1120M+03101MA1999999100871MD1310081+9999REMSYN122AAXX  14154 67017 32580 50000 10276 20242 30087 40093 53008 84902 333 10310 81920 84820 94945 94947 95835 95837 555 82073;EQDQ01  00002PRCP99
0251670170999992000121506004-13370+050000FM-12+0005FMNV V02099999999992200019N0350001N1+03011+02241101161ADDAA199000091GA1031+006009029GF103991031021008001001001IA2240+02309KA1120M+03101KA2120N+02461MA1999999101101MD1110021+9999REMSYN100AAXX  15064 67017 32581 3//04 10301 20224 30110 40116 51002 83200 333 02300 10310 20246 55/// 83820;EQDQ01  00002PRCP99
0189670170999992000121509004-13370+050000FM-12+0005FMNV V02099999999992200019N0350001N1+03111+02191101081ADDAA199000091GA1021+006909029GF102991021021008001001001MA1999999101021MD1810081+9999REMSYN076AAXX  15094 67017 32581 2//04 10311 20219 30102 40108 58008 82200 333 82823;EQDQ01  00002PRCP99
0195670170999992000121512004-13370+050000FM-12+0005FMNV V02099999999992200019N0300001N1+03061+02261100871ADDAA199000091GA1021+006909029GF102991021021008001001001MA1999999100811MD1710211+9999REMSYN082AAXX  15124 67017 32580 2//08 10306 20226 30081 40087 57021 82200 333 0//00 82823;EQDQ01  00002PRCP99
0254670170999992000121603004-13370+050000FM-12+0005FMNV V02099999999990060019N0200001N1+02521+02241101141ADDAA112010091GA1031+006009099GA2031+006009089GA3031+012009069GF106991051091008001001021MA1999999101081MW1151REMSYN136AAXX  16034 67017 21570 6//04 10252 20224 30108 40114 5//// 715// 85902 333 60102 83920 83820 83640 94951 94953 94956 95871 95873 95878;
0272670170999992000121606004-13370+050000FM-12+0005FMNV V02099999999990060019N0300001N1+02931+02231101201ADDAA124009991GA1011+006009099GA2041+006009089GF105991051091008001001021IA2240+02409KA1120M+03151KA2120N+02471MA1999999101141MD1110061+9999REMSYN124AAXX  16064 67017 12580 5//06 10293 20223 30114 40120 51006 60104 85902 333 02419 10315 20247 55/// 81920 84820 94948 95818;
0192670170999992000121703004-13370+050000FM-12+0005FMNV V02099999999990060019N0200001N1+02471+02251101301ADDAA112019091AY161031GA1061+006009089GF106991061081008001001001MA1999999101241MW1211REMSYN098AAXX  17034 67017 21570 6//04 10247 20225 30124 40130 5//// 7216/ 86800 333 60192 86820 555 81640;
0272670170999992000121706004-13370+050000FM-12+0005FMNV V02099999999990060019N0200001N1+02811+02231101471ADDAA124019191AC10I9AY161061AY221061GA1051+006009029GF106991061081008001001001IA2240+02309KA1120M+03021KA2120N+02411MA1999999101411MD1210171+9999MW1151REMSYN112AAXX  17064 67017 11570 6//08 10281 20223 30141 40147 52017 60194 71562 86800 333 02324 10302 20241 55/// 85820;
0312670170999992000121806004-13370+050000FM-12+0005FMNV V02099999999990060019N0300001N1+02991+02201101351ADDAA124000191AC13C9AY161061AY221061GA1011+006009099GA2051+006009089GF106991051091008001001021IA2240+02309KA1120M+03021KA2120N+02441MA1999999101291MD1210121+9999MW1011REMSYN136AAXX  18064 67017 11580 6//10 10299 20220 30129 40135 52012 69914 70162 85902 333 02313 10302 20244 5///4 55/// 81920 85820 94948 95838;
0210670170999992000121809004-13370+050000FM-12+0005FMNV V02099999999991050019N0300001N1+02951+02241101281ADDAA106000191GA1011+012009069GF105991041091008001001021MA1999999101221MD1810071+9999REMSYN116AAXX  18094 67017 22580 5//10 10295 20224 30122 40128 58007 84902 333 69911 81920 84820 94948 95838 555 81640 81073;
0229670170999992000121812004-13370+050000FM-12+0005FMNV V02099999999992200019N0300001N1+02931+02151101191ADDAA199000091GA1021+012009069GF104991041091008001001021MA1999999101131MD1710091+9999REMSYN116AAXX  18124 67017 32580 4//12 10293 20215 30113 40119 57009 84902 333 0//00 81920 83820 94948 95838 555 82640 81073;EQDQ01  00002PRCP99
0174670170999992000121903004-13370+050000FM-12+0005FMNV V02099999999990120019N0200001N1+02421+01961101251ADDAA112012091GA1021+006009089GF106991061081008001001001MA1999999101191REMSYN094AAXX  19034 67017 21570 6//06 10242 20196 30119 40125 5//// 7//// 86800 333 60122 82820 86640;
0282670170999992000121906004-13370+050000FM-12+0005FMNV V02099999999990051019N0150001N1+02461+02241101321ADDAA124011991AY121061AY221061GA1061+005109089GF107991071081004501999999IA2240+02209KA1120M+03041KA2120N+02271MA1999999101261MD1110071+9999MW1151REMSYN128AAXX  19064 67017 11465 7//04 10246 20224 30126 40132 51007 60124 71522 878// 333 02229 10304 20227 5///4 55/// 86817 555 82640;
0210670170999992000121909004-13370+050000FM-12+0005FMNV V02099999999990120019N0250001N1+02591+02241101201ADDAA106000191AY161031AY221031GA1041+006009089GF107991061081008001071999MA1999999101141MD1810121+9999MW1151REMSYN094AAXX  19094 67017 21575 7//06 10259 20224 30114 40120 58012 71562 8687/ 333 69911 84820 83640;
0272670170999992000121912004-13370+050000FM-12+0005FMNV V02099999999990120019N0200001N1+02671+02151101021ADDAA106000191AC12I9AY161061AY221061GA1011+006009099GA2031+006009089GA3041+012009069GF107991051091008001071999MA1999999100961MD1710181+9999MW1151REMSYN118AAXX  19124 67017 11570 7//04 10267 20215 30096 40102 57018 69911 71562 8597/ 333 0//16 81920 83820 84640 94945 95815;
0244670170999992000122006004-13370+050000FM-12+0005FMNV V0209999999999105001CN0350001N1+02901+01921101141ADDAA124000191GA1031+006909089GF106991031021008001001021IA2240+02209KA1120M+02861KA2120N+02371MA1999999101081MD1010041+9999REMSYN112AAXX  20064 67017 12581 6//06 10290 20192 30108 40114 50004 69914 83202 333 02219 10286 20237 55/// 83823 85073;
0273670170999992000122012004-13370+050000FM-12+0005FMNV V02099999999990300019N0300001N1+02841+02191100961ADDAA199000091GA1011+006909099GA2031+006909089GA3041+030009039GF106991031091008001031021MA1999999100901MD1710121+9999REMSYN128AAXX  20124 67017 32580 6//10 10284 20219 30090 40096 57012 83932 333 0//00 81923 83823 84360 94943 94946 95833 95836 555 83073;EQDQ01  00002PRCP99
0338670170999992000122106004-13370+050000FM-12+0005FMNV V02099999999990300019N0300001N1+02601+02111101331ADDAA124035191AC13C9AY161061AY221061GA1011+006009099GA2031+006009089GA3061+030009049GF107991031091008001071021IA2240+02309KA1120M+03001KA2120N+02271MA1999999101271MD1210071+9999MW1011REMSYN146AAXX  21064 67017 11580 7//06 10260 20211 30127 40133 52007 60354 70162 83972 333 02323 10300 20227 55/// 81920 83820 86460 94941 95831 555 82073;
0242670170999992000122109004-13370+050000FM-12+0005FMNV V02099999999990300019N0300001N1+02941+01971101241ADDAA106000291GA1011+006009099GA2031+006009089GA3031+030009039GF105991031091008001031021MA1999999101181MD1810091+9999REMSYN116AAXX  21094 67017 22580 5//08 10294 20197 30118 40124 58009 83932 333 69921 81920 83820 83360 94943 95813 555 82073;
0273670170999992000122112004-13370+050000FM-12+0005FMNV V02099999999990300019N0300001N1+02801+02131101121ADDAA199000091GA1011+006009099GA2021+006009089GA3031+030009039GA4041+069009009GF105991021091008001031021MA1999999101061MD1710121+9999REMSYN112AAXX  21124 67017 32580 5//06 10280 20213 30106 40112 57012 82932 333 0//00 81920 82820 83360 84073 94943 95813;EQDQ01  00002PRCP99
0314670170999992000122115004-13370+050000FM-12+0005FMNV V02099999999990300019N0250001N1+02561+02221101231ADDAA199000091AY121031AY221031GA1021+006009099GA2021+006009089GA3031+030009039GA4041+069009009GF106991031091008001061031KA1120M+02951MA1999999101171MD1310081+9999MW1151REMSYN118AAXX  21154 67017 31575 6//04 10256 20222 30117 40123 53008 71522 83963 333 10295 82920 82820 83360 84073 94961 95831;EQDQ01  00002PRCP99
0168670170999992000122203004-13370+050000FM-12+0005FMNV V0209999C00001045001CN0300001N1+02391+02041101271ADDAA112017091GA1011+006009089GF106991021081008001031021MA1999999101211REMSYN088AAXX  22034 67017 22580 60000 10239 20204 30121 40127 5//// 82832 333 60172 81820 84360;
0244670170999992000122206004-13370+050000FM-12+0005FMNV V0209999999999105001CN0350001N1+02831+01951101301ADDAA124017091GA1021+006009089GF105991021021008001031021IA2240+02209KA1120M+02951KA2120N+02271MA1999999101241MD1010031+9999REMSYN112AAXX  22064 67017 12581 5//02 10283 20195 30124 40130 50003 60174 82232 333 02229 10295 20227 55/// 82820 83360;
0279670170999992000122209004-13370+050000FM-12+0005FMNV V02099999999992200019N0350001N1+02951+01981101181ADDAA199000091GA1021+006009099GA2021+006009089GA3031+069009009GF104991031091008001031031MA1999999101121MD1810121+9999REMSYN134AAXX  22094 67017 32581 4//09 10295 20198 30112 40118 58012 83933 333 82920 82820 83073 94965 94966 94967 95835 95836 95837 555 81360;EQDQ01  00002PRCP99
0307670170999992000122212004-13370+050000FM-12+0005FMNV V02099999999990300019N0250001N1+02781+02331100911ADDAA199000091AY121061AY211061GA1021+006009099GA2021+006009089GA3031+030009039GA4041+069009009GF106991031091008001071031MA1999999100851MD1710271+9999MW1151REMSYN124AAXX  22124 67017 31575 6//06 10278 20233 30085 40091 57027 71521 83973 333 0//00 82920 82820 83360 84073 94946 95836 95837;EQDQ01  00002PRCP99
0207670170999992000122303004-13370+050000FM-12+0005FMNV V0209999C00001105001CN0300001N1+02351+02001101141ADDAA199000091GA1011+006009089GA2041+030009039GF105991011021008001031021MA1999999101081REMSYN092AAXX  23034 67017 33580 50000 10235 20200 30108 40114 5//// 81232 333 81820 84360 555 82073;EQDQ01  00002PRCP99
0267670170999992000122306004-13370+050000FM-12+0005FMNV V0209999C000012200019N0350001N1+02971+02021101171ADDAA199000091GA1021+012009069GF104991031081008001001021IA2240+02409KA1120M+02991KA2120N+02281MA1999999101111MD1210031+9999REMSYN116AAXX  23064 67017 32581 40000 10297 20202 30111 40117 52003 83802 333 02400 10299 20228 55/// 82820 555 82640 82073;EQDQ01  00002PRCP99
0228670170999992000122403004-13370+050000FM-12+0005FMNV V0209999C000012200019N0300001N1+02421+02091101161ADDAA112002091GA1011+006909099GA2021+006909089GA3031+030009039GF104991021031008001031021MA1999999101101REMSYN116AAXX  24034 67017 33580 40000 10242 20209 30110 40116 5//// 82332 333 60022 81923 82823 83360 94942 95812 555 81073;
0248670170999992000122506004-13370+050000FM-12+0005FMNV V0209999C000011050019N0300001N1+02961+02331101111ADDAA124003091GA1041+006009089GF105991041021008001001021IA2240+02209KA1120M+02981KA2120N+02381MA1999999101051MD1010011+9999REMSYN116AAXX  25064 67017 12580 50000 10296 20233 30105 40111 50001 60034 84202 333 02219 10298 20238 55/// 84820 555 82073;
0181670170999992000122603004-13370+050000FM-12+0005FMNV V0209999C00001220001CN0300001N1+02521+02341100981ADDAA199000091GA1011+006009089GF106991011021008001001061MA1999999100921REMSYN082AAXX  26034 67017 33580 60000 10252 20234 30092 40098 5//// 81206 333 81820 86273;EQDQ01  00002PRCP99
0307670170999992000122606004-13370+050000FM-12+0005FMNV V0209999C000010690019N0300001N1+02931+02281101031ADDAA199000091GA1011+006009099GA2021+006009089GA3071+069009029GF107991021031008001001061IA2240+02409KA1120M+03061KA2120N+02451MA1999999100971MD1110051+9999REMSYN124AAXX  26064 67017 32580 70000 10293 20228 30097 40103 51005 82306 333 02400 10306 20245 55/// 81920 82820 87273 94944 95814;EQDQ01  00002PRCP99
0273670170999992000122612004-13370+050000FM-12+0005FMNV V02099999999990690019N0300001N1+02961+02261100821ADDAA199000091GA1011+006009099GA2021+006009089GA3061+069009029GF107991041031008001001061MA1999999100761MD1710181+9999REMSYN128AAXX  26124 67017 32580 7//08 10296 20226 30076 40082 57018 84306 333 0//00 81920 82820 86273 94944 94947 95814 95817 555 82640;EQDQ01  00002PRCP99
0267670170999992000122706004-13370+050000FM-12+0005FMNV V02099999999992200019N0350001N1+03001+02201101001ADDAA199000091GA1021+006009089GF104991021021008001001021IA2240+02209KA1120M+02991KA2120N+02341MA1999999100941MD1010011+9999REMSYN116AAXX  27064 67017 32581 4//02 10300 20220 30094 40100 50001 82202 333 02200 10299 20234 5///4 55/// 82820 555 83073;EQDQ01  00002PRCP99
0199670170999992000122709004-13370+050000FM-12+0005FMNV V02099999999991050019N0350001N1+03001+02281100911ADDAA199000091GA1031+006909089GF105991031021008001001021MA1999999100851MD1810091+9999REMSYN086AAXX  27094 67017 32581 5//04 10300 20228 30085 40091 58009 83202 333 83823 555 83075;EQDQ01  00002PRCP99
0263670170999992000122712004-13370+050000FM-12+0005FMNV V02099999999990690019N0300001N1+02981+02371100791ADDAA199000091GA1011+006009099GA2031+006009089GA3031+069009009GF105991031091008001001021MA1999999100731MD1710121+9999REMSYN118AAXX  27124 67017 32580 5//04 10298 20237 30073 40079 57012 83902 333 0//00 81920 83820 83073 94945 94947 95835 95837;EQDQ01  00002PRCP99
0257670170999992000122806004-13370+050000FM-12+0005FMNV V0209999999999105001CN0300001N1+02991+02251101111ADDAA199000091GA1031+006009089GF106991031021008001001021IA2240+02209KA1120M+03051KA2120N+02331MA1999999101051MD1110031+9999REMSYN106AAXX  28064 67017 32580 6//02 10299 20225 30105 40111 51003 83202 333 02200 10305 20233 55/// 83820 86073;EQDQ01  00002PRCP99
0303670170999992000122812004-13370+050000FM-12+0005FMNV V0209999C000010060019N0200001N1+02881+02541100891ADDAA199000091AY121061AY221061GA1041+005109089GA2021+006009099GA3051+069009009GF107991051091004501001021MA1999999100831MD1710161+9999MW1171REMSYN136AAXX  28124 67017 31470 70000 10288 20254 30083 40089 57016 71722 85902 333 0//00 84817 82920 85073 94965 94966 94967 95835 95836 95837;EQDQ01  00002PRCP99
0342670170999992000122906004-13370+050000FM-12+0005FMNV V0209999C00001007501CN0200001N1+02811+02341101141ADDAA124000591AC13C9AY161061AY221061GA1031+012009069GF106991061091008001001031IA2240+02309KA1120M+03011KA2120N+02361MA1999999101081MD1110041+9999MW1151REMSYN182AAXX  29064 67017 11570 60000 10281 20234 30108 40114 51004 69954 71562 86903 333 02313 10301 20236 55/// 83920 84820 94972 94973 94974 94978 95872 95873 95874 95878 555 83640 82073;
0307670170999992000122909004-13370+050000FM-12+0005FMNV V0209999999999006001CN0250001N1+02881+02331100961ADDAA199000091AY121031AY221031GA1021+006009099GA2031+006009089GA3031+069009009GF106991041091008001031031MA1999999100901MD1810181+9999MW1171REMSYN140AAXX  29094 67017 31575 6//02 10288 20233 30090 40096 58018 71722 84933 333 82920 83820 83073 94964 94966 94967 95874 95876 95877 555 81360;EQDQ01  00002PRCP99
0303670170999992000122912004-13370+050000FM-12+0005FMNV V0209999999999006001CN0200001N1+02971+02351100791ADDAA199000091AY191061AY221061GA1021+006009099GA2031+006009089GA3031+069009009GF105991041091008001001031MA1999999100721MD1710171+9999MW1151REMSYN136AAXX  29124 67017 31570 5//02 10297 20235 30072 40079 57017 71592 84903 333 0//00 82920 83820 83073 94965 94966 94967 95875 95876 95877;EQDQ01  00002PRCP99
0242670170999992000123003004-13370+050000FM-12+0005FMNV V0209999C000010690019N0300001N1+02441+02171101041ADDAA112006091GA1011+006009099GA2031+006009089GA3041+069009009GF105991041091008001001021MA1999999100981REMSYN130AAXX  30034 67017 23580 50000 10244 20217 30098 40104 5//// 84902 333 60062 81920 83820 84073 94941 94943 94944 95831 95833 95834;
0324670170999992000123006004-13370+050000FM-12+0005FMNV V02099999999990060019N0200001N1+02841+02321101131ADDAA124009991AY121061AY221061GA1011+006009099GA2061+006009089GF107991061091008001001021IA2240+02309KA1120M+03031KA2120N+02301MA1999999101071MD1210091+9999MW1151REMSYN154AAXX  30064 67017 11570 7//02 10284 20232 30107 40113 52009 60104 71522 86902 333 023// 10303 20230 55/// 81920 86820 94972 94973 94974 95832 95833 95834;
0180670170999992000123103004-13370+050000FM-12+0005FMNV V0209999C000010120019N0200001N1+02431+02251101151ADDAA112002091GA1041+006009089GF107991071081008001999999MA1999999101091MW1151REMSYN094AAXX  31034 67017 21570 70000 10243 20225 30109 40115 5//// 715// 878// 333 60022 84820 84640;
