0210673350999992000010206004-25050+033630FM-12+0005FQXA V0203601N005710075019N0300001N1+02921+02521100871ADDAA124000391GF107991051021008001071999KA1120N+02541MD1210101+9999OA150699999REMSYN104AAXX  02064 67335 12580 73611 10292 20252 40087 52010 69934 8527/ 333 20254 50780 55048 94328 555 10000;EQDQ01  00402WGOSPD
0122673350999992000010209004-25050+033630FM-12+0005FQXA V0203301N003610075019N0300001N1+03351+02401100911ADDGF107991051021008001071999MD1010041+9999REMSYN070AAXX  02094 67335 42580 73307 10335 20240 40091 50004 8527/ 333 94320;
0180673350999992000010212004-25050+033630FM-12+0005FQXA V0201801N006710075019N0300001N1+03201+02511100791ADDAA106000091AY191061AY221061GF107991051031008001071999MD1510121+9999MW1291REMSYN076AAXX  02124 67335 31580 71813 10320 20251 40079 55012 72992 8537/ 333 94330;EQDQ01  00002PRCP06
0150673350999992000010215004-25050+033630FM-12+0005FQXA V0201701N004610075019N0300001N1+02881+02361100831ADDAY191031AY221031GF107991051031008001071999MD1310041+9999MW1291REMSYN076AAXX  02154 67335 41580 71709 10288 20236 40083 53004 72992 8537/ 333 94334;
0150673350999992000010303004-25050+033630FM-12+0005FQXA V0201801N002610075019N0100001N1+02471+02411101261ADDAY191031AY291031GF108991081091008001999999MD1210141+9999MW1921REMSYN076AAXX  03034 67335 41560 81805 10247 20241 40126 52014 79299 889// 333 94390;
0213673350999992000010306004-25050+033630FM-12+0005FQXA V0201801N002610042019N0200001N1+02551+02481999999ADDAA124036191AY191061AY291061GF108991061031004501071999KA1120N+02441MD1210301+9999MW1211OA150600801REMSYN104AAXX  03064 67335 11470 81805 10255 20248 52030 60364 72199 8637/ 333 20244 50540 55082 94318 555 10003;
0150673350999992000010309004-25050+033630FM-12+0005FQXA V0201801N002610075019N0300001N1+02681+02561101391ADDAY161031AY221031GF108991081021008001999999MD1710171+9999MW1021REMSYN076AAXX  03094 67335 42580 81805 10268 20256 40139 57017 70262 882// 333 94320;
0133673350999992000010312004-25050+033630FM-12+0005FQXA V0201801N005110075019N0300001N1+02881+02501101301ADDAA106000021GF107991071021008001999999MD1710091+9999REMSYN070AAXX  03124 67335 32580 71810 10288 20250 40130 57009 872// 333 94320;
0122673350999992000010315004-25050+033630FM-12+0005FQXA V0201801N002610075019N0300001N1+02801+02531101281ADDGF107991071021008001999999MD1510021+9999REMSYN070AAXX  03154 67335 42580 71805 10280 20253 40128 55002 872// 333 94324;
0225673350999992000010406004-25050+033630FM-12+0005FQXA V0201801N001510075019N0200001N1+02481+02381101401ADDAA124011991AY191061AY261061GF108991081091008001999999KA1120N+02401MD1310181+9999MW1211OA150600301REMSYN116AAXX  04064 67335 11570 81803 10248 20238 40140 53018 60124 72196 889// 333 20240 50141 55033 94390 555 00121 10404;
0150673350999992000010409004-25050+033630FM-12+0005FQXA V0201801N002110075019N0300001N1+02601+02461101401ADDAY151031AY221031GF108991081021008001999999MD1510001+9999MW1021REMSYN076AAXX  04094 67335 41580 81804 10260 20246 40140 55000 70252 882// 333 94320;
0167673350999992000010412004-25050+033630FM-12+0005FQXA V0201801N003110075019N0300001N1+02681+02561101331ADDAA106001091AY151061AY251061GF107991071021008001999999MD1710071+9999MW1201REMSYN082AAXX  04124 67335 11580 71806 10268 20256 40133 57007 60011 72055 872// 333 94324;
0167673350999992000010512004-25050+033630FM-12+0005FQXA V0201701N002610075019N0300001N1+02921+02541101091ADDAA106002091AY161061AY221061GF107991071021008001999999MD1710141+9999MW1031REMSYN082AAXX  05124 67335 11580 71705 10292 20254 40109 57014 60021 70362 872// 333 94320;
0150673350999992000010515004-25050+033630FM-12+0005FQXA V0201701N001510042019N0200001N1+02841+02491101011ADDAY191031AY291031GF106991051031004501071001MD1510081+9999MW1291REMSYN076AAXX  05154 67335 41470 61703 10284 20249 40101 55008 72999 85370 333 94334;
0122673350999992000010603004-25050+033630FM-12+0005FQXA V0209999C000010360019N0200001N1+02431+02361100841ADDGF106991021021008001071001MD1310011+9999REMSYN070AAXX  06034 67335 42570 60000 10243 20236 40084 53001 82270 333 94320;
0122673350999992000010609004-25050+033630FM-12+0005FQXA V0203601N001010075019N0300001N1+03001+02461101091ADDGF107991071021008001999999MD1810021+9999REMSYN070AAXX  06094 67335 42580 73602 10300 20246 40109 58002 872// 333 94320;
0122673350999992000010615004-25050+033630FM-12+0005FQXA V0202701N002610360019N0300001N1+02801+02261100771ADDGF107991031091008001031031MD1710201+9999REMSYN070AAXX  06154 67335 42580 72705 10280 20226 40077 57020 83933 333 94390;
0186673350999992000010618004-25050+033630FM-12+0005FQXA V0209999C000010360019N0300001N1+02701+02291100821ADDAA112000191AY121061AY221061GF107991041091008001071999KA1120M+03151MD1210051+9999MW1131REMSYN088AAXX  06184 67335 11580 70000 10270 20229 40082 52005 69912 71322 8497/ 333 10315 94390;
0122673350999992000010703004-25050+033630FM-12+0005FQXA V0209999C000010360019N0300001N1+02501+02361100841ADDGF107991031091008001031081MD1710071+9999REMSYN070AAXX  07034 67335 42580 70000 10250 20236 40084 57007 83938 333 94390;
0122673350999992000010709004-25050+033630FM-12+0005FQXA V0203601N001510075019N0300001N1+03001+02471100841ADDGF106991051021008001031001MD1710071+9999REMSYN070AAXX  07094 67335 42580 63603 10300 20247 40084 57007 85230 333 94320;
0122673350999992000010803004-25050+033630FM-12+0005FQXA V0209999C000010075019N0300001N1+02561+02351100411ADDGF108991081021008001999999MD1710031+9999REMSYN070AAXX  08034 67335 42580 80000 10256 20235 40041 57003 882// 333 94320;
0215673350999992000010806004-25050+033630FM-12+0005FQXA V0209999C000010075019N0300001N1+02651+02561100571ADDAA124000891AY161061AY221061GF108991061021008001021999KA1120N+02501MD1310161+9999MW1601OA150600601REMSYN106AAXX  08064 67335 11580 80000 10265 20256 40057 53016 69974 76062 8622/ 333 20250 50520 55064 94324 00007;
0122673350999992000010821004-25050+033630FM-12+0005FQXA V0201801N003110075019N0300001N1+02501+02361100571ADDGF108991061091008001021999MD1410001+9999REMSYN070AAXX  08214 67335 42580 81806 10250 20236 40057 54000 8692/ 333 94394;
0150673350999992000010903004-25050+033630FM-12+0005FQXA V0201801N005110075019N0300001N1+02451+02361100621ADDAY161031AY261031GF108991061091008001021999MD1210021+9999MW1611REMSYN076AAXX  09034 67335 41580 81810 10245 20236 40062 52002 76166 8692/ 333 94394;
0150673350999992000010909004-25050+033630FM-12+0005FQXA V0203501N006210042019N0080001N1+02401+02331100751ADDAY161031AY261031GF108991081091004501999999MD1110041+9999MW1611REMSYN076AAXX  09094 67335 41458 83512 10240 20233 40075 51004 76166 889// 333 94390;
0167673350999992000010912004-25050+033630FM-12+0005FQXA V0203501N006210042019N0090001N1+02461+02321100641ADDAA106039191AY161061AY261061GF108991081021004501999999MD1710081+9999MW1601REMSYN082AAXX  09124 67335 11459 83512 10246 20232 40064 57008 60391 76066 882// 333 94327;
0150673350999992000011003004-25050+033630FM-12+0005FQXA V0203601N004110042019N0100001N1+02481+02311100531ADDAY161031AY261031GF108991081021004501999999MD1710101+9999MW1021REMSYN076AAXX  10034 67335 41460 83608 10248 20231 40053 57010 70266 882// 333 94327;
0150673350999992000011004004-25050+033630FM-12+0005FQXA V0203601N004110042019N0100001N1+02481+02311100531ADDAY161011AY261011GF108991081021004501999999MD1710101+9999MW1021REMSYN076AAXX  10044 67335 41460 83608 10248 20231 40053 57010 70266 882// 333 94327;
0216673350999992000011006004-25050+033630FM-12+0005FQXA V0201801N001510075019N0300001N1+02581+02461100711ADDAA124066091GF107991071021008001071999KA1120N+02441MD1210181+9999OA150699999REMSYN110AAXX  10064 67335 12580 71803 10258 20246 40071 52018 60664 8727/ 333 20244 5///0 55000 94320 555 00663 10375;EQDQ01  00002WGOSPD
0122673350999992000011009004-25050+033630FM-12+0005FQXA V0201501N002110075019N0300001N1+02941+02481100651ADDGF106991061021008001071001MD1710061+9999REMSYN070AAXX  10094 67335 42580 61504 10294 20248 40065 57006 86270 333 94320;
0152673350999992000011012004-25050+033630FM-12+0005FQXA V0201701N002610075019N0300001N1+03001+02481100501ADDAA106000091GF106991061021008001031001MD1710151+9999REMSYN070AAXX  10124 67335 32580 61705 10300 20248 40050 57015 86230 333 94324;EQDQ01  00002PRCP06
0122673350999992000011015004-25050+033630FM-12+0005FQXA V0201001N002110075019N0300001N1+02871+02401100491ADDGF106991061021008001001001MD1510011+9999REMSYN070AAXX  10154 67335 42580 61004 10287 20240 40049 55001 86200 333 94324;
0219673350999992000011106004-25050+033630FM-12+0005FQXA V0201801N005110075019N0300001N1+02661+02461100851ADDAA124001091AY161061AY221061GF106991061021008001001001KA1120N+02501MD1210101+9999MW1601OA150600901REMSYN110AAXX  11064 67335 11580 61810 10266 20246 40085 52010 69994 76062 86200 333 20250 5///0 55098 94320 555 10663;
0152673350999992000011200004-25050+033630FM-12+0005FQXA V0209999C000012200019N0300001N1+02301+02271100721ADDAA106000091GF103991031021008001001001MD1710101+9999REMSYN070AAXX  12004 67335 32580 30000 10230 20227 40072 57010 83200 333 94320;EQDQ01  00002PRCP06
0122673350999992000011203004-25050+033630FM-12+0005FQXA V0209999C000012200019N0300001N1+02321+02291100681ADDGF102991021021008001001001MD1710041+9999REMSYN070AAXX  12034 67335 42580 20000 10232 20229 40068 57004 82200 333 94320;
0122673350999992000011209004-25050+033630FM-12+0005FQXA V02099999999990075019N0300001N1+02981+02321100781ADDGF105991051021008001001001MD1210031+9999REMSYN070AAXX  12094 67335 42580 5183/ 10298 20232 40078 52003 85200 333 94320;
0197673350999992000011306004-25050+033630FM-12+0005FQXA V0201801N005110075019N0300001N1+02481+02351101041ADDAA124004191GF108991081021008001999999KA1120N+02401MD1310131+9999OA150601201REMSYN110AAXX  13064 67335 12580 81810 10248 20235 40104 53013 60044 882// 333 20240 50400 55125 94324 555 00042 10014;
0122673350999992000011309004-25050+033630FM-12+0005FQXA V0201801N007710075019N0300001N1+02661+02281101061ADDGF108991081021008001999999MD1010021+9999REMSYN070AAXX  13094 67335 42580 81815 10266 20228 40106 50002 882// 333 94324;
0167673350999992000011312004-25050+033630FM-12+0005FQXA V0201801N004610075019N0100001N1+02301+02201101111ADDAA106001091AY121061AY221061GF108991081051008001999999MD1210051+9999MW1611REMSYN082AAXX  13124 67335 11560 81809 10230 20220 40111 52005 60011 76122 885// 333 94350;
0150673350999992000011315004-25050+033630FM-12+0005FQXA V0201801N002610075019N0300001N1+02271+02211101081ADDAY161031AY261031GF108991081051008001999999MD1610031+9999MW1631REMSYN076AAXX  13154 67335 41580 81805 10227 20221 40108 56003 76366 885// 333 94364;
0190673350999992000011318004-25050+033630FM-12+000599999V0201801N006210075019N0100001N1+02391+02191101191ADDAA112055991AY161061AY261061GF108991081051008001999999KA1120M+02711MD1210111+9999MW1631REMSYN092    AAXX  13184 67335 11560 81812 10239 20219 40119 52011 60562 76366 885// 333 10271 94354;
0154673350999992000011321004-25050+033630FM-12+000599999V0201801N006710075019N0150001N1+02331+02241101221ADDAY161031AY261031GF108991081051008001999999MD1310031+9999MW1611REMSYN080    AAXX  13214 67335 41565 81813 10233 20224 40122 53003 76166 885// 333 94354;
0171673350999992000011400004-25050+033630FM-12+000599999V0201801N007710075019N0100001N1+02291+02201101131ADDAA106009991AY161061AY261061GF108991081051008001999999MD1810091+9999MW1611REMSYN086    AAXX  14004 67335 11560 81815 10229 20220 40113 58009 60101 76166 885// 333 94354;
0154673350999992000011403004-25050+033630FM-12+000599999V0201801N010310075019N0100001N1+02221+02151101131ADDAY161031AY261031GF108991081051008001999999MD1510001+9999MW1611REMSYN080    AAXX  14034 67335 41560 81820 10222 20215 40113 55000 76166 885// 333 94354;
0248673350999992000011406004-25050+033630FM-12+000599999V0201801N007710360019N0200001N1+02401+02111101251ADDAA124070191AY161061AY261061GF107991041051008001021999KA1120N+02191MD1210121+9999MW1211OA150699999REMSYN120    AAXX  14064 67335 11570 71815 10240 20211 40125 52012 60704 72166 8452/ 333 20219 50730 55000 94354 555 00702 10042;EQDQ01  00002WGOSPD
0126673350999992000011409004-25050+033630FM-12+000599999V0201801N009310075019N0300001N1+02701+01981101821ADDGF106991061021008001001001MD1010071+9999REMSYN074    AAXX  14094 67335 42580 61818 10270 20198 40182 50007 86200 333 94324;
0137673350999992000011412004-25050+033630FM-12+000599999V0201801N007710075019N0300001N1+02641+02001101251ADDAA199000021GF107991061021008001071999MD1710071+9999REMSYN074    AAXX  14124 67335 32580 71815 10264 20200 40125 57007 8627/ 333 94324;
0126673350999992000011415004-25050+033630FM-12+000599999V0201801N005710075019N0300001N1+02501+01911101191ADDGF107991051021008001071999MD1610061+9999REMSYN074    AAXX  14154 67335 42580 71811 10250 20191 40119 56006 8527/ 333 94324;
0126673350999992000011509004-25050+033630FM-12+000599999V0201801N003610075019N0300001N1+02201+99999101251ADDGF107991051031008001999999MD1710181+9999REMSYN074    AAXX  15094 67335 42580 71807 10220 20224 40125 57018 853// 333 94324;
0140673350999992000011512004-25050+033630FM-12+000599999V0201801N002619999999N0300001N1+02801+02261101061ADDAA199000091GF108991999999008001999999MD1710191+9999REMSYN058    AAXX  15124 67335 31580 81805 10280 20226 40106 57019;EQDQ01  00002PRCP99
0154673350999992000011515004-25050+033630FM-12+000599999V0200801N003610075019N0300001N1+02601+02321101001ADDAY161031AY221031GF107991061021008001031999MD1710061+9999MW1211REMSYN080    AAXX  15154 67335 41580 70807 10260 20232 40100 57006 72162 8623/ 333 94324;
0154673350999992000011603004-25050+033630FM-12+000599999V0209999C000012200019N0200001N1+02281+02171100981ADDAY141031AY201031GF103991031021008001001001MD1710071+9999MW1401REMSYN080    AAXX  16034 67335 41570 30000 10228 20217 40098 57007 74040 83200 333 94320;
0201673350999992000011606004-25050+033630FM-12+000599999V0209999C000010360019N0300001N1+02551+02361101021ADDAA124003091GF105991041021008001051001KA1120N+02201MD1310041+9999OA150600801REMSYN114    AAXX  16064 67335 12580 50000 10255 20236 40102 53004 60034 84250 333 20220 50530 55082 94324 555 00026 10042;
0126673350999992000011609004-25050+033630FM-12+000599999V0209999C000010075019N0300001N1+02901+02491101021ADDGF105991051021008001001001MD1210071+9999REMSYN074    AAXX  16094 67335 42580 50000 10290 20249 40102 52007 85200 333 94324;
0175673350999992000011618004-25050+033630FM-12+000599999V0201801N002610075019N0300001N1+02751+02261101101ADDAA199000091GF108991081021008001999999KA1120M+02981MD1210101+9999REMSYN080    AAXX  16184 67335 32580 81805 10275 20226 40110 52010 882// 333 10298 94324;EQDQ01  00002PRCP99
0229673350999992000011706004-25050+033630FM-12+000599999V0201801N005110042019N0150001N1+02351+02161101141ADDAA124007191AY161061AY261061GF108991061071004501021999KA1120N+02341MD1210041+9999MW1611OA150600701REMSYN120    AAXX  17064 67335 11465 81810 10235 20216 40114 52004 60074 76166 8672/ 333 20234 50500 55070 94374 555 00074 10026;
0154673350999992000011709004-25050+033630FM-12+000599999V0201801N006710042019N0250001N1+02381+02141101151ADDAY161031AY221031GF108991061071004501021999MD1010011+9999MW1021REMSYN080    AAXX  17094 67335 41475 81813 10238 20214 40115 50001 70262 8672/ 333 94374;
0171673350999992000011712004-25050+033630FM-12+000599999V0201801N003610075019N0150001N1+02381+99999101041ADDAA106002091AY161061AY261061GF108991061021008001021999MD1810111+9999MW1611REMSYN086    AAXX  17124 67335 11565 81807 10238 20287 40104 58011 60021 76166 8622/ 333 94320;
0154673350999992000011715004-25050+033630FM-12+000599999V0201801N005110075019N0150001N1+02341+02251101091ADDAY161031AY261031GF108991061051008001031999MD1310051+9999MW1611REMSYN080    AAXX  17154 67335 41565 81810 10234 20225 40109 53005 76166 8653/ 333 94350;
0154673350999992000011803004-25050+033630FM-12+000599999V0201801N008210075019N0200001N1+02271+01841101361ADDAY161031AY261031GF108991051051008001021999MD1310041+9999MW1211REMSYN080    AAXX  18034 67335 41570 81816 10227 20184 40136 53004 72166 8552/ 333 94354;
0248673350999992000011806004-25050+033630FM-12+000599999V0201801N009310075019N0300001N1+02401+01811101541ADDAA124018091AY161061AY221061GF107991051021008001071999KA1120N+02261MD1210181+9999MW1021OA150699999REMSYN120    AAXX  18064 67335 11580 71818 10240 20181 40154 52018 60184 70262 8527/ 333 20226 50550 55000 94324 555 00182 10074;EQDQ01  00002WGOSPD
0126673350999992000011809004-25050+033630FM-12+000599999V0201801N010310075019N0300001N1+02601+01861101661ADDGF106991061021008001031071MD1210121+9999REMSYN074    AAXX  18094 67335 42580 61820 10260 20186 40166 52012 86237 333 94324;
0137673350999992000011812004-25050+033630FM-12+000599999V0201801N008210075019N0300001N1+02651+01941101601ADDAA199000021GF107991071021008001999999MD1710061+9999REMSYN074    AAXX  18124 67335 32580 71816 10265 20194 40160 57006 872// 333 94320;
0126673350999992000011821004-25050+033630FM-12+000599999V0201801N004612200019N0200001N1+02251+01721101811ADDGF104991031021008001031001MD1210131+9999REMSYN074    AAXX  18214 67335 42570 41809 10225 20172 40181 52013 83230 333 94320;
0156673350999992000011900004-25050+033630FM-12+000599999V0201801N005710360019N0200001N1+02181+02001101681ADDAA199000091GF105991041021008001031001MD1710131+9999REMSYN074    AAXX  19004 67335 32570 51811 10218 20200 40168 57013 84230 333 94320;EQDQ01  00002PRCP99
0126673350999992000011903004-25050+033630FM-12+000599999V0201801N002112200019N0300001N1+02201+01771101751ADDGF103991031021008001001001MD1210071+9999REMSYN074    AAXX  19034 67335 42580 31804 10220 20177 40175 52007 83200 333 94320;
0182673350999992000011906004-25050+033630FM-12+000599999V0201801N003612200019N0300001N1+02541+01871101851ADDAA124003091GF104991041021008001001001MD1210101+9999OA150600601REMSYN108    AAXX  19064 67335 12580 41807 10254 20187 40185 52010 60034 84200 333 50220 55067 94320 555 00025 10182;
0126673350999992000011909004-25050+033630FM-12+000599999V0201801N005110075019N0300001N1+02741+01961101911ADDGF105991051021008001001001MD1210061+9999REMSYN074    AAXX  19094 67335 42580 51810 10274 20196 40191 52006 85200 333 94320;
0156673350999992000011912004-25050+033630FM-12+000599999V0201801N005712200019N0300001N1+02701+01971101821ADDAA199000091GF104991021021008001031001MD1710091+9999REMSYN074    AAXX  19124 67335 32580 41811 10270 20197 40182 57009 82230 333 94320;EQDQ01  00002PRCP99
0122673350999992000011915004-25050+033630FM-12+0005FQXA V0201801N005110360019N0300001N1+02541+02031101801ADDGF105991031021008001031001MD1510021+9999REMSYN070AAXX  19154 67335 42580 51810 10254 20203 40180 55002 83230 333 94324;
0122673350999992000012003004-25050+033630FM-12+0005FQXA V0209999C000012200019N0300001N1+02161+02071101911ADDGF104991041021008001001001MD1210021+9999REMSYN070AAXX  20034 67335 42580 40000 10216 20207 40191 52002 84200 333 94320;
0225673350999992000012006004-25050+033630FM-12+0005FQXA V0201801N002612200019N0300001N1+02601+01961102021ADDAA106002091AY161061AY261061GF104991041021008001001001KA1120N+02101MD1210111+9999MW1011OA150600901REMSYN116AAXX  20064 67335 11580 41805 10260 20196 40202 52011 60021 70166 84200 333 20210 50750 55093 94320 555 00024 10025;
0122673350999992000012009004-25050+033630FM-12+0005FQXA V0201801N003610120019N0300001N1+02781+02091102031ADDGF106991061081008001001001MD1310011+9999REMSYN070AAXX  20094 67335 42580 61807 10278 20209 40203 53001 86800 333 94320;
0171673350999992000012018004-25050+033630FM-12+0005FQXA V0209999C000010075019N0300001N1+02701+02111101921ADDAA199000091GF106991061021008001001001KA1120M+02911MD1310021+9999REMSYN076AAXX  20184 67335 32580 60000 10270 20211 40192 53002 86200 333 10291 94324;EQDQ01  00002PRCP99
0122673350999992000012103004-25050+033630FM-12+0005FQXA V0209999C000010075019N0300001N1+02151+01951101841ADDGF108991061021008001021999MD1310051+9999REMSYN070AAXX  21034 67335 42580 80000 10215 20195 40184 53005 8622/ 333 94324;
0174673350999992000012106004-25050+033630FM-12+0005FQXA V0202701N001012200019N0300001N1+02521+02241101861ADDAA199000091GF102991999021008001001001MD1010021+9999REMSYN076AAXX  21064 67335 32580 22702 10252 20224 40186 50002 88200 94320 555 10024;EQDQ01+000082SCOTLCQ02  00002PRCP99
0122673350999992000012109004-25050+033630FM-12+0005FQXA V0201801N001010075019N0300001N1+02751+01981101771ADDGF105991051021008001001001MD1810091+9999REMSYN070AAXX  21094 67335 42580 51802 10275 20198 40177 58009 85200 333 94320;
0122673350999992000012115004-25050+033630FM-12+0005FQXA V0201701N002612200019N0300001N1+02871+02061101581ADDGF102991021021008001001001MD1710031+9999REMSYN070AAXX  21154 67335 42580 21705 10287 20206 40158 57003 82200 333 94320;
0181673350999992000012118004-25050+033630FM-12+0005FQXA V0209999C000012200019N0300001N1+02751+02111101561ADDAA199000091GA1001+999999999GF100991001001999999001001KA1120M+02941MD1710021+9999REMSYN070AAXX  21184 67335 32980 00000 10275 20211 40156 57002 333 10294 94300;EQDQ01  00002PRCP99
0178673350999992000012203004-25050+033630FM-12+0005FQXA V0202501N041122200019N9999999N1+99999+99999101401ADDAA199000091GF104991999051008001001001MD1710121+9999REMSYN064AAXX  22034 67335 325// 42580 20000 40140 57012 82500 333 94350;EQDQ01+004113WOSPD Q02+000022SCOTLCQ03  00002PRCP99
0204673350999992000012206004-25050+033630FM-12+0005FQXA V0209999C000012200019N0300001N1+02401+02091101541ADDAA199000091GF103991031021008001001001KA1120N+01401MD1210041+9999OA150601101REMSYN098AAXX  22064 67335 32580 30000 10240 20209 40154 52004 83200 333 20140 50750 55110 94320 555 10000;EQDQ01  00002PRCP99
0122673350999992000012215004-25050+033630FM-12+0005FQXA V0201801N002112200019N0300001N1+02821+01921101221ADDGF102991021021008001001001MD1710051+9999REMSYN070AAXX  22154 67335 42580 21804 10282 20192 40122 57005 82200 333 94320;
0122673350999992000012303004-25050+033630FM-12+0005FQXA V0209999C000012200019N0300001N1+01951+01801101381ADDGF104991041081008001001001MD1310031+9999REMSYN070AAXX  23034 67335 42580 40000 10195 20180 40138 53003 84800 333 94320;
0171673350999992000012318004-25050+033630FM-12+0005FQXA V0209999C000012200019N0300001N1+02461+01941101481ADDAA199000091GF102991021021008001001001KA1120M+02961MD1210061+9999REMSYN076AAXX  23184 67335 32580 20000 10246 20194 40148 52006 82200 333 10296 94320;EQDQ01  00002PRCP99
0152673350999992000012400004-25050+033630FM-12+0005FQXA V0209999C000012200019N0300001N1+02161+01901101531ADDAA199000091GA1001+999999999GF100991001001999999001001MD1010001+9999REMSYN054AAXX  24004 67335 32980 00000 10216 20190 40153 50000;EQDQ01  00002PRCP99
0204673350999992000012403004-25050+033630FM-12+0005FQXA V0201801N001512200019N0300001N1+02601+01861101621ADDAA199000091GF104991041021008001001001KA1120N+01421MD1210141+9999OA150301201REMSYN098AAXX  24034 67335 32580 41803 10260 20186 40162 52014 84200 333 20142 50710 55120 94320 555 10000;EQDQ01  00002PRCP99
0122673350999992000012409004-25050+033630FM-12+0005FQXA V0201801N003112200019N0300001N1+02801+01771101561ADDGF103991031021008001001011MD1810061+9999REMSYN070AAXX  24094 67335 42580 31806 10280 20177 40156 58006 83201 333 94320;
0122673350999992000012415004-25050+033630FM-12+0005FQXA V0201801N002612200019N0300001N1+02771+01801101301ADDGF103991011021008001001011MD1510041+9999REMSYN070AAXX  24154 67335 42580 31805 10277 20180 4013/ 55004 81201 333 94320;
0152673350999992000012500004-25050+033630FM-12+0005FQXA V0209999C000012200019N0300001N1+02161+02041101371ADDAA199000091GF102991011011008001031001MD1710061+9999REMSYN070AAXX  25004 67335 32580 20000 10216 20204 40137 57006 81130 333 94310;EQDQ01  00002PRCP99
0204673350999992000012506004-25050+033630FM-12+0005FQXA V0202401N001512200019N0300001N1+02461+02361101431ADDAA199000091GF104991041021008001001001KA1120N+02031MD1210071+9999OA150601101REMSYN098AAXX  25064 67335 32580 42403 10246 20236 40143 52007 84200 333 20203 50640 55114 94320 555 10000;EQDQ01  00002PRCP99
0122673350999992000012509004-25050+033630FM-12+0005FQXA V0209999C000010075019N0300001N1+02941+02321101391ADDGF105991051021008001001001MD1710041+9999REMSYN070AAXX  25094 67335 42580 50000 10294 20232 40139 57004 85200 333 94320;
0152673350999992000012512004-25050+033630FM-12+0005FQXA V0200901N001010075019N0300001N1+03001+02381101161ADDAA199000091GF105991051021008001001001MD1710031+9999REMSYN070AAXX  25124 67335 32580 50902 10300 20238 40116 57003 85200 333 94320;EQDQ01  00002PRCP99
0122673350999992000012515004-25050+033630FM-12+0005FQXA V0200901N001012200019N0300001N1+02961+02311101031ADDGF103991021021008001001011MD1510131+9999REMSYN070AAXX  25154 67335 42580 30902 10296 20231 40103 55013 82201 333 94320;
0152673350999992000012600004-25050+033630FM-12+0005FQXA V0209999C000012200019N0300001N1+02371+02131101071ADDAA199000091GF103991031021008001001011MD1810041+9999REMSYN070AAXX  26004 67335 32580 30000 10237 20213 40107 58004 83201 333 94320;EQDQ01  00002PRCP99
0122673350999992000012603004-25050+033630FM-12+0005FQXA V0209999C000012200019N0300001N1+02281+02031101101ADDGF104991031021008001031001MD1510031+9999REMSYN070AAXX  26034 67335 42580 40000 10228 20203 40110 55003 83230 333 94320;
0232673350999992000012606004-25050+033630FM-12+0005FQXA V0203601N001012200019N0300001N1+02561+02461101201ADDAA199000091AY141061AY201061GF103991031021008001001001KA1120N+02251MD1210101+9999MW1021OA150601201REMSYN104AAXX  26064 67335 31580 33602 10256 20246 40120 52010 70240 83200 333 20225 50770 55121 94320 555 10000;EQDQ01  00002PRCP99
0122673350999992000012609004-25050+033630FM-12+0005FQXA V0203601N001512200019N0300001N1+02901+02491101171ADDGF104991041021008001001001MD1710031+9999REMSYN070AAXX  26094 67335 42580 43603 10290 20249 40117 57003 84200 333 94320;
0151673350999992000012618004-25050+033630FM-12+0005FQXA V0209999C000012200019N0200001N1+02701+02411100911ADDAA199000091GF103991999999008001999999MD1210071+9999REMSYN069AAXX  26184 67335 32570 30000 10270 20241 40091 52007 3200 333 94320;EQDQ01  00002PRCP99
0141673350999992000012703004-25050+033630FM-12+0005FQXA V0209999C000019999999N0250001N1+02461+02371100971ADDGF106991999021008001001001MD1710101+9999REMSYN070AAXX  27034 67335 42575 60000 10246 20237 40097 57010 84200 333 94320;EQDQ01+000042SCOTLC
0232673350999992000012706004-25050+033630FM-12+0005FQXA V0209999C000010360019N0300001N1+02651+02561101151ADDAA199000091AY141061AY211061GF108991041021008001071999KA1120N+02431MD1210161+9999MW1031OA150601101REMSYN104AAXX  27064 67335 32580 80000 10265 20256 40115 52016 70341 8427/ 333 20243 50510 55119 94324 555 10000;EQDQ01  00002PRCP99
0122673350999992000012709004-25050+033630FM-12+0005FQXA V0209999C000010075019N0300001N1+02961+02471101041ADDGF108991051021008001071999MD1710111+9999REMSYN070AAXX  27094 67335 42580 80000 10296 20247 40104 57011 8527/ 333 94320;
0167673350999992000012712004-25050+033630FM-12+0005FQXA V0201801N002610360019N0300001N1+02801+02531100891ADDAA106020191AY161061AY221061GF108991021021008001071999MD1710151+9999MW1211REMSYN082AAXX  27124 67335 11580 81805 10280 20253 40089 57015 60201 72162 8227/ 333 94320;
0122673350999992000012721004-25050+033630FM-12+0005FQXA V0209999C000010075019N0300001N1+02531+02451100791ADDGF105991051021008001001001MD1810051+9999REMSYN070AAXX  27214 67335 42580 50000 10253 20245 40079 58005 85200 333 94320;
0133673350999992000012800004-25050+033630FM-12+0005FQXA V0209999C000010075019N0300001N1+02491+02431100711ADDAA199000021GF106991051021008001031001MD1710081+9999REMSYN070AAXX  28004 67335 32580 60000 10249 20243 40071 57008 85230 333 94320;
0122673350999992000012803004-25050+033630FM-12+0005FQXA V0209999C000010075019N0300001N1+02471+02411100671ADDGF107991061021008001071999MD1710041+9999REMSYN070AAXX  28034 67335 42580 70000 10247 20241 40067 57004 8627/ 333 94320;
0225673350999992000012806004-25050+033630FM-12+0005FQXA V0203401N001010075019N0050001N1+02251+02211100801ADDAA124034091AY181061AY221061GF108991061091008001021999KA1120N+02251MD1210131+9999MW1951OA150600301REMSYN116AAXX  28064 67335 11550 83402 10225 20221 40080 52013 60344 79582 8692/ 333 20225 50650 55036 94390 555 00341 10000;
0167673350999992000012812004-25050+033630FM-12+0005FQXA V0203601N001010075019N0300001N1+02851+02531100371ADDAA106009991AY161061AY221061GF107991061021008001071999MD1710251+9999MW1111REMSYN082AAXX  28124 67335 11580 73602 10285 20253 40037 57025 60101 71162 8627/ 333 94320;
0122673350999992000012815004-25050+033630FM-12+0005FQXA V0203601N001512200019N0300001N1+03051+02451100191ADDGF105991041021008001001011MD1710181+9999REMSYN070AAXX  28154 67335 42580 53603 10305 20245 40019 57018 84201 333 94320;
0122673350999992000012909004-25050+033630FM-12+0005FQXA V0201901N002110075019N0300001N1+02851+02441100571ADDGF108991061021008001071999MD1010021+9999REMSYN070AAXX  29094 67335 42580 81904 10285 20244 40057 50002 8627/ 333 94320;
0152673350999992000013000004-25050+033630FM-12+0005FQXA V0209999C000012200019N0300001N1+02441+02251100961ADDAA199000091GF104991031021008001031001MD1210071+9999REMSYN070AAXX  30004 67335 32580 40000 10244 20225 40096 52007 83230 333 94320;EQDQ01  00002PRCP99
0122673350999992000013003004-25050+033630FM-12+0005FQXA V0209999C000010360019N0300001N1+02401+02261101001ADDGF108991031021008001031001MD1110041+9999REMSYN070AAXX  30034 67335 42580 80000 10240 20226 40100 51004 83230 333 94320;
0191673350999992000013006004-25050+033630FM-12+0005FQXA V0201701N001510075019N0300001N1+02751+02241101101ADDAA124000191GF105991051021008001001001KA1120N+02351MD1210101+9999OA150600701REMSYN104AAXX  30064 67335 12580 51703 10275 20224 40110 52010 69914 85200 333 20235 50320 55072 94324 555 10223;
0122673350999992000013009004-25050+033630FM-12+0005FQXA V0201701N002110075019N0300001N1+02921+02261101111ADDGF105991051021008001001001MD1010011+9999REMSYN070AAXX  30094 67335 42580 51704 10292 20226 40111 50001 85200 333 94324;
0132673350999992000013103004-25050+033630FM-12+0005FQXA V0209999C000012200019N0300001N1+02271+02201101061ADDGA1001+999999999GF100991001001999999001001MD1310041+9999REMSYN064AAXX  31034 67335 42980 00000 10227 20220 40106 53004 333 94300;
0152673350999992000013112004-25050+033630FM-12+0005FQXA V0201701N001510360019N0300001N1+03061+02451101161ADDAA199000091GF106991041021008001071001MD1610061+9999REMSYN070AAXX  31124 67335 32580 61703 10306 20245 40116 56006 84270 333 94320;EQDQ01  00002PRCP99
0152673350999992000020112004-25050+033630FM-12+0005FQXA V0201801N002612200019N0300001N1+03101+02421101131ADDAA199000091GF104991041021008001001001MD1710131+9999REMSYN070AAXX  01124 67335 32580 41805 10310 20242 40113 57013 84200 333 94320;EQDQ01  00002PRCP99
0150673350999992000020215004-25050+033630FM-12+0005FQXA V0201801N004610075019N0300001N1+02641+02461101081ADDAY161031AY221031GF106991061021008001001001MD1810011+9999MW1211REMSYN076AAXX  02154 67335 41580 61809 10264 20246 40108 58001 72162 86200 333 943//;
0167673350999992000020412004-25050+033630FM-12+0005FQXA V0202001N003610075019N0200001N1+02561+02481101281ADDAA106007191AY161061AY221061GF108991051021008001021999MD1710161+9999MW1621REMSYN082AAXX  04124 67335 11570 82007 10256 20248 40128 57016 60071 76262 8522/ 333 94320;
0150673350999992000020415004-25050+033630FM-12+0005FQXA V0201801N004110075019N0200001N1+02501+02481101221ADDAY161031AY261031GF108991061021008001021999MD1710061+9999MW1621REMSYN076AAXX  04154 67335 41570 81808 10250 20248 40122 57006 76266 8622/ 333 94320;
0150673350999992000020509004-25050+033630FM-12+0005FQXA V0201601N001010042019N0100001N1+02501+02431101241ADDAY161031AY261031GF108991081091004501999999MD1010021+9999MW1601REMSYN076AAXX  05094 67335 41460 81602 10250 20243 40124 50002 76066 889// 333 94394;
0150673350999992000020515004-25050+033630FM-12+0005FQXA V0200901N001010075019N0300001N1+02501+02431100991ADDAY191031AY261031GF107991061091008001071999MD1810121+9999MW1601REMSYN076AAXX  05154 67335 41580 70902 10250 20243 40099 58012 76096 8697/ 333 94392;
0186673350999992000020518004-25050+033630FM-12+0005FQXA V0209999C000010075019N0300001N1+02481+02441101181ADDAA112013091AY191061AY261061GF108991081031008001999999KA1120M+02801MD1210191+9999MW1131REMSYN088AAXX  05184 67335 11580 80000 10248 20244 40118 52019 60132 71396 883// 333 10280 94330;
0167673350999992000020600004-25050+033630FM-12+0005FQXA V0209999C000010075019N0300001N1+02571+02491101201ADDAA106000191AY161061AY221061GF107991071021008001999999MD1710161+9999MW1021REMSYN082AAXX  06004 67335 11580 70000 10257 20249 40120 57016 69911 70262 872// 333 94320;
0122673350999992000020603004-25050+033630FM-12+0005FQXA V0201401N001512200019N0300001N1+02521+02461101241ADDGF106991041021008001001011MD1310041+9999REMSYN070AAXX  06034 67335 42580 61403 10252 20246 40124 53004 84201 333 94320;
0216673350999992000020606004-25050+033630FM-12+0005FQXA V0200901N001010360019N0300001N1+02661+02461101291ADDAA124013091GF107991031021008001071999KA1120N+02341MD1010051+9999OA150699999REMSYN110AAXX  06064 67335 12580 70902 10266 20246 40129 50005 60134 8327/ 333 20234 5///0 55000 94320 555 00132 10713;EQDQ01  00002WGOSPD
0204673350999992000020806004-25050+033630FM-12+0005FQXA V0209999C000010360019N0300001N1+02681+02451101331ADDAA199000091GF107991031021008001071999KA1120N+02501MD1310061+9999OA150600401REMSYN098AAXX  08064 67335 32580 70000 10268 20245 40133 53006 8327/ 333 20250 50250 55044 94320 555 10219;EQDQ01  00002PRCP99
0122673350999992000020809004-25050+033630FM-12+0005FQXA V0203601N001012200019N0300001N1+03001+02441101331ADDGF104991041021008001021001MD1010001+9999REMSYN070AAXX  08094 67335 42580 43602 10300 20244 40133 50000 84220 333 94320;
0138673350999992000020812004-25050+033630FM-12+0005FQXA V0201501N002612200019N0300001N1+03151+02401101111ADDAA199000091GF103991021021008001071041REMSYN070AAXX  08124 67335 32580 31505 10315 20240 40111 59022 82274 333 94327;EQDQ01  00002PRCP99
0122673350999992000020815004-25050+033630FM-12+0005FQXA V0201801N002610360019N0300001N1+02801+02461101031ADDGF106991041021008001021011MD1510081+9999REMSYN070AAXX  08154 67335 42580 61805 10280 20246 40103 55008 84221 333 94320;
0171673350999992000020818004-25050+033630FM-12+0005FQXA V0201801N001010360019N0300001N1+02681+02451101011ADDAA199000091GF105991041021008001021999KA1120M+03201MD1210021+9999REMSYN076AAXX  08184 67335 32580 51802 10268 20245 40101 52002 8422/ 333 10320 94320;EQDQ01  00002PRCP99
0152673350999992000020900004-25050+033630FM-12+0005FQXA V0209999C000012200019N0300001N1+02661+02321101121ADDAA199000091GF107991021011008001001041MD1810071+9999REMSYN070AAXX  09004 67335 32580 70000 10266 20232 40112 58007 82104 333 94310;EQDQ01  00002PRCP99
0141673350999992000020903004-25050+033630FM-12+0005FQXA V0209999C000012200019N0300001N1+02551+02431101121ADDGF104991999021008001071999MD1110011+9999REMSYN070AAXX  09034 67335 42580 40000 10255 20243 40112 51001 8627/ 333 94320;EQDQ01+000062SCOTLC
0204673350999992000020906004-25050+033630FM-12+0005FQXA V0209999C000010075019N0300001N1+02751+02541101301ADDAA199000091GF107991051021008001071999KA1120N+02501MD1210181+9999OA150600701REMSYN098AAXX  09064 67335 32580 70000 10275 20254 40130 52018 8527/ 333 20250 50340 55077 94320 555 10000;EQDQ01  00002PRCP99
0204673350999992000021006004-25050+033630FM-12+0005FQXA V0209999C000010075019N0300001N1+02681+02571101061ADDAA199000091GF108991061021008001021999KA1120N+02301MD1810161+9999OA150600301REMSYN098AAXX  10064 67335 32580 80000 10268 20257 40106 58016 8622/ 333 20230 50440 55037 94320 555 10000;EQDQ01  00002PRCP99
0122673350999992000021009004-25050+033630FM-12+0005FQXA V0203601N001010075019N0300001N1+02901+02621101061ADDGF107991051021008001021999MD1510001+9999REMSYN070AAXX  10094 67335 42580 73602 10290 20262 40106 55000 8522/ 333 94320;
0152673350999992000021212004-25050+033630FM-12+0005FQXA V0200901N001510075019N0300001N1+03101+02561100631ADDAA199000091GF107991061021008001001021MD1710231+9999REMSYN070AAXX  12124 67335 32580 70903 10310 20256 40063 57023 86202 333 94320;EQDQ01  00002PRCP99
0152673350999992000021312004-25050+033630FM-12+0005FQXA V0201801N003610900019N0300001N1+03241+02481100911ADDAA199000091GF106991041011008001001031MD1710181+9999REMSYN070AAXX  13124 67335 32580 61807 10324 20248 40091 57018 84103 333 94390;EQDQ01  00002PRCP99
0122673350999992000021315004-25050+033630FM-12+0005FQXA V0201801N004112200019N0300001N1+03041+02441100861ADDGF105991031021008001001011MD1710051+9999REMSYN070AAXX  13154 67335 42580 51808 10304 20244 40086 57005 83201 333 94320;
0171673350999992000021318004-25050+033630FM-12+0005FQXA V0201801N002610900019N0300001N1+02861+02511101001ADDAA199000091GF107991041091008001001031KA1120M+03351MD1310141+9999REMSYN076AAXX  13184 67335 32580 71805 10286 20251 40100 53014 84903 333 10335 94390;EQDQ01  00002PRCP99
0152673350999992000021400004-25050+033630FM-12+0005FQXA V0209999C000010075019N0300001N1+02601+02461101011ADDAA199000091GF108991061021008001031999MD1710061+9999REMSYN070AAXX  14004 67335 32580 80000 10260 20246 40101 57006 8623/ 333 94320;EQDQ01  00002PRCP99
0122673350999992000021403004-25050+033630FM-12+0005FQXA V0209999C000010075019N0300001N1+02541+02461101031ADDGF108991051021008001031999MD1310021+9999REMSYN070AAXX  14034 67335 42580 80000 10254 20246 40103 53002 8523/ 333 94324;
0219673350999992000021406004-25050+033630FM-12+0005FQXA V0209999C000010075019N0300001N1+02601+02481101051ADDAA124000891AY161061AY221061GF108991061021008001021999KA1120N+02501MD1210021+9999MW1211OA150601101REMSYN110AAXX  14064 67335 11580 80000 10260 20248 40105 52002 69974 72162 8622/ 333 20250 50290 55118 94320 555 10000;
0122673350999992000021503004-25050+033630FM-12+0005FQXA V0209999C000010075019N0300001N1+02551+02481101251ADDGF106991051021008001031001MD1210261+9999REMSYN070AAXX  15034 67335 42580 60000 10255 20248 40125 52026 85230 333 94320;
0197673350999992000021506004-25050+033630FM-12+0005FQXA V0203601N001012200019N0300001N1+02801+02601100831ADDAA124006191GF104991041021008001001001KA1120N+02551MD1810421+9999OA150600701REMSYN110AAXX  15064 67335 12580 43602 10280 20260 40083 58042 60064 84200 333 20255 50790 55077 94320 555 00055 10007;
0152673350999992000021512004-25050+033630FM-12+0005FQXA V0203601N002612200019N0300001N1+03301+02621100641ADDAA199000091GF104991041021008001001001MD1710151+9999REMSYN070AAXX  15124 67335 32580 43605 10330 20262 40064 57015 84200 333 94328;EQDQ01  00002PRCP99
0122673350999992000021515004-25050+033630FM-12+0005FQXA V0201801N002612200019N0300001N1+03201+02661100421ADDGF104991041031008001001001MD1710241+9999REMSYN070AAXX  15154 67335 42580 41805 10320 20266 40042 57024 84300 333 94330;
0180673350999992000021518004-25050+033630FM-12+0005FQXA V0209999C000012200019N0300001N1+02981+02601100501ADDAA199000091AY101061AY201061GF103991031021008001001001MD1310081+9999MW1131REMSYN076AAXX  15184 67335 31580 30000 10298 20260 40050 53008 71300 83200 333 94320;EQDQ01  00002PRCP99
0150673350999992000021600004-25050+033630FM-12+0005FQXA V0209999C000012200019N0300001N1+02801+02531100621ADDAY101061AY201061GF103991031091008001001001MD1210121+9999MW1131REMSYN076AAXX  16004 67335 41580 30000 10280 20253 40062 52012 71300 83900 333 94320;
0150673350999992000021615004-25050+033630FM-12+0005FQXA V0201801N006210075019N0200001N1+02461+02361101231ADDAY161031AY261031GF108991051021008001021061MD1710071+9999MW1021REMSYN076AAXX  16154 67335 41570 81812 10246 20236 40123 57007 70266 85226 333 94324;
0150673350999992000021709004-25050+033630FM-12+0005FQXA V0201801N005710075019N0200001N1+02551+02131101661ADDAY121031AY221031GF107991061021008001031999MD1010031+9999MW1801REMSYN076AAXX  17094 67335 41570 71811 10255 20213 40166 50003 78022 8623/ 333 94320;
0167673350999992000021712004-25050+033630FM-12+0005FQXA V0201801N006710075019N0200001N1+02501+02341101611ADDAA106003091AY181061AY281061GF108991071021008001031999MD1810051+9999MW1251REMSYN082AAXX  17124 67335 11570 81813 10250 20234 40161 58005 60031 72588 8723/ 333 94324;
0150673350999992000021715004-25050+033630FM-12+0005FQXA V0201801N006210042019N0080001N1+02281+02171101591ADDAY161031AY281031GF108991081021004501999999MD1810021+9999MW1601REMSYN076AAXX  17154 67335 41458 81812 10228 20217 40159 58002 76068 882// 333 94324;
0225673350999992000021806004-25050+033630FM-12+0005FQXA V0201801N002110042019N0300001N1+02481+02301101551ADDAA124013091AY181061AY281061GF108991081021004501999999KA1120N+02161MD1510061+9999MW1021OA150600301REMSYN116AAXX  18064 67335 11480 81804 10248 20230 40155 55006 60134 70288 882// 333 20216 50230 55035 94324 555 00125 10133;
0167673350999992000021812004-25050+033630FM-12+0005FQXA V0201901N002610075019N0200001N1+02401+02381101331ADDAA106055191AY161061AY261061GF108991051021008001051999MD1710201+9999MW1021REMSYN082AAXX  18124 67335 11570 81905 10240 20238 40133 57020 60551 70266 8525/ 333 94324;
0150673350999992000021815004-25050+033630FM-12+0005FQXA V0201801N002610075019N0200001N1+02401+02281101291ADDAY161031AY221031GF108991061021008001021999MD1510041+9999MW1211REMSYN076AAXX  18154 67335 41570 81805 10240 20228 40129 55004 72162 8622/ 333 94324;
0167673350999992000021912004-25050+033630FM-12+0005FQXA V0201801N003610075019N0300001N1+02901+02361101241ADDAA106000791AY151061AY221061GF107991071021008001999999MD1710151+9999MW1201REMSYN082AAXX  19124 67335 11580 71807 10290 20236 40124 57015 69901 72052 872// 333 94320;
0219673350999992000022106004-25050+033630FM-12+0005FQXA V0201801N006210075019N0200001N1+02641+02461100921ADDAA124000591AY181061AY221061GF107991071021008001999999KA1120N+02451MD1410001+9999MW1801OA150601001REMSYN110AAXX  21064 67335 11570 71812 10264 20246 40092 54010 69944 78082 872// 333 20245 50/// 55107 94324 555 10013;
0150673350999992000022109004-25050+033630FM-12+0005FQXA V0201801N010310075019N0250001N1+02781+02471100941ADDAY181031AY221031GF107991071021008001999999MD1010021+9999MW1021REMSYN076AAXX  21094 67335 41575 71820 10278 20247 40094 50002 70282 872// 333 94324;
0150673350999992000022115004-25050+033630FM-12+0005FQXA V0201801N010310075019N0250001N1+02781+02411100811ADDAY121031AY221031GF107991071021008001999999MD1510021+9999MW1251REMSYN076AAXX  21154 67335 41575 71820 10278 20241 40081 55002 72522 872// 333 94324;
0167673350999992000022200004-25050+033630FM-12+0005FQXA V0201801N007710075019N0150001N1+02571+02431100861ADDAA106006191AY181061AY221061GF108991081021008001999999MD1710091+9999MW1601REMSYN082AAXX  22004 67335 11565 81815 10257 20243 40086 57009 60061 76082 882// 333 94324;
0150673350999992000022203004-25050+033630FM-12+0005FQXA V0201601N010310075019N0250001N1+02581+02471100811ADDAY161031AY261031GF107991061021008001001011MD1510051+9999MW1211REMSYN076AAXX  22034 67335 41575 71620 10258 20247 40081 55005 72166 86201 333 94324;
0225673350999992000022206004-25050+033630FM-12+0005FQXA V0201801N005110075019N0100001N1+02601+02481100871ADDAA124017091AY161061AY221061GF107991071021008001999999KA1120N+02551MD1110061+9999MW1801OA150600801REMSYN116AAXX  22064 67335 11560 71810 10260 20248 40087 51006 60174 78062 872// 333 20255 50/// 55088 94324 555 00172 10004;
0225673350999992000022208004-25050+033630FM-12+0005FQXA V0201801N005110075019N0100001N1+02601+02481100871ADDAA124017091AY161021AY221021GF107991071021008001999999KA1120N+02551MD1110061+9999MW1801OA159900801REMSYN116AAXX  22084 67335 11560 71810 10260 20248 40087 51006 60174 78062 872// 333 20255 50/// 55088 94324 555 00172 10004;
0150673350999992000022209004-25050+033630FM-12+0005FQXA V0201701N005110075019N0100001N1+02801+02531100881ADDAY181031AY261031GF106991061021008001001001MD1010011+9999MW1601REMSYN076AAXX  22094 67335 41560 61710 10280 20253 40088 50001 76086 86200 333 94324;
0135673350999992000022215004-25050+033630FM-12+0005FQXA V0201701N002619999999N0300001N1+02781+02471999999ADDGF105991999021008001031999MD1710071+9999REMSYN064AAXX  22154 67335 42580 51705 10278 20247 57007 8623/ 333 94324;EQDQ01+000062SCOTLC
0197673350999992000022306004-25050+033630FM-12+0005FQXA V0201801N004610075019N0300001N1+02801+02361100921ADDAA124002091GF106991061021008001001021KA1120N+02641MD1210071+9999OA150600601REMSYN110AAXX  23064 67335 12580 61809 10280 20236 40092 52007 60024 86202 333 20264 50740 55060 94324 555 00020 10172;
0169673350999992000022309004-25050+033630FM-12+0005FQXA V0201901N005110042019N0080001N1+02801+02391999999ADDAY121031AY221031GF108991061021004501071999MD1210081+9999MW1621REMSYN076AAXX  23094 67335 41458 81910 10280 20239 40000 52008 76222 8627/ 333 94374;EQDQ01+100003APOSLP
0139673350999992000022312004-25050+033630FM-12+0005FQXA V0201601N004610075019N0300001N1+02901+02491100761ADDAA106019191GF107991061021008001071011MD1710211+9999REMSYN076AAXX  23124 67335 12580 71609 10290 20249 40076 57021 60191 86271 333 94380;
0150673350999992000022315004-25050+033630FM-12+0005FQXA V0201601N003110075019N0080001N1+02701+02431100751ADDAY161031AY221031GF108991061021008001071999MD1510011+9999MW1601REMSYN076AAXX  23154 67335 41558 81606 10270 20243 40075 55001 76062 8627/ 333 94323;
0216673350999992000022406004-25050+033630FM-12+0005FQXA V0201301N002110360019N0300001N1+02801+02511101021ADDAA124022191GF108991031021008001071071KA1120N+02531MD1210121+9999OA150699999REMSYN110AAXX  24064 67335 12580 81304 10280 20251 40102 52012 60224 83277 333 20253 50440 55000 94323 555 00224 10020;EQDQ01  00002WGOSPD
0122673350999992000022409004-25050+033630FM-12+0005FQXA V0201001N004612200019N0300001N1+03021+02451101061ADDGF105991041021008001001011MD1010041+9999REMSYN070AAXX  24094 67335 42580 51009 10302 20245 40106 50004 84201 333 94322;
0199673350999992000022418004-25050+033630FM-12+0005FQXA V0201301N004610900019N0300001N1+02711+02391101141ADDAA199000091AY121061AY221061GF107991021031008001001061KA1120M+03031MD1210181+9999MW1131REMSYN082AAXX  24184 67335 32580 71309 10271 20239 40114 52018 71322 82306 333 10303 94333;EQDQ01  00002PRCP99
0168673350999992000022500004-25050+033630FM-12+0005FQXA V0201701N002610075019N0300001N1+02611+02351101261ADDAA199000091GF107991999021008001001001MD1710171+9999REMSYN070AAXX  25004 67335 32580 71705 10261 20235 40126 57017 85200 333 94324;EQDQ01+000052SCOTLCQ02  00002PRCP99
0141673350999992000022503004-25050+033630FM-12+0005FQXA V0201601N002619999999N0300001N1+02561+02291101351ADDGF107991999021008001001001MD1310091+9999REMSYN070AAXX  25034 67335 42580 71605 10256 20229 40135 53009 84200 333 94323;EQDQ01+000042SCOTLC
0152673350999992000022512004-25050+033630FM-12+0005FQXA V0200901N003610075019N0300001N1+03061+02561101351ADDAA199000091GF105991051021008001001001MD1710121+9999REMSYN070AAXX  25124 67335 32580 50907 10306 20256 40135 57012 85200 333 94320;EQDQ01  00002PRCP99
