0264674130999992000030906004-08850+031330FM-12+1673FLBA V0209999C000010270019N0200001N1+01591+01491999999ADDAA124006191AY161061AY261061GA1081+027009049GF108991071061999999071999IA2999+01579KA1120M+02611KA2120N+01491MD1999999-0061ME1315369MW1211REMSYN116AAXX  09064 67413 11970 80000 10159 20149 48536 60064 72166 8767/ 333 10261 20149 59006 88459 555 00157 20005 10238;
0186674130999992000031706004-08850+031330FM-12+1673FLBA V0200701N005119999999N0300001N1+01831+01491999999ADDAA124003091GF107991011001999999041051KA1120M+02561KA2120N+01681MD1999999-0171ME1315079REMSYN088AAXX  17064 67413 12980 70710 10183 20149 48507 60034 81045 333 10256 20168 59017 00126;
0225674130999992000032012004-08850+031330FM-12+1673FLBA V0202001N004610330019N0300001N1+02251+01711999999ADDAY191061AY291061GA1011+009009099GA2041+010509089GA3031+033009039GF106991041031008001061081MD1999999+0071ME1314759MW1171REMSYN094AAXX  20124 67413 41580 62009 10225 20171 48475 71799 84368 333 58007 81930 84835 83361 86280;
0280674130999992000040606004-08850+031330FM-12+1673FLBA V0201201N004110360019N0250001N1+01901+01711999999ADDAA124007991GA1021+005409069GA2041+036009039GA3031+090009009GF106991021051004501031021IA2999+01359KA1120M+02691KA2120N+01451MD1999999-0101ME1315229REMSYN122AAXX  06064 67413 12475 61208 10190 20171 48522 60084 82532 333 10269 20145 59010 82618 84362 83080 555 00135 20026 91022;
0252674130999992000041006004-08850+031330FM-12+1673FLBA V0201501N005110300019N0300001N1+01851+01591999999ADDAA124010991GA1031+004509069GA2021+030009039GF105991031051004501031001IA2999+01319KA1120M+02501KA2120N+01461MD1999999-0041ME1315269REMSYN110AAXX  10064 67413 12480 51510 10185 20159 48526 60114 83530 333 10250 20146 59004 83615 82360 555 00131 20010;
0302674130999992000041106004-08850+031330FM-12+1673FLBA V0201201N00621012001CN0300001N1+01741+01581999999ADDAA124014091GA1041+003609069GA2011+012009099GA3021+036009039GA4011+090009009GF106991041051004501071011IA2999+01399KA1120M+02701KA2120N+01501MD1999999+0031ME1315289REMSYN128AAXX  11064 67413 12480 61212 10174 20158 48528 60144 84571 333 10270 20150 58003 81940 84612 82362 81080 555 00139 20011 91023;
0231674130999992000042906004-08850+031330FM-12+1673FLBA V0200901N002612200019N0500001N1+01921+01451999999ADDAA199000091GA1001+999999999GF100991001001999999001001IA2999+01419KA1120M+02941KA2120N+01601MD1999999+0151ME1315509REMSYN086AAXX  29064 67413 32984 00905 10192 20145 48550 333 10294 20160 58015 555 00141 91022;EQDQ01  00002PRCP99
0227674130999992000050306004-08850+031330FM-12+1673FLBA V0201201N006212200019N0100001N1+01661+01661999999ADDAA124007991GA1011+036009039GF101991011001999999031011KA1120M+02651KA2120N+99999MD1999999+0091ME1315489REMSYN094AAXX  03064 67413 12960 11212 10166 20166 48548 60084 81031 333 10265 20176 58009 81362 81080;EQDQ01 +01762ATMN  
0147674130999992000052912004-08850+031330FM-12+1673FLBA V0201601N004112200019N0300001N1+02451+00951999999ADDGA1041+015009029GF104991041011017501001001MD1999999+0071ME1315189REMSYN070AAXX  29124 67413 42780 41608 10245 20095 48518 84100 333 58007 84850;
0232674130999992000060106004-08850+031330FM-12+1673FLBA V0201901N003112200019N0300001N1+01801+01551102401ADDAA199000091GF103991031051008001001001KA1999M+99999KA2120N+99999MD1210171+9999REMSYN092AAXX  01064 67413 32580 31906 10180 20155 40240 52017 83500 333 20163 50//0 55/// 555 10000;EQDQ01  00002PRCP99Q02 +00003ATMM  Q03 +01633ATMM  
0175674130999992000061112004-08850+031330FM-12+1673FLBA V0201401N003612200019N0300001N1+02451+00791999999ADDAY101061AY201061GA1031+013509029GF103991031011012501001001MD1999999-0061ME1315319MW1041REMSYN076AAXX  11124 67413 41680 31407 10245 20079 48531 70400 83100 333 59006 83845;
0225674130999992000061206004-08850+031330FM-12+1673FLBA V0201501N005112200019N0300001N1+01661+01021999999ADDAA199000091GA1021+007509069GF102991021051008001001001KA1120M+02801KA2120N+01151MD1999999-0041ME1315569REMSYN092AAXX  12064 67413 32580 21510 10166 20102 48556 82500 333 10280 20115 59004 82625 555 00088;EQDQ01  00002PRCP99
0147674130999992000061209004-08850+031330FM-12+1673FLBA V0200501N006712200019N0300001N1+02391+00961999999ADDGA1021+010509029GF102991021011012501001001MD1999999-0071ME1315509REMSYN070AAXX  12094 67413 42680 20513 10239 20096 48550 82100 333 59007 82835;
0147674130999992000062709004-08850+031320FM-12+1673FLBA V0201201N007712200019N0300001N1+01961+00911999999ADDGA1021+009609029GF102991021011012501001001MD1999999-0031ME1315569REMSYN070AAXX  27094 67413 42680 21215 10196 20091 48556 82100 333 59003 82832;
0147674130999992000062712004-08850+031320FM-12+1673FLBA V0201801N003112200019N0300001N1+02321+00841999999ADDGA1031+013509029GF103991031011012501001001MD1999999-0021ME1315349REMSYN070AAXX  27124 67413 42680 31806 10232 20084 48534 83100 333 59002 83845;
0225674130999992000062806004-08850+031320FM-12+1673FLBA V0201501N008212200019N0300001N1+01341+00891999999ADDAA199000091GA1031+005409069GF103991031051004501001001KA1120M+02661KA2120N+00991MD1999999-0061ME1315579REMSYN092AAXX  28064 67413 32480 31516 10134 20089 48557 83500 333 10266 20099 59006 83618 555 00067;EQDQ01  00002PRCP99
0281674130999992000062906004-08850+031320SY-MT+1673FLBA V0201301N00931220001CN0300001N1+01411+00891999999ADDAA199000091GF102991021051999999001001KA1120M+02661KA2120N+01001MA1102611999999MD1999999+0011ME1315589MW1001REMSYN082AAXX  29064 67413 32980 21318 10141 20089 48558 82500 333 10266 20100 58001 82615;MET039FLBA 290600Z 13018KT CAVOK 14/09 Q1026;EQDQ01+000000PRSWM2Q02  00002PRCP99
0147674130999992000062909004-08850+031320FM-12+1673FLBA V0201301N008212200019N0300001N1+01921+00881999999ADDGA1021+010509029GF102991021011012501001001MD1999999-0021ME1315529REMSYN070AAXX  29094 67413 42680 21316 10192 20088 48552 82100 333 59002 82835;
0175674130999992000071109004-08850+031320FM-12+1673FLBA V0201201N008212200019N0270001N1+02231+01051999999ADDAY101031AY201031GA1011+007509059GF101991011051008001001001MD1999999-0051ME1315439MW1051REMSYN076AAXX  11094 67413 41577 11216 10223 20105 48543 70500 81500 333 59005 81625;
0238674130999992000072412004-08850+031320SY-MT+1673FLBA V0200601N002612200019N0300001N1+02201+00681999999ADDGA1021+013509999GF103991031011012501001001MA1102301999999MD1999999+0011ME1315299MW1001REMSYN070AAXX  24124 67413 42680 30605 10220 20068 48529 83100 333 58001 83845;MET045FLBA 241200Z 06005KT 9999 SCT045 22/07 Q1023;EQDQ01+000000PRSWM2
0221674130999992000080206004-08850+031320FM-12+1673FLBA V0201401N00671045001CN0300001N1+01521+01181999999ADDAA199000091GA1021+004509069GF105991021051004501031001KA1120M+02951KA2120N+01321MD1999999+0051ME1315429REMSYN088AAXX  02064 67413 32480 51413 10152 20118 48542 82530 333 10295 20132 58005 82615 84363;EQDQ01  00002PRCP99
0181674130999992000080209004-08850+031320FM-12+1673FLBA V0201501N007712200019N0250001N1+02221+01161999999ADDAY101031AY201031GA1021+010509089GF103991021011012501031001MD1999999+0071ME1315409MW1051REMSYN082AAXX  02094 67413 41675 31515 10222 20116 48540 70500 82130 333 58007 82835 82363;
0215674130999992000080406004-08850+031320FM-12+1673FLBA V0201201N009312200019N0300001N1+01621+01031999999ADDAA199000091GA1011+042009079GF101991011001999999031001KA1120M+02881KA2120N+01151MD1999999-0011ME1315459REMSYN082AAXX  04064 67413 32980 11218 10162 20103 48545 81030 333 10288 20115 59001 81364;EQDQ01  00002PRCP99
0175674130999992000081009004-08850+031320FM-12+1673FLBA V0201201N007212200019N0250001N1+02371+01061999999ADDAY101031AY201031GA1011+090009019GF101991001001999999001011MD1999999-0061ME1315359MW1051REMSYN076AAXX  10094 67413 41975 11214 10237 20106 48535 70500 80001 333 59006 81080;
0163674130999992000083109004-08850+031320FM-12+1673FLBA V0201801N002612200019N0200001N1+02611+00851999999ADDAY101031AY201031GA1001+999999999GF100991001001999999001001MD1999999-0041ME1315279MW1051REMSYN064AAXX  31094 67413 41970 01805 10261 20085 48527 70500 333 59004;
0175674130999992000090512004-08850+031320FM-12+1673FLBA V0203101N004612200019N0250001N1+03561+01341999999ADDAY101061AY201061GA1021+015009029GF103991021011017501001011MD1999999+0101ME1315009MW1051REMSYN076AAXX  05124 67413 41775 33109 10356 20134 48500 70500 82101 333 58010 82850;
0163674130999992000092009004-08850+031320FM-12+1673FLBA V0201201N009312200019N0200001N1+02501+01041999999ADDAY101031AY201031GA1001+999999999GF100991001001999999001001MD1999999-0121ME1315249MW1051REMSYN064AAXX  20094 67413 41970 01218 10250 20104 48524 70500 333 59012;
0243674130999992000092806004-08850+031320FM-12+1673FLBA V0201201N006210900019N0270001N1+01731+01101999999ADDAA199000091AY101061AY201061GA1081+090009089GF108991001001999999001071KA1120M+03201KA2120N+01541MD1999999-0021ME1315309MW1051REMSYN088AAXX  28064 67413 31977 81212 10173 20110 48530 70500 80007 333 10320 20154 59002 88280;EQDQ01  00002PRCP99
0243674130999992000100506004-08850+031320FM-12+1673FLBA V0200901N005712200019N0250001N1+02101+01291999999ADDAA199000091AY101061AY201061GA1031+090009019GF103991001001999999001011KA1120M+03431KA2120N+01461MD1999999-0091ME1315299MW1051REMSYN088AAXX  05064 67413 31975 30911 10210 20129 48529 70500 80001 333 10343 20146 59009 83080;EQDQ01  00002PRCP99
0243674130999992000100609004-08850+031320FM-12+1673FLBA V0200901N007712200019N0200001N1+02041+01231999999ADDAA199000091AY101031AY201031GA1021+033009079GF103991021001999999031001KA1120M+03221KA2120N+01521MD1999999+0081ME1315389MW1051REMSYN088AAXX  06094 67413 31970 30915 10204 20123 48538 70500 82030 333 10322 20152 58008 82361;EQDQ01  00002PRCP99
0167674130999992000101809004-08850+031320FM-12+1673FLBA V0200901N003112200019N0250001N1+02661+01181999999ADDAY101031AY201031GA1031+013509089GF104991021011012501031001ME1315339MW1051REMSYN082AAXX  18094 67413 41675 40906 10266 20118 48533 70500 82130 333 5910/ 83845 82359;
0175674130999992000101812004-08850+031320FM-12+1673FLBA V0209999C000012200019N0250001N1+02721+01251999999ADDAY121061AY221061GA1041+015009029GF104991041021012501001001MD1999999-0101ME1315009MW1051REMSYN076AAXX  18124 67413 41675 40000 10272 20125 48500 70522 84200 333 59010 84850;
0230674130999992000110106004-08850+031320FM-12+1673FLBA V0200701N002610330019N0200001N1+01701+01561999999ADDAA124010991AY121061AY221061GA1081+033009019GF108991081001000251071999KA1120M+02991KA2120N+01501MD1999999-0081ME1315289MW1051REMSYN094AAXX  01064 67413 11070 80705 10170 20156 48528 60114 70522 8807/ 333 10299 20150 59008 88461;
0221674130999992000110406004-08850+031320FM-12+1673FLBA V0209999C00001004201CN0300001N1+01861+01681999999ADDAA199000091GA1031+004509069GF108991071051004501071999KA1120M+03001KA2120N+01591MD1999999+0231ME1315339REMSYN088AAXX  04064 67413 32480 80000 10186 20168 48533 8757/ 333 10300 20159 58023 83615 88460;EQDQ01  00002PRCP99
0232674130999992000110409004-08850+031320FM-12+1673FLBA V0209999C00001007501CN0060001N1+01641+01641999999ADDAY191031AY221031GA1021+006009099GA2031+007509089GA3081+027009049GF108991031031008001021999MD1999999+0331ME1315369MW1951REMSYN101AAXX  04094 67413 41556 80000 10164 20164 48536 79592 8332/ 333 58033 82920 83825 88459 555 Q1 023.8;
0230674130999992000111706004-08850+031320FM-12+1673FLBA V0203001N003610012019N0030001N1+01561+01561999999ADDAA124005191AY161061AY241061GA1081+001209069GF108991081071001501999999KA1120M+02161KA2120N+01451MD1999999+0021ME1315349MW1631REMSYN094AAXX  17064 67413 11230 83007 10156 20156 48534 60054 76364 887// 333 10216 20145 58002 88704;
0203674130999992000121109004-08850+031320FM-12+1673FLBA V0209999C000010360019N0300001N1+02101+01721999999ADDAY121031AY221031GA1041+009009089GA2021+036009039GF106991041021008001061081MD1999999-0031ME1315219MW1521REMSYN088AAXX  11094 67413 42580 60000 10210 20172 48521 75222 84268 333 59003 84830 82362 85280;
0221674130999992000122006004-08850+031320FM-12+1673FLBA V0200901N00361045001CN0300001N1+02081+01591999999ADDAA199000091GA1021+006009089GF106991021011008001081081KA1120M+03141KA2120N+01521MD1999999-0061ME1315189REMSYN088AAXX  20064 67413 32580 60907 10208 20159 48518 82188 333 10314 20152 59006 82820 82362;EQDQ01  00002PRCP99
0269674130999992000122012004-08850+031320FM-12+1673FLBA V0203301N004610090019N0300001N1+01991+01811999999ADDAY191061AY281061GA1021+006009069GA2041+009009089GA3021+033009039GA4061+090009029GF107991051081008001061081MD1999999-0071ME1315429MW1291REMSYN122AAXX  20124 67413 41580 73309 10199 20181 48542 72998 85868 333 59007 82620 84830 82361 86280 555 66051 77/// 8856/ 98068;
0236674130999992000122906004-08850+031320FM-12+1673FLBA V0209999C00001045001CN0150001N1+01751+01641999999ADDAA124015091AY161061AY251061GA1031+007509069GF108991031051008001021999KA1120M+02411KA2120N+01501MD1999999-0111ME1315309MW1501REMSYN100AAXX  29064 67413 11565 80000 10175 20164 48530 60154 75065 8352/ 333 10241 20150 59011 83625 88459;
