0175674610999992000010512004-11100+028850FM-12+1384FLMA V0200801N00051045001CN0300001N1+02631+01681999999ADDGA1031+012009089GA2011+036009039GF108991031021012501031071MD1999999+0241ME1314849REMSYN082AAXX  05124 67461 42680 80801 10263 20168 48484 83237 333 58024 83840 81362 88280;
0225674610999992000010812004-11100+028850FM-12+1384FLMA V0202701N003110180019N0500001N1+02801+01921999999ADDAY181061AY221061GA1021+015009099GA2041+018009089GA3021+030009039GF107991061091017501061031MD1999999-0081ME1314479MW1171REMSYN094AAXX  08124 67461 41784 72706 10280 20192 48447 71782 86963 333 59008 82950 84856 82360 81080;
0283674610999992000011006004-11100+028850FM-12+1384FLMA V0203501N003610360019N0500001N1+99999+99999999999ADDAA124013091AY121061AY221061GA1041+003009069GA2071+036009039GF107991041051004501031999KA1120M+02341KA2120N+01661MA1999999102721MD1999999+0031ME1314879MW1601REMSYN116AAXX  10064 67461 12484 73507 20283 30272 48487 60134 76022 8453/ 333 10234 20166 58003 84610 87362 555 00/// 20043;
0127674610999992000011012004-11100+028850FM-12+1384FLMA V0203401N004110066019N0500001N1+02211+01701999999ADDGA1051+006609029GF107991051021008001071999ME1314779REMSYN064AAXX  10124 67461 42584 73408 10221 20170 48477 8527/ 333 85822;
0156674610999992000011521004-11100+028850FM-12+138499999V0201001N05352069001CN0100001N1+02161-00101101291ADDGA1061+069009019MA1999999100401MD1999999+0081REMSYN080    AAXX  15214 67461 43960 /6004 10216 21010 30040 40129 80002 333 58008 86073;EQDQ01+005353WOSPD 
0230674610999992000012506004-11100+028850FM-12+1384FLMA V0200401N001012200019N0300001N1+02221+01921999999ADDAA124003091GA1011+006009089GA2011+036009039GF103991011021008001031021KA1120M+02651KA2120N+01651MD1999999-0051ME1315209REMSYN100AAXX  25064 67461 12580 30402 10222 20192 48520 60034 81232 333 10265 20165 59005 81820 81362 81080;
0213674610999992000012706004-11100+028850FM-12+1384FLMA V0209999C00001045001CN0500001N1+01901+01821999999ADDGA1011+001809079GA2011+003009069GF108991021051002501071999KA1120M+02811KA2120N+01641MD1999999+0121ME1315279REMSYN094AAXX  27064 67461 12384 80000 10190 20182 48527 8257/ 333 10281 20164 58012 81706 81610 88361;
0231674610999992000012806004-11100+028850FM-12+1384FLMA V0209999C000010390019N0500001N1+02021+01841999999ADDAA199000091GA1071+039009039GF107991071001999999031001KA1120M+02811KA2120N+01751MD1999999-0241ME1315059REMSYN098AAXX  28064 67461 32984 70000 10202 20184 48505 87030 333 10281 20175 59024 87363 555 20090 91017;EQDQ01  00002PRCP99
0153674610999992000012812004-11100+028850FM-12+1384FLMA V0203401N002612200019N0500001N1+02881+01701999999ADDGA1041+015009089GF104991041021017501001021MD1999999-0221ME1314819REMSYN076AAXX  28124 67461 42784 43405 10288 20170 48481 84202 333 59022 84850 81080;
0199674610999992000012906004-11100+028850FM-12+1384FLMA V0209999C000012200019N0500001N1+02201+01821999999ADDAA199000091GF103991011001999999031011KA1120M+02951KA2120N+01681MD1999999+0011ME1315089REMSYN082AAXX  29064 67461 32984 30000 10220 20182 48508 81031 333 10295 20168 58001 8136/;EQDQ01  00002PRCP99
0236674610999992000013006004-11100+028850FM-12+1384FLMA V0202701N00151045001CN0200001N1+01871+01771999999ADDAA124002091AY161061AY261061GA1021+003009069GF108991021051004501011999KA1120M+02911KA2120N+01771MD1999999+0061ME1315109MW1211REMSYN100AAXX  30064 67461 11470 82703 10187 20177 48510 60024 72166 8251/ 333 10291 20177 58006 82610 88462;
0240674610999992000013106004-11100+028850FM-12+1384FLMA V0200801N001010390019N0300001N1+01911+01851999999ADDAA124001091GA1051+039009039GA2071+090009039GF107991051001999999031071KA1120M+02801KA2120N+01701MD1999999-0041ME1315089REMSYN110AAXX  31064 67461 12980 70802 10191 20185 48508 60014 85037 333 10280 20170 59004 85363 87380 555 00/// 20003;
0161674610999992000013109004-11100+028850FM-12+1384FLMA V0203601N001010480019N0300001N1+02461+01781999999ADDGA1031+012009089GA2021+048009039GF107991031021012501031071ME1315129REMSYN082AAXX  31094 67461 42680 73602 10246 20178 48512 83237 333 59/// 83840 82366 86280;
0211674610999992000013112004-11100+028850FM-12+1384FLMA V0201901N003110120019N0300001N1+02411+01791999999ADDAY191061AY221061GA1011+012009099GA2061+012009089GA3011+030009039GF106991061021012501031021ME1314859MW1291REMSYN094AAXX  31124 67461 41680 61906 10241 20179 48485 72992 86232 333 59/// 81940 86840 81360 81080;
0230674610999992000020106004-11100+028850FM-12+1384FLMA V0203501N001010360019N0300001N1+01901+01841999999ADDAA124002091AY161061AY221061GA1081+036009019GF108991081001999999071999KA1120M+02771KA2120N+01761MD1999999+0011ME1315109MW1211REMSYN094AAXX  01064 67461 11980 83502 10190 20184 48510 60024 72162 8807/ 333 10277 20176 58001 88462;
0153674610999992000020109004-11100+028850FM-12+1384FLMA V0203201N002110045019N0300001N1+02141+01871999999ADDGA1051+004509069GF108991051051004501071999MD1999999+0101ME1315179REMSYN076AAXX  01094 67461 42480 83204 10214 20187 48517 8557/ 333 58010 85615 88462;
0274674610999992000020206004-11100+028850FM-12+1384FLMA V0203301N002610018019N0200001N1+01901+01841999999ADDAA124005191AY161061AY261061GA1051+001809079GA2081+030009049GF108991051061002501071999KA1120M+02121KA2120N+01701MD1999999+0121ME1315219MW1611REMSYN122AAXX  02064 67461 11370 83305 10190 20184 48521 60054 76166 8567/ 333 10212 20170 58012 85706 88460 555 00/// 20002 91019;
0202674610999992000020306004-11100+028850FM-12+1384FLMA V0203301N000510330019N0200001N1+01851+01761999999ADDAA124011991GA1071+033009079GF107991071001999999071999KA1120M+02561KA2120N+01691MD1999999-0021ME1315189REMSYN088AAXX  03064 67461 12970 73301 10185 20176 48518 60124 8707/ 333 10256 20169 59002 87361;
0216674610999992000021712004-11100+028850FM-12+1384FLMA V0203601N003610360019N0500001N1+02461+01691094941ADDAY121061AY221061GA1011+009009099GA2031+009009089GA3071+036009039GF107991041021012501071999MD1999999+0011MW1171REMSYN094AAXX  17124 67461 41684 73607 10246 20169 49494 71722 8427/ 333 58001 81930 83830 87362 91016;
0236674610999992000021806004-11100+028850FM-12+1384FLMA V0209999C00001045001CN0300001N1+01771+01731999999ADDAA124027991AY161061AY221061GA1011+012009069GF108991011051012501071999KA1120M+02551KA2120N+01601MD1999999+0051ME1315079MW1211REMSYN100AAXX  18064 67461 11680 80000 10177 20173 48507 60284 72162 8157/ 333 10255 20160 58005 81640 85363;
0204674610999992000022006004-11100+028850FM-12+1384FLMA V0209999C000010360019N0500001N1+01821+01731999999ADDAA124009991GA1071+036009039GF107991071001999999071999KA1120M+02281KA2120N+01601ME1315159REMSYN104AAXX  20064 67461 12984 70000 10182 20173 48515 60104 8707/ 333 10228 20160 87362 555 00/// QNH 1019.1 ;
0247674610999992000022106004-11100+028850FM-12+1384FLMA V0200201N001012200019N0300001N1+02141+01941999999ADDAA199000091GA1011+036009039GF101991011031999999999001KA1120M+02351KA2120N+01651MD1999999-0151ME1315039REMSYN098AAXX  21064 67461 32980 10202 10214 20194 48503 81300 333 10235 20165 59015 81362 555 00/// 20010;EQDQ01+000002SCOMCGQ02  00002PRCP99
0153674610999992000022109004-11100+028850FM-12+1384FLMA V0202801N00211012001CN0300001N1+02601+01941999999ADDGA1041+042009039GF106991051021012501031021MD1999999-0171ME1315079REMSYN076AAXX  21094 67461 42680 62804 10260 20194 48507 85232 333 59017 84364 82080;
0153674610999992000022112004-11100+028850FM-12+1384FLMA V0203301N002110030019N0300001N1+02941+01771999999ADDGA1051+003009089GF105991051021012501001021MD1999999-0181ME1314829REMSYN076AAXX  21124 67461 42680 53304 10294 20177 48482 85202 333 59018 85810 81080;
0202674610999992000022206004-11100+028850FM-12+1384FLMA V0203301N000510390019N0300001N1+01951+01771999999ADDAA124000791GA1071+039009079GF107991071001999999071999KA1120M+02971KA2120N+01651MD1999999+0091ME1315109REMSYN088AAXX  22064 67461 12980 73301 10195 20177 48510 69904 8707/ 333 10297 20165 58009 87363;
0215674610999992000022306004-11100+028850FM-12+1384FLMA V0202501N003110300019N0300001N1+02061+01811999999ADDAA199000091GA1071+030009079GF107991071001999999051999KA1120M+02391KA2120N+01601MD1999999-0241ME1314869REMSYN082AAXX  23064 67461 32980 72506 10206 20181 48486 8705/ 333 10239 20160 59024 87360;EQDQ01  00002PRCP99
0147674610999992000022512004-11100+028850FM-12+1384FLMA V0202701N003610180019N0500001N1+02901+01681999999ADDGA1051+018009029GF105991051011017501001001MD1999999+0071ME1314939REMSYN070AAXX  25124 67461 42784 52707 10290 20168 48493 85100 333 58007 85856;
0202674610999992000022706004-11100+028850FM-12+1384FLMA V0209999C000010390019N0300001N1+01901+01821999999ADDAA124001091GA1071+039009079GF107991071001999999071999KA1120M+02641KA2120N+01701MD1999999+0031ME1315059REMSYN088AAXX  27064 67461 12980 70000 10190 20182 48505 60014 8707/ 333 10264 20170 58003 87363;
0265674610999992000022906004-11100+028850FM-12+1384FLMA V0201201N001010300019N0100001N1+01771+01711999999ADDAA124005191AY161061AY261061GA1071+030009049GF199999071001999999071999KA1120M+03001KA2120N+01731MD1999999+0051ME1315159MW1611REMSYN110AAXX  29064 67461 11960 51202 10177 20171 48515 60054 76166 8707/ 333 10300 20173 58005 87460 555 00/// 20000;EQDQ01+000052SCOTCV
0175674610999992000022909004-11100+028850FM-12+1384FLMA V0209999C000010360019N0500001N1+02201+01781999999ADDAY161031AY221031GA1071+036009079GF107991071001022501071999MD1999999+0101ME1315229MW1021REMSYN076AAXX  29094 67461 41884 70000 10220 20178 48522 70262 8707/ 333 58010 87362;
0236674610999992000030106004-11100+028850FM-12+1384FLMA V0203401N001010060019N0300001N1+01811+01781999999ADDAA124011991AY161061AY241061GA1061+006009069GF108991061051008001999999KA1120M+02751KA2120N+01761MD1999999+0041ME1315209MW1601REMSYN100AAXX  01064 67461 11580 83402 10181 20178 48520 60124 76064 865// 333 10275 20176 58004 86620 88462;
0262674610999992000030206004-11100+028850FM-12+1384FLMA V0203601N000510390019N0500001N1+01971+01771999999ADDAA124008991GA1011+006009069GA2021+007509089GA3071+039009039GF107991031081008001031001KA1120M+02401KA2120N+01681MD1999999-0061ME1315149REMSYN116AAXX  02064 67461 12584 73601 10197 20177 48514 60094 83830 333 10240 20168 59006 81620 82825 87363 555 00/// 20012;
0246674610999992000030306004-11100+028850FM-12+1384FLMA V0203601N003110360019N0300001N1+01851+01781999999ADDAA124006191GA1071+036009039GA2011+090009009GF107991071001999999031021KA1120M+02651KA2120N+01701MD1999999-0031ME1315129REMSYN116AAXX  03064 67461 12980 73606 10185 20178 48512 60064 87032 333 10265 20170 59003 87362 81080 555 00/// 20009 91018;
0274674610999992000030406004-11100+028850FM-12+1384FLMA V0203601N000510045019N0500001N1+02091+01421999999ADDAA124001091AY121061AY221061GA1051+004509069GA2071+039009039GF107991051051004501071999KA1120M+02601KA2120N+01801MD1999999-0061ME1315069MW1601REMSYN122AAXX  04064 67461 11484 73601 10209 20142 48506 60014 76022 8557/ 333 10260 20180 59006 85615 87363 555 00/// 20006 91018;
0225674610999992000030412004-11100+028850FM-12+1384FLMA V0203301N004110090019N0400001N1+02451+01861999999ADDAY151061AY221061GA1011+009009099GA2051+009009089GA3041+039009039GF107991051091012501071031MD1999999+0011ME1314829MW1151REMSYN094AAXX  04124 67461 41682 73308 10245 20186 48482 71552 85973 333 58001 81930 85830 84363 81080;
0203674610999992000030812004-11100+028850FM-12+1384FLMA V0202701N004110390019N0500001N1+02371+01881999999ADDAY121061AY221061GA1011+009009089GA2061+039009039GF107991011021012501031021MD1999999+0021ME1315019MW1601REMSYN088AAXX  08124 67461 41684 72708 10237 20188 48501 76022 81232 333 58002 81830 86363 82080;
0240674610999992000030906004-11100+028850FM-12+1384FLMA V0203601N002610042019N0300001N1+01951+01831999999ADDAA124001091GA1061+004209069GA2061+036009039GF107991061051004501031001KA1120M+02371KA2120N+01751MD1999999-0101ME1315249REMSYN110AAXX  09064 67461 12480 73605 10195 20183 48524 60014 86530 333 10237 20175 59010 86614 86362 555 00/// 20009;
0147674610999992000031004004-11100+028850FM-12+1384FLMA V0209999C000010420019N0300001N1+01751+01751999999ADDGA1071+042009079GF107991071001999999071999MD1999999-0021ME1315079REMSYN070AAXX  10044 67461 42980 70000 10175 20175 48507 8707/ 333 59002 87364;
0240674610999992000031006004-11100+028850FM-12+1384FLMA V0200501N000510420019N0300001N1+01851+01771999999ADDAA124015091GA1031+003009069GA2071+042009039GF107991031051004501071999KA1120M+02651KA2120N+01701MD1999999-0101ME1315129REMSYN110AAXX  10064 67461 12480 70501 10185 20177 48512 60154 8357/ 333 10265 20170 59010 83610 87364 555 00/// 20001;
0208674610999992000031606004-11100+028850FM-12+1384FLMA V0203201N00051045001CN0500001N1+02001+01841999999ADDAA124005191GA1011+012009069GF107991011051012501071999KA1120M+02841KA2120N+01781MD1999999+0061ME1315019REMSYN094AAXX  16064 67461 12684 73201 10200 20184 48501 60054 8157/ 333 10284 20178 58006 81640 87360;
0246674610999992000031706004-11100+028850FM-12+1384FLMA V0209999C000012200019N0500001N1+02131+01841999999ADDAA124014091GA1011+003009069GA2011+090009009GF101991011051004501001011KA1120M+02821KA2120N+01511MD1999999-0141ME1315089REMSYN116AAXX  17064 67461 12484 10000 10213 20184 48508 60144 81501 333 10282 20151 59014 81610 81080 555 00/// 20009 91018;
0153674610999992000031709004-11100+028850FM-12+1384FLMA V0200801N00151220001CN0500001N1+02551+01801999999ADDGA1041+007509089GF105991041011008001001011MD1999999-0141ME1315099REMSYN076AAXX  17094 67461 42584 50803 10255 20180 48509 84101 333 59014 84825 81080;
0182674610999992000032006004-11100+028850FM-12+1384FLMA V0200301N000510390019N0500001N1+02001+99999999999ADDAA124001091GA1071+039009079GF107991071001999999071999KA1120M+02631KA2120N+01701ME1315169REMSYN082AAXX  20064 67461 12984 70301 10200 48516 60014 8707/ 333 10263 20170 58997 87363;
0221674610999992000032206004-11100+028850FM-12+1384FLMA V0200901N003110045019N0500001N1+02151+01851999999ADDAA199000091GA1051+004509089GF108991051011004501001081KA1120M+02831KA2120N+01671MD1999999-0051ME1315079REMSYN088AAXX  22064 67461 32484 80906 10215 20185 48507 85108 333 10283 20167 59005 85815 87280;EQDQ01  00002PRCP99
0236674610999992000032606004-11100+028850FM-12+1384FLMA V0200901N00311045001CN0500001N1+01751+01581999999ADDAA124024991AY141061AY221061GA1031+006009069GF107991031051008001071999KA1120M+02681KA2120N+01541MD1999999+0091ME1315249MW1281REMSYN100AAXX  26064 67461 11584 70906 10175 20158 48524 60254 72842 8357/ 333 10268 20154 58009 83620 87363;
0203674610999992000032712004-11100+028850FM-12+1384FLMA V0201201N00211220001CN0500001N1+02601+01681999999ADDAY121061AY221061GA1011+013509099GA2041+013509089GF105991041021012501001011MD1999999-0251ME1314769MW1171REMSYN088AAXX  27124 67461 41684 51204 10260 20168 48476 71722 84201 333 59025 81945 84845 82080;
0153674610999992000032809004-11100+028850FM-12+1384FLMA V0201201N00151220001CN0500001N1+02451+01761999999ADDGA1031+012009089GF107991031021012501001011MD1999999+0101ME1315169REMSYN076AAXX  28094 67461 42684 71203 10245 20176 48516 83201 333 58010 83840 85080;
0159674610999992000033009004-11100+028850FM-12+1384FLMA V0200901N002112200019N0500001N1+02541+01781999999ADDGA1041+006009089GF104991041011012501001001MD1999999-0051ME1315279REMSYN082AAXX  30094 67461 42684 40904 10254 20178 48527 84100 333 59005 84820 QNH 1019.8 ;
0147674610999992000033012004-11100+028850FM-12+1384FLMA V0201201N003112200019N0500001N1+02751+01581999999ADDGA1041+012009029GF104991041011012501001001MD1999999-0091ME1314549REMSYN070AAXX  30124 67461 42684 41206 10275 20158 48454 84100 333 59009 84840;
0244674610999992000033112004-11100+028850FM-12+1384FLMA V0200901N001510135019N9999999N1+02701+01631999999ADDAY121061AY221061GA1011+013509099GA2051+013509089GA3011+090009009GF106991999021012501001011MD1999999+0001ME1314949MW1151REMSYN094AAXX  31124 67461 41654 60903 10270 20163 48494 71522 88201 333 58000 81945 85845 81080 91015;EQDQ01+000082SCOTLC
0215674610999992000040106004-11100+028850FM-12+1384FLMA V0200901N003110045019N0500001N1+02101+01871999999ADDAA199000091GA1051+004509059GF105991051051004501001001KA1120M+02801KA2120N+01621MD1999999-0091ME1315129REMSYN082AAXX  01064 67461 32484 50906 10210 20187 48512 85500 333 10280 20162 59009 85615;EQDQ01  00002PRCP99
0221674610999992000040206004-11100+028850FM-12+1384FLMA V0200901N00261220001CN0500001N1+02051+01821999999ADDAA199000091GA1031+004509069GF107991031051004501001011KA1120M+02721KA2120N+01651MD1999999+0061ME1315169REMSYN088AAXX  02064 67461 32484 70905 10205 20182 48516 83501 333 10272 20165 58006 83615 85080;EQDQ01  00002PRCP99
0160674610999992000040412004-11100+028850FM-12+1384FLMA V0200801N000510120019N0500001N1+02811+01651999999ADDGA1051+012009089GA2011+090009009GF105991051021012501001011MD1999999-0051REMSYN076AAXX  04124 67461 42684 50801 10281 20165 85201 333 59005 85840 81080 91016;
0281674610999992000040606004-11100+028850FM-12+1384FLMA V0200401N000510900019N0500001N1+02011+01841999999ADDAA199000091GA1021+004509069GA2011+036009039GA3021+090009009GF105991021051004501031011KA1120M+02851KA2120N+01461MD1999999+0041ME1315169REMSYN116AAXX  06064 67461 32484 50401 10201 20184 48516 82531 333 10285 20146 58004 82615 81362 82080 555 00/// 20000 91019;EQDQ01  00002PRCP99
0197674610999992000040709004-11100+028850FM-12+1384FLMA V0200901N004110120019N0500001N1+02501+01821999999ADDGA1051+012009089GA2011+039009039GA3031+090009009GF107991051021012501031011MD1999999+0081ME1315229REMSYN088AAXX  07094 67461 42684 70908 10250 20182 48522 85231 333 58008 85840 81363 83080 91019;
0147674610999992000040912004-11100+028850FM-12+1384FLMA V0200901N002610120019N0500001N1+02701+01641999999ADDGA1051+012009029GF105991051011012501001001MD1999999+0091ME1314979REMSYN070AAXX  09124 67461 42684 50905 10270 20164 48497 85100 333 58009 85840;
0253674610999992000041006004-11100+028850FM-12+1384FLMA V0200901N000512200019N0500001N1+01871+01681999999ADDAA199000091GA1011+003009069GA2011+090009009GF101991011051004501001011KA1120M+02801KA2120N+01461MD1999999+0011ME1315299REMSYN104AAXX  10064 67461 32484 10901 10187 20168 48529 81501 333 10280 20146 58001 81610 81080 555 00/// 91019;EQDQ01  00002PRCP99
0147674610999992000041009004-11100+028850FM-12+1384FLMA V0200901N003610120019N0400001N1+02501+01551999999ADDGA1051+012009029GF105991051011012501001001MD1999999+0011ME1315239REMSYN070AAXX  10094 67461 42682 50907 10250 20155 48523 85100 333 58001 85840;
0237674610999992000041106004-11100+028850FM-12+1384FLMA V0201201N002110045019N0500001N1+01951+01791999999ADDAA199000091GA1051+004509089GF105991051011004501001001KA1120M+02801KA2120N+01551MD1999999+0001ME1315219REMSYN104AAXX  11064 67461 32484 51204 10195 20179 48521 85100 333 10280 20155 58000 85815 555 00/// 20000 91019;EQDQ01  00002PRCP99
0159674610999992000041112004-11100+028850FM-12+1384FLMA V0200901N002110120019N0500001N1+02691+01651999999ADDGA1061+012009089GF106991061021012501001001MD1999999-0021ME1314979REMSYN082AAXX  11124 67461 42684 60904 10269 20165 48497 86200 333 59002 86840 QNH 1016.3 ;
0237674610999992000041206004-11100+028850FM-12+1384FLMA V0200901N002610045019N0500001N1+02041+01841999999ADDAA199000091GA1061+004509069GF106991061051004501001001KA1120M+02851KA2120N+01701MD1999999-0071ME1315149REMSYN104AAXX  12064 67461 32484 60905 10204 20184 48514 86500 333 10285 20170 59007 86615 555 00/// 20000 91019;EQDQ01  00002PRCP99
0147674610999992000041212004-11100+028850FM-12+1384FLMA V0200901N003610120019N0500001N1+02861+01541999999ADDGA1051+012009029GF105991051011012501001001MD1999999+0021ME1315009REMSYN070AAXX  12124 67461 42684 50907 10286 20154 48500 85100 333 58002 85840;
0153674610999992000041409004-11100+028850FM-12+1384FLMA V0200901N003610150019N0500001N1+02401+01661999999ADDGA1051+015009089GF105991051021017501031001MD1999999+0011ME1315259REMSYN076AAXX  14094 67461 42784 50907 10240 20166 48525 85230 333 58001 85850 81363;
0208674610999992000041506004-11100+028850FM-12+1384FLMA V0200901N001012200019N0500001N1+02101+01791999999ADDAA124029091GA1011+004509089GF103991011011004501031001KA1120M+02881KA2120N+01631MD1999999+0001ME1315169REMSYN094AAXX  15064 67461 12484 30902 10210 20179 48516 60294 81130 333 10288 20163 58000 81815 83363;
0208674610999992000041706004-11100+028850FM-12+1384FLMA V0200901N00211045001CN0300001N1+02101+01871999999ADDAA124007191GA1031+004509069GF107991031051004501071001KA1120M+02801KA2120N+01651MD1999999+0001ME1315219REMSYN094AAXX  17064 67461 12480 70904 10210 20187 48521 60074 83570 333 10280 20165 58000 83615 84363;
0147674610999992000041812004-11100+028850FM-12+1384FLMA V0200901N004612200019N0300001N1+02771+01661999999ADDGA1041+012009029GF104991041011012501001001MD1999999+0001ME1315139REMSYN070AAXX  18124 67461 42680 40909 10277 20166 48513 84100 333 58000 84840;
0175674610999992000041912004-11100+028850FM-12+1384FLMA V0200901N004110120019N0500001N1+02701+01581999999ADDGA1051+012009089GA2011+030009039GF105991051011012501061001MD1999999+0021ME1315159REMSYN082AAXX  19124 67461 42684 50908 10270 20158 48515 85160 333 58002 85840 81360 91018;
0203674610999992000042506004-11100+028850FM-12+1384FLMA V0200901N000512200019N0500001N1+01891+01581999999ADDAA199000091GA1001+999999999GF100991001001999999001001KA1120M+02861KA2120N+01401MD1999999+0011ME1315249REMSYN070AAXX  25064 67461 32984 00901 10189 20158 48524 333 10286 20140 58001;EQDQ01  00002PRCP99
0127674610999992000042612004-11100+028850FM-12+1384FLMA V0200301N002110135019N0500001N1+02601+01501999999ADDGA1051+013509029GF105991051011012501001001ME1315059REMSYN064AAXX  26124 67461 42684 50304 10260 20150 48505 85100 333 85845;
0187674610999992000042712004-11100+028850FM-12+1384FLMA V0201101N003110090019N0500001N1+02711+01461999999ADDAY121061AY221061GA1061+009009089GF106991061021012501001001MD1999999+0011ME1315169MW1141REMSYN088AAXX  27124 67461 41684 61106 10271 20146 48516 71422 86200 333 58001 86830 QNH 1018.5 ;
0253674610999992000042906004-11100+028850FM-12+1384FLMA V0200901N003112200019N0500001N1+02051+01651999999ADDAA199000091GA1031+004509069GA2011+042009039GF104991031051004501031001KA1120M+02801KA2120N+01551MD1999999+0061ME1315449REMSYN104AAXX  29064 67461 32484 40906 10205 20165 48544 83530 333 10280 20155 58006 83615 81364 555 00/// 91022;EQDQ01  00002PRCP99
0215674610999992000050106004-11100+028850FM-12+1384FLMA V0201301N004610030019N0500001N1+01531+01381999999ADDAA199000091GA1061+003009059GF106991061051004501001001KA1120M+02671KA2120N+01391MD1999999-0031ME1315379REMSYN082AAXX  01064 67461 32484 61309 10153 20138 48537 86500 333 10267 20139 59003 86610;EQDQ01  00002PRCP99
0215674610999992000050306004-11100+028850FM-12+1384FLMA V0200801N001512200019N0500001N1+01941+01691999999ADDAA199000091GA1011+004209029GF101991011011008001001001KA1120M+02551KA2120N+01361MD1999999+0021ME1315409REMSYN082AAXX  03064 67461 32584 10803 10194 20169 48540 81100 333 10255 20136 58002 81814;EQDQ01  00002PRCP99
0147674610999992000050312004-11100+028850FM-12+1384FLMA V0201201N001510150019N0500001N1+02801+01561999999ADDGA1051+015009029GF105991051011017501001001MD1999999+0001ME1315249REMSYN070AAXX  03124 67461 42784 51203 10280 20156 48524 85100 333 58000 85850;
0215674610999992000050506004-11100+028850FM-12+1384FLMA V0200901N002112200019N0500001N1+02051+01711999999ADDAA199000091GA1011+039009079GF101991011001999999041001KA1120M+02951KA2120N+01401MD1999999-0201ME1315219REMSYN082AAXX  05064 67461 32984 10904 10205 20171 48521 81040 333 10295 20140 59020 81363;EQDQ01  00002PRCP99
0215674610999992000051106004-11100+028850FM-12+1384FLMA V0201001N003110045019N0500001N1+01651+01521999999ADDAA199000091GA1061+004509059GF106991061051004501001001KA1120M+02661KA2120N+01271MD1999999+0911ME1315389REMSYN082AAXX  11064 67461 32484 61006 10165 20152 48538 86500 333 10266 20127 58091 86615;EQDQ01  00002PRCP99
0244674610999992000051112004-11100+028850SY-MT+1384FLMA V0201201N001012200019N0300001N1+02651+01041999999ADDGA1021+015009999GF104991041011017501001001MA1101801999999MD1999999+0021ME1315179MW1001REMSYN076AAXX  11124 67461 42780 41202 10265 20104 48517 84100 333 58002 84850 91018;MET045FLMA 111200Z 12002KT 9999 SCT050 27/10 Q1018;EQDQ01+000000PRSWM2
0281674610999992000051506004-11100+028850SY-MT+1384FLMA V0201001N00411220001CN0300001N1+01701+01341999999ADDAA199000091GF101991011001999999031001KA1120M+02551KA2120N+01341MA1102301999999MD1999999+0001ME1315539MW1001REMSYN082AAXX  15064 67461 32980 11008 10170 20134 48553 81030 333 10255 20134 58000 81366;MET039FLMA 150600Z 11008KT CAVOK 17/13 Q1023;EQDQ01+000000PRSWM2Q02  00002PRCP99
0147674610999992000051512004-11100+028850FM-12+1384FLMA V0201001N002110120019N0300001N1+02541+01341999999ADDGA1061+012009029GF106991061021012501001001MD1999999-0111ME1315219REMSYN070AAXX  15124 67461 42680 61004 10254 20134 48521 86200 333 59011 86840;
0325674610999992000051706004-11100+028850SY-MT+1384FLMA V0200201N046322200019N0500001N1+01701+01261999999ADDAA199000091GA1021+004509999GF102991011051004501031001KA1120M+02801KA2120N+01051MA1102301999999MD1999999+0001ME1315529MW1001REMSYN088AAXX  17064 67461 32484 20290 10170 20126 48552 81530 333 10280 20105 58000 81615 81362;MET045FLMA 170600Z 09007KT 9999 FEW015 17/13 Q1023;EQDQ01+004633WOSPD Q02+000000PRSWM2Q03  00002PRCP99
0203674610999992000052306004-11100+028850FM-12+1384FLMA V0200901N002112200019N0500001N1+01631+01481999999ADDAA199000091GA1001+999999999GF100991001001999999001001KA1120M+02691KA2120N+01071MD1999999+0011ME1315449REMSYN070AAXX  23064 67461 32984 00904 10163 20148 48544 333 10269 20107 58001;EQDQ01  00002PRCP99
0147674610999992000052512004-11100+028850FM-12+1384FLMA V0201801N003112200019N0500001N1+02821+01071999999ADDGA1011+090009019GF101991001001999999001011MD1999999+0011ME1315189REMSYN070AAXX  25124 67461 42984 11806 10282 20107 48518 80001 333 58001 81080;
0203674610999992000053106004-11100+028850FM-12+1384FLMA V0200901N002112200019N0500001N1+01441+01041999999ADDAA199000091GA1001+999999999GF100991001001999999001001KA1120M+02701KA2120N+00901MD1999999+0041ME1315359REMSYN070AAXX  31064 67461 32084 00904 10144 20104 48535 333 10270 20090 58004;EQDQ01  00002PRCP99
0203674610999992000060106004-11100+028850FM-12+1384FLMA V0201001N005112200019N0500001N1+01601+01161999999ADDAA199000091GA1001+999999999GF100991001001999999001001KA1120M+02661KA2120N+00881MD1999999+0081ME1315439REMSYN070AAXX  01064 67461 32984 01010 10160 20116 48543 333 10266 20088 58008;EQDQ01  00002PRCP99
0225674610999992000060206004-11100+028850FM-12+1384FLMA V0201201N004112200019N0500001N1+01451+01001999999ADDAA199000091GA1001+999999999GF100991001001999999001001KA1120M+02601KA2120N+00891MD1999999-0011ME1315459REMSYN092AAXX  02064 67461 32984 01208 10145 20100 48545 333 10260 20089 59001 555 00/// QNH 1022.4 ;EQDQ01  00002PRCP99
0247674610999992000060506004-11100+028850FM-12+1384FLMA V0201201N006210420019N0500001N1+01601+01381999999ADDAA199000091GA1041+004209069GA2051+042009039GF106991041051004501031001KA1120M+02601KA2120N+01201MD1999999+0011ME1315499REMSYN098AAXX  05064 67461 32484 61212 10160 20138 48549 84530 333 10260 20120 58001 84614 85364 555 00///;EQDQ01  00002PRCP99
0203674610999992000060806004-11100+028850FM-12+1384FLMA V0201201N003112200019N0500001N1+01601+01261999999ADDAA199000091GA1001+999999999GF100991001001999999001001KA1120M+02651KA2120N+01051MD1999999+0091ME1315549REMSYN070AAXX  08064 67461 32984 01206 10160 20126 48554 333 10265 20105 58009;EQDQ01  00002PRCP99
0147674610999992000060812004-11100+028850FM-12+1384FLMA V0201201N004112200019N0500001N1+02551+01141999999ADDGA1011+018009029GF101991011011017501001001MD1999999+0051ME1315419REMSYN070AAXX  08124 67461 42784 11208 10255 20114 48541 81100 333 58005 81856;
0147674610999992000061112004-11100+028850FM-12+1384FLMA V0201001N002112200019N0500001N1+02611+00851999999ADDGA1011+012009029GF101991011011012501001001MD1999999-0021ME1315409REMSYN070AAXX  11124 67461 42684 11004 10261 20085 48540 81100 333 59002 81840;
0215674610999992000061209004-11100+028850FM-12+1384FLMA V0200901N003612200019N0500001N1+01801+01201999999ADDAA199000091GA1031+036009079GF103991031001999999031001KA1120M+02701KA2120N+01231MD1999999-0031ME1315519REMSYN082AAXX  12094 67461 32984 30907 10180 20120 48551 83030 333 10270 20123 59003 83362;EQDQ01  00002PRCP99
0147674610999992000061212004-11100+028850FM-12+1384FLMA V0200901N003110180019N0500001N1+02451+00621999999ADDGA1061+018009029GF106991061011017501001001MD1999999+0021ME1315409REMSYN070AAXX  12124 67461 42784 60906 10245 20062 48540 86100 333 58002 86856;
0203674610999992000061306004-11100+028850FM-12+1384FLMA V0201201N004112200019N0500001N1+01361+01061999999ADDAA199000091GA1001+999999999GF100991001001999999001001KA1120M+02551KA2120N+00961MD1999999+0041ME1315549REMSYN070AAXX  13064 67461 32984 01208 10136 20106 48554 333 10255 20096 58004;EQDQ01  00002PRCP99
0147674610999992000061312004-11100+028850FM-12+1384FLMA V0201001N003612200019N0500001N1+02501+00911999999ADDGA1041+012009029GF104991041021012501001001MD1999999+0031ME1315449REMSYN070AAXX  13124 67461 42684 41007 10250 20091 48544 84200 333 58003 84840;
0153674610999992000061412004-11100+028840FM-12+1384FLMA V0200901N00311220001CN0500001N1+02401+00801999999ADDGA1031+018009089GF106991031011017501001011MD1999999-0031ME1315409REMSYN076AAXX  14124 67461 42784 60906 10240 20080 48540 83101 333 59003 83856 83080;
0213674610999992000061506004-11100+028840FM-12+1384FLMA V0201001N003612200019N0500001N1+01311+01011999999ADDAA199000091GA1001+999999999GF100991001001999999001001KA1120M+02431KA2120N+00861MD1999999-0191ME1315419REMSYN080AAXX  15064 67461 32984 01007 10131 20101 48541 333 10243 20086 59019 555 00///;EQDQ01  00002PRCP99
0147674610999992000061509004-11100+028840FM-12+1384FLMA V0201001N005112200019N0500001N1+02141+01111999999ADDGA1011+009009029GF101991011011012501001001MD1999999-0041ME1315309REMSYN070AAXX  15094 67461 42684 11010 10214 20111 48530 81100 333 59004 81830;
0147674610999992000061512004-11100+028840FM-12+1384FLMA V0201001N004112200019N0500001N1+02461+00981999999ADDGA1041+009009029GF104991041021012501001001MD1999999-0111ME1315309REMSYN070AAXX  15124 67461 42684 41008 10246 20098 48530 84200 333 59011 84830;
0225674610999992000061606004-11100+028840FM-12+1384FLMA V0200901N004112200019N0500001N1+01501+01041999999ADDAA199000091GA1031+004509089GF103991031011004501001001KA1120M+02501KA2120N+00921MD1999999+0021ME1315419REMSYN092AAXX  16064 67461 32484 30908 10150 20104 48541 83100 333 10250 20092 58002 83815 555 00///;EQDQ01  00002PRCP99
0225674610999992000061806004-11100+028840FM-12+1384FLMA V0201201N002612200019N0500001N1+01551+01111999999ADDAA199000091GA1011+090009009GF101991001001999999001011KA1120M+02681KA2120N+01001MD1999999+0051ME1315489REMSYN092AAXX  18064 67461 32984 11205 10155 20111 48548 80001 333 10268 20100 58005 81080 555 00///;EQDQ01  00002PRCP99
0213674610999992000061906004-11100+028840FM-12+1384FLMA V0201201N004112200019N0500001N1+01411+01051999999ADDAA199000091GA1001+999999999GF100991001001999999001001KA1120M+02701KA2120N+01011MD1999999-0041ME1315479REMSYN080AAXX  19064 67461 32984 01208 10141 20105 48547 333 10270 20101 59004 555 00///;EQDQ01  00002PRCP99
0166674610999992000062009004-11100+028840FM-12+1384FLMA V0200901N004112200019N0300001N1+02301+01321999999ADDGA1031+009009029GF103991999011012501001001MD1999999-0051ME1315459REMSYN070AAXX  20094 67461 42680 30908 10230 20132 48545 82100 333 59005 83830;EQDQ01+000022SCOTLC
0135674610999992000062109004-11100+028840FM-12+1384FLMA V0200901N004112200019N0500001N1+02231+01161999999ADDGA1001+999999999GF100991001001999999001001MD1999999-0051ME1315419REMSYN058AAXX  21094 67461 42984 00908 10223 20116 48541 333 59005;
0135674610999992000062112004-11100+028840FM-12+1384FLMA V0201201N001012200019N0240001N1+02551+01021999999ADDGA1001+999999999GF100991001001999999001001MD1999999-0051ME1315049REMSYN058AAXX  21124 67461 42974 01202 10255 20102 48504 333 59005;
0183674610999992000062206004-11100+028840FM-12+1384FLMA V0200901N003112200019N0500001N1+01411+01161999999ADDAA199000091GA1001+999999999GF100991001001999999001001KA1120M+02631KA2999N+01171ME1315379REMSYN064AAXX  22064 67461 32984 00906 10141 20116 48537 333 10263 20117;EQDQ01  00002PRCP99
0135674610999992000062209004-11100+028840FM-12+1384FLMA V0201201N004112200019N0500001N1+02301+01111999999ADDGA1001+999999999GF100991001001999999001001MD1999999+0031ME1315439REMSYN058AAXX  22094 67461 42984 01208 10230 20111 48543 333 58003;
0213674610999992000062306004-11100+028840FM-12+1384FLMA V0200901N004112200019N0500001N1+01691+01261999999ADDAA199000091GA1001+999999999GF100991001001999999001001KA1120M+02701KA2120N+01051MD1999999+0011ME1315399REMSYN080AAXX  23064 67461 32984 00908 10169 20126 48539 333 10270 20105 58001 555 00///;EQDQ01  00002PRCP99
0154674610999992000062309004-11100+028840FM-12+1384FLMA V0201201N003112200019N0500001N1+02842+01221999999ADDGA1001+999999999GF100991001001999999001001MD1999999+0011ME1315469REMSYN058AAXX  23094 67461 42984 01206 10284 20122 48546 333 58001;EQDQ01+002843ATOT  
0215674610999992000062506004-11100+028840FM-12+1384FLMA V0201201N001512200019N0500001N1+01641+01101999999ADDAA199000091GA1011+039009079GF101991011001999999031001KA1120M+02631KA2120N+00921MD1999999+0071ME1315489REMSYN082AAXX  25064 67461 32984 11203 10164 20110 48548 81030 333 10263 20092 58007 81363;EQDQ01  00002PRCP99
0127674610999992000062612004-11100+028840FM-12+1384FLMA V0201201N003612200019N0500001N1+02551+00751999999ADDGA1041+018009029GF104991041011017501001001ME1315419REMSYN064AAXX  26124 67461 42784 41207 10255 20075 48541 84100 333 84856;
0147674610999992000062712004-11100+028840FM-12+1384FLMA V0201401N004112200019N0500001N1+02471+00811999999ADDGA1021+021009029GF102991021011022501001001MD1999999+0021ME1315469REMSYN070AAXX  27124 67461 42884 21408 10247 20081 48546 82100 333 58002 82857;
0180674610999992000062806004-11100+028840FM-12+1384FLMA V0209999C000012200019N0400001N1+00891+00711999999ADDAA199000091GA1001+999999999GF100991001001999999001001KA1120M+02541ME1315569REMSYN074AAXX  28064 67461 32982 00000 10089 20071 48556 333 10254 555 20068 48002;EQDQ01  00002PRCP99
0147674610999992000062812004-11100+028840FM-12+1384FLMA V0201201N004612200019N0500001N1+02401+00501999999ADDGA1011+021009029GF101991011011022501001001MD1999999+0011ME1315449REMSYN070AAXX  28124 67461 42884 11209 10240 20050 48544 81100 333 58001 81857;
0213674610999992000062906004-11100+028840FM-12+1384FLMA V0200901N002612200019N0500001N1+01131+00901999999ADDAA199000091GA1001+999999999GF100991001001999999001001KA1120M+02431KA2120N+00711MD1999999-0051ME1315579REMSYN080AAXX  29064 67461 32984 00905 10113 20090 48557 333 10243 20071 59005 555 00///;EQDQ01  00002PRCP99
0147674610999992000062909004-11100+028840FM-12+1384FLMA V0201201N004612200019N0500001N1+01931+00841999999ADDGA1021+012009029GF102991021011012501001001MD1999999+0001ME1315649REMSYN070AAXX  29094 67461 42684 21209 10193 20084 48564 82100 333 58000 82840;
0225674610999992000063006004-11100+028840FM-12+1384FLMA V0201201N007212200019N0500001N1+01451+01071999999ADDAA199000091GA1011+006009089GF101991011011008001001001KA1120M+02341KA2120N+00841MD1999999-0081ME1315529REMSYN092AAXX  30064 67461 32584 11214 10145 20107 48552 81100 333 10234 20084 59008 81820 555 00///;EQDQ01  00002PRCP99
0203674610999992000070206004-11100+028840FM-12+1384FLMA V0201201N004112200019N0500001N1+01201+00811999999ADDAA199000091GA1001+999999999GF100991001001999999001001KA1120M+02251KA2120N+00701MD1999999+0021ME1315539REMSYN070AAXX  02064 67461 32984 01208 10120 20081 48553 333 10225 20070 58002;EQDQ01  00002PRCP99
0215674610999992000070506004-11100+028840FM-12+1384FLMA V0200901N003112200019N0500001N1+01111+00851999999ADDAA199000091GA1011+003009059GF101991011051004501001001KA1120M+02151KA2120N+00651MD1999999+0131ME1315809REMSYN082AAXX  05064 67461 32484 10906 10111 20085 48580 81500 333 10215 20065 58013 81610;EQDQ01  00002PRCP99
0232674610999992000070512004-11100+028840SY-MT+1384FLMA V0200901N002612200019N0500001N1+02251+00801999999ADDGA1011+018009029GF101991011011017501001001MA1102201999999MD1999999+0081ME1315449MW1001REMSYN070AAXX  05124 67461 42784 10905 10225 20080 48544 81100 333 58008 81856;MET039FLMA 051200Z 09005KT CAVOK 23/08 Q1022;EQDQ01+000000PRSWM2
0147674610999992000070515004-11100+028840FM-12+1384FLMA V0200901N002612200019N0400001N1+02201+00671999999ADDGA1011+018009029GF101991011011017501001001MD1999999+0061ME1315349REMSYN070AAXX  05154 67461 42782 10905 10220 20067 48534 81100 333 58006 81856;
0153674610999992000070709004-11100+028840FM-12+1384FLMA V0201201N005112200019N0500001N1+01711+00691999999ADDGA1011+009009089GF101991011011012501001001MD1999999+0051ME1315759REMSYN076AAXX  07094 67461 42684 11210 10171 20069 48575 81100 333 58005 81830 91023;
0127674610999992000071012004-11100+028840FM-12+1384FLMA V0201201N003112200019N0500001N1+02401+00861999999ADDGA1031+015009029GF103991031011017501001001ME1315319REMSYN064AAXX  10124 67461 42784 31206 10240 20086 48531 83100 333 83850;
0135674610999992000071109004-11100+028840FM-12+1384FLMA V0200901N004612200019N0300001N1+02101+00981999999ADDGA1001+999999999GF100991001001999999001001MD1999999-0071ME1315519REMSYN058AAXX  11094 67461 42980 00909 10210 20098 48551 333 59007;
0215674610999992000071206004-11100+028840FM-12+1384FLMA V0201201N003112200019N0500001N1+01531+01041999999ADDAA199000091GA1011+039009079GF101991011001999999041001KA1120M+02511KA2120N+00961MD1999999+0071ME1315539REMSYN082AAXX  12064 67461 32984 11206 10153 20104 48553 81040 333 10251 20096 58007 81363;EQDQ01  00002PRCP99
0147674610999992000071209004-11100+028840FM-12+1384FLMA V0201201N003112200019N0500001N1+02301+01011999999ADDGA1011+090009019GF101991001001999999001011MD1999999+0011ME1315539REMSYN070AAXX  12094 67461 42984 11206 10230 20101 48553 80001 333 58001 81080;
0175674610999992000071212004-11100+028840FM-12+1384FLMA V0200901N002112200019N0500001N1+02601+00721999999ADDAY101061AY201061GA1031+018009029GF103991031011017501001001MD1999999+0051ME1315299MW1041REMSYN076AAXX  12124 67461 41784 30904 10260 20072 48529 70400 83100 333 58005 83856;
0153674610999992000071312004-11100+028840FM-12+1384FLMA V0200601N001512200019N0500001N1+02651+00931999999ADDGA1041+018009089GF104991041011017501001011MD1999999-0071ME1315239REMSYN076AAXX  13124 67461 42784 40603 10265 20093 48523 84101 333 59007 84856 81080;
0265674610999992000071406004-11100+028840SY-MT+1384FLMA V0200901N002112200019N0500001N1+01531+01221999999ADDAA199000091GF101991001001999999001011KA1120M+02711KA2120N+00951MD1999999-0151ME1315329MW1001REMSYN082AAXX  14064 67461 32984 10904 10153 20122 48532 80001 333 10271 20095 59015 81080;MET038FLMA 140600Z 09004KT CAVOK 1512 Q1021;EQDQ01+000000PRSWM2Q02  00002PRCP99
0204674610999992000071409004-11100+028840SY-MT+1384FLMA V0200901N002612200019N0500001N1+02451+00951999999ADDGF100991001001999999001001MA1102101999999MD1999999-0131ME1315449MW1001REMSYN058AAXX  14094 67461 42984 00905 10245 20095 48544 333 59013;MET039FLMA 140900Z 00905KT CAVOK 25/10 Q1021;EQDQ01+000000PRSWM2
0203674610999992000071506004-11100+028840FM-12+1384FLMA V0200901N000512200019N0500001N1+01381+01021999999ADDAA199000091GA1001+999999999GF100991001001999999001001KA1120M+02751KA2120N+01011MD1999999-0131ME1315169REMSYN070AAXX  15064 67461 32984 00901 10138 20102 48516 333 10275 20101 59013;EQDQ01  00002PRCP99
0135674610999992000071604004-11100+028840FM-12+1384FLMA V0200901N000512200019N0500001N1+01201+00921999999ADDGA1001+999999999GF100991001001999999001001MD1999999+0131ME1315279REMSYN058AAXX  16044 67461 42984 00901 10120 20092 48527 333 58013;
0269674610999992000071606004-11100+028840SY-MT+1384FLMA V0200901N003112200019N0500001N1+01601+00961999999ADDAA199000091GF100991001001999999001001KA1120M+02901KA2120N+00951MA1102101999999MD1999999+0171ME1315379MW1001REMSYN070AAXX  16064 67461 32984 00906 10160 20096 48537 333 10290 20095 58017;MET039FLMA 160600Z 00906KT CAVOK 16/10 Q1021;EQDQ01+000000PRSWM2Q02  00002PRCP99
0269674610999992000071706004-11100+028840SY-MT+1384FLMA V0200901N000512200019N0500001N1+01361+01001999999ADDAA199000091GF100991001001999999001001KA1120M+02811KA2120N+00941MA1102301999999MD1999999+0181ME1315519MW1001REMSYN070AAXX  17064 67461 32984 00901 10136 20100 48551 333 10281 20094 58018;MET039FLMA 170600Z 09001KT CAVOK 14/10 Q1023;EQDQ01+000000PRSWM2Q02  00002PRCP99
0215674610999992000071806004-11100+028840FM-12+1384FLMA V0201201N000512200019N0500001N1+01181+00961999999ADDAA199000091GA1011+036009079GF101991011001999999031001KA1120M+02581KA2120N+00761MD1999999+0061ME1315549REMSYN082AAXX  18064 67461 32984 11201 10118 20096 48554 81030 333 10258 20076 58006 81362;EQDQ01  00002PRCP99
0165674610999992000072106004-11100+028840FM-12+1384FLMA V02099999999999999999N0500001N1+01401+00841999999ADDAA199000091KA1120M+02711KA2120N+00891MD1999999+0081ME1315269REMSYN074AAXX  21064 67461 32984 ///// 10140 20084 48526 333 10271 20089 58008 555;EQDQ01  00002PRCP99
0155674610999992000072409004-11100+028840FM-12+1384FLMA V0200901N005110096019N0500001N1+01851+00951999999ADDAY121031AY221031GA1071+009609029GF107991071021012501001001ME1315639MW1051REMSYN070AAXX  24094 67461 42684 70910 10185 20095 48563 70522 87200 333 87832;
0234674610999992000072412004-11100+028840SY-MT+1384FLMA V0200901N004610120019N0500001N1+02101+00721999999ADDGA1071+012009999GF199999061011012501001001MA1102101999999ME1315399MW1001REMSYN064AAXX  24124 67461 42684 60909 10210 20072 48539 86100 333 86840;MET045FLMA 241200Z 09009KT 9999 BKN040 21/07 Q1021;EQDQ01+000062SCOTCVQ02+000000PRSWM2
0203674610999992000072506004-11100+028840FM-12+1384FLMA V0200901N004112200019N0500001N1+01151+00761999999ADDAA199000091GA1001+999999999GF100991001001999999001001KA1120M+02301KA2120N+00741MD1999999-0101ME1315449REMSYN070AAXX  25064 67461 32984 00908 10115 20076 48544 333 10230 20074 59010;EQDQ01  00002PRCP99
0203674610999992000072606004-11100+028840FM-12+1384FLMA V0200901N005112200019N0500001N1+01401+00781999999ADDAA199000091GA1001+999999999GF100991001001999999001001KA1120M+02431KA2120N+00841MD1999999+0191ME1315659REMSYN070AAXX  26064 67461 32984 00910 10140 20078 48565 333 10243 20084 58019;EQDQ01  00002PRCP99
0135674610999992000072609004-11100+028840FM-12+1384FLMA V0200901N004112200019N0500001N1+02091+00691999999ADDGA1001+999999999GF100991001001999999001001MD1999999+0151ME1315669REMSYN058AAXX  26094 67461 42984 00908 10209 20069 48566 333 58015;
0203674610999992000072706004-11100+028840FM-12+1384FLMA V0200901N005112200019N0500001N1+01421+00741999999ADDAA199000091GA1001+999999999GF100991001001999999001001KA1120M+02481KA2120N+00861MD1999999-0021ME1315649REMSYN070AAXX  27064 67461 32984 00910 10142 20074 48564 333 10248 20086 59002;EQDQ01  00002PRCP99
0135674610999992000072709004-11100+028840FM-12+1384FLMA V0201001N006212200019N0500001N1+01951+00621999999ADDGA1001+999999999GF100991001001999999001001MD1999999-0081ME1315589REMSYN058AAXX  27094 67461 42984 01012 10195 20062 48558 333 59008;
0135674610999992000072712004-11100+028840FM-12+1384FLMA V0200501N005112200019N0500001N1+02241+00691999999ADDGA1001+999999999GF100991001001999999001001MD1999999+0001ME1315409REMSYN058AAXX  27124 67461 42984 00510 10224 20069 48540 333 58000;
0203674610999992000073106004-11100+028840FM-12+1384FLMA V0201001N003112200019N0500001N1+01531+01031999999ADDAA199000091GA1001+999999999GF100991001001999999001001KA1120M+02651KA2120N+01151MD1999999+0051ME1315329REMSYN070AAXX  31064 67461 32984 01006 10153 20103 48532 333 10265 20115 58005;EQDQ01  00002PRCP99
0111674610999992000073112004-11100+028840FM-12+1384FLMA V0201201N004612200019N0500001N1+02701+01071999999ADDGA1001+999999999GF100991001001999999001001ME1315149REMSYN048AAXX  31124 67461 42984 01209 10270 20107 48514;
0135674610999992000080112004-11100+028840FM-12+1384FLMA V0201201N004112200019N0500001N1+02701+01011999999ADDGA1001+999999999GF100991001001999999001001MD1999999-0011ME1315189REMSYN058AAXX  01124 67461 42984 01208 10270 20101 48518 333 59001;
0203674610999992000080206004-11100+028840FM-12+1384FLMA V0201201N004112200019N0500001N1+01601+01261999999ADDAA199000091GA1001+999999999GF100991001001999999001001KA1120M+02751KA2120N+01151MD1999999+0021ME1315359REMSYN070AAXX  02064 67461 32984 01208 10160 20126 48535 333 10275 20115 58002;EQDQ01  00002PRCP99
0259674610999992000080306004-11100+028840FM-12+1384FLMA V0201201N001512200019N0200001N1+01381+01221999999ADDAA199000091AY101061AY201061GA1011+033009029GF101991011051004501001999KA1120M+02671KA2120N+01021MD1999999+0021ME1315349MW1051REMSYN088AAXX  03064 67461 31470 11203 10138 20122 48534 70500 81500 333 10267 20102 58002 81861;EQDQ01+000002SCOHCGQ02  00002PRCP99
0147674610999992000080312004-11100+028840FM-12+1384FLMA V0201801N003112200019N0500001N1+02741+00741999999ADDGA1021+021009029GF102991021011022501001001MD1999999-0101ME1315229REMSYN070AAXX  03124 67461 42884 21806 10274 20074 48522 82100 333 59010 82857;
0203674610999992000080406004-11100+028840FM-12+1384FLMA V0200901N004112200019N0500001N1+01601+01061999999ADDAA199000091GA1001+999999999GF100991001001999999001001KA1120M+02801KA2120N+01101MD1999999+0011ME1315389REMSYN070AAXX  04064 67461 32984 00908 10160 20106 48538 333 10280 20110 58001;EQDQ01  00002PRCP99
0166674610999992000080412004-11100+028840FM-12+1384FLMA V0200501N003112200019N0500001N1+02751+00721999999ADDAY101061AY201061GA1031+018009029GF103991031011017501001001MD1999999+0091MW1051REMSYN076AAXX  04124 67461 42784 30506 10275 20072 48/// 70500 83100 333 58009 83856;
0297674610999992000080506004-11100+028840SY-MT+1384FLMA V0201201N003610390019N0500001N1+01611+00961999999ADDAA199000091GA1061+039009079GF106991061001999999031001KA1120M+02751KA2120N+01241MA1102201999999MD1999999+0041ME1315419MW1001REMSYN082AAXX  05064 67461 32984 61207 10161 20096 48541 86030 333 10275 20124 58004 86363;MET039FLMA 050600Z 12007KT CAVOK 16/10 Q1022;EQDQ01+000000PRSWM2Q02  00002PRCP99
0203674610999992000080806004-11100+028840FM-12+1384FLMA V0201201N003112200019N0500001N1+01301+00841999999ADDAA199000091GA1001+999999999GF100991001001999999001001KA1120M+02551KA2120N+00881MD1999999-0021ME1315499REMSYN070AAXX  08064 67461 32984 01206 10130 20084 48549 333 10255 20088 59002;EQDQ01  00002PRCP99
0115674610999992000080812004-11100+028840FM-12+1384FLMA V0201201N004112200019N0500001N1+02501+00821999999ADDGA1001+999999999GF100991001001999999001001ME1315339REMSYN052AAXX  08124 67461 42984 01208 10250 20082 48533 333;
0135674610999992000081004004-11100+028840FM-12+1384FLMA V0201201N001512200019N0500001N1+01201+01021999999ADDGA1001+999999999GF100991001001999999001001MD1999999-0091ME1315319REMSYN058AAXX  10044 67461 42984 01203 10120 20102 48531 333 59009;
0203674610999992000081006004-11100+028840FM-12+1384FLMA V0200901N003112200019N0500001N1+01501+01041999999ADDAA199000091GA1001+999999999GF100991001001999999001001KA1120M+02571KA2120N+01121MD1999999-0081ME1315389REMSYN070AAXX  10064 67461 32984 00906 10150 20104 48538 333 10257 20112 59008;EQDQ01  00002PRCP99
0135674610999992000081009004-11100+028840FM-12+1384FLMA V0200901N002112200019N0500001N1+02301+01011999999ADDGA1001+999999999GF100991001001999999001001MD1999999-0101ME1315419REMSYN058AAXX  10094 67461 42984 00904 10230 20101 48541 333 59010;
0175674610999992000081012004-11100+028840FM-12+1384FLMA V0200901N004112200019N0300001N1+02651+00941999999ADDAY101061AY201061GA1011+018009029GF101991011011017501001001MD1999999-0041ME1315189MW1041REMSYN076AAXX  10124 67461 41780 10908 10265 20094 48518 70400 81100 333 59004 81856;
0243674610999992000081106004-11100+028840FM-12+1384FLMA V0201201N003612200019N0200001N1+01641+01011999999ADDAA199000091AY121061AY221061GA1041+039009079GF104991041001999999031001KA1120M+02631KA2120N+01291MD1999999-0051ME1315369MW1051REMSYN088AAXX  11064 67461 31970 41207 10164 20101 48536 70522 84030 333 10263 20129 59005 84363;EQDQ01  00002PRCP99
0127674610999992000081412004-11100+028840FM-12+1384FLMA V0201001N003612200019N0300001N1+02501+00791999999ADDGA1011+012009029GF101991011011012501001001ME1315329REMSYN064AAXX  14124 67461 42680 11007 10250 20079 48532 81100 333 81840;
0203674610999992000081506004-11100+028840FM-12+1384FLMA V0200901N003612200019N0500001N1+01261+00711999999ADDAA199000091GA1001+999999999GF100991001001999999001001KA1120M+02581KA2120N+00801MD1999999+0051ME1315639REMSYN070AAXX  15064 67461 32984 00907 10126 20071 48563 333 10258 20080 58005;EQDQ01  00002PRCP99
0153674610999992000081509004-11100+028840FM-12+1384FLMA V0200901N004112200019N0500001N1+02001+00701999999ADDGA1011+015009089GF101991011011017501001011MD1999999+0191ME1315729REMSYN076AAXX  15094 67461 42784 10908 10200 20070 48572 81101 333 58019 81850 81080;
0215674610999992000081606004-11100+028840FM-12+1384FLMA V0201001N003612200019N0030001N1+01381+00821999999ADDAA199000091GA1011+090009019GF101991001001999999001021KA1120M+02201KA2120N+00841MD1999999-0111ME1315579REMSYN082AAXX  16064 67461 32930 11007 10138 20082 48557 80002 333 10220 20084 59011 81080;EQDQ01  00002PRCP99
0147674610999992000081612004-11100+028840FM-12+1384FLMA V0201001N003112200019N0300001N1+02301+00751999999ADDGA1031+009009029GF103991031011012501001001MD1999999-0061ME1315339REMSYN070AAXX  16124 67461 42680 31006 10230 20075 48533 83100 333 59006 83830;
0203674610999992000081706004-11100+028840FM-12+1384FLMA V0201301N003612200019N0300001N1+01461+00851999999ADDAA199000091GA1001+999999999GF100991001001999999001001KA1120M+02421KA2120N+00911MD1999999-0081ME1315469REMSYN070AAXX  17064 67461 32980 01307 10146 20085 48546 333 10242 20091 59008;EQDQ01  00002PRCP99
0203674610999992000081806004-11100+028840FM-12+1384FLMA V0200901N002112200019N0300001N1+01441+00861999999ADDAA199000091GA1001+999999999GF100991001001999999001001KA1120M+02621KA2120N+00951MD1999999+0011ME1315519REMSYN070AAXX  18064 67461 32980 00904 10144 20086 48551 333 10262 20095 58001;EQDQ01  00002PRCP99
0215674610999992000082206004-11100+028840FM-12+1384FLMA V0201201N002612200019N0300001N1+01391+01071999999ADDAA199000091GA1011+090009019GF101991001001999999001011KA1120M+02551KA2120N+01101MD1999999-0101ME1315309REMSYN082AAXX  22064 67461 32980 11205 10139 20107 48530 80001 333 10255 20110 59010 81080;EQDQ01  00002PRCP99
0153674610999992000082212004-11100+028840FM-12+1384FLMA V0200901N002112200019N0300001N1+02751+00991999999ADDGA1011+015009089GF101991011011017501001011MD1999999-0081ME1315189REMSYN076AAXX  22124 67461 42780 10904 10275 20099 48518 81101 333 59008 81850 81080;
0231674610999992000082306004-11100+028840FM-12+1384FLMA V0201201N003112200019N0100001N1+01661+01001999999ADDAA199000091AY101061AY201061GA1001+999999999GF100991001001999999001001KA1120M+02881KA2120N+01171MD1999999+0151ME1315479MW1051REMSYN076AAXX  23064 67461 31960 01206 10166 20100 48547 70500 333 10288 20117 58015;EQDQ01  00002PRCP99
0169674610999992000082313004-11100+028840FM-12+1384FLMA V0200901N003112200019N0200001N1+02851+00871999999ADDAY101999AY201999GA1001+999999999GF100991001001999999001001MD1999999+0111ME1315309MW1051REMSYN070AAXX  23134 67461 41970 00906 10285 20087 48530 70500 333 58011 91019;
0243674610999992000082506004-11100+028840FM-12+1384FLMA V0201201N003112200019N0100001N1+01751+00871999999ADDAA199000091AY101061AY201061GA1011+039009079GF101991011001999999031001KA1120M+02881KA2120N+01201MD1999999+0011ME1315459MW1051REMSYN088AAXX  25064 67461 31960 11206 10175 20087 48545 70500 81030 333 10288 20120 58001 81363;EQDQ01  00002PRCP99
0249674610999992000082806004-11100+028840FM-12+1384FLMA V0201001N004112200019N0200001N1+01581+00841999999ADDAA199000091AY101061AY201061GA1011+042009039GF101991011001999999031021KA1120M+02751KA2120N+00911MD1999999-0051ME1315459MW1051REMSYN094AAXX  28064 67461 31970 11008 10158 20084 48545 70500 81032 333 10275 20091 59005 81364 81080;EQDQ01  00002PRCP99
0147674610999992000082909004-11100+028840FM-12+1384FLMA V0200901N003612200019N0300001N1+02391+00831999999ADDGA1011+018009029GF101991011011017501001001MD1999999-0051ME1315509REMSYN070AAXX  29094 67461 42780 10907 10239 20083 48550 81100 333 59005 81856;
0147674610999992000082912004-11100+028840FM-12+1384FLMA V0200901N002110210019N0300001N1+02641+00791999999ADDGA1051+021009029GF105991051011022501001001MD1999999-0061ME1315179REMSYN070AAXX  29124 67461 42880 50904 10264 20079 48517 85100 333 59006 85857;
0231674610999992000083006004-11100+028840FM-12+1384FLMA V0201001N004112200019N0150001N1+01581+00821999999ADDAA199000091AY101061AY201061GA1001+999999999GF100991001001999999001001KA1120M+02721KA2120N+01051MD1999999-0121ME1315309MW1051REMSYN076AAXX  30064 67461 31965 01008 10158 20082 48530 70500 333 10272 20105 59012;EQDQ01  00002PRCP99
0163674610999992000083009004-11100+028840FM-12+1384FLMA V0201001N002112200019N0200001N1+02501+00851999999ADDAY101031AY201031GA1001+999999999GF100991001001999999001001MD1999999-0141ME1315379MW1051REMSYN064AAXX  30094 67461 41970 01004 10250 20085 48537 70500 333 59014;
0175674610999992000083012004-11100+028840FM-12+1384FLMA V0201001N003112200019N0200001N1+02801+00851999999ADDAY101061AY201061GA1011+021009029GF101991011011022501001001MD1999999-0111ME1315079MW1051REMSYN076AAXX  30124 67461 41870 11006 10280 20085 48507 70500 81100 333 59011 81857;
0231674610999992000090106004-11100+028840FM-12+1384FLMA V0201001N002112200019N0150001N1+01861+00921999999ADDAA199000091AY101061AY201061GA1001+999999999GF100991001001999999001001KA1120M+03051KA2120N+01251MD1999999-0041ME1315219MW1051REMSYN076AAXX  01064 67461 31965 01004 10186 20092 48521 70500 333 10305 20125 59004;EQDQ01  00002PRCP99
0231674610999992000090406004-11100+028840FM-12+1384FLMA V0201201N000512200019N0060001N1+01741+01151999999ADDAA199000091AY101061AY201061GA1001+999999999GF100991001001999999001001KA1120M+03201KA2120N+01201MD1999999+0011ME1315079MW1051REMSYN076AAXX  04064 67461 31956 01201 10174 20115 48507 70500 333 10320 20120 58001;EQDQ01  00002PRCP99
0163674610999992000090509004-11100+028840FM-12+1384FLMA V0201001N004112200019N0200001N1+03021+01001999999ADDAY101031AY201031GA1001+999999999GF100991001001999999001001MD1999999+0031ME1315219MW1051REMSYN064AAXX  05094 67461 41970 01008 10302 20100 48521 70500 333 58003;
0155674610999992000090512004-11100+028840FM-12+1384FLMA V0201201N003110900019N0200001N1+03121+00611999999ADDAY101061AY201061GA1051+090009019GF105991001001999999001071ME1314989MW1051REMSYN070AAXX  05124 67461 41970 51206 10312 20061 48498 70500 80007 333 85480;
0176674610999992000090709004-11100+028840FM-12+1384FLMA V0200901N003112200019N0200001N1+02751+01171999999ADDAY101031AY201031GA1001+999999999GF100991001001999999001001MD1999999-0221ME1315059REMSYN064AAXX  07094 67461 41970 00906 10275 20117 48505 75000 333 59022;EQDQ01+000502PRSWM1
0231674610999992000090806004-11100+028840FM-12+1384FLMA V0201201N001512200019N0100001N1+02221+01251999999ADDAA199000091AY101061AY201061GA1001+999999999GF100991001001999999001001KA1120M+03121KA2120N+01411MD1999999+0021ME1315099MW1051REMSYN076AAXX  08064 67461 31960 01203 10222 20125 48509 70500 333 10312 20141 58002;EQDQ01  00002PRCP99
0163674610999992000090809004-11100+028840FM-12+1384FLMA V0200901N002612200019N0200001N1+02671+01031999999ADDAY101031AY201031GA1001+999999999GF100991001001999999001001MD1999999+0041ME1315139MW1051REMSYN064AAXX  08094 67461 41970 00905 10267 20103 48513 70500 333 58004;
0163674610999992000090812004-11100+028840FM-12+1384FLMA V0201201N002112200019N0200001N1+03141+01001999999ADDAY101061AY201061GA1001+999999999GF100991001001999999001001MD1999999+0071ME1314849MW1051REMSYN064AAXX  08124 67461 41970 01204 10314 20100 48484 70500 333 58007;
0231674610999992000091206004-11100+028840FM-12+1384FLMA V0200901N004612200019N0100001N1+01871+00461999999ADDAA199000091AY101061AY201061GA1001+999999999GF100991001001999999001001KA1120M+03281KA2120N+01381MD1999999+0031ME1315249MW1051REMSYN076AAXX  12064 67461 31960 00909 10187 20046 48524 70500 333 10328 20138 58003;EQDQ01  00002PRCP99
0231674610999992000091306004-11100+028840FM-12+1384FLMA V0200901N003112200019N0200001N1+01931+01131999999ADDAA199000091AY101061AY201061GA1001+999999999GF100991001001999999001001KA1120M+03021KA2120N+01311MD1999999+0101ME1315329MW1051REMSYN076AAXX  13064 67461 31970 00906 10193 20113 48532 70500 333 10302 20131 58010;EQDQ01  00002PRCP99
0231674610999992000091706004-11100+028840FM-12+1384FLMA V0200901N004112200019N0200001N1+02181+00981999999ADDAA199000091AY101061AY201061GA1001+999999999GF100991001001999999001001KA1120M+03051KA2120N+01401MD1999999+0021ME1315299MW1051REMSYN076AAXX  17064 67461 31970 00908 10218 20098 48529 70500 333 10305 20140 58002;EQDQ01  00002PRCP99
0221674610999992000091806004-11100+028840FM-12+1384FLMA V0201001N003112200019N0100001N1+01971+01161999999ADDAA199000091AY101061AY201061GF101991001001999999001011KA1120M+03101KA2120N+01411MD1999999-0061ME1315229MW1051REMSYN082AAXX  18064 67461 31960 11006 10197 20116 48522 70500 80001 333 10310 20141 59006;EQDQ01  00002PRCP99
0175674610999992000092012004-11100+028840FM-12+1384FLMA V0200901N004612200019N0200001N1+02981+01031999999ADDAY101061AY201061GA1011+018009029GF101991011011999999001001MD1999999+0061ME1315989MW1051REMSYN076AAXX  20124 67461 41970 10909 10298 20103 48598 70500 81100 333 58006 81856;
0243674610999992000092206004-11100+028840FM-12+1384FLMA V0201201N004112200019N0200001N1+01801+01021999999ADDAA199000091AY101061AY201061GA1011+090009019GF101991001001999999001011KA1120M+02861KA2120N+01241MD1999999+0091ME1315449MW1051REMSYN088AAXX  22064 67461 31970 11208 10180 20102 48544 70500 80001 333 10286 20124 58009 81080;EQDQ01  00002PRCP99
0231674610999992000092306004-11100+028840FM-12+1384FLMA V0201201N005112200019N0200001N1+01791+00921999999ADDAA199000091AY101061AY201061GA1001+999999999GF100991001001999999001001KA1120M+02891KA2120N+01371MD1999999-0101ME1315349MW1051REMSYN076AAXX  23064 67461 31970 01210 10179 20092 48534 70500 333 10289 20137 59010;EQDQ01  00002PRCP99
0215674610999992000092506004-11100+028840FM-12+1384FLMA V0200201N003612200019N0100001N1+02051+01001999999ADDAA199000091AY101061AY201061GF101991999999999999999999KA1120M+03041KA2120N+01281MD1999999+0001ME1315279MW1051REMSYN076AAXX  25064 67461 31960 10207 10205 20100 48527 70500 333 10304 20128 58000;EQDQ01  00002PRCP99
0243674610999992000092606004-11100+028840FM-12+1384FLMA V0201201N002110420019N0200001N1+02141+01001999999ADDAA199000091AY121061AY221061GA1071+042009079GF107991071001999999031001KA1120M+03081KA2120N+01361MD1999999+0021ME1315309MW1051REMSYN088AAXX  26064 67461 31970 71204 10214 20100 48530 70522 87030 333 10308 20136 58002 87364;EQDQ01  00002PRCP99
0243674610999992000092706004-11100+028840FM-12+1384FLMA V0201201N002612200019N0200001N1+02171+00941999999ADDAA199000091AY101061AY201061GA1011+039009079GF101991011001999999031001KA1120M+03161KA2120N+01561MD1999999-0051ME1315249MW1051REMSYN088AAXX  27064 67461 31970 11205 10217 20094 48524 70500 81030 333 10316 20156 59005 81363;EQDQ01  00002PRCP99
0243674610999992000092806004-11100+028840FM-12+1384FLMA V0200901N003610900019N0200001N1+02111+01101999999ADDAA199000091AY121061AY221061GA1071+090009089GF107991001001999999001081KA1120M+03201KA2120N+01541MD1999999+0111ME1315359MW1051REMSYN088AAXX  28064 67461 31970 70907 10211 20110 48535 70522 80008 333 10320 20154 58011 87280;EQDQ01  00002PRCP99
0231674610999992000100206004-11100+028840FM-12+1384FLMA V0200801N003112200019N0100001N1+02201+00861999999ADDAA199000091AY101061AY201061GA1001+999999999GF100991001001999999001001KA1120M+03301KA2120N+01501MD1999999-0021ME1315259MW1051REMSYN076AAXX  02064 67461 31960 00806 10220 20086 48525 70500 333 10330 20150 59002;EQDQ01  00002PRCP99
0243674610999992000100406004-11100+028840FM-12+1384FLMA V0201201N005112200019N0200001N1+02121+01351999999ADDAA199000091AY101061AY201061GA1011+090009019GF101991001001999999001021KA1120M+03241KA2120N+01661MD1999999+0001ME1315209MW1051REMSYN088AAXX  04064 67461 31970 11210 10212 20135 48520 70500 80002 333 10324 20166 58000 81080;EQDQ01  00002PRCP99
0231674610999992000100506004-11100+028840FM-12+1384FLMA V0201001N002612200019N0200001N1+02341+01391999999ADDAA199000091AY101061AY201061GA1001+999999999GF100991001001999999001001KA1120M+03201KA2120N+01801MD1999999-0051ME1315219MW1051REMSYN076AAXX  05064 67461 31970 01005 10234 20139 48521 70500 333 10320 20180 59005;EQDQ01  00002PRCP99
0175674610999992000100512004-11100+028840FM-12+1384FLMA V0201301N003610240019N0200001N1+03211+00861999999ADDAY101061AY201061GA1051+024009029GF105991051021999999001001MD1999999+0001ME1314919MW1051REMSYN076AAXX  05124 67461 41970 51307 10321 20086 48491 70500 85200 333 58000 85858;
0175674610999992000100612004-11100+028840FM-12+1384FLMA V0201301N002112200019N0200001N1+03241+00611999999ADDAY101061AY201061GA1021+024009029GF102991021021999999001001MD1999999+0011ME1314929MW1051REMSYN076AAXX  06124 67461 41970 21304 10324 20061 48492 70500 82200 333 58001 82858;
0249674610999992000100906004-11100+028840FM-12+1384FLMA V0201301N004110360019N0200001N1+02151+01271999999ADDAA199000091AY121061AY221061GA1061+036009039GF106991061001999999031021KA1120M+03171KA2120N+01651MD1999999+0041ME1315269MW1051REMSYN094AAXX  09064 67461 31970 61308 10215 20127 48526 70522 86032 333 10317 20165 58004 86362 82080;EQDQ01  00002PRCP99
0175674610999992000101012004-11100+028840FM-12+1384FLMA V0201101N004112200019N0200001N1+03211+00851999999ADDAY101061AY201061GA1011+024009029GF101991011011999999001001MD1999999+0031ME1314949MW1051REMSYN076AAXX  10124 67461 41970 11108 10321 20085 48494 70500 81100 333 58003 81858;
0243674610999992000101606004-11100+028840FM-12+1384FLMA V0200901N005112200019N0100001N1+02351+00961999999ADDAA199000091AY111061AY201061GA1011+090009019GF101991001001999999001011KA1120M+03231KA2120N+01551MD1999999+0201ME1315399MW1051REMSYN088AAXX  16064 67461 31960 10910 10235 20096 48539 70510 80001 333 10323 20155 58020 81080;EQDQ01  00002PRCP99
0163674610999992000101809004-11100+028840FM-12+1384FLMA V0200901N004112200019N0100001N1+03001+00861999999ADDAY101031AY201031GA1001+999999999GF100991001001999999001001MD1999999-0141ME1315399MW1051REMSYN064AAXX  18094 67461 41960 00908 10300 20086 48539 70500 333 59014;
0249674610999992000101906004-11100+028840FM-12+1384FLMA V0200901N002119999999N0200001N1+02251+01501999999ADDAA199000091AY101061AY201061GA1031+030009039GF105991031001999999031021KA1120M+03301KA2120N+01721MD1999999-0111ME1315179MW1051REMSYN094AAXX  19064 67461 31970 50904 10225 20150 48517 70500 83032 333 10330 20172 59011 83360 83080;EQDQ01  00002PRCP99
0243674610999992000102006004-11100+028840FM-12+1384FLMA V0202701N001510900019N0100001N1+02101+01631999999ADDAA199000091AY121061AY221061GA1071+090009089GF107991001001999999001081KA1120M+03251KA2120N+01551MD1999999+0091ME1315239MW1051REMSYN088AAXX  20064 67461 31960 72703 10210 20163 48523 70522 80008 333 10325 20155 58009 87280;EQDQ01  00002PRCP99
0231674610999992000102306004-11100+028840FM-12+1384FLMA V0200901N004112200019N0200001N1+02271+01191999999ADDAA199000091AY101061AY201061GA1001+999999999GF100991001001999999001001KA1120M+03161KA2120N+01611MD1999999-0141ME1315269MW1051REMSYN076AAXX  23064 67461 31970 00908 10227 20119 48526 70500 333 10316 20161 59014;EQDQ01  00002PRCP99
0143674610999992000102309004-11100+028840FM-12+1384FLMA V0201101N004112200019N0200001N1+02861+01011999999ADDAY101031AY201031GA1001+999999999GF100991001001999999001001ME1315249MW1051REMSYN058AAXX  23094 67461 41870 01108 10286 20101 48524 70500 333;
0155674610999992000102312004-11100+028840FM-12+1384FLMA V0201001N004110240019N0200001N1+03121+00881999999ADDAY101061AY201061GA1061+024009029GF106991061021999999001001ME1314889MW1051REMSYN070AAXX  23124 67461 41970 61008 10312 20088 48488 70500 86200 333 86858;
0231674610999992000102406004-11100+028840FM-12+1384FLMA V0201201N003112200019N0060001N1+02251+01261999999ADDAA199000091AY101061AY201061GA1001+999999999GF100991001001999999001001KA1120M+03241KA2120N+01651MD1999999-0111ME1315149MW1051REMSYN076AAXX  24064 67461 31956 01206 10225 20126 48514 70500 333 10324 20165 59011;EQDQ01  00002PRCP99
0155674610999992000102509004-11100+028840FM-12+1384FLMA V0201201N000510900019N0100001N1+03001+01441999999ADDAY121031AY221031GA1071+090009089GF107991001001999999001081ME1315169MW1051REMSYN070AAXX  25094 67461 41960 71201 10300 20144 48516 70522 80008 333 87280;
0181674610999992000102606004-11100+028840FM-12+1384FLMA V0209999C00001105001CN0200001N1+01971+01541999999ADDAY121061AY221061GA1031+036009039GF106991031001017501031071MD1999999+0011ME1315039MW1051REMSYN082AAXX  26064 67461 41770 60000 10197 20154 48503 70522 83037 333 58001 83362 86280;
0249674610999992000102806004-11100+028840FM-12+1384FLMA V0200901N003110390019N0060001N1+02201+00981999999ADDAA199000091AY111061AY201061GA1051+039009039GF105991051001999999031011KA1120M+03421KA2120N+01801MD1999999+0081ME1315189MW1051REMSYN094AAXX  28064 67461 31956 50906 10220 20098 48518 70510 85031 333 10342 20180 58008 85363 81080;EQDQ01  00002PRCP99
0208674610999992000103006004-11100+028840FM-12+1384FLMA V0202701N003110042019N0100001N1+01831+01771999999ADDAA124015091AY191061AY261061GF108991061051004501071999KA1120M+03331KA2120N+01721MD1999999+0151ME1315259MW1211REMSYN088AAXX  30064 67461 11460 82706 10183 20177 48525 60154 72196 8657/ 333 10333 20172 58015;
0230674610999992000103106004-11100+028840FM-12+1384FLMA V0201201N001510390019N0200001N1+01951+01781999999ADDAA124000791AY121061AY221061GA1071+039009079GF107991071081999999071999KA1120M+02451KA2120N+01751MD1999999+0021ME1315289MW1211REMSYN094AAXX  31064 67461 11970 71203 10195 20178 48528 69904 72122 8787/ 333 10245 20175 58002 87363;
0181674610999992000103109004-11100+028840FM-12+1384FLMA V0202401N00051045001CN0200001N1+02401+01721999999ADDAY121031AY221031GA1041+009009089GF107991041011012501071001MD1999999-0031ME1315309MW1051REMSYN082AAXX  31094 67461 41670 72401 10240 20172 48530 70522 84170 333 59003 84830 86363;
0216674610999992000103112004-11100+028840FM-12+1384FLMA V0200401N00361039001CN0200001N1+02731+01341094991ADDAY191061AY221061GA1011+014409099GA2041+014409089GA3051+039009039GF107991051021012501071031MD1999999-0171MW1171REMSYN094AAXX  31124 67461 41670 70407 10273 20134 49499 71792 85273 333 59017 81948 84848 85363 81080;
0230674610999992000110106004-11100+028840FM-12+1384FLMA V0201201N001510390019N0100001N1+02031+01831999999ADDAA124016091AY161061AY221061GA1071+039009079GF107991071001999999071999KA1120M+02781KA2120N+01731MD1999999-0091ME1315209MW1051REMSYN094AAXX  01064 67461 11960 71203 10203 20183 48520 60164 70562 8707/ 333 10278 20173 59009 87363;
0305674610999992000110109004-11100+028840SY-MT+1384FLMA V0203601N001510450019N0200001N1+02561+01731999999ADDAY121031AY221031GA1021+012009999GA2071+045009999GF107991031021012501031001MA1101801999999MD1999999-0201ME1315119MW1051REMSYN082AAXX  01094 67461 41670 73603 10256 20173 48511 70522 83230 333 59020 83840 86365;MET052FLMA 010900Z 36003KT 9999 SCT040 BKN150 26/17 Q1018;EQDQ01+000000PRSWM2Q02    003PRSWM1
0203674610999992000110112004-11100+028840FM-12+1384FLMA V0200901N005110120019N0300001N1+02671+01641999999ADDAY191061AY221061GA1011+012009099GA2051+012009089GF107991061021012501001031MD1999999-0201ME1314789MW1171REMSYN088AAXX  01124 67461 41680 70910 10267 20164 48478 71792 86203 333 59020 81940 85840 82080;
0227674610999992000110206004-11100+028840FM-12+1384FLMA V0201501N001010060019N0300001N1+01901+01671999999ADDAA124000191GA1051+006009069GF108991999051008001071999KA1120M+02571KA2120N+01731MD1999999-0071ME1315119REMSYN094AAXX  02064 67461 12580 81502 10190 20167 48511 69924 8857/ 333 10257 20173 59007 85620 88363;EQDQ01+000082SCOTLC
0191674610999992000110306004-11100+028840FM-12+1384FLMA V0209999C000012200019N0300001N1+02231+01771999999ADDGA1011+006009089GF103991011011008001031001KA1120M+02851KA2120N+01871MD1999999-0191ME1314959REMSYN088AAXX  03064 67461 42580 30000 10223 20177 48495 81130 333 10285 20187 59019 81820 83363;
0153674610999992000110309004-11100+028840FM-12+1384FLMA V0203601N001510120019N0300001N1+02731+01591999999ADDGA1051+012009089GF106991051021012501031001MD1999999-0191ME1314909REMSYN076AAXX  03094 67461 42680 63603 10273 20159 48490 85230 333 59019 85840 81364;
0147674610999992000110312004-11100+028840FM-12+1384FLMA V0203601N003110210019N0300001N1+03091+01381999999ADDGA1051+021009029GF105991051021022501001031MD1999999+0201ME1314549REMSYN070AAXX  03124 67461 42880 53606 10309 20138 48454 85203 333 58020 85857;
0236674610999992000110406004-11100+028840FM-12+1384FLMA V0203601N00211045001CN0300001N1+01901+01601999999ADDAA124021191AY161061AY261061GA1011+009009069GF108991011051012501071999KA1120M+03201KA2120N+01601MD1999999+0331ME1315299MW1021REMSYN100AAXX  04064 67461 11680 83604 10190 20160 48529 60214 70266 8157/ 333 10320 20160 58033 81630 88363;
0215674610999992000110606004-11100+028840FM-12+1384FLMA V0201201N001512200019N0300001N1+02201+01681999999ADDAA199000091GA1041+036009079GF104991041001999999031001KA1120M+02951KA2120N+01701MD1999999-0131ME1315089REMSYN082AAXX  06064 67461 32980 41203 10220 20168 48508 84030 333 10295 20170 59013 84362;EQDQ01  00002PRCP99
0236674610999992000110806004-11100+028840FM-12+1384FLMA V0201201N001510045019N0100001N1+01701+01601999999ADDAA124007191AY161061AY221061GA1051+004509069GF108991051051004501071999KA1120M+03001KA2120N+01551MD1999999+0211ME1315149MW1611REMSYN100AAXX  08064 67461 11460 81203 10170 20160 48514 60074 76162 8557/ 333 10300 20155 58021 85615 88363;
0181674610999992000110809004-11100+028840FM-12+1384FLMA V0201201N000510090019N0300001N1+01851+01771999999ADDAY161031AY221031GA1061+009009069GF108991061051012501071999MD1999999+0201ME1315159MW1021REMSYN082AAXX  08094 67461 41680 81201 10185 20177 48515 70262 8657/ 333 58020 86630 88363;
0161674610999992000110812004-11100+028840FM-12+1384FLMA V0201001N00101045001CN0300001N1+02051+01731999999ADDAY161061AY221061GA1031+010509089GF108991031011012501071999ME1314939MW1021REMSYN076AAXX  08124 67461 41680 81002 10205 20173 48493 70262 8317/ 333 83835 88363;
0197674610999992000111112004-11100+028840FM-12+1384FLMA V0200901N001010420019N0500001N1+02581+01691999999ADDGA1011+018009099GA2031+018009089GA3061+042009039GF107991031021017501071011MD1999999+0061ME1314769REMSYN088AAXX  11124 67461 42784 70902 10258 20169 48476 83271 333 58006 81956 83856 86364 81080;
0221674610999992000111806004-11100+028840FM-12+1384FLMA V0203301N002110360019N0300001N1+02041+01761999999ADDAA199000091GA1071+036009039GF107991071001999999031021KA1120M+02751KA2120N+01711MD1999999-0301ME1314889REMSYN088AAXX  18064 67461 32980 73304 10204 20176 48488 87032 333 10275 20171 59030 87362 81080;EQDQ01  00002PRCP99
0225674610999992000112312004-11100+028840FM-12+1384FLMA V0200701N00151045001CN0500001N1+02551+01411999999ADDAY191061AY221061GA1011+018009059GA2031+018009089GA3011+039009039GF107991041021017501061081MD1999999+0201ME1315049MW1171REMSYN094AAXX  23124 67461 41784 70703 10255 20141 48504 71792 84268 333 58020 81556 83856 81363 85280;
0153674610999992000112412004-11100+028840FM-12+1384FLMA V0200201N001010150019N0300001N1+02901+01521999999ADDGA1051+015009089GF105991051021012501001021MD1999999-0221ME1314849REMSYN076AAXX  24124 67461 42680 50202 10290 20152 48484 85202 333 59022 85850 81080;
0208674610999992000112706004-11100+028840FM-12+1384FLMA V0200901N001510060019N0500001N1+02051+01741999999ADDAA124015091GA1051+006009069GF107991051051008001071999KA1120M+02281KA2120N+01701MD1999999+0281ME1315439REMSYN094AAXX  27064 67461 12584 70903 10205 20174 48543 60154 8557/ 333 10228 20170 58028 85620 87363;
0133674610999992000112709004-11100+028840FM-12+1384FLMA V0202401N000510090019N0500001N1+02251+01631999999ADDGA1061+009009089GF107991061011012501001081ME1315439REMSYN070AAXX  27094 67461 42684 72401 10225 20163 48543 86108 333 86830 87280;
0205674610999992000112712004-11100+028840FM-12+1384FLMA V0202401N00151030001CN0500001N1+02251+01711999999ADDAY121061AY221061GA1011+012009099GA2041+012009089GA3061+030009039GF107991051081012501071031ME1315259MW1151REMSYN088AAXX  27124 67461 41684 72403 10225 20171 48525 71522 85873 333 81940 84840 86360 81080;
0153674610999992000112809004-11100+028840FM-12+1384FLMA V0200801N00101045001CN0300001N1+02501+01861999999ADDGA1041+007509089GF107991041021008001021001MD1999999-0141ME1315229REMSYN076AAXX  28094 67461 42580 70802 10250 20186 48522 84220 333 59014 84825 86364;
0208674610999992000112906004-11100+028840FM-12+1384FLMA V0200901N00151045001CN0500001N1+01951+01791999999ADDAA124000791GA1031+009009069GF107991031051012501071999KA1120M+02711KA2120N+01581MD1999999-0051ME1315259REMSYN094AAXX  29064 67461 12684 70903 10195 20179 48525 69904 8357/ 333 10271 20158 59005 83630 87363;
0153674610999992000112909004-11100+028840FM-12+1384FLMA V0200301N000510105019N0300001N1+02591+01721999999ADDGA1061+010509089GF107991061021012501031001MD1999999-0101ME1315439REMSYN076AAXX  29094 67461 42680 70301 10259 20172 48543 86230 333 59010 86835 83363;
0203674610999992000112912004-11100+028840FM-12+1384FLMA V0200401N00211012001CN0500001N1+02551+01721999999ADDAY191061AY221061GA1021+012009099GA2021+030009039GF106991051091012501061031MD1999999+0051ME1315029MW1171REMSYN088AAXX  29124 67461 41684 60404 10255 20172 48502 71792 85963 333 58005 82940 82360 81080;
0208674610999992000113006004-11100+028840FM-12+1384FLMA V0209999C000010420019N0300001N1+02241+01901999999ADDAA124007191GA1061+042009039GF106991061001999999031021KA1120M+02601KA2120N+01761MD1999999+0001ME1315259REMSYN094AAXX  30064 67461 12980 60000 10224 20190 48525 60074 86032 333 10260 20176 58000 86364 81080;
0219674610999992000113009004-11100+028840FM-12+1384FLMA V0203601N000510090019N0300001N1+02201+01981999999ADDAY191031AY291031GA1011+009009099GA2061+009009089GA3041+042009039GF107991999999012501999999MD1999999+0051ME1315259MW1951REMSYN088AAXX  30094 67461 41680 73601 10220 20198 48525 79599 333 58005 81930 86830 84364 81080;
0225674610999992000113012004-11100+028840FM-12+1384FLMA V0202701N002110420019N0300001N1+02401+01971999999ADDAY191061AY291061GA1011+012009099GA2041+012009089GA3041+042009039GF106991041021012501031021MD1999999-0041ME1314969MW1171REMSYN094AAXX  30124 67461 41680 62704 10240 20197 48496 71799 84232 333 59004 81940 84840 84364 82080;
0208674610999992000120106004-11100+028840FM-12+1384FLMA V0201801N001510045019N0500001N1+02101+01871999999ADDAA124008991GA1051+004509069GF107991051051004501071999KA1120M+02611KA2120N+01701MD1999999+0071ME1315329REMSYN094AAXX  01064 67461 12484 71803 10210 20187 48532 60094 8557/ 333 10261 20170 58007 85615 87363;
0203674610999992000120112004-11100+028840FM-12+1384FLMA V0201201N002110120019N0500001N1+02451+01931999999ADDAY151061AY281061GA1011+012009099GA2041+012009089GF107991051021012501001081MD1999999+0181ME1315159MW1171REMSYN088AAXX  01124 67461 41684 71204 10245 20193 48515 71758 85208 333 58018 81940 84840 85280;
0271674610999992000120306004-11100+028840FM-12+1384FLMA V0209999C000010450019N0500001N1+01841+01531999999ADDAA199000091AY121061AY251061GA1031+006009069GA2011+999999099GF107991031051008001071999KA1120M+02581KA2120N+01781MD1999999-0021ME1315259MW1171REMSYN100AAXX  03064 67461 31584 70000 10184 20153 48525 71725 8357/ 333 10258 20178 59002 819// 83620 87363;EQDQ01  00002PRCP99
0208674610999992000120406004-11100+028840FM-12+1384FLMA V0209999C000010036019N0300001N1+02041+01901999999ADDAA124005191GA1061+003609069GF107991051031004501031001KA1120M+02581KA2120N+01611MD1999999+0091ME1315169REMSYN094AAXX  04064 67461 12480 70000 10204 20190 48516 60054 85330 333 10258 20161 58009 86612 86362;
0205674610999992000120412004-11100+028840FM-12+1384FLMA V0200601N002610090019N0300001N1+02401+01911999999ADDAY121061AY221061GA1011+009009099GA2051+009009089GA3021+042009039GF106991051021012501031021ME1314899MW1151REMSYN088AAXX  04124 67461 41680 60605 10240 20191 48489 71522 85232 333 81930 85830 82364 81080;
0236674610999992000120506004-11100+028840FM-12+1384FLMA V0202401N00151045001CN0060001N1+01701+01701999999ADDAA124072991AY191061AY261061GA1031+003009069GF108991031051004501071999KA1120M+02591KA2120N+01641MD1999999+0141ME1315289MW1631REMSYN100AAXX  05064 67461 11456 82403 10170 20170 48528 60734 76396 8357/ 333 10259 20164 58014 83610 88460;
0181674610999992000120512004-11100+028840FM-12+1384FLMA V0203301N00101045001CN0500001N1+02101+01711999999ADDAY161061AY221061GA1031+009009089GF107991031021012501071999MD1999999+0151ME1315029MW1011REMSYN082AAXX  05124 67461 41684 73302 10210 20171 48502 70162 8327/ 333 58015 83830 87363;
0208674610999992000120606004-11100+028840FM-12+1384FLMA V0209999C000010030019N0300001N1+01981+01801999999ADDAA124010991GA1061+003009069GF108991061061004501071999KA1120M+02451KA2120N+01641MD1999999-0061ME1315269REMSYN094AAXX  06064 67461 12480 80000 10198 20180 48526 60114 8667/ 333 10245 20164 59006 86610 88461;
0208674610999992000120706004-11100+028840FM-12+1384FLMA V0200901N00151045001CN0500001N1+02051+01901999999ADDAA124001091GA1031+006009069GF107991031051008001071999KA1120M+02551KA2120N+01781MD1999999+0051ME1315319REMSYN094AAXX  07064 67461 12584 70903 10205 20190 48531 60014 8357/ 333 10255 20178 58005 83620 87362;
0216674610999992000120712004-11100+028840FM-12+1384FLMA V0200201N003112200019N0006001N1+99999+99999999999ADDGA1011+009009099GA2031+009009089GA3051+036009039GF199999011091022501031021MD1999999-0011ME1314929REMSYN088AAXX  07124 67461 //806 10206 20191 48492 72999 81932 333 59001 81930 83830 85362 81080;EQDQ01+000012SCOTCV
0208674610999992000120806004-11100+028840FM-12+1384FLMA V0200901N001010045019N0500001N1+02001+01851999999ADDAA124013091GA1051+004509069GF108991051051004501071999KA1120M+02521KA2120N+01721MD1999999+0011ME1315319REMSYN094AAXX  08064 67461 12484 80902 10200 20185 48531 60134 8557/ 333 10252 20172 58001 85615 87363;
0153674610999992000120809004-11100+028840FM-12+1384FLMA V0209999C00001045001CN0500001N1+02301+01771999999ADDGA1041+012009089GF107991041021012501071999MD1999999+0121ME1315289REMSYN076AAXX  08094 67461 42684 70000 10230 20177 48528 8427/ 333 58012 84840 87363;
0242674610999992000120915004-11100+028840FM-12+1384FLMA V0203301N00101039001CN0100001N1+01551+01501999999ADDAY191031AY221031GA1031+012009089GA2071+039009039GA3011+999999099GF107991031021022501071999KA1999M+02771MD1999999-0071ME1314929MW1951REMSYN098AAXX  09154 67461 41860 73302 10155 20150 48492 79592 8327/ 333 59007 819// 83840 87363 555 10277;
0271674610999992000121106004-11100+028840FM-12+1384FLMA V0203301N00211004501CN0500001N1+02101+01791999999ADDAA199000091AY191061AY221061GA1061+004509069GA2011+999999099GF107991061051004501071999KA1120M+02851KA2120N+01751MD1999999-0061ME1315269MW1291REMSYN100AAXX  11064 67461 31484 73304 10210 20179 48526 72992 8657/ 333 10285 20175 59006 819// 86615 87363;EQDQ01  00002PRCP99
0183674610999992000121109004-11100+028840FM-12+1384FLMA V0209999C000010450019N0500001N1+02001+01761999999ADDAY191031AY261031GA1031+009009089GA2011+999999099GF107991031021012501071999ME1315119MW1171REMSYN082AAXX  11094 67461 41684 70000 10200 20176 48511 71796 8327/ 333 819// 83830 87363;
0183674610999992000121112004-11100+028840FM-12+1384FLMA V0200101N00051045001CN0500001N1+02251+01881999999ADDAY191061AY261061GA1011+012009099GA2031+012009089GF107991041021012501071999ME1314989MW1171REMSYN082AAXX  11124 67461 41684 70101 10225 20188 48498 71796 8427/ 333 81940 83840 87363;
0230674610999992000121206004-11100+028840FM-12+1384FLMA V0202701N003110420019N0500001N1+02201+01821999999ADDAA124023191GA1021+004509069GA2061+042009039GF107991021051004501071999KA1120M+02401KA2120N+01561MD1999999-0051ME1315239REMSYN100AAXX  12064 67461 12484 72706 10220 20182 48523 60234 8257/ 333 10240 20156 59005 82615 86364 83080;
0153674610999992000121209004-11100+028840FM-12+1384FLMA V0202201N002110105019N0500001N1+02541+01881999999ADDGA1051+010509089GF107991051011012501001011MD1999999-0011ME1315179REMSYN076AAXX  12094 67461 42684 72204 10254 20188 48517 85101 333 59001 85835 84080;
0203674610999992000121212004-11100+028840FM-12+1384FLMA V0203301N002110120019N0500001N1+02751+01771999999ADDAY121061AY221061GA1011+012009099GA2041+012009089GF106991051021012501001011MD1999999-0091ME1314929MW1171REMSYN088AAXX  12124 67461 41684 63304 10275 20177 48492 71722 85201 333 59009 81940 84840 82080;
0243674610999992000121306004-11100+028840FM-12+1384FLMA V0200201N002110054019N0300001N1+02101+01951999999ADDAA199000091GA1051+005409069GA2041+042009039GF107991051051004501031021KA1120M+02851KA2120N+01281MD1999999-0251ME1314979REMSYN094AAXX  13064 67461 32480 70204 10210 20195 48497 85532 333 10285 20128 59025 85618 84364 82080;EQDQ01  00002PRCP99
0153674610999992000121309004-11100+028840FM-12+1384FLMA V0203401N003110090019N0300001N1+02581+01881999999ADDGA1061+009009069GF106991061021012501001021MD1999999-0211ME1314979REMSYN076AAXX  13094 67461 42680 63406 10258 20188 48497 86202 333 59021 86630 81080;
0236674610999992000121406004-11100+028840FM-12+1384FLMA V0200801N003110012019N0030001N1+01771+01771999999ADDAA124058991AY161061AY261061GA1071+001209079GF108991071071001501071999KA1120M+02801KA2120N+01751MD1999999+0131ME1315079MW1601REMSYN100AAXX  14064 67461 11230 80806 10177 20177 48507 60594 76066 8777/ 333 10280 20175 58013 87704 88460;
0203674610999992000121412004-11100+028840FM-12+1384FLMA V0200201N002610054019N0300001N1+02121+01761999999ADDAY191061AY221061GA1061+005409069GA2011+012009099GF107991061051004501071999MD1999999+0101ME1314839MW1151REMSYN088AAXX  14124 67461 41480 70205 10212 20176 48483 71592 8657/ 333 58010 86618 81940 87362;
0230674610999992000121506004-11100+028840FM-12+1384FLMA V0200901N004110048019N0500001N1+02001+01761999999ADDAA124015091GA1051+004809069GA2061+042009039GF107991051051004501071011KA1120M+02321KA2120N+01581MD1999999+0091ME1315189REMSYN100AAXX  15064 67461 12484 70908 10200 20176 48518 60154 85571 333 10232 20158 58009 85616 86364 81080;
0153674610999992000121509004-11100+028840FM-12+1384FLMA V0201201N002610090019N0500001N1+02501+01741999999ADDGA1061+009009059GF107991061011012501001011MD1999999+0281ME1315159REMSYN076AAXX  15094 67461 42684 71205 10250 20174 48515 86101 333 58028 86530 81080;
0225674610999992000121512004-11100+028840FM-12+1384FLMA V0201201N001510120019N0100001N1+02351+01981999999ADDAY191061AY221061GA1011+012009099GA2051+012009089GA3011+039009039GF107991061021012501031031MD1999999+0051ME1314889MW1951REMSYN094AAXX  15124 67461 41660 71203 10235 20198 48488 79592 86233 333 58005 81940 85840 81363 81080;
0223674610999992000121606004-11100+028840FM-12+1384FLMA V0200801N001010054019N0500001N1+01971+99999999999ADDAA124015091GA1061+005409069GF107991061051004501071999KA1120M+02681KA2120N+01721MA1999999101871MD1999999+0011ME1315199REMSYN094AAXX  16064 67461 12484 70802 10197 30187 48519 60154 8657/ 333 10268 20172 58001 86618 87617;
0203674610999992000121612004-11100+028840FM-12+1384FLMA V0200701N001010120019N0500001N1+02621+01901999999ADDAY191061AY291061GA1011+012009099GA2061+012009089GF106991061021004501001021MD1999999-0051ME1314869MW1171REMSYN088AAXX  16124 67461 41484 60702 10262 20190 48486 71799 86202 333 59005 81940 86840 81080;
0202674610999992000121706004-11100+028840FM-12+1384FLMA V0200901N004110048019N0400001N1+02151+01851999999ADDAA124020191GA1051+004809059GF105991051051004501001001KA1120M+02701KA2120N+01751MD1999999+0031ME1315229REMSYN088AAXX  17064 67461 12482 50908 10215 20185 48522 60204 85500 333 10270 20175 58003 85616;
0203674610999992000121712004-11100+028840FM-12+1384FLMA V0201201N003110120019N0500001N1+02701+01801999999ADDAY121061AY221061GA1011+012009099GA2051+012009089GF107991061021012501001011MD1999999+0111ME1314979MW1151REMSYN088AAXX  17124 67461 41684 71206 10270 20180 48497 71522 86201 333 58011 81940 85840 83080;
0225674610999992000121715004-11100+028840FM-12+1384FLMA V0203601N001010390019N0500001N1+02201+01901999999ADDAY191031AY221031GA1011+018009099GA2031+018009089GA3071+039009039GF107991031021017501071999MD1999999+0111ME1314949MW1291REMSYN094AAXX  17154 67461 41784 73602 10220 20190 48494 72992 8327/ 333 58011 81956 83856 87363 81080;
0230674610999992000121806004-11100+028840FM-12+1384FLMA V0201001N00311105001CN0500001N1+02201+01951999999ADDAA124006191GA1031+004809089GA2011+012009099GF105991031011004501001021KA1120M+02701KA2120N+01651MD1999999-0101ME1315149REMSYN100AAXX  18064 67461 12484 51006 10220 20195 48514 60064 83102 333 10270 20165 59010 83816 81940 84080;
0221674610999992000121906004-11100+028840FM-12+1384FLMA V0200901N002112200019N0400001N1+02271+01921999999ADDAA199000091GA1011+004509089GF104991011011004501001021KA1120M+02951KA2120N+01661MD1999999-0031ME1315119REMSYN088AAXX  19064 67461 32482 40904 10227 20192 48511 81102 333 10295 20166 59003 81815 84080;EQDQ01  00002PRCP99
0153674610999992000121909004-11100+028840FM-12+1384FLMA V0200701N002610150019N0500001N1+02801+01821999999ADDGA1061+015009089GF106991061021017501001021MD1999999-0081ME1315079REMSYN076AAXX  19094 67461 42784 60705 10280 20182 48507 86202 333 59008 86850 81080;
0203674610999992000121912004-11100+028840FM-12+1384FLMA V0200901N002610150019N0500001N1+02851+01811999999ADDAY121061AY221061GA1011+015009099GA2061+015009089GF106991061021017501001021MD1999999-0061ME1314869MW1151REMSYN088AAXX  19124 67461 41784 60905 10285 20181 48486 71522 86202 333 59006 81950 86850 81080;
0236674610999992000122006004-11100+028840FM-12+1384FLMA V0203301N00101045001CN0500001N1+01951+01841999999ADDAA124005191AY191061AY221061GA1021+006009089GF107991021011008001071999KA1120M+02961KA2120N+01701MD1999999+0081ME1315179MW1291REMSYN100AAXX  20064 67461 11584 73302 10195 20184 48517 60054 72992 8217/ 333 10296 20170 58008 82820 87363;
0153674610999992000122012004-11100+028840FM-12+1384FLMA V0203601N000510150019N0500001N1+02701+01861999999ADDGA1051+015009089GF107991051021017501001081MD1999999+0071ME1314929REMSYN076AAXX  20124 67461 42784 73601 10270 20186 48492 85208 333 58007 85850 87280;
0230674610999992000122106004-11100+028840FM-12+1384FLMA V0209999C000010330019N0500001N1+02251+01871999999ADDAA124002091GA1011+012009089GA2051+033009039GF107991011021012501071011KA1120M+02851KA2120N+01701MD1999999+0011ME1315199REMSYN100AAXX  21064 67461 12684 70000 10225 20187 48519 60024 81271 333 10285 20170 58001 81840 85361 84080;
0208674610999992000122206004-11100+028840FM-12+1384FLMA V0201701N003110036019N0500001N1+02051+01871999999ADDAA124006191GA1051+003609069GF107991051051004501071999KA1120M+02651KA2120N+01941MD1999999-0011ME1315169REMSYN094AAXX  22064 67461 12484 71706 10205 20187 48516 60064 8557/ 333 10265 20194 59001 85612 87462;
0208674610999992000122306004-11100+028840FM-12+1384FLMA V0202701N00051045001CN0500001N1+01981+01771999999ADDAA124002091GA1041+006009069GF107991041051008001071999KA1120M+02651KA2120N+01721MD1999999+0061ME1315219REMSYN094AAXX  23064 67461 12584 72701 10198 20177 48521 60024 8457/ 333 10265 20172 58006 84620 87363;
0215674610999992000122606004-11100+028840FM-12+1384FLMA V0200401N003110420019N0300001N1+02161+01861999999ADDAA199000091GA1061+042009079GF106991061001999999031001KA1120M+02771KA2120N+01701MD1999999-0201ME1315129REMSYN082AAXX  26064 67461 32980 60406 10216 20186 48512 86030 333 10277 20170 59020 86364;EQDQ01  00002PRCP99
0236674610999992000122706004-11100+028840FM-12+1384FLMA V0202701N001510045019N0080001N1+01851+01821999999ADDAA124047091AY191061AY261061GA1051+004509069GF108991051051004501071999KA1120M+02911KA2120N+01731MD1999999+0181ME1315279MW1611REMSYN100AAXX  27064 67461 11458 82703 10185 20182 48527 60474 76196 8557/ 333 10291 20173 58018 85615 88460;
0202674610999992000122806004-11100+028840FM-12+1384FLMA V0200801N001010360019N0500001N1+01881+01781999999ADDAA124007191GA1071+036009079GF107991071001999999031001KA1120M+02501KA2120N+01661MD1999999-0071ME1315219REMSYN088AAXX  28064 67461 12984 70802 10188 20178 48521 60074 87030 333 10250 20166 59007 87362;
0225674610999992000122812004-11100+028840FM-12+1384FLMA V0202701N002110120019N0500001N1+02601+01791999999ADDAY121061AY221061GA1011+012009099GA2061+012009089GA3041+036009039GF106991061021012501031021MD1999999-0031ME1315039MW1151REMSYN094AAXX  28124 67461 41684 62704 10260 20179 48503 71522 86232 333 59003 81940 86840 84362 81080;
0230674610999992000122906004-11100+028840FM-12+1384FLMA V0202401N002610090019N0500001N1+01901+01821999999ADDAA124007991AY161061AY221061GA1061+009009059GF108991061051008001071999KA1120M+02801KA2120N+01701MD1999999+0091ME1315299MW1211REMSYN094AAXX  29064 67461 11584 82405 10190 20182 48529 60084 72162 8657/ 333 10280 20170 58009 86630;
0153674610999992000122909004-11100+028840FM-12+1384FLMA V0202701N00101045001CN0500001N1+02301+01931999999ADDGA1041+009009089GF107991041011012501071999MD1999999+0041ME1315239REMSYN076AAXX  29094 67461 42684 72702 10230 20193 48523 8417/ 333 58004 84830 87363;
0153674610999992000122912004-11100+028840FM-12+1384FLMA V0202801N002110105019N0500001N1+02451+01931999999ADDGA1051+010509089GF107991051011012501001071MD1999999-0041ME1314979REMSYN076AAXX  29124 67461 42684 72804 10245 20193 48497 85107 333 59004 85835 87280;
0208674610999992000123106004-11100+028840FM-12+1384FLMA V0209999C000010090019N0500001N1+01981+01801999999ADDAA124005191GA1051+009009069GF107991051051012501071999KA1120M+02321KA2120N+01701MD1999999+0221ME1315169REMSYN094AAXX  31064 67461 12684 70000 10198 20180 48516 60054 8557/ 333 10232 20170 58022 85630 87363;
