0227674850999992000010106004-11880+033620FM-12+1351FWMZ V0209999C000012200019N0300001N1+02101+01741999999ADDAA124000391GA1011+006009029GF101991011011008001031001KA1120N+01621MA1999999087201MD1999999+0101ME1315059OA150600501REMSYN100AAXX  01061 67485 12580 10000 10210 20174 38720 48505 59934 81130 333 20162 55051 58010 70003 81820;
0283674850999992000010506004-11880+033620FM-12+1351FWMZ V0209999C000010450019N0200001N1+01961+01721999999ADDAA124005191AY191061AY261061GA1031+006009069GA2011+999999099GF107991031051008001071999KA1120N+01751MA1999999086591MD1999999+0111ME1315099MW1911OA150600001REMSYN118AAXX  05061 67485 11570 70000 10196 20172 38659 48509 60054 79196 8357/ 333 20175 55007 58011 70047 83620 819// 87459;
0254674850999992000010512004-11880+033620FM-12+1351FWMZ V0200401N00601045001CN0300001N1+02501+01791999999ADDAA106000021AY191061AY261061GA1011+006009099GA2041+007509089GF107991041091008001071011MA1999999096422MD1999999+0141ME1314969MW1171REMSYN094AAXX  05121 67485 31580 70406 10250 20179 39642 48496 71796 84971 333 58014 81920 84825 87359;EQDQ01+096423APOSP 
0233674850999992000010606004-11880+033620FM-12+1351FWMZ V0209999C00001045001CN0300001N1+02201+01841999999ADDAA124003091GA1021+007509069GF107991021051008001031081KA1120N+01701MA1999999086571MD1999999-0021ME1315069OA150600301REMSYN106AAXX  06061 67485 12580 70000 10220 20184 38657 48506 60034 82538 333 20170 55036 59002 70027 82625 87275;
0224674850999992000010612004-11880+033620FM-12+1351FWMZ V0203501N001010075019N0300001N1+02011+01931999999ADDAY191061AY261061GA1011+006009099GA2041+007509069GF107991051091008001071999MA1999999086461MD1999999+0041ME1314979MW1171REMSYN094AAXX  06121 67485 41580 73501 10201 20193 38646 48497 71796 8597/ 333 58004 81920 84625 87458;
0233674850999992000010707004-11880+033620FM-12+1351FWMZ V0209999C99999045001CN0600001N1+02161+01781999999ADDAA124010991GA1011+007509089GF107991011011008001031081MA1999999086511MD1999999-0061ME1315019OA159999999REMSYN100AAXX  07071 67485 12586 77000 10216 20178 38651 48501 60114 81138 333 55041 59006 70112 81825 87275;EQDQ01  00402WGOSPD
0235674850999992000010712004-11880+033620FM-12+1351FWMZ V0200401N004010060019N0150001N1+02001+01871999999ADDAA106000021AY191061AY261061GA1011+006009099GA2051+006009069GF107991051091008001091071MA1999999086311MD1999999-0151ME1314809MW1951REMSYN094AAXX  07121 67485 31565 70404 10200 20187 38631 48480 79596 85997 333 59015 81920 85620 87459;
0254674850999992000010812004-11880+033620FM-12+1351FWMZ V0200701N008010075019N0250001N1+02051+01521999999ADDAA106000091AY191061AY221061GA1011+006009099GA2051+007509089GF107991051091008001071999MA1999999086181MD1999999-0131ME1314679MW1171REMSYN094AAXX  08121 67485 31575 70708 10205 20152 38618 48467 71792 8597/ 333 59013 81920 85825 87459;EQDQ01  00002PRCP06
0262674850999992000010906004-11880+033620FM-12+1351FWMZ V0209999C00001045001CN0600001N1+02061+01761999999ADDAA106000091GA1011+007509089GA2031+030009039GF107991011021008001081081KA1120N+01701MA1999999086491MD1999999+0081ME1314989OA150600701REMSYN100AAXX  09061 67485 32586 70000 10206 20176 38649 48498 81288 333 20170 55079 58008 81825 83360 87275;EQDQ01  00002PRCP06
0278674850999992000011006004-11880+033620FM-12+1351FWMZ V0203001N00301004501CN0250001N1+01761+01681999999ADDAA124009991AY161061AY261061GA1061+004509069GA2011+024009079GF108991061071004501071999KA1120N+01771MA1999999086601MD1999999+0111ME1315079MW1611REMSYN124AAXX  10061 67485 11475 83003 10176 20168 38660 48507 60104 76166 8677/ 333 20177 55/// 55055 58011 70104 81758 86615 88458;
0202674850999992000011012004-11880+033620FM-12+1351FWMZ V0200301N004010090019N0300001N1+02301+01791999999ADDAY161061AY221061GA1061+009009069GF107991061051012501031021MA1999999086241MD1999999-0021ME1314719MW1031REMSYN088AAXX  10121 67485 41680 70304 10230 20179 38624 48471 70362 86532 333 59002 86630 83080;
0233674850999992000011106004-11880+033620FM-12+1351FWMZ V0200201N00201045001CN0500001N1+01851+01701999999ADDAA124017091GA1011+006009089GF107991011011008001031999KA1120N+01681MA1999999086581MD1999999-0021ME1315069OA150600301REMSYN106AAXX  11061 67485 12584 70202 10185 20170 38658 48506 60174 8113/ 333 20168 55031 59002 70166 81820 87360;
0204674850999992000011112004-11880+033620FM-12+1351FWMZ V0203101N004010105019N0600001N1+02561+01581999999ADDAA106000091GA1061+010509089GF107991061021012501031011MA1999999086211MD1999999-0041ME1314699REMSYN082AAXX  11121 67485 32686 73104 10256 20158 38621 48469 86231 333 59004 86835 83360;EQDQ01  00002PRCP06
0240674850999992000011206004-11880+033620FM-12+1351FWMZ V0209999C00001045001CN0300001N1+01901+01751999999ADDAA106000091GA1011+006009069GF107991011051008001071999KA1120N+01781MA1999999086471MD1999999-0111ME1315959OA150600701REMSYN094AAXX  12061 67485 32580 70000 10190 20175 38647 48595 8157/ 333 20178 55071 59011 81620 87459;EQDQ01  00002PRCP06
0233674850999992000011306004-11880+033620FM-12+1351FWMZ V0209999C000012200019N0500001N1+02161+01781999999ADDAA124000391GA1011+007509089GF104991011011008001031041KA1120N+01631MA1999999086501MD1999999+0031ME1315009OA150600001REMSYN106AAXX  13061 67485 12584 40000 10216 20178 38650 48500 69934 81134 333 20163 55000 58003 70003 81825 84080;
0226674850999992000011312004-11880+033620FM-12+1351FWMZ V0202601N00301045001CN0600001N1+02551+01771999999ADDAA106000091GA1011+009009099GA2031+010509089GF107991031031012501071999MA1999999086171MD1999999-0081ME1314669REMSYN088AAXX  13121 67485 32686 72603 10255 20177 38617 48466 8337/ 333 59008 81930 83835 86460;EQDQ01  00002PRCP06
0265674850999992000011406004-11880+033620FM-12+135199999V0203301N00401004501MN0250001N1+01801+01731999999ADDAA124015091AY191061AY261061GA1061+004509069GF108991031051004501071999KA1120N+01741MA1999999086671MD1999999+0171ME1315149MW1151OA150600601REMSYN116    AAXX  14061 67485 11475 83304 10180 20173 38667 48514 60154 71596 8357/ 333 20174 55061 58017 70151 86615 88458;
0183674850999992000011412004-11880+033620FM-12+135199999V0203401N00401007501MN0300001N1+02041+01641999999ADDAY161061AY221061GF107991051051008001071999KA1240M+02101MA1999999086461ME1314969MW1031REMSYN086    AAXX  14121 67485 41580 73404 10204 20164 38646 48496 70362 8557/ 555 10210 29078;
0282674850999992000011506004-11880+033620FM-12+135199999V0209999C00001027001MN0300001N1+01911+01701999999ADDAA124000591GA1011+006009069GA2071+027009049GF107991011051008001071999KA1240M+02151KA2120N+01701MA1999999086731MD1999999+0061ME1315309OA150600001REMSYN126    AAXX  15061 67485 12580 70000 10191 20170 38673 48530 69944 8157/ 333 20170 55000 58006 70004 81620 87459 555 10215 7//62;
0287674850999992000011706004-11880+033620FM-12+135199999V0201501N00201004501MN0150001N1+01661+01601999999ADDAA124027991AY161061AY261061GA1031+002709079GA2051+004509069GF108991031071002501071999KA1120N+01601MA1999999086681MD1999999+0001ME1315179MW1611OA150600701REMSYN122    AAXX  17061 67485 11365 81502 10166 20160 38668 48517 60284 76166 8377/ 333 20160 55071 58000 70280 83709 85615 88458;
0204674850999992000012012004-11880+033620FM-12+1351FWMZ V0200901N00201012001CN0300001N1+02631+01651999999ADDAA199000091GA1011+009009099GF106991061021012501031999MA1999999086801MD1999999+0051ME1315279REMSYN082AAXX  20121 67485 32680 60902 10263 20165 38680 48527 8623/ 333 58005 81930 85835;EQDQ01  00002PRCP99
0233674850999992000012106004-11880+033620FM-12+1351FWMZ V0201801N00201045001CN0600001N1+01911+01701999999ADDAA124004191GA1011+007509089GF107991011011008001031999KA1120N+01601MA1999999086981MD1999999+0081ME1315459OA150600701REMSYN106AAXX  21061 67485 12586 71802 10191 20170 38698 48545 60044 8113/ 333 20160 55071 58008 70043 81825 87360;
0232674850999992000012112004-11880+033620FM-12+1351FWMZ V0200501N00301012001CN0200001N1+02691+01681999999ADDAA199000091AY121061AY221061GA1011+009009099GF106991061021012501031021MA1999999086641MD1999999-0091ME1315139MW1151REMSYN088AAXX  21121 67485 31670 60503 10269 20168 38664 48513 71522 86232 333 59009 81930 85835;EQDQ01  00002PRCP99
0290674850999992000012306004-11880+033620FM-12+1351FWMZ V0201601N002012200019N0300001N1+01971+01721999999ADDAA199000091AY191061AY211061GA1021+006009089GA2011+999999099GF104991021021008001031031KA1120N+01721MA1999999086651MD1999999-0091ME1315159MW1011OA150600901REMSYN106AAXX  23061 67485 31580 41602 10197 20172 38665 48515 70191 82233 333 20172 55090 59009 82820 819// 84075;EQDQ01  00002PRCP99
0226674850999992000012509004-11880+033620FM-12+1351FWMZ V0200101N002012200019N0750001N1+02541+01671999999ADDAA199000091GA1031+009009089GA2011+999999099GF104991031021012501031021MA1999999086741MD1999999+0031ME1315529REMSYN088AAXX  25091 67485 32689 40102 10254 20167 38674 48552 83232 333 58003 83830 819// 83080;EQDQ01  00002PRCP99
0226674850999992000012512004-11880+033620FM-12+1351FWMZ V0201401N002010105019N0600001N1+02811+01211999999ADDAA199000091AY191061AY211061GA1051+010509029GF106991051021012501031001MA1999999086611MD1999999+0051ME1315119MW1031REMSYN082AAXX  25121 67485 31686 61402 10281 20121 38661 48511 70391 85230 333 58005 85835;EQDQ01  00002PRCP99
0240674850999992000012606004-11880+033620FM-12+1351FWMZ V0209999C00001105001CN0600001N1+02211+01751999999ADDAA199000091GA1011+007509089GF106991011011008001001081KA1120N+01761MA1999999086841MD1999999-0121ME1315339OA150600901REMSYN094AAXX  26061 67485 32586 60000 10221 20175 38684 48533 81108 333 20176 55090 59012 81825 86280;EQDQ01  00002PRCP99
0233674850999992000013106004-11880+033620FM-12+1351FWMZ V0209999C00001045001CN0600001N1+01911+01801999999ADDAA124000391GA1011+006009069GF107991011051008001031999KA1120N+01721MA1999999086791MD1999999+0001ME1315279OA150600401REMSYN106AAXX  31061 67485 12586 70000 10191 20180 38679 48527 69934 8153/ 333 20172 55042 58000 70003 81620 87359;
0224674850999992000013112004-11880+033620FM-12+1351FWMZ V0209999C000010300019N0750001N1+02101+01871999999ADDAY191061AY261061GA1031+010509089GA2041+030009039GF107991021021008001031081MA1999999086531MD1999999-0071ME1315049MW1031REMSYN094AAXX  31121 67485 41589 70000 10210 20187 38653 48504 70396 82238 333 59007 83835 84360 87280;
0277674850999992000020106004-11880+033620FM-12+1351FWMZ V0209999C000010450019N0300001N1+01761+01741999999ADDAA124034091AY191061AY261061GA1021+006009069GA2011+999999099GF107991021051008001071999KA1120N+01651MA1999999086791MD1999999+0001ME1315299MW1211OA150600001REMSYN112AAXX  01061 67485 11580 70000 10176 20174 38679 48529 72196 8257/ 333 20165 55002 58000 70340 82620 819// 87459;
0202674850999992000020212004-11880+033620FM-12+1351FWMZ V0203401N00301045001CN0750001N1+02141+01931999999ADDAY121061AY221061GA1031+007509069GF107991031051008001071999MA1999999086601MD1999999-0031ME1315119MW1031REMSYN088AAXX  02121 67485 41589 73403 10214 20193 38660 48511 70322 8357/ 333 59003 83625 87459;
0227674850999992000020306004-11880+033620FM-12+1351FWMZ V0209999C00001045001CN0300001N1+01951+01811999999ADDAA124999092GA1011+006009089GF107991011011008001031999KA1120N+01741MA1999999086821MD1999999+0061ME1315299OA150600101REMSYN100AAXX  03061 67485 12580 70000 10195 20181 38682 48529 8113/ 333 20174 55014 58006 79990 81820 87360;
0226674850999992000020309004-11880+033620FM-12+1351FWMZ V0203501N003010075019N0750001N1+02261+01881999999ADDAA199000091GA1021+007509089GA2011+999999099GF107991051021008001031021MA1999999086821MD1999999-0041ME1315339REMSYN088AAXX  03091 67485 32589 73503 10226 20188 38682 48533 85232 333 59004 82825 819// 85360;EQDQ01  00002PRCP99
0254674850999992000020312004-11880+033620FM-12+1351FWMZ V0203301N004010075019N0200001N1+02411+01921999999ADDAA199000091AY121061AY221061GA1011+006009099GA2041+007509089GF107991051091008001071999MA1999999086571MD1999999-0031ME1315099MW1151REMSYN094AAXX  03121 67485 31570 73304 10241 20192 38657 48509 71522 8597/ 333 59003 81920 84825 87459;EQDQ01  00002PRCP99
0278674850999992000020406004-11880+033620FM-12+1351FWMZ V0200701N001010270019N0400001N1+01911+01781999999ADDAA124000391GA1031+007509069GA2071+027009049GF107991031051008001071999KA1240M+02611KA2120N+01701MA1999999086781MD1999999-0041ME1315289OA150600501REMSYN122AAXX  04061 67485 12582 70701 10191 20178 38678 48528 69934 8357/ 333 20170 55059 59004 70003 83625 87459 555 10261 7//62;
0232674850999992000020412004-11880+033620FM-12+1351FWMZ V0200201N002010090019N0200001N1+02501+01851999999ADDAA199000091AY121061AY221061GA1061+009009089GF107991061021012501031081MA1999999086501MD1999999-0071ME1315019MW1051REMSYN088AAXX  04121 67485 31670 70202 10250 20185 38650 48501 70522 86238 333 59007 86830 87280;EQDQ01  00002PRCP99
0306674850999992000020506004-11880+033620FM-12+1351FWMZ V0203601N003010270019N0090001N1+01961+01801999999ADDAA124000891AY121061AY221061GA1011+004509069GA2071+027009049GF107991011051004501071999KA1240M+02641KA2120N+01751MA1999999086791MD1999999+0011ME1315279MW1401OA150600301REMSYN128AAXX  05061 67485 11459 73603 10196 20180 38679 48527 69974 74022 8157/ 333 20175 55037 58001 70007 81615 87459 555 10264 7//96;
0254674850999992000020512004-11880+033620FM-12+1351FWMZ V0203601N002010300019N0200001N1+02601+01801999999ADDAA199000091AY121061AY221061GA1031+010509089GA2051+030009039GF107991031021012501031081MA1999999086521MD1999999+0021ME1315049MW1051REMSYN094AAXX  05121 67485 31670 73602 10260 20180 38652 48504 70522 83238 333 58002 83835 85360 87280;EQDQ01  00002PRCP99
0279674850999992000020606004-11880+033620FM-12+1351FWMZ V0200201N002010270019N0300001N1+02001+01731999999ADDAA199000091GA1011+006009089GA2071+027009039GF107991011011008001071999KA1999M+02701KA2120N+01751MA1999999086981MD1999999+0191ME1315459OA150600701REMSYN104AAXX  06061 67485 32580 70202 10200 20173 38698 48545 8117/ 333 20175 55072 58019 81820 87359 555 10270;EQDQ01  00002PRCP99
0241674850999992000020706004-11880+033620FM-12+1351FWMZ V0209999C00001045001CN0300001N1+01731+01691999999ADDAA124014091AY161061AY221061GA1031+004509069GF107991031051004501071999KA1120N+01641MA1999999087021ME1315489MW1211OA150600501REMSYN106AAXX  07061 67485 11480 70000 10173 20169 38702 48548 60144 72162 8357/ 333 20164 55051 70138 83615 87459;
0257674850999992000020712004-11880+033620FM-12+1351FWMZ V0203401N00101030001CN0300001N1+02451+01731999999ADDAA199000021AY161061AY221061GA1031+009009089GA2061+030009049GA3011+999999099GF107991031021012501071081MA1999999086751MD1999999-0031ME1315269MW1601REMSYN100AAXX  07121 67485 31680 73401 10245 20173 38675 48526 76062 83278 333 59003 83830 819// 86460 87280;
0240674850999992000020906004-11880+033620FM-12+1351FWMZ V0209999C000012200019N0600001N1+02241+01831999999ADDAA199000091GA1011+007509089GF103991011011008001001081KA1120N+01601MA1999999086821MD1999999+0031ME1315319OA150601201REMSYN094AAXX  09061 67485 32586 30000 10224 20183 38682 48531 81108 333 20160 55120 58003 81825 87280;EQDQ01  00002PRCP99
0198674850999992000020912004-11880+033620FM-12+1351FWMZ V0209999C000010120019N0750001N1+02721+01641999999ADDAA199000091GA1061+012009029GF106991061021012501001021MA1999999086451MD1999999-0151ME1314949REMSYN076AAXX  09121 67485 32689 60000 10272 20164 38645 48494 86202 333 59015 86840;EQDQ01  00002PRCP99
0198674850999992000021012004-11880+033620FM-12+1351FWMZ V0203101N001010105019N0600001N1+02551+01831999999ADDAA199000091GA1051+010509029GF107991051021012501071001MA1999999086571MD1999999+0121ME1315059REMSYN076AAXX  10121 67485 32686 73101 10255 20183 38657 48505 85270 333 58012 85835;EQDQ01  00002PRCP99
0254674850999992000021112004-11880+033620FM-12+1351FWMZ V0201601N002010105019N0200001N1+02651+01791999999ADDAA199000091AY191061AY221061GA1011+009009099GA2051+010509089GF107991061021012501071081MA1999999086431MD1999999-0131ME1314919MW1151REMSYN094AAXX  11121 67485 31670 71602 10265 20179 38643 48491 71592 86278 333 59013 81930 85835 87280;EQDQ01  00002PRCP99
0254674850999992000021212004-11880+033620FM-12+1351FWMZ V0202801N002010105019N0200001N1+02461+02011999999ADDAA199000091AY121061AY221061GA1011+009009099GA2041+010509089GF107991051021012501071081MA1999999086521MD1999999+0091ME1315529MW1151REMSYN094AAXX  12121 67485 31670 72802 10246 20201 38652 48552 71522 85278 333 58009 81930 84835 87280;EQDQ01  00002PRCP99
0227674850999992000021412004-11880+033620FM-12+1351FWMZ V0203301N003010300019N0500001N1+02281+01721999999ADDAY191061AY221061GA1011+009009089GA2071+030009049GF107991011011012501021001KA1240M+02351MA1999999086401ME1314879MW1031REMSYN098AAXX  14121 67485 41684 73303 10228 20172 38640 48487 70392 81120 333 81830 87460 555 10235 29069;
0214674850999992000021506004-11880+033620FM-12+1351FWMZ V0209999C000010045019N0150001N1+01751+01671999999ADDAA124043991AY161061AY221061GA1061+004509069GF108991061051004501071999KA1120N+01701ME1315189MW1211OA150600301REMSYN094AAXX  15061 67485 11465 80000 10175 20167 48518 60444 72162 8657/ 333 20170 55030 86615 88458;
0260674850999992000021606004-11880+033620FM-12+1351FWMZ V0209999C00001045001CN0600001N1+01861+01771999999ADDAA124002091AY161061AY221061GA1011+006009069GF107991011051008001071999KA1120N+99999MA1999999086831ME1315339MW1031OA150600301REMSYN106AAXX  16061 67485 11586 70000 10186 20177 38683 48533 60024 70362 8157/ 333 20291 55038 70024 81620 87460;EQDQ01 +02912ATMN  
0221674850999992000021612004-11880+033620FM-12+1351FWMZ V0202901N00101045001CN0600001N1+02341+01791999999ADDAY161061AY221061GA1031+009009089GF107991031011012501021999MA1999999096642MD1999999+0191ME1315149MW1031REMSYN088AAXX  16121 67485 41686 72901 10234 20179 30664 48514 70362 8312/ 333 58019 83830 87460;EQDQ01+096643APOSP 
0213674850999992000021706004-11880+033620FM-12+1351FWMZ V0202801N00201045001CN0600001N1+01851+01721999999ADDAA124000791GA1041+006009069GF107991041051008001071999KA1120N+01811MA1999999086821ME1315299OA150600201REMSYN100AAXX  17061 67485 12586 72802 10185 20172 38682 48529 69904 8457/ 333 20181 55027 79999 84620 87459;
0247674850999992000021712004-11880+033620FM-12+1351FWMZ V0209999C000010300019N0600001N1+02011+01621999999ADDAY161061AY221061GA1011+007509069GA2071+030009049GF107991011051008001071999KA1240M+02051MA1999999086601MD1999999-0041ME1315059MW1031REMSYN104AAXX  17121 67485 41586 70000 10201 20162 38660 48505 70362 8157/ 333 59004 81625 87460 555 10205 29078;
0240674850999992000021806004-11880+033620FM-12+1351FWMZ V0202601N00101045001CN0750001N1+02551+01981999999ADDAA199000091GA1021+009009089GF107991021021012501031001KA1120N+02151MA1999999095341MD1999999+0031ME1315219OA150600201REMSYN094AAXX  18061 67485 32689 72601 10255 20198 39534 48521 82230 333 20215 55023 58003 82830 87360;EQDQ01  00002PRCP99
0238674850999992000021812004-11880+033620FM-12+1351FWMZ V0203601N004010090019N0600001N1+02101+01681999999ADDGA1051+009009089GA2071+030009039GF107991051021012501031999KA1240M+02221MA1999999086492MD1999999-0111ME1314949REMSYN098AAXX  18121 67485 41686 73604 10210 20168 38649 48494 8523/ 333 59011 85830 87360 555 10222 29078;EQDQ01+086493APOSP 
0241674850999992000021906004-11880+033620FM-12+1351FWMZ V0203101N002010045019N0150001N1+02661+01641999999ADDAA124013091AY161061AY261061GA1061+004509069GF108991061051008001071999KA1120N+01621MA1999999086961ME1315429MW1611OA150600201REMSYN106AAXX  19061 67485 11565 83102 10266 20164 38696 48542 60134 76166 8657/ 333 20162 55023 70125 86615 88458;
0255674850999992000022006004-11880+033620FM-12+1351FWMZ V0209999C00001045001CN0300001N1+01941+01651999999ADDAA124000891GA1011+006009069GA2031+030009039GF106991011051008001031081KA1120N+01561MA1999999096761MD1999999-0201ME1315249OA150600001REMSYN112AAXX  20061 67485 12580 60000 10194 20165 39676 48524 69974 81538 333 20156 55009 59020 70007 81620 83360 86280;
0221674850999992000022012004-11880+033620FM-12+1351FWMZ V0203401N004010105019N0600001N1+02461+01791999999ADDAY181061AY221061GA1061+010509089GF107991061021012501031011MA1999999086522MD1999999-0191ME1315009MW1251REMSYN088AAXX  20121 67485 41686 73404 10246 20179 38652 48500 72582 86231 333 59019 86835 84360;EQDQ01+086523APOSP 
0239674850999992000022106004-11880+033620FM-12+1351FWMZ V0209999C000010450019N0600001N1+01971+01711999999ADDAA124000191GA1011+006009089GF107991011011008001031081KA1120N+01451MA1999999086641MD1999999-0121ME1315129OA150600901REMSYN112AAXX  21061 67485 12586 70000 10197 20171 38664 48512 69914 81138 333 20145 50321 55096 59012 70001 81820 87280;
0246674850999992000022206004-11880+033620FM-12+1351FWMZ V0200201N002010450019N0400001N1+02061+01741999999ADDAA199000091GA1011+006009089GF107991011011008001031021KA1120N+01701MA1999999086591MD1999999-0011ME1315089OA150601001REMSYN100AAXX  22061 67485 32582 70202 10206 20174 38659 48508 81132 333 20170 50561 55106 59001 81820 85360;EQDQ01  00002PRCP99
0249674850999992000022212004-11880+033620FM-12+1351FWMZ V0203101N002011050019N0750001N1+02421+01681999999ADDAA199000091GA1021+009009089GA2071+105009029GF107991021021012501031081KA1240M+02451MA1999999086871MD1999999+0041ME1314879REMSYN098AAXX  22121 67485 32689 73102 10242 20168 38687 48487 82238 333 58004 82830 87281 555 10245 29065;EQDQ01  00002PRCP99
0244674850999992000022306004-11880+033620FM-12+1351FWMZ V0203601N00401045001CN0300001N1+01991+01631999999ADDAA124003091GA1011+006009089GA2031+030009039GF107991011011008001031081KA1120N+01661MA1999999086501MD1999999-0091ME1314989REMSYN112AAXX  23061 67485 12580 73604 10199 20163 38650 48498 60034 81138 333 20166 50561 59009 70033 81820 83360 87280;
0204674850999992000022312004-11880+033620FM-12+1351FWMZ V0203501N00401045001CN0750001N1+02581+01731999999ADDAA199000091GA1011+010509089GF107991011021012501031081MA1999999086331MD1999999-0071ME1314819REMSYN082AAXX  23121 67485 32689 73504 10258 20173 38633 48481 81238 333 59007 81835 87280;EQDQ01  00002PRCP99
0246674850999992000022606004-11880+033620FM-12+1351FWMZ V0201401N001010450019N0600001N1+01901+01681999999ADDAA199000091GA1011+006009089GF107991011011008001031999KA1120N+01531MA1999999086891MD1999999+0061ME1315369OA150600401REMSYN100AAXX  26061 67485 32586 71401 10190 20168 38689 48536 8113/ 333 20153 50411 55046 58006 81820 87360;EQDQ01  00002PRCP99
0249674850999992000022612004-11880+033620FM-12+1351FWMZ V0201601N001011050019N0750001N1+02351+01731999999ADDAY191061AY261061GA1011+009009099GA2031+010509089GA3071+105009029GF107991041091012501031081KA1240M+02751MA1999999086541ME1315019MW1171REMSYN104AAXX  26121 67485 41689 71601 10235 20173 38654 48501 71796 84938 333 81930 83835 87281 555 10275 29065;
0220674850999992000022706004-11880+033620FM-12+1351FWMZ V0209999C00001045001CN0300001N1+02151+01711999999ADDAA199000091GA1011+006009069GF106991011051008001031999KA1120N+01751MA1999999086741ME1315249OA150600501REMSYN088AAXX  27061 67485 32580 60000 10215 20171 38674 48524 8153/ 333 20175 55058 81620 86360;EQDQ01  00002PRCP99
0213674850999992000022806004-11880+033620FM-12+1351FWMZ V0209999C00001045001CN0300001N1+02021+01651999999ADDAA124004191GA1011+006009069GF107991011051008001071999KA1120N+01721MA1999999086831ME1315309OA150600201REMSYN100AAXX  28061 67485 12580 70000 10202 20165 38683 48530 60044 8157/ 333 20172 55022 70042 81620 87459;
0204674850999992000022809004-11880+033620FM-12+1351FWMZ V0209999C00001045001CN0500001N1+02381+01671999999ADDAA199000091GA1011+009009089GF107991011011012501071001MA1999999086841MD1999999+0081ME1315309REMSYN082AAXX  28091 67485 32684 70000 10238 20167 38684 48530 81170 333 58008 81830 87360;EQDQ01  00002PRCP99
0204674850999992000022812004-11880+033620FM-12+1351FWMZ V0209999C00001045001CN0600001N1+02601+01651999999ADDAA199000091GA1021+010509089GF107991041011012501031011MA1999999086571MD1999999+0061ME1315059REMSYN082AAXX  28121 67485 32686 70000 10260 20165 38657 48505 84131 333 58006 82835 86360;EQDQ01  00002PRCP99
0246674850999992000022906004-11880+033620FM-12+1351FWMZ V0209999C000010270019N0600001N1+02011+01761999999ADDAA199000091GA1011+006009099GA2071+027009039GF107991011031008001071071KA1240M+02751MA1999999086771ME1315259OA150600401REMSYN098AAXX  29061 67485 32586 70000 10201 20176 38677 48525 81377 333 55047 81920 87359 555 10275 7//91;EQDQ01  00002PRCP99
0315674850999992000022912004-11880+033620FM-12+1351FWMZ V0203501N00201090001CN0200001N1+02651+01631999999ADDAA199000091AY121061AY221061GA1011+009009099GA2041+010509089GA3061+090009029GF107991051091012501031081KA1240M+99999MA1999999086501MD1999999-0071ME1314999MW1171REMSYN110AAXX  29121 67485 31670 73502 10265 20163 38650 48499 71722 85938 333 59007 81930 84835 86280 555 10252 29089;EQDQ01  00002PRCP99Q02 +02522ATMX  
0253674850999992000030106004-11880+033620FM-12+1351FWMZ V0209999C000010108019N0750001N1+01881+01771999999ADDAA124004191AY161061AY221061GA1011+006009089GA2051+010809049GF107991011051008001071081MA1999999086821MD1999999+0001ME1315389MW1211REMSYN112AAXX  01061 67485 11589 70000 10188 20177 38682 48538 60044 72162 81578 333 50201 58000 70041 81820 85436 87275;
0267674850999992000030206004-11880+033620FM-12+1351FWMZ V0201201N001010450019N0600001N1+01941+01751999999ADDAA124001091AY161061AY221061GA1011+006009089GF107991011011008001031999KA1120N+01721MA1999999086801MD1999999-0021ME1315279MW1031OA150600301REMSYN118AAXX  02061 67485 11586 71201 10194 20175 38680 48527 60014 70362 8113/ 333 20172 50411 55038 59002 70010 81820 87360;
0204674850999992000030212004-11880+033620FM-12+1351FWMZ V0209999C000010450019N0750001N1+02501+01771999999ADDAA199000091GA1011+009009099GF107991041021012501031081MA1999999086531MD1999999-0031ME1315019REMSYN082AAXX  02121 67485 32689 70000 10250 20177 38653 48501 84238 333 59003 81930 83835;EQDQ01  00002PRCP99
0312674850999992000030306004-11880+033620FM-12+1351FWMZ V0209999C00001004501CN0300001N1+01801+01761999999ADDAA124014091AY161061AY221061GA1051+004509069GA2081+024009049GF108991051051008001071999KA1240M+02701KA2120N+01701MA1999999086751MD1999999-0051ME1315259MW1611OA150600701REMSYN134AAXX  03061 67485 11580 80000 10180 20176 38675 48525 60144 76162 8557/ 333 20170 50611 55070 59005 70143 85615 88458 555 10270 7//96;
0202674850999992000030312004-11880+033620FM-12+1351FWMZ V0203501N002010060019N0300001N1+01851+01701999999ADDAY191061AY261061GA1051+006009069GF107991051051008001071999MA1999999086601MD1999999+0071ME1315089MW1031REMSYN088AAXX  03121 67485 41580 73502 10185 20170 38660 48508 70396 8557/ 333 58007 85620 87459;
0239674850999992000030406004-11880+033620FM-12+1351FWMZ V0209999C000010450019N0300001N1+02041+01681999999ADDAA124019191GA1011+006009069GF107991011051008001031081KA1120N+01651MA1999999086811MD1999999+0061ME1315289OA150600001REMSYN112AAXX  04061 67485 12580 70000 10204 20168 38681 48528 60194 81538 333 20165 50213 55000 58006 70189 81620 87280;
0232674850999992000030412004-11880+033620FM-12+1351FWMZ V0203401N00201012001CN0300001N1+02651+01691999999ADDAA199000091AY191061AY221061GA1011+009009099GF107991061091012501031021MA1999999086481MD1999999-0121ME1315089MW1171REMSYN088AAXX  04121 67485 31680 73402 10265 20169 38648 48508 71792 86932 333 59012 81930 86835;EQDQ01  00002PRCP99
0267674850999992000030506004-11880+033620FM-12+1351FWMZ V0209999C000010450019N0250001N1+01701+01631999999ADDAA124018091AY161061AY221061GA1031+004509069GF108991031051004501071999KA1120N+01601MA1999999087091MD1999999+0281ME1315559MW1211OA150600701REMSYN118AAXX  05061 67485 11475 80000 10170 20163 38709 48555 60184 72162 8357/ 333 20160 50531 55073 58028 70180 83615 88458;
0213674850999992000030509004-11880+033620FM-12+1351FWMZ V0209999C00001045001CN0250001N1+01901+01671999999ADDAA199000021AY161031AY221031GA1041+006009069GF108991041051008001071999MA1999999087021MD1999999+0261ME1315499MW1611REMSYN088AAXX  05091 67485 31575 80000 10190 20167 38702 48549 76162 8457/ 333 58026 84620 88459;
0247674850999992000030512004-11880+033620FM-12+1351FWMZ V0209999C000010270019N0300001N1+02151+01651999999ADDAY161061AY221061GA1021+007509069GA2081+027009049GF108991021051008001021999KA1240M+02201MA1999999086661MD1999999+0181ME1315159MW1031REMSYN104AAXX  05121 67485 41580 80000 10215 20165 38666 48515 70362 8252/ 333 58018 82625 88459 555 10220 29073;
0249674850999992000030612004-11880+033620FM-12+1351FWMZ V0209999C000010105019N0750001N1+02661+01761999999ADDAA199000091GA1011+009009099GA2041+010509089GF105991051031012501031031KA1240M+02771MA1999999086531MD1999999-0131ME1315029REMSYN098AAXX  06121 67485 32689 50000 10266 20176 38653 48502 85333 333 59013 81930 84835 555 10277 29058;EQDQ01  00002PRCP99
0247674850999992000030712004-11880+033620FM-12+1351FWMZ V0203401N002010300019N0500001N1+02001+01701999999ADDAY161061AY221061GA1041+007509069GA2071+030009049GF107991041051012501071999KA1240M+02061MA1999999086691MD1999999+0161ME1315179MW1031REMSYN104AAXX  07121 67485 41684 73402 10200 20170 38669 48517 70362 8457/ 333 58016 84625 87460 555 10206 29083;
0202674850999992000031012004-11880+033620FM-12+1351FWMZ V0203201N001010090019N0600001N1+02411+01781999999ADDAY181061AY221061GA1051+009009089GF106991051021012501031021MA1999999086501MD1999999-0171ME1315019MW1031REMSYN088AAXX  10121 67485 41686 63201 10241 20178 38650 48501 70382 85232 333 59017 85830 83080;
0213674850999992000031109004-11880+033620FM-12+1351FWMZ V0203001N002010075019N0200001N1+02201+01831999999ADDAA199000021AY121031AY221031GA1051+007509089GF107991051021008001071999MA1999999086891MD1999999+0131ME1315399MW1801REMSYN088AAXX  11091 67485 31570 73002 10220 20183 38689 48539 78022 8527/ 333 58013 85825 87460;
0254674850999992000031412004-11880+033620FM-12+1351FWMZ V0203001N002010120019N0600001N1+02651+01821999999ADDAA199000091AY191061AY221061GA1011+010509099GA2041+012009089GF107991051091012501031999MA1999999086051MD1999999-0141ME1314949MW1171REMSYN094AAXX  14121 67485 31686 73002 10265 20182 38605 48494 71792 8593/ 333 59014 81935 84840 87280;EQDQ01  00002PRCP99
0268674850999992000031506004-11880+033620FM-12+1351FWMZ V0200901N00101030001CN0600001N1+02281+01811999999ADDAA199000091GA1011+007509089GA2051+030009039GF107991011011008001031081KA1120N+01751MA1999999086761MD1999999-0021ME1315269OA150600701REMSYN106AAXX  15061 67485 32586 70901 10228 20181 38676 48526 81138 333 20175 50361 55072 59002 81825 85360 87280;EQDQ01  00002PRCP99
0239674850999992000031606004-11880+033620FM-12+1351FWMZ V0209999C000011050019N0600001N1+02001+01731999999ADDAA124000191GA1011+007509089GF107991011011008001001081KA1120N+01551MA1999999086831MD1999999+0071ME1315309OA150600501REMSYN112AAXX  16061 67485 12586 70000 10200 20173 38683 48530 69914 81108 333 20155 50411 55055 58007 70001 81825 87280;
0250674850999992000031706004-11880+033620FM-12+1351FWMZ V0201801N003010450019N0600001N1+02151+01711999999ADDAY161061AY221061GA1011+006009089GF107991011011008001031081KA1120N+01721MA1999999086671MD1999999-0161ME1315179MW1031OA150601001REMSYN112AAXX  17061 67485 11586 71803 10215 20171 38667 48517 70362 81138 333 20172 50581 55108 59016 70032 81820 87275;
0204674850999992000031709004-11880+033620FM-12+1351FWMZ V0202001N003010090019N0750001N1+02481+01681999999ADDAA199000091GA1051+009009089GF105991051021012501001021MA1999999086701MD1999999-0121ME1315219REMSYN082AAXX  17091 67485 32689 52003 10248 20168 38670 48521 85202 333 59012 85830 83080;EQDQ01  00002PRCP99
0271674850999992000031712004-11880+033620FM-12+1351FWMZ V0201301N001010105019N0600001N1+02601+01721999999ADDAA199000091GA1011+009009099GA2051+010509089GA3031+030009039GF107991051031012501031011KA1240M+02751MA1999999086491MD1999999-0031ME1314979REMSYN104AAXX  17121 67485 32686 71301 10260 20172 38649 48497 85331 333 59003 81930 85835 83360 555 10275 29058;EQDQ01  00002PRCP99
0232674850999992000031812004-11880+033620FM-12+1351FWMZ V0201701N00201012001CN0250001N1+02361+01711999999ADDAA199000091AY121061AY221061GA1011+009009099GF107991051091012501031011MA1999999086341MD1999999-0151ME1314849MW1151REMSYN088AAXX  18121 67485 31675 71702 10236 20171 38634 48484 71522 85931 333 59015 81930 85830;EQDQ01  00002PRCP99
0267674850999992000032006004-11880+033620FM-12+1351FWMZ V0209999C000010450019N0250001N1+01761+01701999999ADDAA124002091AY161061AY221061GA1021+004509089GF107991021051004501071999KA1120N+01711MA1999999086891MD1999999+0161ME1315359MW1611OA150600501REMSYN118AAXX  20061 67485 11475 70000 10176 20170 38689 48535 60024 76162 8257/ 333 20171 50411 55057 58016 70015 82815 87458;
0217674850999992000032106004-11880+033620FM-12+1351FWMZ V0201501N001011050019N0750001N1+02011+01691999999ADDAA124007991GF105991011011008001031021KA1120N+01511MA1999999086801MD1999999-0091ME1315279OA150600301REMSYN106AAXX  21061 67485 12589 51501 10201 20169 38680 48527 60084 81132 333 20151 50391 55033 59009 70070 84080;
0232674850999992000032109004-11880+033620FM-12+1351FWMZ V0200901N002012200019N0750001N1+02541+01701999999ADDAA199000091AY151031AY211031GA1031+009009089GF104991031021012501031021MA1999999086841MD1999999-0061ME1315359MW1011REMSYN088AAXX  21091 67485 31689 40902 10254 20170 38684 48535 70151 83232 333 59006 83830 83080;EQDQ01  00002PRCP99
0227674850999992000032112004-11880+033620FM-12+1351FWMZ V0201201N001012200019N0600001N1+02561+01741999999ADDAA199000091GA1041+012009089GF104991041011012501001011KA1240M+02611MA1999999086601MD1999999+0031ME1315089REMSYN092AAXX  21121 67485 32686 41201 10256 20174 38660 48508 84101 333 58003 84840 555 10261 29058;EQDQ01  00002PRCP99
0239674850999992000032206004-11880+033620FM-12+1351FWMZ V0201601N002010450019N0600001N1+01901+01661999999ADDAA124000791GA1021+006009069GF107991021051008001071001KA1120N+01801MA1999999086761MD1999999-0041ME1315249OA150600901REMSYN112AAXX  22061 67485 12586 71602 10190 20166 38676 48524 69904 82570 333 20180 50311 55093 59004 79999 82620 87359;
0312674850999992000032306004-11880+033620FM-12+1351FWMZ V0200601N00201075001CN0600001N1+02051+01781999999ADDAA124007191AY161061AY221061GA1031+006009069GA2071+075009029GF107991031051008001031081KA1240M+02681KA2120N+01751MA1999999086771MD1999999+0011ME1315289MW1031OA150600501REMSYN134AAXX  23061 67485 11586 70602 10205 20178 38677 48528 60074 70362 83538 333 20175 50381 55051 58001 70074 83620 87275 555 10268 7//65;
0261674850999992000032606004-11880+033620FM-12+1351FWMZ V0209999C000010450019N0300001N1+01881+01681999999ADDAA124001091AY121061AY221061GA1031+006009069GF107991031051008001071999KA1120N+01701MA1999999086851MD1999999+0031ME1315349MW1601OA150600901REMSYN112AAXX  26061 67485 11580 70000 10188 20168 38685 48534 60014 76022 8357/ 333 20170 50361 55097 58003 83620 87459;
0249674850999992000032612004-11880+033620FM-12+1351FWMZ V0202001N001010105019N0200001N1+02351+01691999999ADDAY161061AY221061GA1051+010509089GA2071+090009029GA3011+999999099GF107991051021012501071081KA1240M+02541MA1999999086921ME1315099MW1151REMSYN104AAXX  26121 67485 41670 72001 10235 20169 38692 48509 71562 85278 333 85835 819// 87280 555 10254 29065;
0249674850999992000032712004-11880+033620FM-12+1351FWMZ V0200401N003010120019N0600001N1+02501+01841999999ADDAA199000091GA1011+010509099GA2061+012009089GF106991061031012501001011KA1240M+02641MA1999999086561MD1999999-0061ME1315049REMSYN098AAXX  27121 67485 32686 60403 10250 20184 38656 48504 86301 333 59006 81935 86840 555 10264 29065;EQDQ01  00002PRCP99
0246674850999992000032806004-11880+033620FM-12+1351FWMZ V0200901N002011050019N0600001N1+02411+01721999999ADDAA199000091GA1031+006009069GF107991021051008001001081KA1120N+01651MA1999999086321MD1999999+0071ME1315299OA150600901REMSYN100AAXX  28061 67485 32586 70902 10241 20172 38632 48529 82508 333 20165 50261 55095 58007 83620 87280;EQDQ01  00002PRCP99
0255674850999992000032812004-11880+033620FM-12+1351FWMZ V0200801N006010450019N0150001N1+02461+01921999999ADDAA199000091AY121061AY221061GA1041+010509089GF105991041021012501031021KA1240M+02551MA1999999086621MD1999999+0061ME1315109MW1151REMSYN098AAXX  28121 67485 31665 50806 10246 20192 38662 48510 71522 84232 333 58006 84835 555 10255 29069;EQDQ01  00002PRCP99
0213674850999992000032909004-11880+033620FM-12+1351FWMZ V0201101N003010075019N0150001N1+02241+01801999999ADDAA199000021AY191031AY261031GA1011+006009099GF107991061021008001071031MA1999999086921MD1999999+0081ME1315429MW1951REMSYN088AAXX  29091 67485 31565 71103 10224 20180 38692 48542 79596 86273 333 58008 81920 85825;
0247674850999992000032912004-11880+033620FM-12+1351FWMZ V0200401N001010750019N0600001N1+02361+01761999999ADDAY191061AY261061GA1011+010509099GA2051+075009029GF105991021031012501031061KA1240M+02461MA1999999086771MD1999999+0151ME1315249MW1031REMSYN104AAXX  29121 67485 41686 50401 10236 20176 38677 48524 70396 82336 333 58015 81935 85275 555 10246 29069;
0254674850999992000033012004-11880+033620FM-12+1351FWMZ V0200701N001010450019N0600001N1+02521+01741999999ADDAA199000091AY191061AY261061GA1031+010509089GA2011+999999099GF107991041021012501031081MA1999999086711MD1999999-0031ME1315229MW1031REMSYN094AAXX  30121 67485 31686 70701 10252 20174 38671 48522 70396 84238 333 59003 83835 819// 87280;EQDQ01  00002PRCP99
0261674850999992000033106004-11880+033620FM-12+1351FWMZ V0200901N00101030001CN0300001N1+02051+01691999999ADDAA124000791GA1031+009009089GA2041+030009039GF107991031011008001031061KA1120N+01691MA1999999086831MD1999999-0071ME1315339OA150600801REMSYN118AAXX  31061 67485 12580 70901 10205 20169 38683 48533 69904 83136 333 20169 50361 55084 59007 70000 83830 84360 85280;
0224674850999992000033112004-11880+033620FM-12+1351FWMZ V0201001N00201045001CN0600001N1+02501+01601999999ADDAY161061AY221061GA1011+009009099GA2031+010509089GF106991031031012501031061MA1999999086701MD1999999-0011ME1315189MW1031REMSYN094AAXX  31121 67485 41686 61002 10250 20160 38670 48518 70362 83336 333 59001 81930 83835 86275;
0239674850999992000040106004-11880+033620FM-12+1351FWMZ V0201301N001010450019N0600001N1+01951+01711999999ADDAA124000791GA1021+006009089GF106991021021008001071011KA1120N+01501MA1999999086851MD1999999+0021ME1315329OA150600901REMSYN112AAXX  01061 67485 12586 61301 10195 20171 38685 48532 69904 82271 333 20150 50561 55091 58002 79999 82820 86459;
0262674850999992000040206004-11880+033620FM-12+1351FWMZ V0200901N003012200019N0600001N1+02161+01701999999ADDAA124000791GA1031+009009069GF104991031051008001031011KA1240M+02451KA2120N+01701MA1999999086801MD1999999+0001ME1315289OA150600301REMSYN122AAXX  02061 67485 12586 40903 10216 20170 38680 48528 69904 83531 333 20170 50311 55032 58000 79999 83630 555 10245 7//96;
0204674850999992000040312004-11880+033620FM-12+1351FWMZ V0200701N001012200019N0750001N1+02501+01521999999ADDAA199000091GA1031+010509089GF104991031021012501031031MA1999999086651MD1999999-0021ME1315139REMSYN082AAXX  03121 67485 32689 40701 10250 20152 38665 48513 83233 333 59002 83835 819//;EQDQ01  00002PRCP99
0246674850999992000040406004-11880+033620FM-12+1351FWMZ V0209999C000010450019N0300001N1+02011+01751999999ADDAA199000091GA1011+006009089GF107991011011008001031081KA1120N+01451MA1999999086831MD1999999-0031ME1315309OA150600801REMSYN100AAXX  04061 67485 32580 70000 10201 20175 38683 48530 81138 333 20145 50511 55085 59003 81820 87280;EQDQ01  00002PRCP99
0226674850999992000040506004-11880+033620FM-12+1351FWMZ V0209999C00001045001CN0600001N1+01901+01741999999ADDAA199000091GA1011+006009069GF107991011051008001071011KA1120N+01451MA1999999086811ME1315289OA150600801REMSYN094AAXX  05061 67485 32586 70000 10190 20174 38681 48528 81571 333 20145 50461 55080 81620 86360;EQDQ01  00002PRCP99
0213674850999992000040606004-11880+033620FM-12+1351FWMZ V0200801N00201045001CN0500001N1+01951+99999999999ADDAA124006191GA1011+006009089GF107991011011008001031081KA1120N+01601MA1999999086731ME1315219OA150600601REMSYN100AAXX  06061 67485 12584 70802 10195 22017 38673 48521 60064 81138 333 20160 50251 55064 81820 87280;
0246674850999992000040706004-11880+033620FM-12+1351FWMZ V0209999C000010450019N0600001N1+02201+01751999999ADDAA199000091GA1011+007509089GF107991011011008001031081KA1120N+01511MA1999999086791MD1999999+0061ME1315299OA150600501REMSYN100AAXX  07061 67485 32586 70000 10220 20175 38679 48529 81138 333 20151 50411 55053 58006 81825 85360;EQDQ01  00002PRCP99
0254674850999992000041012004-11880+033620FM-12+1351FWMZ V0202801N001010105019N0250001N1+02501+01771999999ADDAA199000091AY121061AY221061GA1011+009009099GA2061+010509089GF107991061031012501031011MA1999999086661MD1999999+0021ME1315149MW1151REMSYN094AAXX  10121 67485 31675 72801 10250 20177 38666 48514 71522 86331 333 58002 81930 86835 84360;EQDQ01  00002PRCP99
0219674850999992000041106004-11880+033620FM-12+1351FWMZ V0209999C00001045001CN0300001N1+02101+01731999999ADDAA124000191GA1031+006009069GF106991031051008001071001KA1120N+01701MA1999999086921ME1315399OA150600001REMSYN106AAXX  11061 67485 12580 60000 10210 20173 38692 48539 69914 83570 333 20170 50381 55002 70001 83620 86359;
0226674850999992000041112004-11880+033620FM-12+1351FWMZ V0200701N00301045001CN0600001N1+02351+01691999999ADDAA199000091GA1011+009009099GA2031+010509089GF107991041021012501031021MA1999999086691MD1999999+0031ME1315169REMSYN088AAXX  11121 67485 32686 70703 10235 20169 38669 48516 84232 333 58003 81930 83835 85360;EQDQ01  00002PRCP99
0224674850999992000041206004-11880+033620FM-12+1351FWMZ V0200801N002012200019N0750001N1+02101+01701999999ADDAA199000091GF103991031011008001031001KA1120N+01551MA1999999086901MD1999999-0021ME1315409OA150600601REMSYN094AAXX  12061 67485 32589 30802 10210 20170 38690 48540 83130 333 20155 50461 55065 59002 83825;EQDQ01  00002PRCP99
0246674850999992000041406004-11880+033620FM-12+1351FWMZ V0201101N002012200019N0300001N1+02131+01661999999ADDAA199000091GA1011+006009089GF103991011011008001031021KA1120N+02151MA1999999086901MD1999999+0051ME1315389OA150601001REMSYN100AAXX  14061 67485 32580 31102 10213 20166 38690 48538 81132 333 20215 50411 55106 58005 81820 83080;EQDQ01  00002PRCP99
0238674850999992000041512004-11880+033620FM-12+1351FWMZ V0201301N002019999999N0300001N1+02601+01721999999ADDAA199000091GA1011+010509099GA2031+012009089GF105991011071012501999999MA1999999086641MD1999999-0071ME1315129MW1151REMSYN094AAXX  15121 67485 31680 51302 10260 20172 38664 48512 715// 817// 333 59007 81935 83840 85360;EQDQ01  00002PRCP99
0224674850999992000041606004-11880+033620FM-12+1351FWMZ V0201201N003012200019N0600001N1+02121+01631999999ADDAA199000091GF102991011011008001031001KA1120N+01611MA1999999086981MD1999999+0081ME1315469OA150600801REMSYN094AAXX  16061 67485 32586 21203 10212 20163 38698 48546 81130 333 20161 50361 55087 58008 81825;EQDQ01  00002PRCP99
0227674850999992000041612004-11880+033620FM-12+1351FWMZ V0201301N002012200019N0600001N1+02551+01571999999ADDAA199000091GA1041+012009089GF104991041021012501001001KA1240M+02701MA1999999086841MD1999999+0201ME1315319REMSYN092AAXX  16121 67485 32686 41302 10255 20157 38684 48531 84200 333 58020 84840 555 10270 29054;EQDQ01  00002PRCP99
0234674850999992000041706004-11880+033620FM-12+1351FWMZ V0201601N002012200019N0600001N1+02141+01701999999ADDAA199000091GA1011+007509029GF102991011021008001031999KA1120N+01601MA1999999087031MD1999999+0051ME1315519OA150601001REMSYN088AAXX  17061 67485 32586 21602 10214 20170 38703 48551 8123/ 333 20160 55105 58005 81825;EQDQ01  00002PRCP99
0249674850999992000041712004-11880+033620FM-12+1351FWMZ V0201501N003012200019N0750001N1+02471+01711999999ADDAA199000091GA1041+010509089GA2011+999999099GF104991041021012501031021KA1240M+02561MA1999999086821MD1999999-0021ME1315299REMSYN098AAXX  17121 67485 32689 41503 10247 20171 38682 48529 84232 333 59002 84835 819// 555 10256 29061;EQDQ01  00002PRCP99
0224674850999992000041806004-11880+033620FM-12+1351FWMZ V0201301N003012200019N0400001N1+02111+01561999999ADDAA199000091GF102991011011008001031021KA1120N+01781MA1999999086901MD1999999-0131ME1315389OA150601001REMSYN094AAXX  18061 67485 32582 21303 10211 20156 38690 48538 81132 333 20178 50711 55101 59013 81825;EQDQ01  00002PRCP99
0198674850999992000041812004-11880+033620FM-12+1351FWMZ V0201001N002012200019N0750001N1+02501+01521999999ADDAA199000091GA1021+010509029GF102991021021012501031001MA1999999086871MD1999999+0051ME1315349REMSYN076AAXX  18121 67485 32689 21002 10250 20152 38687 48534 82230 333 58005 82835;EQDQ01  00002PRCP99
0306674850999992000041906004-11880+033620FM-12+1351FWMZ V0201101N002012200019N0600001N1+02051+01661999999ADDAA124000791AY151061AY211061GA1011+006009089GA2041+030009039GF104991011011008001031001KA1240M+02601KA2120N+01551MA1999999087011MD1999999+0111ME1315499MW1011OA150601001REMSYN128AAXX  19061 67485 11586 41102 10205 20166 38701 48549 69904 70151 81130 333 20155 55107 58011 79999 81820 84360 555 10260 7//51;
0239674850999992000042006004-11880+033620FM-12+1351FWMZ V0201401N001010450019N0600001N1+02001+01531999999ADDAA124000791GA1031+006009089GF105991031011008001031011KA1120N+01661MA1999999087041MD1999999+0031ME1315539OA150600701REMSYN112AAXX  20061 67485 12586 51401 10200 20153 38704 48553 69904 83131 333 20166 50561 55077 58003 79999 83820 85360;
0224674850999992000042106004-11880+033620FM-12+1351FWMZ V0201401N002012200019N0600001N1+02051+01591999999ADDAA199000091GF102991021011008001001001KA1120N+01411MA1999999087071MD1999999+0031ME1315579OA150601001REMSYN094AAXX  21061 67485 32586 21402 10205 20159 38707 48557 82100 333 20141 50411 55109 58003 82825;EQDQ01  00002PRCP99
0246674850999992000042306004-11880+033620FM-12+1351FWMZ V0201501N001010450019N0300001N1+02001+01661999999ADDAA199000091GA1011+006009089GF107991011011008001031999KA1120N+01531MA1999999087001MD1999999-0071ME1315479OA150600801REMSYN100AAXX  23061 67485 32580 71501 10200 20166 38700 48547 8113/ 333 20153 50461 55080 59007 81820 87360;EQDQ01  00002PRCP99
0269674850999992000042506004-11880+033620FM-12+1351FWMZ V0201701N002012200019N0600001N1+02101+01571999999ADDAA199000091GA1011+006009089GF101991011011008001001001KA1240M+02701KA2120N+01641MA1999999086971MD1999999+0001ME1315459OA150600901REMSYN110AAXX  25061 67485 32586 11702 10210 20157 38697 48545 81100 333 20164 50411 55098 58000 81820 555 10270 7//00;EQDQ01  00002PRCP99
0198674850999992000042609004-11880+033620FM-12+1351FWMZ V0200901N002012200019N0750001N1+02451+01571999999ADDAA199000091GA1031+009009029GF103991031021012501031021MA1999999086951MD1999999+0011ME1315509REMSYN076AAXX  26091 67485 32689 30902 10245 20157 38695 48550 83232 333 58001 83830;EQDQ01  00002PRCP99
0204674850999992000042712004-11880+033620FM-12+1351FWMZ V0201201N003012200019N0750001N1+02461+01481999999ADDAA199000091GA1021+012009089GF103991021021012501031021MA1999999086901MD1999999+0021ME1315379REMSYN082AAXX  27121 67485 32689 31203 10246 20148 38690 48537 82232 333 58002 82840 83360;EQDQ01  00002PRCP99
0224674850999992000042806004-11880+033620FM-12+1351FWMZ V0201301N003012200019N0600001N1+02061+01521999999ADDAA199000091GF101991011011008001031001KA1120N+01401MA1999999087181MD1999999+0091ME1315669OA150601101REMSYN094AAXX  28061 67485 32586 11303 10206 20152 38718 48566 81130 333 20140 50611 55111 58009 81820;EQDQ01  00002PRCP99
0227674850999992000042812004-11880+033620FM-12+1351FWMZ V0201301N003010450019N0600001N1+02501+01421999999ADDAA199000091GA1041+010509089GF105991041021012501031001KA1240M+02601MA1999999087091MD1999999+0191ME1315469REMSYN092AAXX  28121 67485 32686 51303 10250 20142 38709 48546 84230 333 58019 84835 555 10260 29050;EQDQ01  00002PRCP99
0246674850999992000042906004-11880+033620FM-12+1351FWMZ V0201301N005012200019N0600001N1+02061+01521999999ADDAA199000091GA1021+006009069GF104991021051008001031001KA1120N+01551MA1999999087251MD1999999-0071ME1315749OA150601101REMSYN100AAXX  29061 67485 32586 41305 10206 20152 38725 48574 82530 333 20155 50461 55111 59007 82620 84360;EQDQ01  00002PRCP99
0198674850999992000042909004-11880+033620FM-12+1351FWMZ V0201301N005010090019N0600001N1+02201+01601999999ADDAA199000091GA1051+009009029GF106991051021012501031001MA1999999087291MD1999999+0041ME1315779REMSYN076AAXX  29091 67485 32686 61305 10220 20160 38729 48577 85230 333 58004 85830;EQDQ01  00002PRCP99
0267674850999992000043006004-11880+033620FM-12+1351FWMZ V0201601N00401006001CN0250001N1+01761+01441999999ADDAA124000791AY121061AY221061GA1061+006009069GF107991061051008001031001KA1120N+01651MA1999999087301MD1999999+0051ME1315759MW1151OA150600901REMSYN118AAXX  30061 67485 11575 71604 10176 20144 38730 48575 69904 71522 86530 333 20165 50411 55093 58005 70000 86620 84359;
0269674850999992000050106004-11880+033620FM-12+1351FWMZ V0201601N005012200019N0600001N1+01851+01381999999ADDAA199000091GA1011+007509089GF101991011011008001001001KA1240M+02301KA2120N+01451MA1999999087161MD1999999-0141ME1315629OA150600801REMSYN110AAXX  01061 67485 32586 11605 10185 20138 38716 48562 81100 333 014// 20145 55085 59014 81825 555 10230 7//11;EQDQ01  00002PRCP99
0230674850999992000050306004-11880+033620FM-12+1351FWMZ V0200901N001012200019N0600001N1+01961+01491999999ADDAA199000091GF101991011011008001001001KA1120N+01301MA1999999087201MD1999999+0141ME1315639OA150600901REMSYN100AAXX  03061 67485 32586 10901 10196 20149 38720 48563 81100 333 010// 20130 50361 55097 58014 81825;EQDQ01  00002PRCP99
0227674850999992000050312004-11880+033620FM-12+1351FWMZ V0209999C000012200019N0750001N1+02601+01351999999ADDAA199000091GA1011+012009089GF101991011011012501001001KA1240M+02681MA1999999087011MD1999999+0101ME1315479REMSYN092AAXX  03121 67485 32689 10000 10260 20135 38701 48547 81100 333 58010 81840 555 10268 29048;EQDQ01  00002PRCP99
0249674850999992000050412004-11880+033620FM-12+1351FWMZ V0201001N003010105019N0600001N1+02511+01531999999ADDAA199000091GA1051+010509089GA2031+030009039GF106991051021012501031001KA1240M+02601MA1999999087021MD1999999+0011ME1315499REMSYN098AAXX  04121 67485 32686 61003 10251 20153 38702 48549 85230 333 58001 85835 83360 555 10260 29054;EQDQ01  00002PRCP99
0226674850999992000050506004-11880+033620FM-12+1351FWMZ V0201201N004010075019N0300001N1+02051+01601999999ADDAA199000091GA1061+007509059GF106991061051008001001001KA1120N+01701MA1999999086961ME1315439OA150600901REMSYN094AAXX  05061 67485 32580 61204 10205 20160 38696 48543 86500 333 014// 20170 50361 55097 86625;EQDQ01  00002PRCP99
0198674850999992000050509004-11880+033620FM-12+1351FWMZ V0201001N002010090019N0600001N1+02321+01521999999ADDAA199000091GA1071+009009029GF107991071021012501001001MA1999999086991MD1999999-0241ME1315489REMSYN076AAXX  05091 67485 32686 71002 10232 20152 38699 48548 87200 333 59024 87830;EQDQ01  00002PRCP99
0198674850999992000050612004-11880+033620FM-12+1351FWMZ V0201101N001012200019N0750001N1+02551+01571999999ADDAA199000091GA1041+012009029GF104991041011012501031001MA1999999087001MD1999999+0121ME1315479REMSYN076AAXX  06121 67485 32689 41101 10255 20157 38700 48547 84130 333 58012 84840;EQDQ01  00002PRCP99
0275674850999992000050706004-11880+033620FM-12+1351FWMZ V0201401N003012200019N0600001N1+01861+01591999999ADDAA199000091GA1041+006009089GF104991041011008001031001KA1240M+02701KA2120N+01511MA1999999087141MD1999999+0001ME1315629OA150601101REMSYN116AAXX  07061 67485 32586 41403 10186 20159 38714 48562 84130 333 012// 20151 50461 55110 58000 84820 555 10270 7//11;EQDQ01  00002PRCP99
0230674850999992000050806004-11880+033620FM-12+1351FWMZ V0209999C000012200019N0600001N1+01601+01441999999ADDAA199000091GF104991041011008001001001KA1120N+01101MA1999999087101MD1999999-0041ME1315469OA150600901REMSYN100AAXX  08061 67485 32586 40000 10160 20144 38710 48546 84100 333 010// 20110 50461 55099 59004 84825;EQDQ01  00002PRCP99
0252674850999992000050906004-11880+033620FM-12+1351FWMZ V0201201N003011050019N0600001N1+01951+01491999999ADDAA199000091GA1011+006009089GF107991011011008001001081KA1120N+01521MA1999999087131MD1999999+0031ME1315559OA150601001REMSYN106AAXX  09061 67485 32586 71203 10195 20149 38713 48555 81108 333 012// 20152 50411 55102 58003 81820 87280;EQDQ01  00002PRCP99
0204674850999992000050909004-11880+033620FM-12+1351FWMZ V0201401N00301105001CN0600001N1+02211+01521999999ADDAA199000091GA1041+009009089GF107991041021012501001081MA1999999087121MD1999999-0081ME1315609REMSYN082AAXX  09091 67485 32686 71403 10221 20152 38712 48560 84208 333 59008 84830 87280;EQDQ01  00002PRCP99
0249674850999992000050912004-11880+033620FM-12+1351FWMZ V0201501N002011050019N0750001N1+02241+01571999999ADDAA199000091GA1041+010509089GA2071+105009029GF107991041011012501001081KA1240M+02511MA1999999086931MD1999999-0061ME1315389REMSYN098AAXX  09121 67485 32689 71502 10224 20157 38693 48538 84108 333 59006 84835 87281 555 10251 29069;EQDQ01  00002PRCP99
0252674850999992000051006004-11880+033620FM-12+1351FWMZ V0201101N003010450019N0600001N1+01881+01481999999ADDAA199000091GA1011+007509089GF106991011011008001031021KA1120N+01431MA1999999087091MD1999999-0041ME1315529OA150600901REMSYN106AAXX  10061 67485 32586 61103 10188 20148 38709 48552 81132 333 012// 20143 50461 55096 59004 81825 85360;EQDQ01  00002PRCP99
0227674850999992000051012004-11880+033620FM-12+1351FWMZ V0201201N002012200019N0600001N1+02301+01361999999ADDAA199000091GA1021+010509089GF103991021011012501001011KA1240M+02501MA1999999086931MD1999999+0001ME1315399REMSYN092AAXX  10121 67485 32686 31202 10230 20136 38693 48539 82101 333 58000 82835 555 10250 29057;EQDQ01  00002PRCP99
0227674850999992000051112004-11880+033620FM-12+1351FWMZ V0201701N004012200019N0750001N1+02431+01321999999ADDAA199000091GA1041+010509089GF104991041021012501001021KA1240M+02511MA1999999086901MD1999999-0031ME1315369REMSYN092AAXX  11121 67485 32689 41704 10243 20132 38690 48536 84202 333 59003 84835 555 10251 29050;EQDQ01  00002PRCP99
0230674850999992000051206004-11880+033620FM-12+1351FWMZ V0201401N003012200019N0500001N1+01951+01481999999ADDAA199000091GF102991021011008001031001KA1120N+01501MA1999999087091MD1999999-0041ME1315529OA150600901REMSYN100AAXX  12061 67485 32584 21403 10195 20148 38709 48552 82130 333 013// 20150 50461 55098 59004 81825;EQDQ01  00002PRCP99
0227674850999992000051212004-11880+033620FM-12+1351FWMZ V0201301N003010105019N0600001N1+02361+01511999999ADDAA199000091GA1061+010509089GF106991061021012501031001KA1240M+02531MA1999999086911MD1999999+0011ME1315379REMSYN092AAXX  12121 67485 32686 61303 10236 20151 38691 48537 86230 333 58001 86835 555 10253 29061;EQDQ01  00002PRCP99
0204674850999992000051312004-11880+033620FM-12+1351FWMZ V0201101N003012200019N0600001N1+02261+01481999999ADDAA199000091GA1021+009009089GF103991021011012501031001MA1999999087001MD1999999+0151ME1315549REMSYN082AAXX  13121 67485 32686 31103 10226 20148 38700 48554 82130 333 58015 82830 83360;EQDQ01  00002PRCP99
0204674850999992000051412004-11880+033620FM-12+1351FWMZ V0201601N003010105019N0600001N1+02251+01391999999ADDAA199000091GA1061+010509089GF107991061011012501031001MA1999999087001MD1999999+0001ME1315439REMSYN082AAXX  14121 67485 32686 71603 10225 20139 38700 48543 86130 333 58000 86835 83360;EQDQ01  00002PRCP99
0230674850999992000051506004-11880+033620FM-12+1351FWMZ V0201301N003012200019N0600001N1+01841+01391999999ADDAA199000091GF101991011011008001001001KA1120N+01451MA1999999087291MD1999999+0041ME1315719OA150600601REMSYN100AAXX  15061 67485 32586 11303 10184 20139 38729 48571 81100 333 013// 20145 50411 55062 58004 81820;EQDQ01  00002PRCP99
0297674850999992000051606004-11880+033620FM-12+1351FWMZ V0201701N00401030001CN0750001N1+01701+01201999999ADDAA199000091GA1011+007509089GA2071+030009039GF107991011011008001031999KA1240M+02651KA2120N+01501MA1999999087301MD1999999+0011ME1315749OA150600901REMSYN122AAXX  16061 67485 32589 71704 10170 20120 38730 48574 8113/ 333 013// 20150 50411 55094 58001 81825 87360 555 10265 7//11;EQDQ01  00002PRCP99
0227674850999992000051612004-11880+033620FM-12+1351FWMZ V0201201N003010105019N0600001N1+02301+01451999999ADDAA199000091GA1061+010509089GF106991061021012501001001KA1240M+02501MA1999999087081MD1999999+0031ME1315549REMSYN092AAXX  16121 67485 32686 61203 10230 20145 38708 48554 86200 333 58003 86835 555 10250 29083;EQDQ01  00002PRCP99
0230674850999992000051806004-11880+033620FM-12+1351FWMZ V0201601N003012200019N0600001N1+01811+01421999999ADDAA199000091GF101991011011008001031001KA1120N+01231MA1999999084221MD1999999-0011ME1315669OA150601001REMSYN100AAXX  18061 67485 32586 11603 10181 20142 38422 48566 81130 333 012// 20123 50411 55100 59001 81825;EQDQ01  00002PRCP99
0221674850999992000051906004-11880+033620FM-12+1351FWMZ V0201301N003012200019N0600001N1+01901+01341999999ADDAA199000091GA1011+006009029GF101991011011008001001001MA1999999087201MD1999999-0021ME1315649OA150601001REMSYN088AAXX  19061 67485 32586 11303 10190 20134 38720 48564 81100 333 012// 55102 59002 81820;EQDQ01  00002PRCP99
0230674850999992000060606004-11880+033620FM-12+1351FWMZ V0201601N006012200019N0600001N1+01841+01301999999ADDAA199000091GF101991011051008001001001KA1120N+01551MA1999999087131MD1999999-0111ME1315559OA150601001REMSYN100AAXX  06061 67485 32586 11606 10184 20130 38713 48555 81500 333 014// 20155 50461 55103 59011 81620;EQDQ01  00002PRCP99
0230674850999992000060706004-11880+033620FM-12+1351FWMZ V0200901N005012200019N0600001N1+01801+01321999999ADDAA199000091GF101991011011008001031001KA1120N+01301MA1999999087301MD1999999+0171ME1315709OA150601001REMSYN100AAXX  07061 67485 32586 10905 10180 20132 38730 48570 81130 333 011// 20130 50461 55107 58017 81825;EQDQ01  00002PRCP99
0198674850999992000060712004-11880+033620FM-12+1351FWMZ V0200901N003010105019N0600001N1+02151+01301999999ADDAA199000091GA1051+010509029GF106991051011012501031001MA1999999087161MD1999999-0021ME1315609REMSYN076AAXX  07121 67485 32686 60903 10215 20130 38716 48560 85130 333 59002 85835;EQDQ01  00002PRCP99
0209674850999992000060906004-11880+033620FM-12+1351FWMZ V0200801N005012200019N0750001N1+01781+01331999999ADDAA199000091GF101991011011008001001001KA1120N+01271MD1999999+0011ME1315789OA150601001REMSYN094AAXX  09061 67485 32589 10805 10178 20133 48578 81100 333 011// 20127 50411 55104 58001 81825;EQDQ01  00002PRCP99
0243674850999992000060912004-11880+033620FM-12+1351FWMZ V0200701N004012200019N0600001N1+02651+01091999999ADDAA199000091GA1021+012009089GF102991011011012501001001KA1240M+99999MA1999999087201MD1999999-0041ME1315669REMSYN092AAXX  09121 67485 32686 20704 10265 20109 38720 48566 81100 333 59004 82840 555 10245 29044;EQDQ01  00002PRCP99Q02 +02452ATMX  
0240674850999992000061006004-11880+033620FM-12+1351FWMZ V0201201N003012200019N0600001N1+01701+01201999999ADDAA199000091GA1011+006009029GF101991011011012501001001KA1120N+01241MA1999999087261MD1999999-0121ME1315689OA150601101REMSYN094AAXX  10061 67485 32686 11203 10170 20120 38726 48568 81100 333 010// 20124 55110 59012 81820;EQDQ01  00002PRCP99
0230674850999992000061106004-11880+033620FM-12+1351FWMZ V0201001N004012200019N0600001N1+01761+01161999999ADDAA199000091GF101991011011008001001001KA1120N+01201MA1999999087251MD1999999-0011ME1315689OA150600901REMSYN100AAXX  11061 67485 32586 11004 10176 20116 38725 48568 81100 333 009// 20120 50461 55095 59001 81820;EQDQ01  00002PRCP99
0230674850999992000061206004-11880+033620FM-12+1351FWMZ V0201001N004012200019N0600001N1+01841+01211999999ADDAA199000091GF101991011011008001031001KA1120N+01301MA1999999087211MD1999999-0041ME1315639OA150600901REMSYN100AAXX  12061 67485 32586 11004 10184 20121 38721 48563 81130 333 010// 20130 50411 55093 59004 81820;EQDQ01  00002PRCP99
0204674850999992000061212004-11880+033620FM-12+1351FWMZ V0200601N00501045001CN0750001N1+01951+01221999999ADDAA199000091GA1011+009009089GF107991011021012501031001MA1999999087151MD1999999+0131ME1315589REMSYN082AAXX  12121 67485 32689 70605 10195 20122 38715 48558 81230 333 58013 81830 87360;EQDQ01  00002PRCP99
0198674850999992000061312004-11880+033620FM-12+1351FWMZ V0200901N005012200019N0750001N1+02091+01731999999ADDAA199000091GA1011+012009029GF101991011011012501001001MA1999999087181MD1999999+0031ME1315619REMSYN076AAXX  13121 67485 32689 10905 10209 20173 38718 48561 81100 333 58003 81840;EQDQ01  00002PRCP99
0210674850999992000062106004-11870+033610FM-12+1351FWMZ V0201101N00401105001CN0500001N1+01741+01281999999ADDAA199000091GA1011+007509089GF105991011011008001031061MA1999999087061MD1999999-0051ME1315489REMSYN088AAXX  21061 67485 32584 51104 10174 20128 38706 48548 81136 333 009// 59005 81825 85280;EQDQ01  00002PRCP99
0230674850999992000062506004-11870+033610FM-12+1351FWMZ V0200801N006012200019N0600001N1+01811+01241999999ADDAA199000091GF102991011011008001031001KA1120N+01441MA1999999087091MD1999999-0081ME1315529OA150601001REMSYN100AAXX  25061 67485 32586 20806 10181 20124 38709 48552 81130 333 012// 20144 50411 55109 59008 81820;EQDQ01  00002PRCP99
0198674850999992000062512004-11870+033610FM-12+1351FWMZ V0200901N004012200019N0600001N1+02201+01221999999ADDAA199000091GA1031+010509029GF103991031011012501031001MA1999999086981MD1999999-0011ME1315439REMSYN076AAXX  25121 67485 32686 30904 10220 20122 38698 48543 83130 333 59001 83835;EQDQ01  00002PRCP99
0198674850999992000062812004-11870+033610FM-12+1351FWMZ V0200701N006012200019N0750001N1+02071+00811999999ADDAA199000091GA1021+010509029GF102991021011012501001001MA1999999087111MD1999999-0021ME1315559REMSYN076AAXX  28121 67485 32689 20706 10207 20081 38711 48555 82100 333 59002 82835;EQDQ01  00002PRCP99
0224674850999992000062906004-11870+033610FM-12+1351FWMZ V0201001N006012200019N0600001N1+01511+00991999999ADDAA199000091GF101991011011008001001001KA1120N+01261MA1999999087301MD1999999-0011ME1315699OA150601001REMSYN094AAXX  29061 67485 32586 11006 10151 20099 38730 48569 81100 333 20126 50461 55109 59001 81825;EQDQ01  00002PRCP99
0224674850999992000063006004-11870+033610FM-12+1351FWMZ V0201401N006012200019N0600001N1+01461+00821999999ADDAA199000091GF101991011051008001001001KA1120N+01141MA1999999089261MD1999999-0041ME1315669OA150601101REMSYN094AAXX  30061 67485 32586 11406 10146 20082 38926 48566 81500 333 20114 50461 55110 59004 81620;EQDQ01  00002PRCP99
0214674850999992000070306004-11870+033610FM-12+1351FWMZ V0200901N006012200019N0600001N1+01311+00991999999ADDAA199000091GA1011+006009029GF101991011011008001031001KA1120N+00981MA1999999087101ME1315499OA150600801REMSYN082AAXX  03061 67485 32586 10906 10131 20099 38710 48549 81130 333 20098 55083 81820;EQDQ01  00002PRCP99
0224674850999992000070606004-11870+033610FM-12+1351FWMZ V0201301N005012200019N0600001N1+01351+01011999999ADDAA199000091GF101991011051008001001001KA1120N+00941MA1999999087281MD1999999+0101ME1315699OA150601101REMSYN094AAXX  06061 67485 32586 11305 10135 20101 38728 48569 81500 333 20094 50361 55111 58010 81620;EQDQ01  00002PRCP99
0194674850999992000071712004-11870+033610FM-12+1351FWMZ V0201601N005012200019N0600001N1+02141+00771999999ADDAA199000091GA1011+090009019GF101991001001999999001011MA1999999087191ME1315639REMSYN070AAXX  17121 67485 32686 11605 10214 20077 38719 48563 80001 333 81080;EQDQ01+012502SCOLCBQ02  00002PRCP99
0224674850999992000071806004-11870+033610FM-12+1351FWMZ V0209999C000012200019N0600001N1+01361+01071999999ADDAA199000091GF104991041051002501001001KA1120N+00801MA1999999087251MD1999999-0051ME1315679OA150601101REMSYN094AAXX  18061 67485 32386 40000 10136 20107 38725 48567 84500 333 20080 50411 55111 59005 84615;EQDQ01  00002PRCP99
0214674850999992000071812004-11870+033610FM-12+1351FWMZ V0201001N005010120019N0750001N1+02101+01001999999ADDAA199000091GA1051+012009029GF105991999051012501001001MA1999999087051MD1999999-0141ME1315509REMSYN076AAXX  18121 67485 32689 51005 10210 20100 38705 48550 81500 333 59014 85840;EQDQ01+000012SCOTLCQ02  00002PRCP99
0204674850999992000072006004-11870+033610FM-12+1351FWMZ V0200901N003012200019N0600001N1+01651+01081999999ADDAA199000091GF101991001001999999001011KA1120N+01051MA1999999086891ME1315339OA150601101REMSYN088AAXX  20061 67485 32986 10903 10165 20108 38689 48533 80001 333 20105 50461 55110 59011;EQDQ01  00002PRCP99
0154674850999992000072012004-11870+033610FM-12+1351FWMZ V0209999C000012200019N0750001N1+02471+00821999999ADDAA199000091GA1011+013509029GF101991011011012501001021REMSYN070AAXX  20121 67485 32689 10000 10247 20082 3//// 48/// 81102 333 81845;EQDQ01  00002PRCP99
0196674850999992000072106004-11870+033610FM-12+1351FWMZ V0201301N004012200019N0750001N1+01731+00931999999ADDAA199000091GA1011+090009019GF101991001001999999001021KA1120N+01221OA150601001REMSYN088AAXX  21061 67485 32989 11304 10173 20093 3//// 48/// 80002 333 20122 50511 55109 81080;EQDQ01  00002PRCP99
0178674850999992000072112004-11870+033610FM-12+1351FWMZ V0200901N004012200019N0750001N1+02341+00731999999ADDAA199000091GA1011+013509029GF101991011011012501001011MA1999999086891ME1315359REMSYN070AAXX  21121 67485 32689 10904 10234 20073 38689 48535 81101 333 81845;EQDQ01  00002PRCP99
0237674850999992000072206004-11870+033610FM-12+1351FWMZ V0201001N004012200019N0200001N1+01661+01141999999ADDAA199000091AY101061AY201061GA1011+006009059GF102991011051008001001011KA1120N+00901MA1999999087131ME1315559MW1051REMSYN094AAXX  22061 67485 31570 21004 10166 20114 38713 48555 70500 81501 333 20090 50511 55/// 81620;EQDQ01  00002PRCP99
0226674850999992000072212004-11870+033610FM-12+1351FWMZ V0200901N005012200019N0200001N1+02101+01011999999ADDAA199000091AY111061AY211061GA1041+012009029GF104991041011012501001011MA1999999087061MD1999999+0171ME1315519MW1051REMSYN082AAXX  22121 67485 31670 40905 10210 20101 38706 48551 70511 84101 333 58017 84840;EQDQ01  00002PRCP99
0274674850999992000072306004-11870+033610FM-12+1351FWMZ V0201301N004010450019N0200001N1+01591+01021999999ADDAA199000091AY121061AY221061GA1021+006009069GF106991021051008001031001KA1120N+00911MA1999999087281MD1999999+0151ME1315719MW1051OA150601001REMSYN106AAXX  23061 67485 31570 61304 10159 20102 38728 48571 70522 82530 333 20091 50461 55103 58015 82620 85359;EQDQ01  00002PRCP99
0204674850999992000072312004-11870+033610FM-12+1351FWMZ V0201501N00501045001CN0500001N1+01851+00591999999ADDAA199000091GA1031+009009089GF105991031011012501031001MA1999999087171MD1999999+0111ME1315609REMSYN082AAXX  23121 67485 32684 51505 10185 20059 38717 48560 83130 333 58011 83830 85359;EQDQ01  00002PRCP99
0224674850999992000072406004-11870+033610FM-12+1351FWMZ V0201101N005012200019N0600001N1+01551+00931999999ADDAA199000091GF102991021011008001031001KA1120N+01151MA1999999087191MD1999999-0091ME1315639OA150600801REMSYN094AAXX  24061 67485 32586 21105 10155 20093 38719 48563 82130 333 20115 50361 55080 59009 82825;EQDQ01  00002PRCP99
0198674850999992000072412004-11870+033610FM-12+1351FWMZ V0201401N004010105019N0750001N1+01761+00761999999ADDAA199000091GA1071+010509029GF107991071021012501999999MA1999999087101MD1999999-0071ME1315529REMSYN076AAXX  24121 67485 32689 71404 10176 20076 38710 48552 872// 333 59007 87835;EQDQ01  00002PRCP99
0224674850999992000072506004-11870+033610FM-12+1351FWMZ V0201201N004012200019N0100001N1+01501+00981999999ADDAA199000091GF101991011011008001031001KA1120N+00701MA1999999087101MD1999999-0091ME1315479OA150600501REMSYN094AAXX  25061 67485 32560 11204 10150 20098 38710 48547 81130 333 20070 50411 55056 59009 81820;EQDQ01  00002PRCP99
0224674850999992000072606004-11870+033610FM-12+1351FWMZ V0200901N001012200019N0500001N1+01581+01011999999ADDAA199000091GF102991011011008001031001KA1120N+00901MA1999999087301MD1999999+0201ME1315699OA150600801REMSYN094AAXX  26061 67485 32584 20901 10158 20101 38730 48569 81130 333 20090 50411 55086 58020 81825;EQDQ01  00002PRCP99
0198674850999992000072612004-11870+033610FM-12+1351FWMZ V0201501N004010105019N0750001N1+01951+00831999999ADDAA199000091GA1061+010509029GF106991061011012501001001MA1999999087201MD1999999-0201ME1315639REMSYN076AAXX  26121 67485 32689 61504 10195 20083 38720 48563 86100 333 59020 86835;EQDQ01  00002PRCP99
0198674850999992000072712004-11870+033610FM-12+1351FWMZ V0201301N003010120019N0750001N1+01821+00711999999ADDAA199000091GA1061+012009029GF106991061021012501001001MA1999999087101MD1999999-0101ME1315529REMSYN076AAXX  27121 67485 32689 61303 10182 20071 38710 48552 86200 333 59010 86840;EQDQ01  00002PRCP99
0178674850999992000072912004-11870+033610FM-12+1351FWMZ V0201101N003010135019N0750001N1+02191+00851999999ADDAA199000091GA1051+013509029GF105991051011012501001001MA1999999086821ME1315279REMSYN070AAXX  29121 67485 32689 51103 10219 20085 38682 48527 85100 333 85845;EQDQ01  00002PRCP99
0297674850999992000073006004-11870+033610FM-12+1351FWMZ V0200901N004012200019N0200001N1+01751+01261999999ADDAA199000091AY101061AY201061GA1011+006009089GF101991011011008001001001KA1240M+02351KA2120N+01541MA1999999087081MD1999999+0141ME1315519MW1051OA150601001REMSYN116AAXX  30061 67485 31570 10904 10175 20126 38708 48551 70500 81100 333 20154 50511 55107 58014 81820 555 10235 7//11;EQDQ01  00002PRCP99
0226674850999992000073112004-11870+033610FM-12+1351FWMZ V0201301N004012200019N0200001N1+02381+01321999999ADDAA199000091AY101061AY201061GA1041+010509029GF104991041011012501001001MA1999999086821MD1999999-0051ME1315299MW1051REMSYN082AAXX  31121 67485 31670 41304 10238 20132 38682 48529 70500 84100 333 59005 84835;EQDQ01  00002PRCP99
0226674850999992000080112004-11870+033610FM-12+1351FWMZ V0201201N004012200019N0150001N1+02511+01251999999ADDAA199000091AY101061AY201061GA1031+012009029GF103991031011012501001001MA1999999086901MD1999999+0071ME1315379MW1051REMSYN082AAXX  01121 67485 31665 31204 10251 20125 38690 48537 70500 83100 333 58007 83840;EQDQ01  00002PRCP99
0245674850999992000080206004-11870+033610FM-12+1351FWMZ V0201401N006012200019N0200001N1+01831+01321999999ADDAA199000091AY101061AY201061GA1011+007509029GF101991011011008001001001KA1120N+01511MA1999999087101MD1999999+0081ME1315539MW1051REMSYN088AAXX  02061 67485 31570 11406 10183 20132 38710 48553 70500 81100 333 20151 58008 81825;EQDQ01  00002PRCP99
0252674850999992000080306004-11870+033610FM-12+1351FWMZ V0201801N003012200019N0200001N1+01761+01271999999ADDAA199000091AY101061AY201061GF101991011011008001001001KA1120N+01361MA1999999087101MD1999999+0001ME1315529MW1051OA150600901REMSYN100AAXX  03061 67485 31570 11803 10176 20127 38710 48552 70500 81100 333 20136 50461 55096 58000 81825;EQDQ01  00002PRCP99
0226674850999992000080312004-11870+033610FM-12+1351FWMZ V0201101N002012200019N0200001N1+02471+01081999999ADDAA199000091AY101061AY201061GA1041+012009029GF104991041011012501001001MA1999999086911MD1999999-0061ME1315389MW1051REMSYN082AAXX  03121 67485 31670 41102 10247 20108 38691 48538 70500 84100 333 59006 84840;EQDQ01  00002PRCP99
0237674850999992000080406004-11870+033610FM-12+1351FWMZ V0201801N005012200019N0200001N1+01831+01241999999ADDAA199000091AY101061AY201061GF101991011011008001031001KA1120N+01481MA1999999087141MD1999999+0041MW1051OA150601001REMSYN094AAXX  04061 67485 31570 11805 10183 20124 38714 70500 81130 333 20148 50561 55106 58004 81825;EQDQ01  00002PRCP99
0237674850999992000080407004-11870+033610FM-12+1351FWMZ V0201801N005012200019N0200001N1+01831+01241999999ADDAA199000091AY101011AY201011GF101991011011008001031001KA1120N+01481MA1999999087141MD1999999+0041MW1051OA159901001REMSYN094AAXX  04071 67485 31570 11805 10183 20124 38714 70500 81130 333 20148 50561 55106 58004 81825;EQDQ01  00002PRCP99
0252674850999992000080506004-11870+033610FM-12+1351FWMZ V0201401N006012200019N0200001N1+01801+01231999999ADDAA199000091AY101061AY201061GF101991011011008001001001KA1120N+01501MA1999999087171MD1999999+0031ME1315599MW1051OA150601101REMSYN100AAXX  05061 67485 31570 11406 10180 20123 38717 48559 70500 81100 333 20150 50461 55110 58003 81825;EQDQ01  00002PRCP99
0297674850999992000080906004-11870+033610FM-12+1351FWMZ V0201401N004012200019N0150001N1+01601+01101999999ADDAA199000091AY101061AY201061GA1011+006009069GF101991011051008001001011KA1240M+02351KA2120N+01211MA1999999087221MD1999999-0081ME1315649MW1051OA150600801REMSYN116AAXX  09061 67485 31565 11404 10160 20110 38722 48564 70500 81501 333 20121 50461 55086 59008 81620 555 10235 7//11;EQDQ01  00002PRCP99
0226674850999992000080912004-11870+033610FM-12+1351FWMZ V0201301N004010120019N0150001N1+02251+01121999999ADDAA199000091AY111061AY211061GA1051+012009029GF105991051011012501001001MA1999999087001MD1999999-0011ME1315469MW1051REMSYN082AAXX  09121 67485 31665 51304 10225 20112 38700 48546 70511 85100 333 59001 85840;EQDQ01  00002PRCP99
0216674850999992000081006004-11870+033610FM-12+1351FWMZ V0201101N003012200019N0200001N1+01651+01141999999ADDAA199000091AY101061AY201061GF102991011011008001001021KA1120N+01201MD1999999+0021MW1051OA150601001REMSYN088AAXX  10061 67485 31570 21103 10165 20114 70500 81102 333 20120 50511 55101 58002 81825;EQDQ01  00002PRCP99
0274674850999992000081306004-11870+033610FM-12+1351FWMZ V0201601N005010450019N0200001N1+01501+00881999999ADDAA199000091AY111061AY211061GA1011+007509089GF107991011011008001031999KA1120N+01301MA1999999087201MD1999999+0151ME1315629MW1051OA150601001REMSYN106AAXX  13061 67485 31570 71605 10150 20088 38720 48562 70511 8113/ 333 20130 50511 55103 58015 81825 87360;EQDQ01  00002PRCP99
0252674850999992000081406004-11870+033610FM-12+1351FWMZ V0201101N005012200019N0200001N1+01471+01091999999ADDAA199000091AY101061AY201061GF101991011011008001031001KA1120N+01141MA1999999087261MD1999999+0061ME1315669MW1051OA150600601REMSYN100AAXX  14061 67485 31570 11105 10147 20109 38726 48566 70500 81130 333 20114 50511 55067 58006 81825;EQDQ01  00002PRCP99
0198674850999992000081512004-11870+033610FM-12+1351FWMZ V0201101N002010105019N0600001N1+02051+00921999999ADDAA199000091GA1061+010509029GF106991061021012501001001MA1999999087161MD1999999+0071ME1315609REMSYN076AAXX  15121 67485 32686 61102 10205 20092 38716 48560 86200 333 58007 86835;EQDQ01  00002PRCP99
0224674850999992000081606004-11870+033610FM-12+1351FWMZ V0200901N005012200019N0300001N1+01611+01161999999ADDAA199000091GF102991021011008001001001KA1120N+01211MA1999999087301MD1999999-0031ME1315759OA150600901REMSYN094AAXX  16061 67485 32580 20905 10161 20116 38730 48575 82100 333 20121 50411 55092 59003 82820;EQDQ01  00002PRCP99
0246674850999992000081706004-11870+033610FM-12+1351FWMZ V0200901N004012200019N0150001N1+01651+01241999999ADDAA199000091AY101061AY201061GF103991999999012501999999KA1120N+00961MA1999999087201MD1999999-0101ME1315649MW1051OA150600801REMSYN094AAXX  17061 67485 31665 30904 10165 20124 38720 48564 70500 333 20096 50411 55088 59010 83620;EQDQ01  00002PRCP99
0226674850999992000081712004-11870+033610FM-12+1351FWMZ V0201101N003010105019N0200001N1+02121+01101999999ADDAA199000091AY111061AY211061GA1061+010509029GF106991061021012501001001MA1999999087021MD1999999-0021ME1315479MW1051REMSYN082AAXX  17121 67485 31670 61103 10212 20110 38702 48547 70511 86200 333 59002 86835;EQDQ01  00002PRCP99
0252674850999992000081806004-11870+033610FM-12+1351FWMZ V0201201N004012200019N0200001N1+01761+01171999999ADDAA199000091AY101061AY201061GF101991011011008001001001KA1120N+01261MA1999999087291MD1999999+0091ME1315719MW1051OA150600901REMSYN100AAXX  18061 67485 31570 11204 10176 20117 38729 48571 70500 81100 333 20126 50511 55099 58009 81825;EQDQ01  00002PRCP99
0252674850999992000082006004-11870+033610FM-12+1351FWMZ V0201601N004010450019N0150001N1+01841+01211999999ADDAA199000091AY111061AY211061GF105991041051012501031001KA1120N+00951MA1999999086371MD1999999+0081ME1315819MW1051OA150601101REMSYN100AAXX  20061 67485 31665 51604 10184 20121 38637 48581 70511 84530 333 20095 50511 55110 58008 84620;EQDQ01  00002PRCP99
0232674850999992000082106004-11870+033610FM-12+1351FWMZ V0201301N004010075019N0100001N1+01641+01171999999ADDAA199000091AY121061AY221061GF106991061051008001001001KA1120N+00911MA1999999087241ME1315669MW1051OA150600901REMSYN094AAXX  21061 67485 31560 61304 10164 20117 38724 48566 70522 86500 333 20091 50461 55096 59013;EQDQ01  00002PRCP99
0252674850999992000082406004-11870+033610FM-12+1351FWMZ V0200401N004012200019N0080001N1+01851+01191999999ADDAA199000091AY101061AY201061GF101991011011008001001001KA1120N+01441MA1999999087181MD1999999-0091ME1315629MW1051OA150601001REMSYN100AAXX  24061 67485 31558 10404 10185 20119 38718 48562 70500 81100 333 20144 50561 55108 59009 81825;EQDQ01  00002PRCP99
0252674850999992000082606004-11870+033610FM-12+1351FWMZ V0201401N005012200019N0080001N1+01711+01191999999ADDAA199000091AY101061AY201061GF101991011011008001001021KA1120N+01361MA1999999087201MD1999999+0031ME1315629MW1051OA150601001REMSYN100AAXX  26061 67485 31558 11405 10171 20119 38720 48562 70500 81102 333 20136 50611 55108 58003 81820;EQDQ01  00002PRCP99
0226674850999992000082712004-11870+033610FM-12+1351FWMZ V0201501N004012200019N0070001N1+02321+01181999999ADDAA199000091AY101061AY201061GA1041+012009029GF104991041011012501001001MA1999999087061MD1999999+0061ME1315529MW1051REMSYN082AAXX  27121 67485 31657 41504 10232 20118 38706 48552 70500 84100 333 58006 84840;EQDQ01  00002PRCP99
0232674850999992000082812004-11870+033610FM-12+1351FWMZ V0201301N00501105001CN0150001N1+02251+01201999999ADDAA199000091AY111061AY211061GA1041+012009089GF107991041011012501001081MA1999999086991MD1999999-0071ME1315459MW1051REMSYN088AAXX  28121 67485 31665 71305 10225 20120 38699 48545 70511 84108 333 59007 84840 87280;EQDQ01  00002PRCP99
0252674850999992000082906004-11870+033610FM-12+1351FWMZ V0201301N004012200019N0200001N1+01801+01321999999ADDAA199000091AY111061AY211061GF102991011011008001001011KA1120N+01301MA1999999087161MD1999999-0041ME1315589MW1051OA150600901REMSYN100AAXX  29061 67485 31570 21304 10180 20132 38716 48558 70511 81101 333 20130 50511 55095 59004 81820;EQDQ01  00002PRCP99
0226674850999992000083012004-11870+033610FM-12+1351FWMZ V0201401N004010120019N0200001N1+02461+01301999999ADDAA199000091AY111061AY211061GA1051+012009029GF105991051011012501001001MA1999999086781MD1999999-0111ME1315269MW1051REMSYN082AAXX  30121 67485 31670 51404 10246 20130 38678 48526 70511 85100 333 59011 85840;EQDQ01  00002PRCP99
0226674850999992000090112004-11870+033610FM-12+1351FWMZ V0201201N003012200019N0150001N1+02651+01021999999ADDAA199000091AY101061AY201061GA1011+012009029GF101991011011012501001001MA1999999086801MD1999999+0101ME1315289MW1051REMSYN082AAXX  01121 67485 31665 11203 10265 20102 38680 48528 70500 81100 333 58010 81840;EQDQ01  00002PRCP99
0252674850999992000090206004-11870+033610FM-12+1351FWMZ V0200901N004012200019N0200001N1+02021+00991999999ADDAA199000091AY101061AY201061GF101991001001999999001011KA1120N+01091MA1999999086971MD1999999+0021ME1315449MW1051OA150601101REMSYN100AAXX  02061 67485 31970 10904 10202 20099 38697 48544 70500 80001 333 20109 50711 55110 58002 81080;EQDQ01  00002PRCP99
0252674850999992000090306004-11870+033610FM-12+1351FWMZ V0200701N004012200019N0200001N1+02101+01021999999ADDAA199000091AY101061AY201061GF101991001001999999001011KA1120N+01501MA1999999086881MD1999999-0091ME1315369MW1051OA150601001REMSYN100AAXX  03061 67485 31970 10704 10210 20102 38688 48536 70500 80001 333 20150 50711 55108 59009 81080;EQDQ01  00002PRCP99
0226674850999992000090312004-11870+033610FM-12+1351FWMZ V0201801N003012200019N0200001N1+02841+00881999999ADDAA199000091AY101061AY201061GA1011+013509029GF101991011011012501001001MA1999999086541MD1999999-0221ME1315049MW1051REMSYN082AAXX  03121 67485 31670 11803 10284 20088 38654 48504 70500 81100 333 59022 81845;EQDQ01  00002PRCP99
0242674850999992000090406004-11870+033610FM-12+1351FWMZ V0201301N003012200019N0200001N1+02101+01301999999ADDAA199000091AY101061AY201061GA1001+999999999GF100991001001999999001001KA1120N+01621MA1999999086811ME1315299MW1051OA150601001REMSYN088AAXX  04061 67485 31970 01303 10210 20130 38681 48529 70500 333 20162 50611 55108 59007;EQDQ01  00002PRCP99
0232674850999992000090612004-11870+033610FM-12+1351FWMZ V0200901N00401105001CN0150001N1+02711+01161999999ADDAA199000091AY121061AY221061GA1011+013509089GF106991011011012501001081MA1999999086651MD1999999+0021ME1315149MW1051REMSYN088AAXX  06121 67485 31665 60904 10271 20116 38665 48514 70522 81108 333 58002 81845 86282;EQDQ01  00002PRCP99
0226674850999992000090712004-11870+033610FM-12+1351FWMZ V0201101N003012200019N0200001N1+02851+01071999999ADDAA199000091AY101061AY201061GA1041+013509029GF104991041011012501001011MA1999999086421MD1999999-0231ME1314899MW1051REMSYN082AAXX  07121 67485 31670 41103 10285 20107 38642 48489 70500 84101 333 59023 84845;EQDQ01  00002PRCP99
0252674850999992000091206004-11870+033610FM-12+1351FWMZ V0200801N005010450019N0200001N1+01941+01341999999ADDAA199000091AY111061AY211061GF105991041011008001031001KA1120N+01601MA1999999087081MD1999999+0181ME1315549MW1051OA150601001REMSYN100AAXX  12061 67485 31570 50805 10194 20134 38708 48554 70511 84130 333 20160 50711 55109 58018 84820;EQDQ01  00002PRCP99
0252674850999992000091306004-11870+033610FM-12+1351FWMZ V0200701N003012200019N0100001N1+01961+01221999999ADDAA199000091AY101061AY201061GF101991011011008001001001KA1120N+01051MA1999999087061MD1999999-0021ME1315439MW1051OA150600801REMSYN100AAXX  13061 67485 31560 10703 10196 20122 38706 48543 70500 81100 333 20105 50661 55080 59002 81825;EQDQ01  00002PRCP99
0226674850999992000091412004-11870+033610FM-12+1351FWMZ V0200601N006012200019N0200001N1+02781+01211999999ADDAA199000091AY101061AY201061GA1011+015009029GF101991011021017501001001MA1999999086801MD1999999+0141ME1315299MW1051REMSYN082AAXX  14121 67485 31770 10606 10278 20121 38680 48529 70500 81200 333 58014 81850;EQDQ01  00002PRCP99
0226674850999992000091512004-11870+033610FM-12+1351FWMZ V0201101N005012200019N0200001N1+02841+00971999999ADDAA199000091AY101061AY201061GA1011+015009029GF101991011011017501001001MA1999999086811MD1999999+0011ME1315309MW1051REMSYN082AAXX  15121 67485 31770 11105 10284 20097 38681 48530 70500 81100 333 58001 81850;EQDQ01  00002PRCP99
0242674850999992000091706004-11870+033610FM-12+1351FWMZ V0201101N004012200019N0090001N1+01961+01231999999ADDAA199000091AY101061AY201061GA1001+999999999GF100991001001999999001001KA1120N+01361MA1999999087011ME1315489MW1051OA150601101REMSYN088AAXX  17061 67485 31959 01104 10196 20123 38701 48548 70500 333 20136 50771 55112 58007;EQDQ01  00002PRCP99
0242674850999992000091806004-11870+033610FM-12+1351FWMZ V0200801N004012200019N0080001N1+02281+00981999999ADDAA199000091AY101061AY201061GA1001+999999999GF100991001001999999001001KA1120N+01641MA1999999086991ME1315499MW1051OA150601001REMSYN088AAXX  18061 67485 31958 00804 10228 20098 38699 48549 70500 333 20164 50711 55109 59002;EQDQ01  00002PRCP99
0242674850999992000091912004-11870+033610FM-12+1351FWMZ V0201201N004012200019N0150001N1+02541+01161999999ADDAA199000091AY101061AY201061GA1021+015009029GF102991999011017501001001MA1999999086781MD1999999+0101ME1315269MW1051REMSYN082AAXX  19121 67485 31765 21204 10254 20116 38678 48526 70500 81100 333 58010 82850;EQDQ01+000012SCOTLCQ02  00002PRCP99
0274674850999992000092106004-11870+033610FM-12+1351FWMZ V0201001N006010075019N0070001N1+01801+01091999999ADDAA199000091AY121061AY221061GA1031+007509089GF107991071011008001031999KA1120N+01561MA1999999087141MD1999999+0011ME1315609MW1051OA150600801REMSYN106AAXX  21061 67485 31557 71006 10180 20109 38714 48560 70522 8713/ 333 20156 50261 55088 58001 83825 87360;EQDQ01  00002PRCP99
0290674850999992000092206004-11870+033610FM-12+1351FWMZ V0201001N005011050019N0090001N1+01791+01141999999ADDAA199000091AY121061AY221061GA1011+009009089GF106991011011008001001081KA1120N+01151MA1999999087161MD1999999+0021ME1315629MW1051OA150699999REMSYN106AAXX  22061 67485 31559 61005 10179 20114 38716 48562 70522 81108 333 20115 50611 55040 58002 81830 86275;EQDQ01  00002PRCP99Q02  00402WGOSPD
0252674850999992000092306004-11870+033610FM-12+1351FWMZ V0201201N003012200019N0060001N1+02001+01001999999ADDAA199000091AY101061AY201061GF101991011011008001001021KA1120N+01411MA1999999087111MD1999999-0051ME1315589MW1051OA150600801REMSYN100AAXX  23061 67485 31556 11203 10200 20100 38711 48558 70500 81102 333 20141 50561 55087 59005 81825;EQDQ01  00002PRCP99
0226674850999992000092312004-11870+033610FM-12+1351FWMZ V0201501N002010120019N0060001N1+02481+00991999999ADDAA199000091AY111061AY211061GA1051+012009029GF105991051021012501001011MA1999999086801MD1999999-0201ME1315279MW1051REMSYN082AAXX  23121 67485 31656 51502 10248 20099 38680 48527 70511 85201 333 59020 85840;EQDQ01  00002PRCP99
0297674850999992000092406004-11870+033610FM-12+1351FWMZ V0200901N005012200019N0090001N1+02051+01281999999ADDAA199000091AY101061AY201061GA1011+007509089GF101991011011008001001021KA1240M+02571KA2120N+01421MA1999999086991MD1999999-0121ME1315479MW1051OA150600901REMSYN116AAXX  24061 67485 31559 10905 10205 20128 38699 48547 70500 81102 333 20142 50611 55099 59012 81825 555 10257 7//11;EQDQ01  00002PRCP99
0239674850999992000092506004-11870+033610FM-12+1351FWMZ V0200901N005012200019N0100001N1+02151+01271999999ADDAA199000091AY101061AY201061GA1001+999999999GF100991001001999999001001KA1120N+01551MA1999999086951MD1999999-0041ME1315449MW1051REMSYN082AAXX  25061 67485 31960 00905 10215 20127 38695 48544 70500 333 20155 50511 59004;EQDQ01  00002PRCP99
0226674850999992000092612004-11870+033610FM-12+1351FWMZ V0201201N002010135019N0200001N1+02611+00831999999ADDAA199000091AY111061AY211061GA1051+013509029GF105991051021012501001001MA1999999086671MD1999999-0121ME1315159MW1051REMSYN082AAXX  26121 67485 31670 51202 10261 20083 38667 48515 70511 85200 333 59012 85845;EQDQ01  00002PRCP99
0252674850999992000092806004-11870+033610FM-12+1351FWMZ V0201201N004012200019N0100001N1+02011+01251999999ADDAA199000091AY111061AY211061GF105991041011008001001011KA1120N+01651MA1999999087081MD1999999+0181ME1315549MW1051OA150601001REMSYN100AAXX  28061 67485 31560 51204 10201 20125 38708 48554 70511 84101 333 20165 50771 55105 58018 84825;EQDQ01  00002PRCP99
0267674850999992000103106004-11870+033610FM-12+1351FWMZ V0201001N003010450019N0200001N1+02101+01711999999ADDAA124026991AY121061AY221061GA1011+007509089GF107991011011008001031999KA1120N+01651MA1999999086651MD1999999-0021ME1315149MW1051OA150600501REMSYN118AAXX  31061 67485 11570 71003 10210 20171 38665 48514 60274 70522 8113/ 333 20165 50141 55055 59002 70270 81825 87360;
0232674850999992000103112004-11870+033610FM-12+1351FWMZ V0200301N00301045001CN0200001N1+02301+01711999999ADDAA199000091AY191061AY221061GA1011+009009099GF107991021091012501071001MA1999999086681MD1999999+0281ME1315159MW1171REMSYN088AAXX  31121 67485 31670 70303 10230 20171 38668 48515 71792 82970 333 58028 81930 87359;EQDQ01  00002PRCP99
0261674850999992000110106004-11870+033610FM-12+1351FWMZ V0209999C00001045001CN0150001N1+02081+01671999999ADDAA124002091AY121061AY221061GA1031+007509089GF106991031011008001031011KA1120N+01761MA1999999086891MD1999999+0241ME1315369MW1051OA150600101REMSYN112AAXX  01061 67485 11565 60000 10208 20167 38689 48536 60024 70522 83131 333 20176 55010 58024 70015 83825 85360;
0254674850999992000110109004-11870+033610FM-12+1351FWMZ V0203001N00301045001CN0600001N1+02201+01661999999ADDAA199000091AY191031AY221031GA1011+006009099GA2041+007509089GF107991041091008001071011MA1999999086811MD1999999+0011ME1315299MW1171REMSYN094AAXX  01091 67485 31586 73003 10220 20166 38681 48529 71792 84971 333 58001 81920 84825 86359;EQDQ01  00002PRCP99
0239674850999992000110306004-11870+033610FM-12+1351FWMZ V0209999C000010450019N0300001N1+02301+01541999999ADDAA124038191GA1011+006009069GF107991011051008001071001KA1120N+01701MA1999999086621MD1999999-0101ME1315129OA150600401REMSYN112AAXX  03061 67485 12580 70000 10230 20154 38662 48512 60384 81570 333 20170 50591 55048 59010 70375 81620 87360;
0254674850999992000110312004-11870+033610FM-12+1351FWMZ V0200601N00201045001CN0300001N1+02541+01571999999ADDAA199000091AY121061AY221061GA1011+009009099GA2031+010509089GF107991041021012501031999MA1999999086301MD1999999-0041ME1314789MW1171REMSYN094AAXX  03121 67485 31680 70602 10254 20157 38630 48478 71722 8423/ 333 59004 81930 83835 87360;EQDQ01  00002PRCP99
0239674850999992000110906004-11870+033610FM-12+1351FWMZ V0209999C000010450019N0300001N1+02201+01681999999ADDAA124001091GA1011+007509089GF107991011011008001071001KA1120N+01801MA1999999086671MD1999999-0111ME1315179OA150600501REMSYN112AAXX  09061 67485 12580 70000 10220 20168 38667 48517 60014 81170 333 20180 50441 55054 59011 70013 81825 86360;
0246674850999992000111106004-11870+033610FM-12+1351FWMZ V0200701N004010450019N0300001N1+02201+01671999999ADDAA199000091GA1011+006009069GF107991011051008001071001KA1120N+01951MA1999999086631MD1999999+0031ME1315139OA150600401REMSYN100AAXX  11061 67485 32580 70704 10220 20167 38663 48513 81570 333 20195 50361 55041 58003 81620 87359;EQDQ01  00002PRCP99
0233674850999992000111306004-11870+033610FM-12+1351FWMZ V0209999C00001045001CN0300001N1+02121+01721999999ADDAA124011991GA1011+006009069GF107991011051008001071001KA1120N+01641MA1999999086641MD1999999+0081ME1315139OA150600401REMSYN106AAXX  13061 67485 12580 70000 10212 20172 38664 48513 60124 81570 333 20164 55046 58008 70121 81620 87359;
0227674850999992000111806004-11870+033610FM-12+1351FWMZ V0203401N002010060019N0750001N1+02051+01761999999ADDAA124002091GA1071+006009059GF107991071051008001999999KA1120N+01711MA1999999086651MD1999999-0021ME1315169OA150600301REMSYN100AAXX  18061 67485 12589 73402 10205 20176 38665 48516 60024 875// 333 20171 55030 59002 70020 87620;
0233674850999992000120506004-11870+033610FM-12+1351FWMZ V0209999C00001045001CN0300001N1+02041+01741999999ADDAA124002091GA1041+006009069GF107991041051008001071999KA1120N+01761MA1999999086911MD1999999+0011ME1315389OA150600401REMSYN106AAXX  05061 67485 12580 70000 10204 20174 38691 48538 60024 8457/ 333 20176 55042 58001 70018 84620 86359;
0224674850999992000120512004-11870+033610FM-12+1351FWMZ V0201601N002010450019N0600001N1+02441+01801999999ADDAY191061AY261061GA1021+009009089GA2011+999999099GF107991021021012501031081MA1999999086601MD1999999+0041ME1315079MW1291REMSYN094AAXX  05121 67485 41686 71602 10244 20180 38660 48507 72996 82238 333 58004 82830 819// 87280;
0285674850999992000120606004-11870+033610FM-12+1351FWMZ V0201401N001010300019N0750001N1+02111+01791999999ADDAA199000091GA1041+007509089GA2051+030009039GF107991041011008001031021KA1240M+02511KA2120N+01701MA1999999086991MD1999999+0081ME1315499OA150600301REMSYN110AAXX  06061 67485 32589 71401 10211 20179 38699 48549 84132 333 20170 55030 58008 84825 85360 555 10251 7//92;EQDQ01  00002PRCP99
0198674850999992000120712004-11870+033610FM-12+1351FWMZ V0201101N003010120019N0750001N1+02751+01571999999ADDAA199000091GA1051+012009029GF105991051021012501031021MA1999999086611MD1999999-0021ME1315119REMSYN076AAXX  07121 67485 32689 51103 10275 20157 38661 48511 85232 333 59002 85840;EQDQ01  00002PRCP99
0220674850999992000120906004-11870+033610FM-12+1351FWMZ V0209999C000012200019N0600001N1+02321+01841999999ADDAA199000091GA1031+007509029GF104991031011008001001011KA1120N+01741MA1999999086811ME1315319OA150600901REMSYN088AAXX  09061 67485 32586 40000 10232 20184 38681 48531 83101 333 20174 55097 59906 83825;EQDQ01  00002PRCP99
0198674850999992000120909004-11870+033610FM-12+1351FWMZ V0200401N002010105019N0600001N1+02601+01631999999ADDAA199000091GA1061+010509029GF106991061021012501001001MA1999999086781MD1999999-0021ME1315269REMSYN076AAXX  09091 67485 32686 60402 10260 20163 38678 48526 86200 333 59002 86835;EQDQ01  00002PRCP99
0148674850999992000121109004-11870+033610FM-12+1351FWMZ V0203601N00201012001CN0300001N1+02641+01751999999ADDAA199000091GA1011+009009099GF107991061031012501001001REMSYN064AAXX  11091 67485 32680 73602 10264 20175 86300 333 81930 85830;EQDQ01  00002PRCP99
0307674850999992000121306004-11870+033610FM-12+1351FWMZ V0209999C00001027001CN0300001N1+02081+01881999999ADDAA199000091GA1011+006009099GA2041+006009069GA3071+027009049GF107991051031008001071999KA1240M+02901KA2120N+01911MA1999999086721MD1999999-0101ME1315029OA150601101REMSYN116AAXX  13061 67485 32580 70000 10208 20188 38672 48502 8537/ 333 20191 55114 59010 81920 84620 87459 555 10290 7//22;EQDQ01  00002PRCP99
0233674850999992000121506004-11870+033610FM-12+1351FWMZ V0209999C00001045001CN0600001N1+01941+01731999999ADDAA124048091GA1011+006009069GF107991011051008001071999KA1120N+01701MA1999999086901MD1999999+0051ME1315379OA150600301REMSYN106AAXX  15061 67485 12586 70000 10194 20173 38690 48537 60484 8157/ 333 20170 55034 58005 70484 81620 87459;
0235674850999992000121512004-11870+033610FM-12+1351FWMZ V0202301N00101045001CN0300001N1+02211+01781999999ADDAA199000021AY161061AY221061GA1011+006009099GA2031+007509089GF107991031021008001071999MA1999999086691MD1999999+0161ME1315209MW1611REMSYN094AAXX  15121 67485 31580 72301 10221 20178 38669 48520 76162 8327/ 333 58016 81920 83825 87459;
0204674850999992000121612004-11870+033610FM-12+1351FWMZ V0200701N003010120019N0750001N1+02561+01731999999ADDAA199000091GA1061+012009089GF106991061021012501001021MA1999999086631MD1999999-0061ME1315119REMSYN082AAXX  16121 67485 32689 60703 10256 20173 38663 48511 86202 333 59006 86840 819//;EQDQ01  00002PRCP99
0240674850999992000121806004-11870+033610FM-12+1351FWMZ V0201301N00201045001CN0750001N1+01881+01771999999ADDAA199000091GA1011+007509089GF107991011011008001031081KA1120N+01611MA1999999086901MD1999999-0051ME1315379OA150600901REMSYN094AAXX  18061 67485 32589 71302 10188 20177 38690 48537 81138 333 20161 55095 59005 81825 87275;EQDQ01  00002PRCP99
0263674850999992000121906004-11870+033610FM-12+1351FWMZ V0201201N001012200019N0600001N1+02341+01781999999ADDAA199000091GA1031+010509089GF103991031011008001001011KA1240M+02741KA2120N+01651MA1999999086821MD1999999-0081ME1315319OA150600801REMSYN104AAXX  19061 67485 32586 31201 10234 20178 38682 48531 83101 333 20165 55081 59008 83835 555 10274 7//11;EQDQ01  00002PRCP99
0204674850999992000121912004-11870+033610FM-12+1351FWMZ V0201201N002012200019N0750001N1+02761+01531999999ADDAA199000091GA1041+012009089GF104991041021012501001021MA1999999086601MD1999999-0111ME1315109REMSYN082AAXX  19121 67485 32689 41202 10276 20153 38660 48510 84202 333 59011 84840 819//;EQDQ01  00002PRCP99
0285674850999992000122006004-11870+033610FM-12+1351FWMZ V0201201N003010900019N0600001N1+02331+01781999999ADDAA199000091GA1011+007509089GA2071+090009029GF107991011011008001001081KA1240M+02811KA2120N+01601MA1999999086641MD1999999-0181ME1315149OA150601201REMSYN110AAXX  20061 67485 32586 71203 10233 20178 38664 48514 81108 333 20160 55120 59018 81825 87280 555 10281 7//11;EQDQ01  00002PRCP99
0238674850999992000122012004-11870+033610FM-12+1351FWMZ V0201001N00201045001CN0600001N1+02661+01681999999ADDAA199000091AY191061AY221061GA1999+009909039GF107991031031012501031081MA1999999086451MD1999999-0151ME1314949MW1031REMSYN094AAXX  20121 67485 31686 71002 10266 20168 38645 48494 70392 83338 333 59015 81930 83835 85360;EQDQ01  00002PRCP99
0262674850999992000122106004-11870+033610FM-12+1351FWMZ V0201001N002010450019N0600001N1+02281+01731999999ADDAA199000091GA1011+007509089GA2011+999999099GF107991011021008001031081KA1120N+01841MA1999999086731MD1999999+0091ME1315239OA150601001REMSYN100AAXX  21061 67485 32586 71002 10228 20173 38673 48523 81238 333 20184 55100 58009 81825 819// 87275;EQDQ01  00002PRCP99
0300674850999992000122206004-11870+033610FM-12+1351FWMZ V0200401N001010300019N0300001N1+01911+01821999999ADDAA124000191AY161061AY221061GA1031+006009069GA2071+030009049GF107991031051008001071999KA1999M+02741KA2120N+01751MA1999999086901MD1999999+0171ME1315409MW1031OA150600501REMSYN122AAXX  22061 67485 11580 70401 10191 20182 38690 48540 69914 70362 8357/ 333 20175 55055 58017 70001 83620 87460 555 10274;
0280674850999992000122406004-11870+033610FM-12+1351FWMZ V0201301N004010060019N0300001N1+01901+01691999999ADDAA124000891AY121061AY221061GA1061+006009069GF107991061051008001071999KA1120N+01701MA1999999086751MD1999999-0031ME1315239MW1151OA150699999REMSYN112AAXX  24061 67485 11580 71304 10190 20169 38675 48523 69974 71522 8657/ 333 20170 55002 59003 70007 86620 87459;EQDQ01  00002WGOSPD
0261674850999992000122806004-11870+033610FM-12+1351FWMZ V0209999C000010045019N0300001N1+01761+01711999999ADDAA124007991AY161061AY221061GA1051+004509069GF107991051051004501071999KA1120N+01701MA1999999086851MD1999999-0041ME1315349MW1601OA150600101REMSYN112AAXX  28061 67485 11480 70000 10176 20171 38685 48534 60084 76062 8557/ 333 20170 55014 59004 70075 85615 87458;
0261674850999992000122906004-11870+033610FM-12+1351FWMZ V0209999C00001045001CN0300001N1+01751+01671999999ADDAA124002091AY161061AY221061GA1011+006009069GF107991011051008001071999KA1120N+01561MA1999999086821MD1999999-0031ME1315289MW1211OA150600301REMSYN112AAXX  29061 67485 11580 70000 10175 20167 38682 48528 60024 72162 8157/ 333 20156 55032 59003 70022 81620 87459;
0283674850999992000123006004-11870+033610FM-12+1351FWMZ V0209999C000010075019N0300001N1+01821+01771999999ADDAA124008991AY121061AY221061GA1051+007509089GA2011+999999099GF107991051021008001071999KA1120N+01641MA1999999086741MD1999999-0081ME1315229MW1151OA150600201REMSYN118AAXX  30061 67485 11580 70000 10182 20177 38674 48522 60094 71522 8527/ 333 20164 55028 59008 70094 85825 819// 87460;
0244674850999992000123106004-11870+033610FM-12+1351FWMZ V0209999C00001045001CN0600001N1+01951+01801999999ADDAA124014091AY161061AY221061GA1011+006009089GF107991011011008001031081KA1120N+01591MA1999999086711MD1999999-0031ME1315199MW1031REMSYN106AAXX  31061 67485 11586 70000 10195 20180 38671 48519 60144 70362 81138 333 20159 59003 70135 81820 87280;
