0178677960999992000010106004-16500+034950FM-12+010299999V0203601N001012200019N0300001N1+03201+02271999999ADDAA106000091GA1031+090009019GF103991001001999999001021KA1120N+02701OA150601101REMSYN070AAXX  01061 67796 32980 33601 10320 20227 80002 333 20270 55111 83080;EQDQ01  00002PRCP06
0211677960999992000010206004-16500+034950FM-12+010299999V0202701N002010750019N0200001N1+03201+02201999999ADDAA106000091AY121061AY221061GA1071+075009089GF107991999001999999001081KA1120N+02821MW1051REMSYN076AAXX  02061 67796 31970 72702 10320 20220 70522 80008 333 20282 51104 87275;EQDQ01+000002SCOTLCQ02  00002PRCP06
0198677960999992000010312004-16500+034950FM-12+010299999V0201601N001010120019N0200001N1+03881+01761999999ADDAA106000091AY121061AY221061GA1011+010509099GA2051+012009089GF106991061091012501001081MW1051REMSYN076AAXX  03121 67796 31670 61601 10388 20176 70522 86908 333 81935 85840 86275;EQDQ01  00002PRCP06
0199677960999992000010506004-16500+034950FM-12+010299999V0201301N004010090019N0200001N1+02991+02211999999ADDAA124000791AY121061AY221061GA1061+009009029GF106991061021012501001001KA1120N+02631MW1051OA150601001REMSYN088AAXX  05061 67796 11670 61304 10299 20221 69904 70522 86200 333 20263 55106 70000 86830;
0170677960999992000010512004-16500+034950FM-12+010299999V0200101N002010105019N0100001N1+03451+02101999999ADDAA106000091AY121061AY221061GA1061+010509029GF106991061021012501001001MW1151REMSYN064AAXX  05121 67796 31660 60102 10345 20210 71522 86200 333 86835;EQDQ01  00002PRCP06
0212677960999992000010606004-16500+034950FM-12+010299999V0201301N00201105001CN0200001N1+03061+02191999999ADDAA106000091AY121061AY221061GA1031+009009069GF106991031051012501001081KA1120N+02651MW1051OA150600801REMSYN082AAXX  06061 67796 31670 61302 10306 20219 70522 83508 333 20265 55087 83630 86275;EQDQ01  00002PRCP06
0176677960999992000010612004-16500+034950FM-12+010299999V0200101N001010120019N0200001N1+03651+01911999999ADDAA106000091AY121061AY221061GA1051+012009089GF106991061031012501001001MW1051REMSYN070AAXX  06121 67796 31670 60101 10365 20191 70522 86300 333 85840 819//;EQDQ01  00002PRCP06
0212677960999992000010707004-16500+034950FM-12+010299999V0200901N00101105001CN0200001N1+03051+02121999999ADDAA106000091AY121999AY221999GA1021+009009089GF106991021011012501001081KA1120N+02601MW1051OA159901001REMSYN082AAXX  07071 67796 31670 60901 10305 20212 70522 82108 333 20260 55104 82830 86270;EQDQ01  00002PRCP06
0158677960999992000010712004-16500+034950FM-12+010299999V0200301N004010135019N0300001N1+03801+01921999999ADDAA106000091GA1051+013509029GF107991999011012501001001REMSYN058AAXX  07121 67796 32680 70304 10380 20192 85100 333 85845;EQDQ01+000052SCOTLCQ02  00002PRCP06
0176677960999992000011112004-16500+034950FM-12+010299999V0203001N001010105019N0100001N1+02441+02211999999ADDAA106000091AY121061AY221061GA1051+010509089GF107991051021012501071999MW1151REMSYN070AAXX  11121 67796 31660 73001 10244 20221 71522 8527/ 333 85835 87460;EQDQ01  00002PRCP06
0170677960999992000011212004-16500+034950FM-12+010299999V0209999C000010090019N0100001N1+02501+02371999999ADDAA106000091AY161061AY221061GA1061+009009029GF106991061021012501001001MW1151REMSYN064AAXX  12121 67796 31660 60000 10250 20237 71562 86200 333 86830;EQDQ01  00002PRCP06
0219677960999992000011412004-16500+034950FM-12+010299999V0201001N001010105019N0300001N1+03101+02101999999ADDAA199000091GA1021+009009099GA2051+010509089GA3071+090009029GF107991061091012501001081KA1240M+03191REMSYN090    AAXX  14121 67796 32680 71001 10310 20210 86908 333 82930 85835 87280 555 10319 29055;EQDQ01  00002PRCP99
0226677960999992000011506004-16500+034950FM-12+010299999V0201501N001010090019N0300001N1+02701+02201999999ADDAA124001091GA1051+009009069GA2061+027009039GF106991051051012501031001KA1240M+03151KA2120N+02401OA150600501REMSYN108    AAXX  15061 67796 12680 61501 10270 20220 60014 85530 333 20240 55057 70011 85630 86359 555 10315 7//96;
0182677960999992000011606004-16500+034950FM-12+010299999V0201301N001012200019N0300001N1+02801+02301999999ADDAA199000091GA1031+009009059GF104991031051012501031001KA1120N+02451OA150601001REMSYN074    AAXX  16061 67796 32680 41301 10280 20230 83530 333 20245 55104 83630;EQDQ01  00002PRCP99
0188677960999992000011706004-16500+034950FM-12+010299999V0201201N00201045001CN0300001N1+02851+02381999999ADDAA199000091GA1011+010509089GF107991011011012501041081KA1120N+02511OA150601101REMSYN080    AAXX  17061 67796 32680 71202 10285 20238 81148 333 20251 55115 81835 87280;EQDQ01  00002PRCP99
0205677960999992000012006004-16500+034950FM-12+010299999V0209999C00001045001CN0200001N1+02381+02211999999ADDAA124001091AY161061AY221061GA1031+007509069GF107991031051008001071999KA1120N+02251MW1151OA150600001REMSYN094AAXX  20061 67796 12570 70000 10238 20221 60014 71562 8357/ 333 20225 55003 70015 83625 87459;
0148677960999992000012012004-16500+034950FM-12+010299999V0201301N003010105019N0300001N1+02851+02211999999ADDAA199000091GA1051+010509089GF107991051021012501071999REMSYN064AAXX  20121 67796 32680 71303 10285 20221 8527/ 333 85835 87459;EQDQ01  00002PRCP99
0234677960999992000012106004-16500+034950FM-12+010299999V0201801N002010300019N0200001N1+02501+02121999999ADDAA199000091AY121061AY221061GA1041+009009089GA2041+030009039GF107991041021012501031081KA1120N+02201MW1151OA150600401REMSYN088AAXX  21061 67796 31670 71802 10250 20212 71522 84238 333 20220 55045 84830 84360 87280;EQDQ01  00002PRCP99
0184677960999992000012406004-16500+034950FM-12+010299999V0201501N00101045001CN0300001N1+02701+02281999999ADDAA199000091GA1041+009009069GF106991041051012501031001KA1120N+02351OA150600901REMSYN076AAXX  24061 67796 32680 61501 10270 20228 84530 333 20235 55095 84630 86359;EQDQ01  00002PRCP99
0170677960999992000012412004-16500+034950FM-12+010299999V0201701N001010450019N0200001N1+03291+02091999999ADDAA199000091AY121061AY221061GA1041+010509029GF106991041021012501031001MW1151REMSYN064AAXX  24121 67796 31670 61701 10329 20209 71522 84230 333 84835;EQDQ01  00002PRCP99
0184677960999992000012606004-16500+034950FM-12+010299999V0201201N001012200019N0300001N1+02861+02371999999ADDAA199000091GA1021+009009069GF102991021051012501001081KA1120N+02401OA150601101REMSYN076AAXX  26061 67796 32680 21201 10286 20237 82508 333 20240 55110 82630 87280;EQDQ01  00002PRCP99
0177677960999992000013106004-16500+034950FM-12+010299999V0203301N00101045001CN0300001N1+02601+02341999999ADDAA124038191GA1041+006009069GF106991041051008001031001KA1120N+02401OA150600601REMSYN088AAXX  31061 67796 12580 63301 10260 20234 60384 84530 333 20240 55067 70384 84620 86359;
0198677960999992000020412004-16500+034950FM-12+010299999V0201001N001010120019N0200001N1+02851+02381999999ADDAA199000091AY191061AY221061GA1011+010509099GA2051+012009089GF107991051091012501071999MW1171REMSYN076AAXX  04121 67796 31670 71001 10285 20238 71792 8597/ 333 81935 85840 87459;EQDQ01  00002PRCP99
0205677960999992000020706004-16500+034950FM-12+010299999V0209999C00001045001CN0200001N1+02651+02451999999ADDAA124027991AY161061AY221061GA1011+009009089GF105991011011012501031001KA1120N+02301MW1401OA150600501REMSYN094AAXX  07061 67796 11670 50000 10265 20245 60284 74062 81130 333 20230 55052 70280 81830 85360;
0116677960999992000020712004-16500+034950FM-12+010299999V0201401N001010120019N0300001N1+03361+02251999999ADDAA199000091GF106991051021012501001051REMSYN048AAXX  07121 67796 32680 61401 10336 20225 85205;EQDQ01  00002PRCP99
0166677960999992000020806004-16500+034950FM-12+010299999V0200801N001010060019N0300001N1+02601+02471999999ADDAA124000791GA1061+006009059GF106991061051008001001001KA1120N+02401REMSYN088AAXX  08061 67796 12580 60801 10260 20247 69904 86500 333 20240 55/// 55071 79999 86620;
0198677960999992000020812004-16500+034950FM-12+010299999V0202501N001010120019N0200001N1+03281+02461999999ADDAA199000091AY121061AY221061GA1011+010509099GA2041+012009089GF106991051091012501001081MW1171REMSYN076AAXX  08121 67796 31670 62501 10328 20246 71722 85908 333 81935 84840 86280;EQDQ01  00002PRCP99
0176677960999992000020912004-16500+034950FM-12+010299999V0201801N002010120019N0200001N1+03421+02341999999ADDAA199000091AY191061AY221061GA1011+010509099GF106991061091012501001001MW1171REMSYN070AAXX  09121 67796 31670 61802 10342 20234 71792 86900 333 81935 86840;EQDQ01  00002PRCP99
0229677960999992000021106004-16500+034950FM-12+010299999V0201601N001012200019N0300001N1+02851+02431999999ADDAA199000091GA1031+010509089GA2041+090009009GF104991031011012501001021KA1240M+03501KA2120N+02401OA150601201REMSYN092AAXX  11061 67796 32680 41601 10285 20243 83102 333 20240 55120 83835 84080 555 10350 7//91;EQDQ01  00002PRCP99
0176677960999992000021212004-16500+034950FM-12+010299999V0203301N001010120019N0200001N1+03401+02261999999ADDAA199000091AY121061AY221061GA1011+010509099GF106991061091012501001001MW1171REMSYN070AAXX  12121 67796 31670 63301 10340 20226 71722 86900 333 81935 85840;EQDQ01  00002PRCP99
0171677960999992000021412004-16500+034950FM-12+010299999V0202601N001010135019N0300001N1+03161+02441999999ADDAA199000091GA1061+013509089GF106991061021012501001001KA1240M+03181REMSYN074AAXX  14121 67796 32680 62601 10316 20244 86200 333 86845 555 10318 29063;EQDQ01  00002PRCP99
0206677960999992000021506004-16500+034950FM-12+010299999V0203601N002010270019N0300001N1+02641+02301999999ADDAA199000091GA1021+009009089GA2041+027009039GF107991021011008001031001KA1120N+02351OA150600701REMSYN082AAXX  15061 67796 32580 73602 10264 20230 82130 333 20235 55071 82830 84359 87280;EQDQ01  00002PRCP99
0170677960999992000021612004-16500+034950FM-12+010299999V0203401N001011050019N0200001N1+02801+02231999999ADDAA199000091AY121061AY221061GA1041+010509029GF106991041021012501001081MW1151REMSYN064AAXX  16121 67796 31670 63401 10280 20223 71522 84208 333 84835;EQDQ01  00002PRCP99
0199677960999992000021706004-16500+034950FM-12+010299999V0209999C000010270019N0300001N1+02651+02321999999ADDAA124003091GA1031+009009069GA2031+027009039GF106991031051012501031081KA1120N+02301OA150600001REMSYN094AAXX  17061 67796 12680 60000 10265 20232 60034 83538 333 20230 55000 70030 83630 83359 86270;
0191677960999992000021712004-16500+034950FM-12+010299999V0209999C000010120019N0200001N1+02491+02451999999ADDAY191061AY281061GA1011+010509099GA2051+012009089GF106991061091012501001001KA1240M+03051MW1951REMSYN086AAXX  17121 67796 41670 60000 10249 20245 79598 86900 333 81935 85840 555 10305 29096;
0168677960999992000021806004-16500+034950FM-12+010299999V0209999C000010075019N0300001N1+02451+02281999999ADDAA124006191GF106991999051008001001001KA1120N+02301OA150600501REMSYN076AAXX  18061 67796 12580 60000 10245 20228 60064 85500 333 20230 55055 70058;EQDQ01+000052SCOTLC
0221677960999992000021812004-16500+034950FM-12+010299999V0209999C000010120019N0300001N1+03041+02441999999ADDAA199000091AY191061AY281061GA1011+010509099GA2051+012009089GF106991061091012501001001KA1240M+03051MW1171REMSYN086AAXX  18121 67796 31680 60000 10304 20244 71798 86900 333 81935 85840 555 10305 29070;EQDQ01  00002PRCP99
0171677960999992000021906004-16500+034950FM-12+010299999V0209999C000010090019N0300001N1+02651+02461999999ADDAA124000791GA1061+009009059GF106991061051012501001001KA1120N+02301OA150600601REMSYN082AAXX  19061 67796 12680 60000 10265 20246 69904 86500 333 20230 55061 79999 86630;
0205677960999992000022106004-16500+034950FM-12+010299999V0203501N00101004201CN0200001N1+02421+02361999999ADDAA124003091AY191061AY281061GA1011+004509099GF106991061091004501001001KA1120N+02351MW1151OA150600601REMSYN094AAXX  21061 67796 11470 63501 10242 20236 60034 71598 86900 333 20235 55066 70065 81915 85820;
0177677960999992000022206004-16500+034950FM-12+010299999V0203001N00101045001CN0300001N1+02671+02381999999ADDAA124013091GA1041+009009069GF106991041051012501031001KA1120N+02401OA150600701REMSYN088AAXX  22061 67796 12680 63001 10267 20238 60134 84530 333 20240 55074 70134 84630 86359;
0193677960999992000022212004-16500+034950FM-12+010299999V0202901N003010900019N0300001N1+03281+02321999999ADDAA199000091GA1041+012009089GA2061+090009029GF106991041021012501001081KA1240M+03301REMSYN080AAXX  22121 67796 32680 62903 10328 20232 84208 333 84840 86280 555 10330 29056;EQDQ01  00002PRCP99
0184677960999992000022306004-16500+034950FM-12+010299999V0203001N00101045001CN0400001N1+02921+02341999999ADDAA199000091GA1041+009009069GF106991041051012501031001KA1120N+02501OA150600601REMSYN076AAXX  23061 67796 32682 63001 10292 20234 84530 333 20250 55066 84630 86359;EQDQ01  00002PRCP99
0148677960999992000022312004-16500+034950FM-12+010299999V0203601N00101105001CN0400001N1+03501+02191999999ADDAA199000091GA1041+012009069GF106991041021012501001081REMSYN064AAXX  23121 67796 32682 63601 10350 20219 84208 333 84640 86280;EQDQ01  00002PRCP99
0205677960999992000022506004-16500+034950FM-12+010299999V0209999C000010075019N0200001N1+02251+02201999999ADDAA124022191AY191061AY281061GA1011+001509019GF106991061091008001001001KA1120N+02201MW1801OA150600901REMSYN094AAXX  25061 67796 11570 60000 10225 20220 60224 78098 86900 333 20220 55098 70220 81192 85825;
0169677960999992000022512004-16500+034950FM-12+010299999V0209999C000010105019N0300001N1+02861+02381999999ADDAY191061AY281061GA1061+010509089GF106991061021012501001001KA1240M+03621MW1031REMSYN080AAXX  25121 67796 41680 60000 10286 20238 70398 86200 333 86835 555 10362 29079;
0171677960999992000022606004-16500+034950FM-12+010299999V0209999C000010090019N0300001N1+02561+02331999999ADDAA124000791GA1061+009009059GF106991061051012501001001KA1120N+02201OA150600001REMSYN082AAXX  26061 67796 12680 60000 10256 20233 69904 86500 333 20220 55000 79999 86630;
0183677960999992000022806004-16500+034950FM-12+010299999V0209999C00001045001CN0300001N1+02421+02291999999ADDAA124010991GA1041+006009069GF106991041051008001031001KA1120N+02201OA150600301REMSYN094AAXX  28061 67796 32580 60000 10242 20229 60114 84530 333 20220 50/// 55030 70114 84620 86359;
0193677960999992000022912004-16500+034950FM-12+010299999V0202001N001010105019N0300001N1+03261+02191999999ADDAA199000091GA1051+010509089GA2061+090009029GF106991051021012501001081KA1240M+03301REMSYN080AAXX  29121 67796 32680 62001 10326 20219 85208 333 85835 86280 555 10330 29053;EQDQ01  00002PRCP99
0178677960999992000030106004-16500+034950FM-12+010299999V0209999C001010090019N0300001N1+02701+02411999999ADDAA199000091GA1061+009009059GF106991061051012501001001KA1120N+02401OA150600801REMSYN070AAXX  01061 67796 32680 60001 10270 20241 86500 333 20240 55084 86630;EQDQ01  00002PRCP99
0178677960999992000030206004-16500+034950FM-12+010299999V0209999C000010090019N0300001N1+02701+02411999999ADDAA199000091GA1061+009009029GF106991061051012501001001KA1120N+02301OA150601101REMSYN070AAXX  02061 67796 32680 60000 10270 20241 86500 333 20230 55111 86830;EQDQ01  00002PRCP99
0207677960999992000030306004-16500+034950FM-12+010299999V0209999C000010090019N0300001N1+02561+02381999999ADDAA199000091GA1061+009009069GF106991061051012501001001KA1240M+03321KA2120N+02301OA150601101REMSYN086AAXX  03061 67796 32680 60000 10256 20238 86500 333 20230 55114 86630 555 10332 7//92;EQDQ01  00002PRCP99
0170677960999992000030412004-16500+034950FM-12+010299999V0201101N001010120019N0300001N1+03321+02161999999ADDAA199000091GA1041+012009089GA2011+999999099GF106991051031012501031001REMSYN070AAXX  04121 67796 32680 61101 10332 20216 85330 333 84840 819// 86360;EQDQ01  00002PRCP99
0218677960999992000030506004-16500+034950FM-12+010299999V0201501N00101045001CN0200001N1+02751+02401999999ADDAA199000091AY121061AY221061GA1041+009009069GF106991041051012501031001KA1120N+02551MW1401OA150600901REMSYN088AAXX  05061 67796 31670 61501 10275 20240 74022 84530 333 20255 50//1 55090 84630 86359;EQDQ01  00002PRCP99
0191677960999992000030512004-16500+034950FM-12+010299999V0202901N001010105019N0200001N1+02351+02281999999ADDGA1011+009009099GA2051+010509089GA3061+030009039GF106991061091012501031999KA1240M+03201REMSYN092AAXX  05121 67796 41670 62901 10235 20228 7//// 8693/ 333 81930 85835 86360 555 10320 29094;
0171677960999992000030606004-16500+034950FM-12+010299999V0209999C000010060019N0300001N1+02451+02321999999ADDAA124008991GA1061+006009059GF106991061051008001001001KA1120N+02251OA150600401REMSYN082AAXX  06061 67796 12580 60000 10245 20232 60094 86500 333 20225 55047 70090 86620;
0171677960999992000030612004-16500+034950FM-12+010299999V0209999C000010120019N0300001N1+03221+02211999999ADDAA199000091GA1051+012009089GF105991051011012501001001KA1240M+03221REMSYN074AAXX  06121 67796 32680 50000 10322 20221 85100 333 85840 555 10322 29056;EQDQ01  00002PRCP99
0184677960999992000030906004-16500+034950FM-12+010299999V0201401N00101045001CN0300001N1+02641+02461999999ADDAA199000091GA1041+006009069GF106991041051008001031001KA1120N+02451OA150600901REMSYN076AAXX  09061 67796 32580 61401 10264 20246 84530 333 20245 55092 84620 86359;EQDQ01  00002PRCP99
0213677960999992000030912004-16500+034950FM-12+010299999V0202101N001010900019N0300001N1+03151+02281999999ADDAY191061AY281061GA1011+010509099GA2031+012009089GA3061+090009029GF106991041091012501001081KA1240M+03171MW1031REMSYN092AAXX  09121 67796 41680 62101 10315 20228 70398 84908 333 81935 83840 86280 555 10317 29059;
0176677960999992000031012004-16500+034950FM-12+010299999V0201901N00101105001CN0200001N1+03281+02321999999ADDAA199000091AY121061AY221061GA1041+012009089GF106991041021012501001081MW1151REMSYN070AAXX  10121 67796 31670 61901 10328 20232 71522 84208 333 84840 86280;EQDQ01  00002PRCP99
0191677960999992000031212004-16500+034950FM-12+010299999V0203401N001010105019N0100001N1+02551+02401999999ADDAY191061AY281061GA1011+009009099GA2061+010509089GF107991071091012501999999KA1240M+02851MW1171REMSYN086AAXX  12121 67796 41660 73401 10255 20240 71798 879// 333 81930 86835 555 10285 29089;
0146677960999992000031412004-16500+034950FM-12+010299999V0209999C00001012001CN0300001N1+03301+02451999999ADDAY191061AY281061GA1011+009009099GF106991061091012501001001MW1171REMSYN070AAXX  14121 67796 41680 60000 10330 20245 71798 86900 333 81930 85835;
0199677960999992000031506004-16500+034950FM-12+010299999V0209999C000010270019N0300001N1+02751+02401999999ADDAA124003091GA1031+006009069GA2051+027009039GF106991031051008001031081KA1120N+02351OA150600401REMSYN094AAXX  15061 67796 12580 60000 10275 20240 60034 83538 333 20235 55042 70033 83620 85359 86275;
0177677960999992000031606004-16500+034950FM-12+010299999V0209999C00001105001CN0300001N1+02901+02321999999ADDAA124002091GA1031+009009069GF106991031051012501001081KA1120N+02251OA150600201REMSYN088AAXX  16061 67796 12680 60000 10290 20232 60024 83508 333 20225 55025 70170 83630 86275;
0209677960999992000031612004-16500+034950FM-12+010299999V0201701N001010900019N0300001N1+03301+02281999999ADDAA199000091GA1041+012009089GA2061+090009029GF106991041021012501001081KA1240M+99999REMSYN080AAXX  16121 67796 32680 61701 10330 20228 84208 333 84840 86280 555 10035 29056;EQDQ01  00002PRCP99Q02 +00352ATMX  
0177677960999992000031706004-16500+034950FM-12+010299999V0200801N001012200019N0300001N1+02701+02421999999ADDAA124000591GA1021+006009059GF102991021051008001001001KA1120N+02201OA150600901REMSYN088AAXX  17061 67796 12580 20801 10270 20242 69944 82500 333 20220 50//1 55097 70004 82620;
0178677960999992000032006004-16500+034950FM-12+010299999V0209999C000010060019N0300001N1+02501+02301999999ADDAA199000091GA1061+006009059GF106991061051008001001001KA1120N+02251OA150600501REMSYN070AAXX  20061 67796 32580 60000 10250 20230 86500 333 20225 55054 86620;EQDQ01  00002PRCP99
0171677960999992000032106004-16500+034950FM-12+010299999V0201701N001011050019N0300001N1+02601+02371999999ADDAA124006191GA1041+009009059GF106991041051012501001081KA1120N+02231OA150600701REMSYN082AAXX  21061 67796 12680 61701 10260 20237 60064 84508 333 20223 55079 70064 84630;
0145677960999992000032112004-16500+034950FM-12+010299999V0201701N001010150019N0300001N1+03171+02281999999ADDAA199000091GF106991051081012501041001KA1240M+03221REMSYN064AAXX  21121 67796 32680 61701 10317 20228 85840 555 10322 29059;EQDQ01  00002PRCP99
0171677960999992000032206004-16500+034950FM-12+010299999V0201201N001010090019N0300001N1+02601+01321999999ADDAA124000791GA1061+009009059GF106991061051012501001001KA1120N+02401OA150601001REMSYN082AAXX  22061 67796 12680 61201 10260 20132 69904 86500 333 20240 55104 79999 86630;
0142677960999992000032212004-16500+034950FM-12+010299999V0201301N001011050019N0300001N1+03241+02321999999ADDAA199000091GA1041+012009029GF106991041021012501001081REMSYN058AAXX  22121 67796 32680 61301 10324 20232 84208 333 84840;EQDQ01  00002PRCP99
0207677960999992000032306004-16500+034950FM-12+010299999V0201401N001010450019N0300001N1+02581+02401999999ADDAA199000091GA1041+009009069GF106991041051008001031001KA1240M+03261KA2120N+02421OA150600701REMSYN086AAXX  23061 67796 32580 61401 10258 20240 84530 333 20242 55079 84630 555 10326 7//22;EQDQ01  00002PRCP99
0221677960999992000032412004-16500+034950FM-12+010299999V0202001N001010120019N0200001N1+03081+02411999999ADDAA199000091AY121061AY221061GA1011+010509099GA2051+012009089GF106991061091012501001021KA1240M+03161MW1171REMSYN086AAXX  24121 67796 31670 62001 10308 20241 71722 86902 333 81935 85840 555 10316 29066;EQDQ01  00002PRCP99
0193677960999992000032712004-16500+034950FM-12+010299999V0200801N001010120019N0300001N1+03001+02301999999ADDAA199000091GA1011+010509099GA2051+012009089GF106991061091012501001021KA1240M+03361REMSYN080AAXX  27121 67796 32680 60801 10300 20230 86902 333 81935 85840 555 10336 29056;EQDQ01  00002PRCP99
0155677960999992000032806004-16500+034950FM-12+010299999V0209999C000012200019N0300001N1+02701+02461999999ADDAA199000091GA1001+999999999GF100991001001999999001001KA1120N+02321REMSYN058AAXX  28061 67796 32980 00000 10270 20246 333 20232 55111;EQDQ01  00002PRCP99
0193677960999992000032812004-16500+034950FM-12+010299999V0209999C000010120019N0300001N1+03301+02171999999ADDAA199000091GA1011+010509099GA2051+012009089GF106991061091012501001021KA1240M+03341REMSYN080AAXX  28121 67796 32680 60000 10330 20217 86902 333 81935 85840 555 10334 29053;EQDQ01  00002PRCP99
0178677960999992000032906004-16500+034950FM-12+010299999V0201001N001012200019N0300001N1+02781+02391999999ADDAA199000091GA1021+006009059GF102991021051008001001001KA1120N+02361OA150600901REMSYN070AAXX  29061 67796 32580 21001 10278 20239 82500 333 20236 55097 82620;EQDQ01  00002PRCP99
0142677960999992000032909004-16500+034950FM-12+010299999V0200901N001010450019N0300001N1+03141+02291999999ADDAA199000091GA1041+010509029GF106991041021012501031001REMSYN058AAXX  29091 67796 32680 60901 10314 20229 84230 333 84835;EQDQ01  00002PRCP99
0171677960999992000032912004-16500+034950FM-12+010299999V0201101N001010120019N0300001N1+03341+02141999999ADDAA199000091GA1061+012009089GF106991061021012501001001KA1240M+03361REMSYN074AAXX  29121 67796 32680 61101 10334 20214 86200 333 86840 555 10336 29050;EQDQ01  00002PRCP99
0178677960999992000033006004-16500+034950FM-12+010299999V0201401N001012200019N0300001N1+02741+02341999999ADDAA199000091GA1031+009009059GF103991031051012501001001KA1120N+02351OA150601101REMSYN070AAXX  30061 67796 32680 31401 10274 20234 83500 333 20235 55112 83630;EQDQ01  00002PRCP99
0177677960999992000033106004-16500+034950FM-12+010299999V0201201N001012200019N0300001N1+02681+02361999999ADDAA124000591GA1011+006009089GF104991031051008001001081KA1120N+01761OA150600801REMSYN088AAXX  31061 67796 32580 41201 10268 20236 83508 333 20176 50351 55081 70004 81820 83080;
0148677960999992000033112004-16500+034950FM-12+010299999V0201601N001010120019N0300001N1+03441+02151999999ADDAA199000091GA1011+010509099GF106991061091012501001001REMSYN064AAXX  31121 67796 32680 61601 10344 20215 86900 333 81935 85840;EQDQ01  00002PRCP99
0178677960999992000040106004-16500+034950FM-12+010299999V0201301N001010090019N0300001N1+02741+02341999999ADDAA199000091GA1061+009009059GF106991061051012501001001KA1120N+02351OA150601001REMSYN070AAXX  01061 67796 32680 61301 10274 20234 86500 333 20235 55108 86630;EQDQ01  00002PRCP99
0148677960999992000040312004-16500+034950FM-12+010299999V0201701N001010120019N0300001N1+03221+02221999999ADDAA199000091GA1051+012009089GF106991061031012501001001REMSYN064AAXX  03121 67796 32680 61701 10322 20222 86300 333 85840 819//;EQDQ01  00002PRCP99
0178677960999992000040406004-16500+034950FM-12+010299999V0201601N001010060019N0300001N1+02701+02371999999ADDAA199000091GA1051+006009059GF105991051051008001001001KA1120N+02301OA150600901REMSYN070AAXX  04061 67796 32580 51601 10270 20237 85500 333 20230 55092 85620;EQDQ01  00002PRCP99
0142677960999992000040412004-16500+034950FM-12+010299999V0209999C000010120019N0300001N1+03251+02321999999ADDAA199000091GA1061+012009029GF106991061021012501001001REMSYN058AAXX  04121 67796 32680 60000 10325 20232 86200 333 86840;EQDQ01  00002PRCP99
0177677960999992000040506004-16500+034950FM-12+010299999V0201201N00101105001CN0300001N1+02651+02381999999ADDAA124002091GA1041+006009069GF106991041051008001001081KA1120N+02301OA150600901REMSYN088AAXX  05061 67796 12580 61201 10265 20238 60024 84508 333 20230 55091 70016 84620 86275;
0171677960999992000040606004-16500+034950FM-12+010299999V0202101N001010060019N0300001N1+02351+02101999999ADDAA124000791GA1061+006009059GF106991061051008001001001KA1120N+02231OA150600901REMSYN082AAXX  06061 67796 12580 62101 10235 20210 69904 86500 333 20223 55091 79999 86620;
0145677960999992000040612004-16500+034950FM-12+010299999V0201601N001010120019N0300001N1+02921+02271999999ADDAA199000091GF106991061021012501001001KA1240M+03001REMSYN064AAXX  06121 67796 32680 61601 10292 20227 86200 555 10300 29070;EQDQ01  00002PRCP99
0184677960999992000040706004-16500+034950FM-12+010299999V0201801N001010045019N0300001N1+02221+01891999999ADDAA199000091GA1051+004509069GF107991051051004501071999KA1120N+02161OA150600501REMSYN076AAXX  07061 67796 32480 71801 10222 20189 8557/ 333 20216 55058 85615 87459;EQDQ01  00002PRCP99
0148677960999992000040712004-16500+034950FM-12+010299999V0200101N00101045001CN0300001N1+02551+01961999999ADDAA199000091GA1041+009009089GF106991041021012501071999REMSYN064AAXX  07121 67796 32680 60101 10255 20196 8427/ 333 84830 87459;EQDQ01  00002PRCP99
0199677960999992000040906004-16500+034950FM-12+010299999V0209999C00001045001CN0200001N1+02401+02051999999ADDAA124000791AY121061AY221061GA1041+004509069GF107991041051004501071999KA1120N+02101MW1151OA150600001REMSYN088AAXX  09061 67796 11470 70000 10240 20205 69904 71522 8457/ 333 20210 55002 84615 87459;
0142677960999992000041012004-16500+034950FM-12+010299999V0201001N001010120019N0300001N1+03151+02171999999ADDAA199000091GA1061+012009029GF106991061021012501001001REMSYN058AAXX  10121 67796 32680 61001 10315 20217 86200 333 86840;EQDQ01  00002PRCP99
0177677960999992000041106004-16500+034950FM-12+010299999V0209999C00001045001CN0300001N1+02341+02211999999ADDAA124061091GA1041+004509069GF107991041051004501071999KA1120N+02121OA150600601REMSYN088AAXX  11061 67796 12480 70000 10234 20221 60614 8457/ 333 20212 55064 70611 84615 87459;
0178677960999992000041206004-16500+034950FM-12+010299999V0201601N001012200019N0300001N1+02521+02301999999ADDAA199000091GA1021+006009059GF102991021051008001001001KA1120N+02121OA150600701REMSYN070AAXX  12061 67796 32580 21601 10252 20230 82500 333 20212 55075 82620;EQDQ01  00002PRCP99
0207677960999992000041306004-16500+034950FM-12+010299999V0209999C000012200019N0300001N1+02451+02241999999ADDAA199000091GA1031+006009069GF104991031051008001031001KA1240M+03161KA2120N+02021OA150600101REMSYN086AAXX  13061 67796 32580 40000 10245 20224 83530 333 20202 55014 83620 555 10316 7//11;EQDQ01  00002PRCP99
0177677960999992000041406004-16500+034950FM-12+010299999V0201101N00101045001CN0300001N1+02521+02321999999ADDAA124000791GA1041+006009069GF106991041051008001031001KA1120N+02361OA150600901REMSYN088AAXX  14061 67796 12580 61101 10252 20232 69904 84530 333 20236 55092 79999 84620 86359;
0184677960999992000041606004-16500+034950FM-12+010299999V0201601N00101045001CN0300001N1+02501+02291999999ADDAA199000091GA1041+009009069GF106991041051012501031001KA1120N+02201OA150600801REMSYN076AAXX  16061 67796 32680 61601 10250 20229 84530 333 20220 55080 84630 86359;EQDQ01  00002PRCP99
0151677960999992000041909004-16500+034950FM-12+010299999V0209999C000010105019N0100001N1+02551+02301999999ADDAA199000021AY121031AY221031GA1061+010509029GF106991061021012501001001MW1801REMSYN064AAXX  19091 67796 31660 60000 10255 20230 78022 86200 333 86835;
0206677960999992000042006004-16500+034950FM-12+010299999V0201801N001010060019N0200001N1+02401+02181999999ADDAA199000091AY121061AY221061GA1061+006009059GF106991061051008001001001KA1120N+02101MW1401OA150600701REMSYN076AAXX  20061 67796 31570 61801 10240 20218 74022 86500 333 20210 55074 86620;EQDQ01  00002PRCP99
0142677960999992000042012004-16500+034950FM-12+010299999V0209999C000010105019N0300001N1+02921+02121999999ADDAA199000091GA1061+010509029GF106991061021012501001001REMSYN058AAXX  20121 67796 32680 60000 10292 20212 86200 333 86835;EQDQ01  00002PRCP99
0206677960999992000042106004-16500+034950FM-12+010299999V0201801N001010060019N0200001N1+02501+02141999999ADDAA199000091AY121061AY221061GA1061+006009059GF106991061051008001001001KA1120N+02051MW1401OA150600901REMSYN076AAXX  21061 67796 31570 61801 10250 20214 74022 86500 333 20205 55096 86620;EQDQ01  00002PRCP99
0212677960999992000042206004-16500+034950FM-12+010299999V0209999C000012200019N0200001N1+02461+02181999999ADDAA199000091AY111061AY211061GA1021+006009089GF104991021051004501031001KA1120N+02001MW1401OA150601001REMSYN082AAXX  22061 67796 31470 40000 10246 20218 74011 82530 333 20200 55106 82820 82359;EQDQ01  00002PRCP99
0171677960999992000042212004-16500+034950FM-12+010299999V0200801N001010105019N0300001N1+03141+01901999999ADDAA199000091GA1061+010509089GF106991061021012501001001KA1240M+03161REMSYN074AAXX  22121 67796 32680 60801 10314 20190 86200 333 86835 555 10316 29004;EQDQ01  00002PRCP99
0178677960999992000042306004-16500+034950FM-12+010299999V0201301N001012200019N0300001N1+02441+02211999999ADDAA199000091GA1021+004509059GF102991021051004501001001KA1120N+01991OA150600901REMSYN070AAXX  23061 67796 32480 21301 10244 20221 82500 333 20199 55091 82615;EQDQ01  00002PRCP99
0206677960999992000042806004-16500+034950FM-12+010299999V0201401N001010060019N0200001N1+02581+02261999999ADDAA199000091AY121061AY221061GA1061+006009059GF106991061051008001001001KA1120N+02281MW1401OA150601101REMSYN076AAXX  28061 67796 31570 61401 10258 20226 74022 86500 333 20228 55112 86620;EQDQ01  00002PRCP99
0199677960999992000042812004-16500+034950FM-12+010299999V0201401N001010120019N0200001N1+03041+02021999999ADDAA199000091AY121061AY221061GA1061+012009089GF106991061021012501001001KA1240M+03181MW1051REMSYN080AAXX  28121 67796 31670 61401 10304 20202 70522 86200 333 86840 555 10318 29055;EQDQ01  00002PRCP99
0199677960999992000042906004-16500+034950FM-12+010299999V0201701N001010045019N0100001N1+02301+02161999999ADDAA124000791AY121061AY221061GA1061+004509059GF106991061051004501001001KA1120N+02001MW1401OA150600701REMSYN088AAXX  29061 67796 11460 61701 10230 20216 69904 74022 86500 333 20200 55075 79999 86615;
0146677960999992000042909004-16500+034950FM-12+010299999V0201001N00101045001CN0100001N1+02431+02291999999ADDAY161031AY221031GA1041+009009089GF107991041071012501071999MW1601REMSYN070AAXX  29091 67796 41660 71001 10243 20229 76062 8477/ 333 84830 87459;
0199677960999992000043006004-16500+034950FM-12+010299999V0201001N001010045019N0200001N1+02121+01861999999ADDAA124005191AY121061AY221061GA1061+004509059GF106991061051004501001001KA1120N+01751MW1401OA150600201REMSYN088AAXX  30061 67796 11470 61001 10212 20186 60054 74022 86500 333 20175 55028 70045 86615;
0183677960999992000050106004-16500+034950FM-12+010299999V0201301N001010450019N0200001N1+02251+01751999999ADDAA124000791AY121061AY221061GF105991031051008001031001KA1240M+02851KA2120N+01851MW1401REMSYN086AAXX  01061 67796 11570 51301 10225 20175 69904 74022 83530 333 20185 555 10285 7//62;
0206677960999992000050306004-16500+034950FM-12+010299999V0201001N001012200019N0200001N1+02251+01911999999ADDAA199000091AY101061AY201061GA1021+006009059GF102991021051008001001001KA1120N+01861MW1401OA150601101REMSYN076AAXX  03061 67796 31570 21001 10225 20191 74000 82500 333 20186 55110 82620;EQDQ01  00002PRCP99
0206677960999992000050406004-16500+034950FM-12+010299999V0201001N001012200019N0200001N1+02451+02181999999ADDAA199000091AY101061AY201061GA1021+006009059GF102991021051008001001001KA1120N+02101MW1401OA150601001REMSYN076AAXX  04061 67796 31570 21001 10245 20218 74000 82500 333 20210 55106 82620;EQDQ01  00002PRCP99
0199677960999992000050412004-16500+034950FM-12+010299999V0200701N001010105019N0200001N1+03261+02191999999ADDAA199000091AY121061AY221061GA1051+010509089GF105991051021012501001001KA1240M+03351MW1051REMSYN080AAXX  04121 67796 31670 50701 10326 20219 70522 85200 333 85835 555 10335 29053;EQDQ01  00002PRCP99
0206677960999992000050506004-16500+034950FM-12+010299999V0201301N001012200019N0200001N1+02481+02291999999ADDAA199000091AY121061AY221061GA1011+007509059GF102991021051004501001001KA1120N+02201MW1401OA150601001REMSYN076AAXX  05061 67796 31470 21301 10248 20229 74022 82500 333 20220 55108 81625;EQDQ01  00002PRCP99
0206677960999992000050606004-16500+034950FM-12+010299999V0200601N001010060019N0200001N1+02371+02141999999ADDAA199000091AY121061AY221061GA1071+006009059GF107991071051008001999999KA1120N+02151MW1401OA150600901REMSYN076AAXX  06061 67796 31570 70601 10237 20214 74022 875// 333 20215 55093 87620;EQDQ01  00002PRCP99
0235677960999992000050706004-16500+034950FM-12+010299999V0201501N001010060019N0200001N1+02561+02271999999ADDAA199000091AY121061AY221061GA1061+006009069GF106991061051008001001001KA1240M+03261KA2120N+02301MW1401OA150600701REMSYN092AAXX  07061 67796 31570 61501 10256 20227 74022 86500 333 20230 55071 86620 555 10326 7//22;EQDQ01  00002PRCP99
0205677960999992000050806004-16500+034950FM-12+010299999V0209999C00001045001CN0100001N1+02101+02051999999ADDAA124015091AY161061AY221061GA1041+004509069GF107991041071004501071999KA1120N+02051MW1601OA150600401REMSYN094AAXX  08061 67796 11460 70000 10210 20205 60154 76062 8477/ 333 20205 55046 70145 84615 87459;
0169677960999992000051112004-16500+034950FM-12+010299999V0201601N001010105019N0300001N1+02441+02131999999ADDAY161061AY221061GA1061+010509089GF106991061021012501001001KA1240M+02501MW1151REMSYN080AAXX  11121 67796 41680 61601 10244 20213 71562 86200 333 86835 555 10250 29083;
0199677960999992000051206004-16500+034950FM-12+010299999V0201901N001010045019N0200001N1+02151+02001999999ADDAA124003091AY121061AY221061GA1061+004509059GF106991061051004501001001KA1120N+02021MW1401OA150600201REMSYN088AAXX  12061 67796 11470 61901 10215 20200 60034 74022 86500 333 20202 55026 70032 86615;
0169677960999992000051212004-16500+034950FM-12+010299999V0202701N001010090019N0200001N1+02551+01961999999ADDAY181061AY221061GA1061+009009089GF106991061021012501001001KA1240M+02571MW1251REMSYN080AAXX  12121 67796 41670 62701 10255 20196 72582 86200 333 86830 555 10257 29069;
0206677960999992000051506004-16500+034950FM-12+010299999V0209999C000012200019N0200001N1+01731+01511999999ADDAA199000091AY101061AY201061GA1021+004509059GF102991021051004501001001KA1120N+01251MW1401OA150600901REMSYN076AAXX  15061 67796 31470 20000 10173 20151 74000 82500 333 20125 55095 82615;EQDQ01  00002PRCP99
0235677960999992000051606004-16500+034950FM-12+010299999V0201601N001012200019N0200001N1+02021+01681999999ADDAA199000091AY111061AY211061GA1041+004509069GF104991041051004501001001KA1240M+02681KA2120N+01451MW1401OA150601001REMSYN092AAXX  16061 67796 31470 41601 10202 20168 74011 84500 333 20145 55105 84615 555 10268 7//11;EQDQ01  00002PRCP99
0205677960999992000051806004-16500+034950FM-12+010299999V0201701N00101045001CN0200001N1+02201+01991999999ADDAA124001091AY121061AY221061GA1041+004509069GF106991041051004501031001KA1120N+01901MW1401OA150600401REMSYN094AAXX  18061 67796 11470 61701 10220 20199 60014 74022 84530 333 20190 55041 70014 84615 86359;
0171677960999992000051906004-16500+034950FM-12+010299999V0201601N001010450019N0300001N1+02261+02081999999ADDAA124000791GA1041+004509059GF106991041051004501031001KA1120N+02001OA150601001REMSYN082AAXX  19061 67796 12480 61601 10226 20208 69904 84530 333 20200 55109 79999 84615;
0142677960999992000060712004-16500+034950FM-12+010299999V0201601N001010090019N0300001N1+02531+01991999999ADDAA199000091GA1061+009009029GF106991061021012501001001REMSYN058AAXX  07121 67796 32680 61601 10253 20199 86200 333 86830;EQDQ01  00002PRCP99
0212677960999992000060906004-16500+034950FM-12+010299999V0201601N00101045001CN0200001N1+02161+01941999999ADDAA199000091AY121061AY221061GA1041+004509069GF106991041051004501031001KA1120N+01941MW1401OA150600601REMSYN082AAXX  09061 67796 31470 61601 10216 20194 74022 84530 333 20194 55066 84615 86359;EQDQ01  00002PRCP99
0199677960999992000060912004-16500+034950FM-12+010299999V0201701N001010105019N0200001N1+02801+01901999999ADDAA199000091AY121061AY221061GA1061+010509089GF106991061021012501001001KA1240M+02821MW1051REMSYN080AAXX  09121 67796 31670 61701 10280 20190 70522 86200 333 86835 555 10282 29058;EQDQ01  00002PRCP99
0178677960999992000061006004-16500+034950FM-12+010299999V0201301N001010450019N0300001N1+02161+02001999999ADDAA199000091GA1041+006009059GF106991041051008001031001KA1120N+01751OA150600701REMSYN070AAXX  10061 67796 32580 61301 10216 20200 84530 333 20175 55073 84620;EQDQ01  00002PRCP99
0177677960999992000061106004-16500+034950FM-12+010299999V0201201N00201045001CN0300001N1+02201+01901999999ADDAA124000191GA1041+004509069GF106991041051004501031001KA1120N+01701OA150600801REMSYN088AAXX  11061 67796 12480 61202 10220 20190 69914 84530 333 20170 55082 70001 84615 86359;
0206677960999992000061206004-16500+034950FM-12+010299999V0201401N001012200019N0200001N1+02101+01881999999ADDAA199000091AY111061AY211061GA1031+004509059GF104991031051004501031001KA1120N+01651MW1401OA150600801REMSYN076AAXX  12061 67796 31470 41401 10210 20188 74011 83530 333 20165 55085 83615;EQDQ01  00002PRCP99
0170677960999992000061212004-16500+034950FM-12+010299999V0201301N001010090019N0200001N1+02831+01801999999ADDAA199000091AY121061AY221061GA1061+009009029GF106991061021012501001001MW1051REMSYN064AAXX  12121 67796 31670 61301 10283 20180 70522 86200 333 86830;EQDQ01  00002PRCP99
0170677960999992000061312004-16500+034950FM-12+010299999V0209999C000010105019N0200001N1+02711+01711999999ADDAA199000091AY121061AY221061GA1061+010509029GF106991061021012501001001MW1051REMSYN064AAXX  13121 67796 31670 60000 10271 20171 70522 86200 333 86835;EQDQ01  00002PRCP99
0199677960999992000062806004-16500+034940FM-12+010299999V0201301N001010450019N0200001N1+01901+01761999999ADDAA124002091AY121061AY221061GA1041+004509059GF106991041051004501031001KA1120N+01651MW1401OA150600501REMSYN088AAXX  28061 67796 11470 61301 10190 20176 60024 74022 84530 333 20165 55052 70018 84615;
0205677960999992000062906004-16500+034940FM-12+010299999V0201601N00101045001CN0200001N1+01871+01811999999ADDAA124003091AY121061AY221061GA1031+004509069GF106991031051004501071001KA1120N+01701MW1601OA150600801REMSYN094AAXX  29061 67796 11470 61601 10187 20181 60034 76022 83570 333 20170 55081 70026 83615 86459;
0180677960999992000062912004-16500+034940FM-12+010299999V0201401N001010090019N0200001N1+02701+01601999999ADDAA199000021AY121061AY221061GA1061+009009089GF106991061021012501001001KA1240M+02751MW1051REMSYN080AAXX  29121 67796 31670 61401 10270 20160 70522 86200 333 86830 555 10275 29048;
0199677960999992000063006004-16500+034940FM-12+010299999V0209999C000010045019N0200001N1+01751+01681999999ADDAA124002091AY121061AY221061GA1061+004509059GF106991061051004501001001KA1120N+01451MW1401OA150600101REMSYN088AAXX  30061 67796 11470 60000 10175 20168 60024 74022 86500 333 20145 55018 70015 86615;
0180677960999992000070306004-16500+034940FM-12+010299999V0209999C000010045019N0200001N1+01681+01651999999ADDAA124004191AY121061AY221061GA1061+004509059GF106991061051004501001001MW1401OA150600301REMSYN082AAXX  03061 67796 11470 60000 10168 20165 60044 74022 86500 333 55034 70036 86615;
0140677960999992000070312004-16500+034940FM-12+010299999V0201701N001010060019N0200001N1+02201+01751999999ADDAY181061AY221061GA1061+006009029GF106991061021008001001001MW1051REMSYN064AAXX  03121 67796 41570 61701 10220 20175 70582 86200 333 86820;
0206677960999992000070606004-16500+034940FM-12+010299999V0202601N001010045019N0200001N1+01821+01721999999ADDAA199000091AY121061AY221061GA1061+004509059GF106991061051004501001001KA1120N+01401MW1401OA150600701REMSYN076AAXX  06061 67796 31470 62601 10182 20172 74022 86500 333 20140 55076 86615;EQDQ01  00002PRCP99
0199677960999992000070706004-16500+034940FM-12+010299999V0201801N001010045019N0200001N1+01841+01631999999ADDAA124000591AY121061AY221061GA1061+004509059GF106991061051004501001001KA1120N+01681MW1151OA150600701REMSYN088AAXX  07061 67796 11470 61801 10184 20163 69954 71522 86500 333 20168 55076 79999 86615;
0178677960999992000070906004-16500+034940FM-12+010299999V0201901N001010060019N0200001N1+01981+01561999999ADDAA199000091GA1061+006009059GF106991061051008001001001KA1120N+01721OA150600701REMSYN070AAXX  09061 67796 31570 61901 10198 20156 86500 333 20172 55073 86620;EQDQ01  00002PRCP99
0155677960999992000072106004-16500+034940FM-12+010299999V0209999C000012200019N0300001N1+01801+01301999999ADDAA199000091GA1001+999999999GF100991001001999999001001KA1120N+01301REMSYN058AAXX  21061 67796 32980 00000 10180 20130 333 20130 55108;EQDQ01  00002PRCP99
0170677960999992000072112004-16500+034940FM-12+010299999V0201101N002012200019N0100001N1+03101+02101999999ADDAA199000091AY101061AY201061GA1011+010509029GF101991011011012501001001MW1051REMSYN064AAXX  21121 67796 31660 11102 10310 20210 70500 81100 333 81835;EQDQ01  00002PRCP99
0212677960999992000072206004-16500+034940FM-12+010299999V0209999C000012200019N0200001N1+02481+01401999999ADDAA199000091AY101061AY201061GA1031+006009059GF103991031051008001001001KA1120N+01651MW1051OA150600901REMSYN082AAXX  22061 67796 31570 30000 10248 20140 70500 83500 333 20165 50//1 55095 83620;EQDQ01  00002PRCP99
0212677960999992000072306004-16500+034940FM-12+010299999V0201201N00101045001CN0200001N1+01951+01781999999ADDAA199000091AY121061AY221061GA1041+004509069GF106991041051004501031001KA1120N+01651MW1401OA150601001REMSYN082AAXX  23061 67796 31470 61201 10195 20178 74022 84530 333 20165 55102 84615 86359;EQDQ01  00002PRCP99
0205677960999992000072406004-16500+034940FM-12+010299999V0209999C00001045001CN0100001N1+01791+01571999999ADDAA124000791AY121061AY221061GA1041+004509069GF106991041051004501031001KA1120N+01701MW1151OA150600401REMSYN094AAXX  24061 67796 11460 60000 10179 20157 69904 71522 84530 333 20170 55041 79999 84615 86359;
0212677960999992000072606004-16500+034940FM-12+010299999V0209999C00001045001CN0200001N1+01841+01631999999ADDAA199000091AY121061AY221061GA1041+004509069GF106991041051004501031001KA1120N+01551MW1401OA150600901REMSYN082AAXX  26061 67796 31470 60000 10184 20163 74022 84530 333 20155 55092 84615 86359;EQDQ01  00002PRCP99
0199677960999992000072706004-16500+034940FM-12+010299999V0200901N001010039019N0100001N1+01651+01601999999ADDAA124005191AY151061AY221061GA1071+003909059GF107991071071004501999999KA1120N+01361MW1501OA150600701REMSYN088AAXX  27061 67796 11460 70901 10165 20160 60054 75052 877// 333 20136 55070 70005 87613;
0140677960999992000072712004-16500+034940FM-12+010299999V0209999C000010450019N0200001N1+02321+01301999999ADDAY161061AY221061GA1041+009009029GF107991041021012501071999MW1151REMSYN064AAXX  27121 67796 41670 70000 10232 20130 71562 8427/ 333 84830;
0212677960999992000072906004-16500+034940FM-12+010299999V0201501N00101045001CN0200001N1+01961+01601999999ADDAA199000091AY121061AY221061GA1031+004509069GF106991031051004501031001KA1120N+01621MW1401OA150600901REMSYN082AAXX  29061 67796 31470 61501 10196 20160 74022 83530 333 20162 55093 83615 86359;EQDQ01  00002PRCP99
0170677960999992000073112004-16500+034940FM-12+010299999V0201801N001012200019N0200001N1+02901+01691999999ADDAA199000091AY101061AY201061GA1031+010509029GF104991031011012501031001MW1051REMSYN064AAXX  31121 67796 31670 41801 10290 20169 70500 83130 333 83835;EQDQ01  00002PRCP99
0212677960999992000080106004-16500+034940FM-12+010299999V0201301N00101045001CN0200001N1+02151+01811999999ADDAA199000091AY121061AY221061GA1031+006009069GF106991031051008001031001KA1120N+01901MW1401OA150600901REMSYN082AAXX  01061 67796 31570 61301 10215 20181 74022 83530 333 20190 55094 83620 86359;EQDQ01  00002PRCP99
0170677960999992000080112004-16500+034940FM-12+010299999V0201201N001010090019N0200001N1+02661+01731999999ADDAA199000091AY121061AY221061GA1061+009009029GF106991061021012501001001MW1051REMSYN064AAXX  01121 67796 31670 61201 10266 20173 70522 86200 333 86830;EQDQ01  00002PRCP99
0212677960999992000080206004-16500+034940FM-12+010299999V0201301N00101045001CN0200001N1+01901+01451999999ADDAA199000091AY121061AY221061GA1011+004509069GF106991041051004501031001KA1120N+01701MW1401OA150600401REMSYN082AAXX  02061 67796 31470 61301 10190 20145 74022 84530 333 20170 55049 81615 86360;EQDQ01  00002PRCP99
0212677960999992000080406004-16500+034940FM-12+010299999V0201201N001010450019N0200001N1+02241+01781999999ADDAA199000091AY121061AY221061GA1031+060009069GF106991031061008001031001KA1120N+01921MW1051OA150601001REMSYN082AAXX  04061 67796 31570 61201 10224 20178 70522 83630 333 20192 55104 83670 86359;EQDQ01  00002PRCP99
0178677960999992000080506004-16500+034940FM-12+010299999V0201101N001010060019N0300001N1+02091+01711999999ADDAA199000091GA1061+006009059GF106991061051008001001001KA1120N+01801OA150600901REMSYN070AAXX  05061 67796 32580 61101 10209 20171 86500 333 20180 55093 86620;EQDQ01  00002PRCP99
0206677960999992000080606004-16500+034940FM-12+010299999V0201101N001010450019N0200001N1+02041+01681999999ADDAA199000091AY121061AY221061GA1041+006009059GF106991041051008001031001KA1120N+01731MW1051OA150600701REMSYN076AAXX  06061 67796 31570 61101 10204 20168 70522 84530 333 20173 55074 84620;EQDQ01  00002PRCP99
0257677960999992000080906004-16500+034940FM-12+010299999V0202001N001010270019N0200001N1+02061+01561999999ADDAA199000091AY121061AY221061GA1041+006009069GA2061+027009039GF106991041051008001031001KA1240M+02431KA2120N+01701MW1051OA150600301REMSYN098AAXX  09061 67796 31570 62001 10206 20156 70522 84530 333 20170 55038 84620 86359 555 10243 7//22;EQDQ01  00002PRCP99
0212677960999992000081006004-16500+034940FM-12+010299999V0201601N00101045001CN0200001N1+02081+01651999999ADDAA199000091AY121061AY221061GA1041+006009069GF106991041051008001031001KA1120N+01601MW1051OA150600801REMSYN082AAXX  10061 67796 31570 61601 10208 20165 70522 84530 333 20160 55083 84620 86360;EQDQ01  00002PRCP99
0199677960999992000081406004-16500+034940FM-12+010299999V0201501N001010045019N0200001N1+01821+01711999999ADDAA124005191AY121061AY221061GA1061+004509059GF106991061051004501001001KA1120N+01521MW1401OA150600301REMSYN088AAXX  14061 67796 11470 61501 10182 20171 60054 74022 86500 333 20152 55038 70048 86615;
0140677960999992000081512004-16500+034940FM-12+010299999V0200601N001010105019N0100001N1+02571+01601999999ADDAY121061AY221061GA1061+010509029GF106991061021012501001001MW1151REMSYN064AAXX  15121 67796 41660 60601 10257 20160 71522 86200 333 86835;
0193677960999992000081606004-16500+034940FM-12+010299999V0201601N001010045019N0100001N1+01901+01671999999ADDAA124000591AY121061AY221061GA1061+004509059GF106991999999004501999999KA1120N+01641MW1151OA150600501REMSYN082AAXX  16061 67796 11460 61601 10190 20167 69964 71522 333 20164 55059 70006 86615;
0206677960999992000081706004-16500+034940FM-12+010299999V0201001N001010045019N0200001N1+01821+01731999999ADDAA199000091AY121061AY221061GA1061+004509059GF106991061051004501001001KA1120N+01601MW1401OA150600601REMSYN076AAXX  17061 67796 31470 61001 10182 20173 74022 86500 333 20160 55069 86615;EQDQ01  00002PRCP99
0170677960999992000081712004-16500+034940FM-12+010299999V0201101N002010105019N0100001N1+02741+01401999999ADDAA199000091AY121061AY221061GA1061+010509029GF106991061021012501001001MW1051REMSYN064AAXX  17121 67796 31660 61102 10274 20140 70522 86200 333 86835;EQDQ01  00002PRCP99
0184677960999992000081806004-16500+034940FM-12+010299999V0201301N00101045001CN0300001N1+02141+01701999999ADDAA199000091GA1031+006009069GF106991031051008001031001KA1120N+01751OA150600901REMSYN076AAXX  18061 67796 32580 61301 10214 20170 83530 333 20175 55094 83620 86359;EQDQ01  00002PRCP99
0170677960999992000081912004-16500+034940FM-12+010299999V0201401N002010120019N0100001N1+02951+01661999999ADDAA199000091AY121061AY221061GA1061+012009029GF106991061021012501001001MW1051REMSYN064AAXX  19121 67796 31660 61402 10295 20166 70522 86200 333 86840;EQDQ01  00002PRCP99
0212677960999992000082306004-16500+034940FM-12+010299999V0201301N00101045001CN0200001N1+02061+01481999999ADDAA199000091AY121061AY221061GA1041+006009069GF106991041051008001031001KA1120N+01541MW1401OA150601001REMSYN082AAXX  23061 67796 31570 61301 10206 20148 74022 84530 333 20154 55105 84620 86359;EQDQ01  00002PRCP99
0170677960999992000082512004-16500+034940FM-12+010299999V0200801N001010105019N0100001N1+02751+01191999999ADDAA199000091AY111061AY211061GA1061+010509029GF106991061021012501001001MW1051REMSYN064AAXX  25121 67796 31660 60801 10275 20119 70511 86200 333 86835;EQDQ01  00002PRCP99
0200677960999992000082606004-16500+034940FM-12+010299999V0201501N001012200019N0100001N1+02181+01671999999ADDAA199000091AY101061AY201061GA1011+006009059GF101991999999008001999999KA1120N+01651MW1051OA150600801REMSYN070AAXX  26061 67796 31560 11501 10218 20167 70500 333 20165 55088 81620;EQDQ01  00002PRCP99
0170677960999992000082812004-16500+034940FM-12+010299999V0201601N001010105019N0100001N1+02821+01341999999ADDAA199000091AY121061AY221061GA1061+010509029GF106991061021012501001001MW1051REMSYN064AAXX  28121 67796 31660 61601 10282 20134 70522 86200 333 86835;EQDQ01  00002PRCP99
0206677960999992000082906004-16500+034940FM-12+010299999V0201401N001012200019N0200001N1+02121+01701999999ADDAA199000091AY111061AY211061GA1041+006009059GF104991041051008001001001KA1120N+01651MW1401OA150601101REMSYN076AAXX  29061 67796 31570 41401 10212 20170 74011 84500 333 20165 55111 84620;EQDQ01  00002PRCP99
0170677960999992000083012004-16500+034940FM-12+010299999V0201001N001010120019N0100001N1+03221+01401999999ADDAA199000091AY121061AY221061GA1061+012009029GF106991061021012501001001MW1051REMSYN064AAXX  30121 67796 31660 61001 10322 20140 70522 86200 333 86840;EQDQ01  00002PRCP99
0170677960999992000090112004-16500+034940FM-12+010299999V0200901N001012200019N0100001N1+03251+00581999999ADDAA199000091AY101061AY201061GA1011+012009029GF101991011011012501001001MW1051REMSYN064AAXX  01121 67796 31660 10901 10325 20058 70500 81100 333 81840;EQDQ01  00002PRCP99
0183677960999992000090206004-16500+034940FM-12+010299999V0201001N004012200019N0200001N1+02201+01401999999ADDAA199000091AY101061AY201061GA1001+999999999GF100991001001999999001001KA1120N+01781MW1051REMSYN064AAXX  02061 67796 31970 01004 10220 20140 70500 333 20178 55103;EQDQ01  00002PRCP99
0183677960999992000090306004-16500+034940FM-12+010299999V0201501N001012200019N0200001N1+02171+01681999999ADDAA199000091AY101061AY201061GA1001+999999999GF100991001001999999001001KA1120N+01651MW1051REMSYN064AAXX  03061 67796 31970 01501 10217 20168 70500 333 20165 55103;EQDQ01  00002PRCP99
0206677960999992000090406004-16500+034940FM-12+010299999V0201101N001012200019N0200001N1+02661+01501999999ADDAA199000091AY101061AY201061GA1021+027009079GF102991021001999999031001KA1120N+01801MW1051OA150600901REMSYN076AAXX  04061 67796 31970 21101 10266 20150 70500 82030 333 20180 55091 82359;EQDQ01  00002PRCP99
0183677960999992000090706004-16500+034940FM-12+010299999V0201401N001012200019N0100001N1+02341+01831999999ADDAA199000091AY101061AY201061GA1001+999999999GF100991001001999999001001KA1120N+01951MW1051REMSYN064AAXX  07061 67796 31960 01401 10234 20183 70500 333 20195 55101;EQDQ01  00002PRCP99
0154677960999992000090712004-16500+034940FM-12+010299999V0201501N001012200019N0100001N1+03601+01671999999ADDAA199000091AY101061AY201061GA1001+999999999GF100991001001999999001001MW1051REMSYN048AAXX  07121 67796 31960 01501 10360 20167 70500;EQDQ01  00002PRCP99
0170677960999992000091212004-16500+034940FM-12+010299999V0201601N001010105019N0100001N1+03321+01501999999ADDAA199000091AY121061AY221061GA1051+010509029GF105991051021012501031001MW1051REMSYN064AAXX  12121 67796 31660 51601 10332 20150 70522 85230 333 85835;EQDQ01  00002PRCP99
0183677960999992000091306004-16500+034940FM-12+010299999V0201101N001012200019N0200001N1+02481+01881999999ADDAA199000091AY101061AY201061GA1001+999999999GF100991001001999999001001KA1120N+02021MW1051REMSYN064AAXX  13061 67796 31970 01101 10248 20188 70500 333 20202 55078;EQDQ01  00002PRCP99
0170677960999992000091412004-16500+034940FM-12+010299999V0200101N001012200019N0100001N1+03731+01281999999ADDAA199000091AY101061AY201061GA1041+012009029GF104991041021012501001001MW1051REMSYN064AAXX  14121 67796 31660 40101 10373 20128 70500 84200 333 84840;EQDQ01  00002PRCP99
0170677960999992000091512004-16500+034940FM-12+010299999V0202001N001012200019N0200001N1+03431+01921999999ADDAA199000091AY101061AY201061GA1041+012009029GF104991041021012501001001MW1051REMSYN064AAXX  15121 67796 31670 42001 10343 20192 70500 84200 333 84840;EQDQ01  00002PRCP99
0206677960999992000091706004-16500+034940FM-12+010299999V0200901N006012200019N0200001N1+02401+01791999999ADDAA199000091AY101061AY201061GA1041+006009059GF104991041051008001001001KA1120N+01961MW1051OA150601001REMSYN076AAXX  17061 67796 31570 40906 10240 20179 70500 84500 333 20196 55104 84620;EQDQ01  00002PRCP99
0183677960999992000091806004-16500+034940FM-12+010299999V0200801N001012200019N0060001N1+02571+01601999999ADDAA199000091AY101061AY201061GA1001+999999999GF100991001001999999001001KA1120N+02251MW1051REMSYN064AAXX  18061 67796 31956 00801 10257 20160 70500 333 20225 55087;EQDQ01  00002PRCP99
0170677960999992000091912004-16500+034940FM-12+010299999V0201001N001012200019N0100001N1+03341+01601999999ADDAA199000091AY111061AY211061GA1041+013509029GF104991041021012501001001MW1051REMSYN064AAXX  19121 67796 31660 41001 10334 20160 70511 84200 333 84845;EQDQ01  00002PRCP99
0212677960999992000092106004-16500+034940FM-12+010299999V0201301N001010060019N0200001N1+01951+01421999999ADDAA199000091AY121061AY221061GA1061+006009059GF106991061051008001001001KA1120N+01541MW1051OA150600801REMSYN082AAXX  21061 67796 31570 61301 10195 20142 70522 86500 333 013// 20154 55083 86620;EQDQ01  00002PRCP99
0206677960999992000092206004-16500+034940FM-12+010299999V0201301N001010060019N0100001N1+02401+01801999999ADDAA199000091AY121061AY221061GA1061+006009059GF106991061051008001001001KA1120N+01911MW1051OA150600901REMSYN076AAXX  22061 67796 31560 61301 10240 20180 70522 86500 333 20191 55092 86620;EQDQ01  00002PRCP99
0206677960999992000092306004-16500+034940FM-12+010299999V0201201N002010060019N0100001N1+02401+01851999999ADDAA199000091AY121061AY221061GA1061+006009059GF106991061051008001001001KA1120N+02011MW1051OA150600801REMSYN076AAXX  23061 67796 31560 61202 10240 20185 70522 86500 333 20201 55085 86620;EQDQ01  00002PRCP99
0206677960999992000092406004-16500+034940FM-12+010299999V0201601N002010060019N0200001N1+02421+01781999999ADDAA199000091AY121061AY221061GA1061+006009059GF106991061051008001001001KA1120N+01901MW1051OA150600801REMSYN076AAXX  24061 67796 31570 61602 10242 20178 70522 86500 333 20190 55081 86620;EQDQ01  00002PRCP99
0183677960999992000092506004-16500+034940FM-12+010299999V0201301N002012200019N0100001N1+02491+01791999999ADDAA199000091AY101061AY201061GA1001+999999999GF100991001001999999001001KA1120N+02101MW1051REMSYN064AAXX  25061 67796 31960 01302 10249 20179 70500 333 20210 55099;EQDQ01  00002PRCP99
0170677960999992000092612004-16500+034940FM-12+010299999V0201501N001012200019N0100001N1+03701+01001999999ADDAA199000091AY101061AY201061GA1041+013509029GF104991041021012501001001MW1051REMSYN064AAXX  26121 67796 31660 41501 10370 20100 70500 84200 333 84845;EQDQ01  00002PRCP99
0206677960999992000092806004-16500+034940FM-12+010299999V0201201N003012200019N0200001N1+02401+01801999999ADDAA199000091AY101061AY201061GA1031+006009059GF103991031051008001001001KA1120N+01901MW1051OA150600801REMSYN076AAXX  28061 67796 31570 31203 10240 20180 70500 83500 333 20190 55084 83620;EQDQ01  00002PRCP99
0170677960999992000092812004-16500+034940FM-12+010299999V0201301N002010120019N0100001N1+03301+01311999999ADDAA199000091AY121061AY221061GA1061+012009029GF106991061021012501001001MW1051REMSYN064AAXX  28121 67796 31660 61302 10330 20131 70522 86200 333 86840;EQDQ01  00002PRCP99
0202677960999992000103106004-16500+034940FM-12+010299999V0201501N00101045001CN0300001N1+02061+01841999999ADDAA124000591GA1041+004509069GF106991041051004501031041KA1120N+01951OA150699999REMSYN094AAXX  31061 67796 12480 61501 10206 20184 69954 84534 333 20195 55007 55007 70005 84615 86359;EQDQ01  00002WGOSPD
0176677960999992000103112004-16500+034940FM-12+010299999V0201201N00101045001CN0100001N1+02491+01921999999ADDAA199000091AY121061AY221061GA1041+009009089GF107991041021012501071999MW1151REMSYN070AAXX  31121 67796 31660 71201 10249 20192 71522 8427/ 333 84830 87459;EQDQ01  00002PRCP99
0178677960999992000110106004-16500+034940FM-12+010299999V0201001N001012200019N0300001N1+02541+01841999999ADDAA199000091GA1031+006009059GF104991031051012501031081KA1120N+02021OA150600701REMSYN070AAXX  01061 67796 32680 41001 10254 20184 83538 333 20202 55077 83620;EQDQ01  00002PRCP99
0198677960999992000110312004-16500+034940FM-12+010299999V0203201N00101012001CN0200001N1+03491+02091999999ADDAA199000091AY121061AY221061GA1031+010509089GA2011+999999099GF106991051031012501001081MW1051REMSYN076AAXX  03121 67796 31670 63201 10349 20209 70522 85308 333 83835 819// 86275;EQDQ01  00002PRCP99
0205677960999992000110906004-16500+034940FM-12+010299999V0201101N00101045001CN0100001N1+02551+02191999999ADDAA124015091AY121061AY221061GA1041+006009069GF106991041051008001031001KA1120N+02351MW1151OA150600301REMSYN094AAXX  09061 67796 11560 61101 10255 20219 60154 71522 84530 333 20235 55039 70152 84620 86359;
0176677960999992000110912004-16500+034940FM-12+010299999V0209999C00001012001CN0100001N1+03371+02101999999ADDAA199000091AY121061AY221061GA1011+009009099GF106991051091012501031001MW1051REMSYN070AAXX  09121 67796 31660 60000 10337 20210 70522 85930 333 81930 84830;EQDQ01  00002PRCP99
0205677960999992000111106004-16500+034940FM-12+010299999V0209999C00001045001CN0200001N1+02551+02291999999ADDAA124005191AY121061AY221061GA1041+006009069GF106991041051008001031001KA1120N+02251MW1051OA150600001REMSYN094AAXX  11061 67796 11570 60000 10255 20229 60054 70522 84530 333 20225 55007 70048 84620 86359;
0205677960999992000111306004-16500+034940FM-12+010299999V0200801N00101004201CN0100001N1+02391+02271999999ADDAA124007191AY191061AY281061GA1011+004509099GF106991061091004501001001KA1120N+02301MW1171OA150600501REMSYN094AAXX  13061 67796 11460 60801 10239 20227 60074 71798 86900 333 20230 55058 70070 81915 85820;
0212677960999992000111406004-16500+034940FM-12+010299999V0202601N00101045001CN0100001N1+02741+02201999999ADDAA199000091AY121061AY221061GA1041+006009069GF107991041051008001071999KA1120N+02151MW1151OA150600301REMSYN082AAXX  14061 67796 31560 72601 10274 20220 71522 8457/ 333 20215 55034 84620 87459;EQDQ01  00002PRCP99
0125677960999992000111606004-16500+034940FM-12+010299999V0201501N001012200019N0200001N1+02761+02321999999ADDGF104991999999008001999999REMSYN087AAXX  16061 67796 11570 41501 10276 20232 6004 70511 83530 333 20235 55065 70012 83620;
0184677960999992000120506004-16500+034940FM-12+010299999V0201601N00101045001CN0300001N1+02821+02301999999ADDAA199000091GA1041+006009069GF106991041051008001031001KA1120N+02331OA150600101REMSYN076AAXX  05061 67796 32580 61601 10282 20230 84530 333 20233 55011 84620 86359;EQDQ01  00002PRCP99
0198677960999992000120512004-16500+034940FM-12+010299999V0201101N001010105019N0200001N1+03301+02221999999ADDAA199000091AY121061AY221061GA1011+009009099GA2041+010509089GF106991051091012501001031MW1171REMSYN076AAXX  05121 67796 31670 61101 10330 20222 71722 85903 333 81930 84835 86275;EQDQ01  00002PRCP99
0229677960999992000120606004-16500+034940FM-12+010299999V0201301N001010270019N0300001N1+02621+02261999999ADDAA199000091GA1041+009009069GA2061+027009039GF106991041051012501031001KA1240M+03341KA2120N+02301OA150600801REMSYN092AAXX  06061 67796 32680 61301 10262 20226 84530 333 20230 55086 84630 86359 555 10334 7//22;EQDQ01  00002PRCP99
0146677960999992000120712004-16500+034940FM-12+010299999V0202301N00101015001CN0100001N1+02581+02341999999ADDAY191061AY281061GA1011+009009099GF106991061091017501001021MW1951REMSYN070AAXX  07121 67796 41760 62301 10258 20234 79598 86902 333 81930 85835;
0222677960999992000120806004-16500+034940FM-12+010299999V0200901N001012200019N0300001N1+02801+02301999999ADDAA124002091GA1021+009009069GA2041+027009039GF104991021051012501031001KA1240M+03361KA2120N+02261OA150600501REMSYN104AAXX  08061 67796 12680 40901 10280 20230 60024 82530 333 20226 55055 70016 82630 84359 555 10336 7//98;
0205677960999992000120906004-16500+034940FM-12+010299999V0201001N00101045001CN0200001N1+02901+02301999999ADDAA124000791AY121061AY221061GA1031+009009069GF106991031051012501031001KA1120N+02461MW1051OA150601101REMSYN094AAXX  09061 67796 11670 61001 10290 20230 69904 70522 83530 333 20246 55110 79999 83630 86359;
0178677960999992000121206004-16500+034940FM-12+010299999V0203201N001012200019N0300001N1+03181+02211999999ADDAA199000091GA1031+009009059GF103991031051012501001001KA1120N+02251OA150601101REMSYN070AAXX  12061 67796 32680 33201 10318 20221 83500 333 20225 55110 83630;EQDQ01  00002PRCP99
0204677960999992000121306004-16500+034940FM-12+010299999V0201801N001010090019N0400001N1+02501+02081999999ADDAA199000091AY121061GA1061+009009089GF107991061021012501071999KA1120N+02151MW1091OA150600601REMSYN082AAXX  13061 67796 31682 71801 10250 20208 7092/ 8627/ 333 20215 55066 86830 819//;EQDQ01  00002PRCP99
0224677960999992000121406004-16500+034940FM-12+010299999V0201501N001010060019N0100001N1+02351+02101999999ADDAA124038191AY121061AY221061GA1051+006009069GF106991051051008001031001KA1120N+02101MW1151OA150699999REMSYN094AAXX  14061 67796 31560 61501 10235 20210 60384 71522 85530 333 20210 55000 70383 85620 86359;EQDQ01  00002WGOSPD
0170677960999992000121412004-16500+034940FM-12+010299999V0201501N001010090019N0100001N1+02631+02211999999ADDAA199000091AY121061AY221061GA1061+009009029GF106991061021012501001001MW1151REMSYN064AAXX  14121 67796 31660 61501 10263 20221 71522 86200 333 86830;EQDQ01  00002PRCP99
0228677960999992000121506004-16500+034940FM-12+010299999V0200901N00101045001CN0200001N1+02581+02101999999ADDAA199000091AY121061AY221061GA1041+006009069GF106991041051008001031999KA1120N+02301MW1151OA150699999REMSYN082AAXX  15061 67796 31570 60901 10258 20210 71522 8453/ 333 20230 55000 84620 86359;EQDQ01  00002PRCP99Q02  00002WGOSPD
0176677960999992000121512004-16500+034940FM-12+010299999V0201401N00101045001CN0100001N1+02791+02141999999ADDAA199000091AY121061AY221061GA1041+009009089GF106991041021012501031001MW1151REMSYN070AAXX  15121 67796 31660 61401 10279 20214 71522 84230 333 84830 86359;EQDQ01  00002PRCP99
0178677960999992000121706004-16500+034940FM-12+010299999V0201401N001010060019N0300001N1+02651+02101999999ADDAA199000091GA1051+006009059GF105991051051008001001001KA1120N+02151OA150601501REMSYN070AAXX  17061 67796 32580 51401 10265 20210 85500 333 20215 55155 85620;EQDQ01  00002PRCP99
0155677960999992000121806004-16500+034940FM-12+010299999V0201001N001012200019N0300001N1+02831+02371999999ADDAA199000091GA1001+999999999GF100991001001999999001001KA1120N+02341REMSYN058AAXX  18061 67796 32980 01001 10283 20237 333 20234 55090;EQDQ01  00002PRCP99
0148677960999992000121812004-16500+034940FM-12+010299999V0200901N00101012001CN0300001N1+03451+02341999999ADDAA199000091GA1011+009009099GF106991061091012501001001REMSYN064AAXX  18121 67796 32680 60901 10345 20234 86900 333 81930 85835;EQDQ01  00002PRCP99
0195677960999992000121906004-16500+034940FM-12+010299999V0201201N001012200019N0300001N1+02921+02401999999ADDAA199000091GA1001+999999999GF100991001001999999001001KA1240M+03551KA2120N+02541OA150601201REMSYN074AAXX  19061 67796 32980 01201 10292 20240 333 20254 55124 555 10355 7//00;EQDQ01  00002PRCP99
0153677960999992000121912004-16500+034940FM-12+010299999V0201901N001019999999N0100001N1+99999+99999999999ADDAA199000091GA1011+009009099GF106991999999012501999999REMSYN069AAXX  19121 67796 31660 61901 1049 20214 71792 86900 333 81930 85835;EQDQ01  00002PRCP99
0205677960999992000122006004-16500+034940FM-12+010299999V0201401N001010270019N0300001N1+02781+02421999999ADDAA199000091GA1041+009009069GA2061+027009039GF106991041051012501031001KA1240M+03581REMSYN092AAXX  20061 67796 32680 61401 10278 20242 84530 333 20/// 55/// 84630 86359 555 10358 7//92;EQDQ01  00002PRCP99
0184677960999992000122106004-16500+034940FM-12+010299999V0200901N00101105001CN0300001N1+03001+02421999999ADDAA199000091GA1041+009009069GF106991041051012501001081KA1120N+02551OA150601001REMSYN076AAXX  21061 67796 32680 60901 10300 20242 84508 333 20255 55102 84630 86270;EQDQ01  00002PRCP99
0198677960999992000122112004-16500+034940FM-12+010299999V0200901N001010105019N0200001N1+03241+02201999999ADDAA199000091AY121061AY221061GA1011+009009099GA2041+010509089GF106991051091012501001081MW1151REMSYN076AAXX  21121 67796 31670 60901 10324 20220 71522 85908 333 81930 84835 86280;EQDQ01  00002PRCP99
0229677960999992000122206004-16500+034940FM-12+010299999V0201001N001010270019N0300001N1+02841+02341999999ADDAA199000091GA1041+006009069GA2061+027009039GF106991041051008001031001KA1240M+03561KA2120N+02421OA150600901REMSYN092AAXX  22061 67796 32580 61001 10284 20234 84530 333 20242 55092 84620 86359 555 10356 7//96;EQDQ01  00002PRCP99
0205677960999992000122406004-16500+034940FM-12+010299999V0209999C00001045001CN0100001N1+02461+02101999999ADDAA124002091AY161061AY221061GA1041+006009069GF107991041071008001071999KA1120N+02301MW1581OA150600001REMSYN094AAXX  24061 67796 11560 70000 10246 20210 60024 75862 8477/ 333 20230 55000 70018 84620 87459;
0196677960999992000122506004-16500+034940FM-12+010299999V0203201N001012200019N0300001N1+02061+99999999999ADDAA124013091GA1021+006009069GF104991021051008001031001KA1120N+99999OA150600401REMSYN088AAXX  25061 67796 12580 43201 10206 20230 60134 82530 333 20215 55049 70132 82620 84359;EQDQ01 +02152ATMN  
0176677960999992000122612004-16500+034940FM-12+010299999V0201601N00201012001CN0100001N1+02981+02201999999ADDAA199000091AY191061AY221061GA1011+009009099GF106991061091012501001001MW1171REMSYN070AAXX  26121 67796 31660 61602 10298 20220 71792 86900 333 81930 85835;EQDQ01  00002PRCP99
0177677960999992000122906004-16500+034940FM-12+010299999V0201201N00101045001CN0300001N1+02651+02351999999ADDAA124003091GA1031+006009069GF106991031051008001031001KA1120N+02251OA150600101REMSYN088AAXX  29061 67796 12580 61201 10265 20235 60034 83530 333 20225 55017 70033 83620 86359;
0155677960999992000123006004-16500+034940FM-12+010299999V0200801N001012200019N0300001N1+02731+02201999999ADDAA199000091GA1001+999999999GF100991001001999999001001KA1120N+02241REMSYN058AAXX  30061 67796 32980 00801 10273 20220 333 20224 55114;EQDQ01  00002PRCP99
0184677960999992000123106004-16500+034940FM-12+010299999V0201001N00101105001CN0300001N1+02651+02231999999ADDAA199000091GA1031+006009069GF106991031051008001001081KA1120N+02301OA150601201REMSYN076AAXX  31061 67796 32580 61001 10265 20223 83508 333 20230 55125 83620 86270;EQDQ01  00002PRCP99
