0173678970999992000010306004-19880+032880FM-12+148099999V0209999C000010270019N0250001N1+02101+01671999999ADDAA106000091GA1061+027009019GF107991061001999999071021KA1120N+01671REMSYN076AAXX  03064 67897 32975 70000 10210 20167 3//// 48/// 86072 333 20167 86459;EQDQ01  00002PRCP06
0180678970999992000010312004-19880+032880FM-12+148099999V0201701N00101045001CN0250001N1+02061+01821999999ADDAY191061AY281061GA1011+002709079GA2031+007509089GF107991031021008001071021MW1251REMSYN088AAXX  03124 67897 41575 71702 10206 20182 3//// 48/// 72598 83272 333 81709 83825 85459;
0124678970999992000010409004-19880+032880FM-12+148099999V0201601N001510054019N0300001N1+02161+01711999999ADDGA1051+005409029GF107991051011004501001021REMSYN070AAXX  04094 67897 42480 71603 10216 20171 3//// 48/// 85102 333 85818;
0152678970999992000010412004-19880+032880FM-12+148099999V0201201N001010450019N0350001N1+02301+01701999999ADDGA1031+007509089GA2011+999999099GF105991031021008001071031REMSYN082AAXX  04124 67897 42581 51202 10230 20170 3//// 48/// 83273 333 819// 83825 84099;
0130678970999992000010609004-19880+032880FM-12+148099999V0202501N000512200019N0300001N1+02501+01681999999ADDGA1031+010509089GF105991031021012501001011REMSYN076AAXX  06094 67897 42680 52501 10250 20168 3//// 48/// 83201 333 83835 83099;
0124678970999992000010612004-19880+032880FM-12+148099999V0202201N002610072019N0350001N1+02501+01931999999ADDGA1061+007209029GF107991061021008001031011REMSYN070AAXX  06124 67897 42581 72205 10250 20193 3//// 48/// 86231 333 86824;
0152678970999992000010712004-19880+032880FM-12+148099999V0202201N001510075019N0350001N1+02501+01751999999ADDAY181061AY221061GA1061+007509029GF107991061021008001071021MW1031REMSYN076AAXX  07124 67897 41581 72203 10250 20175 3//// 48/// 70382 86272 333 86825;
0156678970999992000011712004-19880+032880FM-12+148099999V0203601N001510270019N0280001N1+02051+01671999999ADDAY161061AY251061GA1081+027009019GF108991081001999999071999MW1611REMSYN080    AAXX  17124 67897 41978 83603 10205 20167 3//// 48/// 76165 8807/ 333 88459;
0156678970999992000011912004-19880+032880FM-12+148099999V0201601N001010006019N0011001N1+01471+01441999999ADDAY161061AY251061GA1081+000609069GF108991081061000751999999MW1201REMSYN080    AAXX  19124 67897 41111 81602 10147 20144 3//// 48/// 72065 886// 333 88702;
0188678970999992000012106004-19880+032880FM-12+148099999V0201601N001010001519N0000001N1+01471+01441999999ADDAA124014091AY161061AY251061GA1081+000159069GF108991081071000251999999KA1120N+01301MW1591REMSYN088AAXX  21064 67897 11000 81602 10147 20144 3//// 48/// 60144 75965 887// 333 20130 88700;
0124678970999992000012209004-19880+032880FM-12+148099999V0201201N001512200019N0300001N1+02051+01331999999ADDGA1031+009309029GF103991031011012501001001REMSYN070AAXX  22094 67897 42680 31203 10205 20133 3//// 48/// 83100 333 83831;
0130678970999992000012212004-19880+032880FM-12+148099999V0201101N001012200019N0350001N1+02101+01351999999ADDGA1021+009609089GF103991021011012501031001REMSYN076AAXX  22124 67897 42681 31102 10210 20135 3//// 48/// 82130 333 82832 83358;
0124678970999992000012412004-19880+032880FM-12+148099999V0201201N001510075019N0300001N1+02151+01531999999ADDGA1051+007509029GF105991051011008001001001REMSYN070AAXX  24124 67897 42580 51203 10215 20153 3//// 48/// 85100 333 85825;
0124678970999992000012512004-19880+032880FM-12+148099999V0201701N001512200019N0350001N1+02351+01711999999ADDGA1041+008409029GF104991041021008001001001REMSYN070AAXX  25124 67897 42581 41703 10235 20171 3//// 48/// 84200 333 84828;
0189678970999992000012606004-19880+032880FM-12+148099999V0203101N001012200019N0250001N1+02151+01641999999ADDAA199000091GA1011+021009079GF101991011999022501071001KA1120N+01501REMSYN076AAXX  26064 67897 32875 13102 10215 20164 3//// 48/// 81070 333 20150 81357;EQDQ01+000002SCOLCGQ02  00002PRCP99
0124678970999992000012612004-19880+032880FM-12+148099999V0201501N001010060019N0350001N1+02401+01991999999ADDGA1061+006009029GF106991061021008001001001REMSYN070AAXX  26124 67897 42581 61502 10240 20199 3//// 48/// 86200 333 86820;
0152678970999992000012812004-19880+032880FM-12+148099999V0202201N001510120019N0300001N1+02741+01811999999ADDAY191061AY281061GA1061+012009029GF107991061021012501071999MW1291REMSYN076AAXX  28124 67897 41680 72203 10274 20181 3//// 48/// 72998 8627/ 333 86840;
0201678970999992000013106004-19880+032880FM-12+148099999V0201601N00101045001CN0280001N1+02151+01811999999ADDAA199000091GA1011+004509089GA2031+027009039GF107991011011004501031021KA1120N+01551REMSYN088AAXX  31064 67897 32478 71602 10215 20181 3//// 48/// 81132 333 20155 81815 83359 86099;EQDQ01  00002PRCP99
0188678970999992000020806004-19880+032880FM-12+148099999V0209999C000012200019N0280001N1+02201+01721999999ADDAA124000791AY101061AY201061GA1011+000159069GF102991011061000251001021KA1120N+01641MW1401REMSYN088AAXX  08064 67897 11078 20000 10220 20172 3//// 48/// 69904 74000 81602 333 20164 81700;
0194678970999992000021006004-19880+032880FM-12+148099999V0209999C000011050019N0170001N1+02051+01801999999ADDAA124000791AY121061AY221061GA1041+002109079GF107991041061002501001021KA1120N+01611MW1401REMSYN094AAXX  10064 67897 11367 70000 10205 20180 3//// 48/// 69904 74022 84602 333 20161 84707 87099;
0152678970999992000021012004-19880+032880FM-12+148099999V0201901N004110060019N0280001N1+02201+01801999999ADDAY191061AY221061GA1051+006009029GF105991051021008001001001MW1021REMSYN076AAXX  10124 67897 41578 51908 10220 20180 3//// 48/// 70292 85200 333 85820;
0207678970999992000021106004-19880+032880FM-12+148099999V0209999C000011050019N0250001N1+02021+01761999999ADDAA199000091AY121061AY221061GA1011+003309089GF107991011011004501001021KA1120N+01551MW1401REMSYN088AAXX  11064 67897 31475 70000 10202 20176 3//// 48/// 74022 81102 333 20155 81811 87099;EQDQ01  00002PRCP99
0130678970999992000021209004-19880+032880FM-12+148099999V0203301N001511050019N0300001N1+02441+01611999999ADDGA1041+009609089GF106991041021012501001021REMSYN076AAXX  12094 67897 42680 63303 10244 20161 3//// 48/// 84202 333 84832 83099;
0161678970999992000040406004-19880+032880FM-12+148099999V0200401N000512200019N0270001N1+01641+01261999999ADDAA199000091GA1001+999999999GF100991001001999999001001KA1999N+01341REMSYN064AAXX  04064 67897 32977 00401 10164 20126 3//// 48/// 333 20134;EQDQ01  00002PRCP99
0160678970999992000041206004-19880+032880FM-12+148099999V0201201N000512200019N0300001N1+01791+01441999999ADDAA124000791GA1011+001509069GF101991011011004501031001KA1120N+01261REMSYN082AAXX  12064 67897 12480 11201 10179 20144 3//// 48/// 69904 81130 333 20126 81705;
0124678970999992000052612004-19880+032880FM-12+148099999V0201901N001512200019N0250001N1+02001+00731999999ADDGA1011+018009029GF101991011011017501001001REMSYN070AAXX  26124 67897 42775 11903 10200 20073 3//// 48/// 81100 333 81856;
0173678970999992000052706004-19880+032880FM-12+148099999V0203301N003112200019N0250001N1+01701+00791999999ADDAA199000091GA1031+030009079GF103991031001999999031001KA1120N+01191REMSYN076AAXX  27064 67897 32975 33306 10170 20079 3//// 48/// 83030 333 20119 83360;EQDQ01  00002PRCP99
0130678970999992000052709004-19880+032880FM-12+148099999V0203601N001512200019N0300001N1+02031+00961999999ADDGA1011+012009089GF104991011021012501031001REMSYN076AAXX  27094 67897 42680 43603 10203 20096 3//// 48/// 81230 333 81840 84360;
0124678970999992000052712004-19880+032880FM-12+148099999V0202601N001012200019N0300001N1+02171+00961999999ADDGA1031+015009029GF103991031021017501001001REMSYN070AAXX  27124 67897 42780 32602 10217 20096 3//// 48/// 83200 333 83850;
0201678970999992000052806004-19880+032880FM-12+148099999V0209999C000012200019N0005001N1+01411+01311999999ADDAA199000091AY101061AY201061GA1011+003009029GF101991011011004501001001KA1120N+01101MW1421REMSYN082AAXX  28064 67897 31405 10000 10141 20131 3//// 48/// 74200 81100 333 20110 81810;EQDQ01  00002PRCP99
0158678970999992000053009004-19880+032880FM-12+148099999V0203601N00101012001CN0150001N1+01891+01151999999ADDAY111031AY211031GA1011+002109079GF105991051021012501001001MW1051REMSYN082AAXX  30094 67897 41665 53602 10189 20115 3//// 48/// 70511 85200 333 81707 85834;
0158678970999992000053012004-19880+032880FM-12+148099999V0202601N00261012001CN0150001N1+01901+01241999999ADDAY111061AY211061GA1011+002109079GF105991051021012501001001MW1051REMSYN082AAXX  30124 67897 41665 52605 10190 20124 3//// 48/// 70511 85200 333 81707 85835;
0124678970999992000053109004-19880+032880FM-12+148099999V0201201N001012200019N0250001N1+01771+00631999999ADDGA1011+002109069GF101991011011017501001001REMSYN070AAXX  31094 67897 42775 11202 10177 20063 3//// 48/// 81100 333 81707;
0124678970999992000053112004-19880+032880FM-12+148099999V0201101N001512200019N0250001N1+01971+00511999999ADDGA1011+002109069GF101991011011022501001001REMSYN070AAXX  31124 67897 42875 11103 10197 20051 3//// 48/// 81100 333 81707;
0152678970999992000060212004-19880+032880FM-12+148099999V0202101N002112200019N0150001N1+01601+00921999999ADDAY111061AY211061GA1021+009009029GF102991021011012501001001MW1051REMSYN076AAXX  02124 67897 41665 22104 10160 20092 3//// 48/// 70511 82100 333 82830;
0167678970999992000060306004-19880+032880FM-12+148099999V0201001N010812200019N0250001N1+99999+99999999999ADDAA199000091GA1021+006009059GF102991021051008001001001KA1120N+00771REMSYN070AAXX  03064 67897 32575 21021 2064/ 3//// 48/// 82500 333 20077 82620;EQDQ01  00002PRCP99
0124678970999992000060309004-19880+032880FM-12+148099999V0200601N002110105019N0250001N1+01671+00831999999ADDGA1051+010509029GF105991051011012501031001REMSYN070AAXX  03094 67897 42675 50604 10167 20083 3//// 48/// 85130 333 85835;
0124678970999992000060312004-19880+032880FM-12+148099999V0200601N001010120019N0250001N1+01621+00741999999ADDGA1051+012009029GF105991051011012501001001REMSYN070AAXX  03124 67897 42675 50602 10162 20074 3//// 48/// 85100 333 85840;
0154678970999992000060506004-19880+032880FM-12+148099999V0201801N001010001519N0000001N1+01041+01011999999ADDAA124023991GA1091+999999999GF109991091999999999999999KA1999N+01001REMSYN076AAXX  05064 67897 11/00 91802 10104 20101 3//// 48/// 60244 84344 333 20100;
0180678970999992000060509004-19880+032880FM-12+148099999V0201201N001510045019N0070001N1+01291+01041999999ADDAY141031AY221031GA1011+000909079GA2041+004509089GF107991051021004501031999MW1151REMSYN088AAXX  05094 67897 41457 71203 10129 20104 3//// 48/// 71542 8523/ 333 81703 84815 87360;
0188678970999992000060606004-19880+032880FM-12+148099999V0201201N001510009019N0001001N1+01181+01161999999ADDAA124008991AY151061AY241061GA1081+000909069GF108991081061001501999999KA1120N+01001MW1511REMSYN088AAXX  06064 67897 11201 81203 10118 20116 3//// 48/// 60094 75154 886// 333 20100 88703;
0152678970999992000060609004-19880+032880FM-12+148099999V0200901N001510009019N0001001N1+01251+01241999999ADDAY151031AY251031GA1081+000909069GF108991081071001501999999MW1511REMSYN076AAXX  06094 67897 41201 80903 10125 20124 3//// 48/// 75155 887// 333 88703;
0143678970999992000060706004-19880+032880FM-12+148099999V0200801N001019999999N0001001N1+01091+01051999999ADDGA1041+030009079GF107991041001001501031001KA1120N+00771REMSYN076AAXX  07064 67897 11201 70802 10109 20105 3//// 48/// 84030 333 20077 84360;
0152678970999992000060709004-19880+032880FM-12+148099999V0201701N002610001519N0005001N1+01201+01151999999ADDAY151031AY241031GA1081+000159069GF108991081061000251999999MW1421REMSYN076AAXX  07094 67897 41005 81705 10120 20115 3//// 48/// 74254 886// 333 88700;
0173678970999992000060906004-19880+032880FM-12+148099999V0200501N001010300019N0300001N1+01201+01141999999ADDAA199000091GA1051+030009079GF105991051001999999031001KA1120N+00911REMSYN076AAXX  09064 67897 32980 50502 10120 20114 3//// 48/// 85030 333 20091 85360;EQDQ01  00002PRCP99
0124678970999992000060909004-19880+032880FM-12+148099999V0202101N001510072019N0250001N1+01781+01191999999ADDGA1051+007209029GF105991051021008001001001REMSYN070AAXX  09094 67897 42575 52103 10178 20119 3//// 48/// 85200 333 85824;
0158678970999992000060912004-19880+032880FM-12+148099999V0200801N001510075019N0150001N1+01671+01391999999ADDAY121061AY221061GA1011+006009099GF106991061021008001061031MW1151REMSYN082AAXX  09124 67897 41565 60803 10167 20139 3//// 48/// 71522 86263 333 81920 86825;
0124678970999992000061009004-19880+032880FM-12+148099999V0200901N000512200019N0250001N1+01781+01241999999ADDGA1031+007509029GF103991031021008001001001REMSYN070AAXX  10094 67897 42575 30901 10178 20124 3//// 48/// 83200 333 83825;
0124678970999992000061012004-19880+032880FM-12+148099999V0201001N001510075019N0250001N1+01661+01271999999ADDGA1051+007509029GF105991051021008001001001REMSYN070AAXX  10124 67897 42575 51003 10166 20127 3//// 48/// 85200 333 85825;
0177678970999992000061106004-19880+032880FM-12+148099999V0203101N052422200019N0300001N1+01181+00511999999ADDAA199000091GA1001+999999999GF100991001001999999001001KA1999N+00501REMSYN064AAXX  11064 67897 32980 08102 10118 20051 3//// 48/// 333 20050;EQDQ01+005243WOSPD Q02  00002PRCP99
0189678970999992000061206004-19880+032880FM-12+148099999V0201801N001012200019N0100001N1+01181+00511999999ADDAA199000091AY101061AY201061GA1001+999999999GF100991001001999999001001KA1999N+00701MW1051REMSYN070AAXX  12064 67897 31960 01802 10118 20051 3//// 48/// 70500 333 20070;EQDQ01  00002PRCP99
0152678970999992000061209004-19880+032880FM-12+148099999V0201201N002112200019N0100001N1+01691+00261999999ADDAY101031AY201031GA1011+018009029GF101991011011017501001001MW1051REMSYN076AAXX  12094 67897 41760 11204 10169 20026 3//// 48/// 70500 81100 333 81856;
0152678970999992000061212004-19880+032880FM-12+148099999V0202501N002112200019N0150001N1+01651+00691999999ADDAY101061AY201061GA1021+018009029GF102991021011017501001001MW1051REMSYN076AAXX  12124 67897 41765 22504 10165 20069 3//// 48/// 70500 82100 333 82856;
0152678970999992000061304004-19880+032880FM-12+148099999V0200301N002112200019N0150001N1+00981+00921999999ADDAY111999AY211999GA1021+003009059GF102991021051004501001001MW1051REMSYN076AAXX  13044 67897 41465 20304 10098 20092 3//// 48/// 70511 82500 333 82610;
0124678970999992000061309004-19880+032880FM-12+148099999V0201801N002112200019N0300001N1+01451+00741999999ADDGA1021+009009029GF102991021011012501001001REMSYN070AAXX  13094 67897 42680 21804 10145 20074 3//// 48/// 82100 333 82830;
0124678970999992000061409004-19880+032880FM-12+148099999V0201601N002112200019N0300001N1+01661+00761999999ADDGA1021+012009029GF102991021011012501001001REMSYN070AAXX  14094 67897 42680 21604 10166 20076 3//// 48/// 82100 333 82840;
0124678970999992000061412004-19880+032880FM-12+148099999V0200101N002112200019N0300001N1+01881+00051999999ADDGA1021+018009029GF102991021021017501001001REMSYN070AAXX  14124 67897 42780 20104 10188 20005 3//// 48/// 82200 333 82856;
0173678970999992000061606004-19880+032880FM-12+148099999V0200501N003112200019N0300001N1+01541+00441999999ADDAA199000091GA1011+004509029GF101991011011004501001001KA1120N+01141REMSYN076AAXX  16064 67897 32480 10506 10154 20044 3//// 48/// 81100 333 20114 81815;EQDQ01  00002PRCP99
0124678970999992000061612004-19880+032880FM-12+148099999V0203601N001512200019N0250001N1+01961+00551999999ADDGA1011+024009029GF101991011011999999001001REMSYN070AAXX  16124 67897 42975 13603 10196 20055 3//// 48/// 81100 333 81858;
0161678970999992000061706004-19880+032880FM-12+148099999V0200201N001512200019N0300001N1+01291+00141999999ADDAA199000091GA1001+999999999GF100991001001999999001001KA1999N+00811REMSYN064AAXX  17064 67897 32980 00203 10129 20014 3//// 48/// 333 20081;EQDQ01  00002PRCP99
0112678970999992000061709004-19880+032880FM-12+148099999V0201001N001512200019N0300001N1+01871-00031999999ADDGA1001+999999999GF100991001001999999001001REMSYN058AAXX  17094 67897 42980 01003 10187 21003 3//// 48/// 333;
0124678970999992000061712004-19880+032880FM-12+148099999V0202101N002112200019N0250001N1+01911+00321999999ADDGA1011+021009029GF101991011011022501001001REMSYN070AAXX  17124 67897 42875 12104 10191 20032 3//// 48/// 81100 333 81857;
0124678970999992000062304004-19880+032880FM-12+148099999V0203501N002112200019N0150001N1+01441+00931999999ADDGA1031+004509059GF103991031051004501001001REMSYN070AAXX  23044 67897 41465 33504 10144 20093 3//// 48/// 83500 333 83615;
0152678970999992000062312004-19880+032880FM-12+148099999V0202501N000510150019N0060001N1+01971+01111999999ADDAY111061AY211061GA1051+015009029GF105991051011017501001001MW1051REMSYN076AAXX  23124 67897 41756 52501 10197 20111 3//// 48/// 70511 85100 333 85850;
0189678970999992000062406004-19880+032880FM-12+148099999V0201301N001010001519N0000001N1+01371+01321999999ADDAA199000091AY141061AY211061GA1091+999999999GF109991091999999999999999KA1999N+01211MW1471REMSYN070AAXX  24064 67897 31/00 91302 10137 20132 3//// 48/// 74741 333 20121;EQDQ01  00002PRCP99
0180678970999992000062409004-19880+032880FM-12+148099999V0201501N00101045001CN0008001N1+01441+01291999999ADDAY161031AY241031GA1011+001509079GA2031+004509089GF108991041021004501071999MW1601REMSYN088AAXX  24094 67897 41408 81502 10144 20129 3//// 48/// 76064 8427/ 333 81705 83815 88460;
0177678970999992000062412004-19880+032880FM-12+148099999V0201501N00051045001CN9999999N1+01401+01271999999ADDAY161061AY221061GA1031+001509079GF107991031021004501071999MW1421REMSYN082AAXX  24124 67897 41480 71501 10140 20127 3//// 48/// 74262 8327/ 333 83705 87460;EQDQ01+300002VODIS 
0176678970999992000062606004-19880+032880FM-12+148099999V0201001N000512200019N0100001N1+01231+00891999999ADDAA124000791AY101061AY201061GA1001+999999999GF100991001001999999001001KA1999N+01211MW1051REMSYN076AAXX  26064 67897 11960 01001 10123 20089 3//// 48/// 69904 70500 333 20121;
0152678970999992000062609004-19880+032880FM-12+148099999V0201101N001512200019N0150001N1+01531+00791999999ADDAY101031AY201031GA1021+006009059GF102991021051012501001001MW1051REMSYN076AAXX  26094 67897 41665 21103 10153 20079 3//// 48/// 70500 82500 333 82620;
0152678970999992000062612004-19880+032880FM-12+148099999V0202301N002112200019N0150001N1+01601+00831999999ADDAY101061AY201061GA1031+010209029GF103991031011012501001001MW1051REMSYN076AAXX  26124 67897 41665 32304 10160 20083 3//// 48/// 70500 83100 333 83834;
0140678970999992000062704004-19880+032880FM-12+148099999V0201501N002112200019N0001001N1+00971+00941999999ADDAY141999AY201999GA1001+999999999GF100991001001999999001001MW1421REMSYN064AAXX  27044 67897 41901 01504 10097 20094 3//// 48/// 74240 333;
0189678970999992000062706004-19880+032880FM-12+148099999V0200901N000512200019N0005001N1+01021+00961999999ADDAA199000091AY141061AY201061GA1001+999999999GF100991001001999999001001KA1999N+00841MW1421REMSYN070AAXX  27064 67897 31905 00901 10102 20096 3//// 48/// 74240 333 20084;EQDQ01  00002PRCP99
0173678970999992000062806004-19880+032880FM-12+148099999V0201201N000510045019N0250001N1+01061+00741999999ADDAA199000091GA1061+004509059GF106991061051004501001001KA1120N+00731REMSYN076AAXX  28064 67897 32475 61201 10106 20074 3//// 48/// 86500 333 20073 86615;EQDQ01  00002PRCP99
0124678970999992000062809004-19880+032880FM-12+148099999V0201801N002112200019N0250001N1+01401+00921999999ADDGA1031+006009029GF103991031011008001001001REMSYN070AAXX  28094 67897 42575 31804 10140 20092 3//// 48/// 83100 333 83820;
0158678970999992000062812004-19880+032880FM-12+148099999V0201401N00261012001CN0150001N1+01441+00961999999ADDAY111061AY211061GA1021+006009089GF107991071081008001999999MW1051REMSYN082AAXX  28124 67897 41565 71405 10144 20096 3//// 48/// 70511 878// 333 82820 87625;
0126678970999992000062912004-19880+032880FM-12+148099999V0201301N001010450019N0060001N1+01111+00991999999ADDAY151061AY241061GF108991021081004501011001MW1501REMSYN066AAXX  29124 67897 41456 81302 10111 20099 3//// 48/// 75054 82810;
0152678970999992000063009004-19880+032880FM-12+148099999V0201501N002110030019N0300001N1+01041+00761999999ADDAY141031AY221031GA1051+003009029GF105991051021004501001001MW1031REMSYN076AAXX  30094 67897 41480 51504 10104 20076 3//// 48/// 70342 85200 333 85810;
0158678970999992000063012004-19880+032880FM-12+148099999V0201001N000510060019N0150001N1+01161+00821999999ADDAY161061AY241061GA1051+006009089GF108991051021008001071999MW1601REMSYN082AAXX  30124 67897 41565 81001 10116 20082 3//// 48/// 76064 8527/ 333 85820 88460;
0188678970999992000070106004-19880+032880FM-12+148099999V0201801N001510030019N0000001N1+00871+00831999999ADDAA124001091AY151061AY241061GA1081+003009059GF108991081051004501999999KA1120N+00751MW1461REMSYN088AAXX  01064 67897 11400 81803 10087 20083 3//// 48/// 60014 74654 885// 333 20075 88610;
0158678970999992000070109004-19880+032880FM-12+148099999V0201401N00211004201CN0250001N1+01061+00981999999ADDAY151031AY241031GA1021+000909079GF106991061021004501001001MW1031REMSYN082AAXX  01094 67897 41475 61404 10106 20098 3//// 48/// 70354 86200 333 82703 84815;
0152678970999992000070112004-19880+032880FM-12+148099999V0201501N001510060019N0150001N1+01241+00851999999ADDAY181061AY221061GA1061+006009029GF106991061021008001001001MW1051REMSYN076AAXX  01124 67897 41565 61503 10124 20085 3//// 48/// 70582 86200 333 86820;
0194678970999992000070206004-19880+032880FM-12+148099999V0201701N003610015019N0001001N1+00991+00961999999ADDAA124013091AY161061AY241061GA1071+001509079GF108991071071001501071999KA1120N+00841MW1611REMSYN094AAXX  02064 67897 11201 81707 10099 20096 3//// 48/// 60134 76164 8777/ 333 20084 87705 88460;
0158678970999992000070309004-19880+032880FM-12+148099999V0201401N00151004201CN0250001N1+01141+00841999999ADDAY151031AY241031GA1011+002109079GF106991061021004501001001MW1031REMSYN082AAXX  03094 67897 41475 61403 10114 20084 3//// 48/// 70354 86200 333 81707 86815;
0158678970999992000070312004-19880+032880FM-12+148099999V0201601N00151045001CN0005001N1+00991+00971999999ADDAY181061AY261061GA1031+004509089GF108991031021004501071999MW1601REMSYN082AAXX  03124 67897 41405 81603 10099 20097 3//// 48/// 76086 8327/ 333 83815 88760;
0158678970999992000070412004-19880+032880FM-12+148099999V0201701N001510450019N0300001N1+01271+00901999999ADDAY151061AY241061GA1031+006009089GF106991031081008001031001MW1011REMSYN082AAXX  04124 67897 41580 61703 10127 20090 3//// 48/// 70154 83830 333 83820 83625;
0188678970999992000070506004-19880+032880FM-12+148099999V0201801N002110021019N0002001N1+00931+00911999999ADDAA124005191AY151061AY241061GA1081+002109069GF108991081061002501999999KA1120N+00791MW1501REMSYN088AAXX  05064 67897 11302 81804 10093 20091 3//// 48/// 60054 75054 886// 333 20079 88707;
0152678970999992000070512004-19880+032880FM-12+148099999V0201001N001510054019N0300001N1+01241+00831999999ADDAY151061AY241061GA1051+005409029GF105991051021004501001001MW1021REMSYN076AAXX  05124 67897 41480 51003 10124 20083 3//// 48/// 70254 85200 333 85818;
0143678970999992000070606004-19880+032880FM-12+148099999V0201301N003110021019N0002001N1+00901+00841999999ADDAA124000791AY151061AY241061GF108991081061002501999999MW1421REMSYN072AAXX  06064 67897 11302 81306 10090 20084 3//// 48/// 69904 74254 886//;
0158678970999992000070609004-19880+032880FM-12+148099999V0201701N00261004201CN0300001N1+99999+99999999999ADDAY141031AY221031GA1011+002109079GF106991061021004501001001MW1251REMSYN082AAXX  06094 67897 41480 61705 10/// 20086 3//// 48/// 72542 86200 333 81707 85818;
0152678970999992000070612004-19880+032880FM-12+148099999V0201201N002112200019N0300001N1+01261+00711999999ADDAY181061AY251061GA1041+007509029GF104991041021008001001001MW1011REMSYN076AAXX  06124 67897 41580 41204 10126 20071 3//// 48/// 70185 84200 333 84825;
0176678970999992000070706004-19880+032880FM-12+148099999V0201401N002110001519N0001001N1+00801+00741999999ADDAA124007191AY141061AY221061GA1091+999999999GF109991091999999999999999KA1999N+00731MW1471REMSYN076AAXX  07064 67897 11/01 91404 10080 20074 3//// 48/// 60074 74742 333 20073;
0158678970999992000070712004-19880+032880FM-12+148099999V0201501N001510060019N0150001N1+01131+00881999999ADDAY181061AY251061GA1061+006009089GF108991061081008001999999MW1801REMSYN082AAXX  07124 67897 41565 81503 10113 20088 3//// 48/// 78085 868// 333 86820 85625;
0188678970999992000070806004-19880+032880FM-12+148099999V0201701N001010030019N0060001N1+00801+00741999999ADDAA124005191AY111061AY211061GA1071+003009059GF107991071051004501999999KA1120N+00601MW1051REMSYN088AAXX  08064 67897 11456 71702 10080 20074 3//// 48/// 60054 70511 875// 333 20060 87610;
0188678970999992000070906004-19880+032880FM-12+148099999V0202101N000510045019N0002001N1+00981+00961999999ADDAA124006191AY151061AY241061GA1071+004509059GF107991071051004501999999KA1120N+00751MW1501REMSYN088AAXX  09064 67897 11402 72101 10098 20096 3//// 48/// 60064 75054 875// 333 20075 87615;
0158678970999992000071012004-19880+032880FM-12+148099999V0202001N002119999999N0250001N1+01501+01161999999ADDAY101061AY241061GA1031+002409079GF106991031061002501001001MW1021REMSYN082AAXX  10124 67897 41375 62004 10150 20116 3//// 48/// 70204 83600 333 83708 85815;
0160678970999992000071106004-19880+032880FM-12+148099999V0201501N000512200019N0250001N1+01121+00941999999ADDAA124002091GA1011+004509059GF101991011051004501001001KA1120N+00751REMSYN082AAXX  11064 67897 12475 11501 10112 20094 3//// 48/// 60024 81500 333 20075 81615;
0124678970999992000071109004-19880+032880FM-12+148099999V0201501N001512200019N0300001N1+01451+01031999999ADDGA1041+005409029GF104991041021004501001001REMSYN070AAXX  11094 67897 42480 41503 10145 20103 3//// 48/// 84200 333 84818;
0124678970999992000071112004-19880+032880FM-12+148099999V0201701N001510060019N0300001N1+01451+01151999999ADDGA1061+006009029GF106991061021008001001001REMSYN070AAXX  11124 67897 42580 61703 10145 20115 3//// 48/// 86200 333 86820;
0152678970999992000071212004-19880+032880FM-12+148099999V0202101N000510075019N0150001N1+01651+01231999999ADDAY121061AY221061GA1021+007509029GF106991051021008001061001MW1051REMSYN076AAXX  12124 67897 41565 62101 10165 20123 3//// 48/// 70522 85260 333 82825;
0160678970999992000071306004-19880+032880FM-12+148099999V0201801N000510045019N0250001N1+01251+00891999999ADDAA124000791GA1061+004509059GF106991061051004501001001KA1120N+01001REMSYN082AAXX  13064 67897 12475 61801 10125 20089 3//// 48/// 69904 86500 333 20100 86615;
0158678970999992000071309004-19880+032880FM-12+148099999V0202101N00101015001CN0150001N1+01751+01071999999ADDAY101031AY201031GA1011+010509089GF107991071081012501081999MW1051REMSYN082AAXX  13094 67897 41665 72102 10175 20107 3//// 48/// 70500 8788/ 333 81835 87640;
0158678970999992000071312004-19880+032880FM-12+148099999V0201301N00051045001CN0100001N1+01541+01181999999ADDAY181061AY221061GA1031+010509089GF107991031021012501071999MW1801REMSYN082AAXX  13124 67897 41660 71301 10154 20118 3//// 48/// 78082 8327/ 333 83835 87460;
0160678970999992000071406004-19880+032880FM-12+148099999V0202401N000512200019N0250001N1+01491+01011999999ADDAA124000791GA1031+030009079GF103991031001999999081001KA1120N+01121REMSYN082AAXX  14064 67897 12975 32401 10149 20101 3//// 48/// 69904 83080 333 20112 83360;
0124678970999992000071409004-19880+032880FM-12+148099999V0203301N002612200019N0250001N1+01911+00981999999ADDGA1031+012009029GF103991031021012501001001REMSYN070AAXX  14094 67897 42675 33305 10191 20098 3//// 48/// 83200 333 83840;
0158678970999992000071412004-19880+032880FM-12+148099999V0202701N000510120019N0100001N1+01741+01131999999ADDAY111061AY211061GA1061+012009089GF107991061021012501031001MW1051REMSYN082AAXX  14124 67897 41660 72701 10174 20113 3//// 48/// 70511 86230 333 86840 83360;
0201678970999992000071506004-19880+032880FM-12+148099999V0203301N002112200019N0100001N1+01671+00981999999ADDAA199000091AY101061AY201061GA1011+004509059GF101991011051004501001001KA1120N+01281MW1051REMSYN082AAXX  15064 67897 31460 13304 10167 20098 3//// 48/// 70500 81500 333 20128 81615;EQDQ01  00002PRCP99
0124678970999992000071509004-19880+032880FM-12+148099999V0203601N003112200019N0300001N1+02001+00821999999ADDGA1031+015009029GF103991031011017501001001REMSYN070AAXX  15094 67897 42780 33606 10200 20082 3//// 48/// 83100 333 83850;
0130678970999992000071512004-19880+032880FM-12+148099999V0202401N00151045001CN0300001N1+02041+00681999999ADDGA1021+015009089GF105991021011017501061001REMSYN076AAXX  15124 67897 42780 52403 10204 20068 3//// 48/// 82160 333 82850 84360;
0189678970999992000071606004-19880+032880FM-12+148099999V0202301N002112200019N0300001N1+01801+00511999999ADDAA199000091GA1031+030009079GF199999031001999999031011KA1120N+01151REMSYN076AAXX  16064 67897 32980 12304 10180 20051 3//// 48/// 83031 333 20115 83360;EQDQ01+000012SCOTCVQ02  00002PRCP99
0189678970999992000071706004-19880+032880FM-12+148099999V0202001N000512200019N0150001N1+00601+00021999999ADDAA199000091AY101061AY201061GA1001+999999999GF100991001001999999001001KA1999N+00101MW1051REMSYN070AAXX  17064 67897 31965 02001 10060 20002 3//// 48/// 70500 333 20010;EQDQ01  00002PRCP99
0140678970999992000071712004-19880+032880FM-12+148099999V0201301N002112200019N0060001N1+01441+00081999999ADDAY101061AY201061GA1001+999999999GF100991001001999999001001MW1041REMSYN064AAXX  17124 67897 41956 01304 10144 20008 3//// 48/// 70400 333;
0161678970999992000071806004-19880+032880FM-12+148099999V0203501N001012200019N0300001N1+01121-00461999999ADDAA199000091GA1001+999999999GF100991001001999999001001KA1999N+00551REMSYN064AAXX  18064 67897 32980 03502 10112 21046 3//// 48/// 333 20055;EQDQ01  00002PRCP99
0140678970999992000071812004-19880+032880FM-12+148099999V0201601N001512200019N0100001N1+01771+00141999999ADDAY101061AY201061GA1001+999999999GF100991001001999999001001MW1051REMSYN064AAXX  18124 67897 41960 01603 10177 20014 3//// 48/// 70500 333;
0161678970999992000071906004-19880+032880FM-12+148099999V0200301N001012200019N0300001N1+01351-00011999999ADDAA199000091GA1001+999999999GF100991001001999999001001KA1999N+00841REMSYN064AAXX  19064 67897 32980 00302 10135 21001 3//// 48/// 333 20084;EQDQ01  00002PRCP99
0142678970999992000071909004-19880+032880FM-12+148099999V0200201N000512200019N0240001N1+02241-00011999999ADDAA199000091GA1001+999999999GF100991001001999999001001REMSYN058AAXX  19094 67897 31974 00201 10224 21001 3//// 48/// 333;EQDQ01  00002PRCP99
0140678970999992000071912004-19880+032880FM-12+148099999V0201001N001512200019N0100001N1+02201+00241999999ADDAY101061AY201061GA1001+999999999GF100991001001999999001001MW1051REMSYN064AAXX  19124 67897 41960 01003 10220 20024 3//// 48/// 70500 333;
0161678970999992000072006004-19880+032880FM-12+148099999V0200301N001012200019N0300001N1+01451+00061999999ADDAA199000091GA1001+999999999GF100991001001999999001001KA1999N+00971REMSYN064AAXX  20064 67897 32980 00302 10145 20006 3//// 48/// 333 20097;EQDQ01  00002PRCP99
0112678970999992000072009004-19880+032880FM-12+148099999V0202301N003112200019N0300001N1+02141-00481999999ADDGA1001+999999999GF100991001001999999001001REMSYN058AAXX  20094 67897 42980 02306 10214 21048 3//// 48/// 333;
0158678970999992000072209004-19880+032880FM-12+148099999V0201701N002119999999N0025001N1+01411+01151999999ADDAY151031AY241031GA1041+005409089GF107991041081004501999999MW1201REMSYN082AAXX  22094 67897 41425 71704 10141 20115 3//// 48/// 72054 848// 333 84818 83625;
0152678970999992000072212004-19880+032880FM-12+148099999V0201201N001510015019N0005001N1+01291+01241999999ADDAY151061AY241061GA1081+001509069GF108991081061001501999999MW1461REMSYN076AAXX  22124 67897 41205 81203 10129 20124 3//// 48/// 74654 886// 333 88705;
0194678970999992000072306004-19880+032880FM-12+148099999V0200901N00211045001CN0008001N1+00791+00731999999ADDAA124005191AY161061AY241061GA1021+001509079GF108991021071001501071999KA1120N+00761MW1601REMSYN094AAXX  23064 67897 11208 80904 10079 20073 3//// 48/// 60054 76064 8277/ 333 20076 82705 88460;
0152678970999992000072409004-19880+032880FM-12+148099999V0201501N001510054019N0100001N1+01151+00731999999ADDAY141031AY221031GA1051+005409029GF105991051081004501001001MW1051REMSYN076AAXX  24094 67897 41460 51503 10115 20073 3//// 48/// 70542 85800 333 85818;
0158678970999992000072412004-19880+032880FM-12+148099999V0201601N002119999999N0250001N1+01281+00901999999ADDAY141061AY221061GA1031+006009089GF106991031081008001001001MW1021REMSYN082AAXX  24124 67897 41575 61604 10128 20090 3//// 48/// 70242 83800 333 83820 83625;
0173678970999992000072506004-19880+032880FM-12+148099999V0203001N000512200019N0250001N1+01051+00651999999ADDAA199000091GA1011+005409029GF101991011011004501001001KA1120N+00531REMSYN076AAXX  25064 67897 32475 13001 10105 20065 3//// 48/// 81100 333 20053 81818;EQDQ01  00002PRCP99
0201678970999992000072606004-19880+032880FM-12+148099999V0201501N001010015019N0100001N1+01011+00941999999ADDAA199000091AY111061AY211061GA1081+001509069GF108991081061001501999999KA1120N+00751MW1051REMSYN082AAXX  26064 67897 31260 81502 10101 20094 3//// 48/// 70511 886// 333 20075 88705;EQDQ01  00002PRCP99
0158678970999992000072609004-19880+032880FM-12+148099999V0201501N00211012001CN0060001N1+01351+00801999999ADDAY121031AY221031GA1021+001509079GF107991071081008001999999MW1051REMSYN082AAXX  26094 67897 41556 71504 10135 20080 3//// 48/// 70522 878// 333 82705 85825;
0158678970999992000072612004-19880+032880FM-12+148099999V0201801N00211012001CN0060001N1+01341+00901999999ADDAY121061AY221061GA1011+002409079GF107991071081008001999999MW1051REMSYN082AAXX  26124 67897 41556 71804 10134 20090 3//// 48/// 70522 878// 333 81708 86825;
0216678970999992000072706004-19880+032880FM-12+148099999V0201801N001510045019N0060001N1+00741+00561999999ADDAA124000791AY161061AY241061GA1011+001509079GA2061+004509069GF108991061051004501071999KA1120N+00701MW1051REMSYN100AAXX  27064 67897 11456 81803 10074 20056 3//// 48/// 69904 70564 8657/ 333 20070 81705 86615 88460;
0124678970999992000072809004-19880+032880FM-12+148099999V0202401N002112200019N0250001N1+01441+00621999999ADDGA1021+009909029GF102991021011999999001001REMSYN070AAXX  28094 67897 42975 22404 10144 20062 3//// 48/// 82100 333 82833;
0201678970999992000080106004-19880+032880FM-12+148099999V0209999C000012200019N0050001N1+01111+01021999999ADDAA199000091AY101061AY201061GA1011+004509029GF103991031081004501031001KA1120N+00761MW1051REMSYN082AAXX  01064 67897 31450 30000 10111 20102 3//// 48/// 70500 83830 333 20076 81815;EQDQ01  00002PRCP99
0152678970999992000080109004-19880+032880FM-12+148099999V0202401N002610084019N0100001N1+01571+00921999999ADDAY111031AY211031GA1051+008409029GF105991051021008001001001MW1051REMSYN076AAXX  01094 67897 41560 52405 10157 20092 3//// 48/// 70511 85200 333 85828;
0158678970999992000080712004-19880+032880FM-12+148099999V0201501N001519999999N0150001N1+01311+00631999999ADDAY151061AY241061GA1031+009009089GF107991031081012501999999MW1051REMSYN082AAXX  07124 67897 41665 71503 10131 20063 3//// 48/// 70554 838// 333 83830 84635;
0148678970999992000081706004-19880+032880FM-12+148099999V0202401N000512200019N0300001N1+01211+00761999999ADDAA124001091GA1001+999999999GF100991001001999999001001KA1999N+00661REMSYN070AAXX  17064 67897 12980 02401 10121 20076 3//// 48/// 60014 333 20066;
0124678970999992000081709004-19880+032880FM-12+148099999V0201501N001012200019N0300001N1+01601+00661999999ADDGA1011+012009029GF101991011011012501001001REMSYN070AAXX  17094 67897 42680 11502 10160 20066 3//// 48/// 81100 333 81840;
0189678970999992000081806004-19880+032880FM-12+148099999V0203401N000512200019N0100001N1+01411+00851999999ADDAA199000091AY101061AY201061GA1001+999999999GF100991001001999999001001KA1999N+00711MW1051REMSYN070AAXX  18064 67897 31960 03401 10141 20085 3//// 48/// 70500 333 20071;EQDQ01  00002PRCP99
0152678970999992000081809004-19880+032880FM-12+148099999V0201001N001012200019N0100001N1+01761+00771999999ADDAY101031AY201031GA1031+013509029GF103991031011012501001001MW1051REMSYN076AAXX  18094 67897 41660 31002 10176 20077 3//// 48/// 70500 83100 333 83845;
0124678970999992000081912004-19880+032880FM-12+148099999V0200901N001512200019N0070001N1+01691+00961999999ADDGA1021+009009029GF102991021021012501001001REMSYN070AAXX  19124 67897 41657 20903 10169 20096 3//// 48/// 82200 333 82830;
0201678970999992000082006004-19880+032880FM-12+148099999V0201001N001012200019N0070001N1+01191+00821999999ADDAA199000091AY101061AY201061GA1011+005409029GF101991011011004501001001KA1120N+00651MW1051REMSYN082AAXX  20064 67897 31457 11002 10119 20082 3//// 48/// 70500 81100 333 20065 81818;EQDQ01  00002PRCP99
0152678970999992000082109004-19880+032880FM-12+148099999V0201901N001010057019N0100001N1+01421+00951999999ADDAY101031AY201031GA1051+005709029GF105991051021004501001001MW1051REMSYN076AAXX  21094 67897 41460 51902 10142 20095 3//// 48/// 70500 85200 333 85819;
0201678970999992000082206004-19880+032880FM-12+148099999V0209999C000012200019N0150001N1+01271+00811999999ADDAA199000091AY101061AY201061GA1021+030009079GF102991021001999999031001KA1120N+01241MW1051REMSYN082AAXX  22064 67897 31965 20000 10127 20081 3//// 48/// 70500 82030 333 20124 82360;EQDQ01  00002PRCP99
0201678970999992000082806004-19880+032880FM-12+148099999V0201501N002112200019N0100001N1+01281+01101999999ADDAA199000091AY101061AY201061GA1031+005409029GF103991031021004501001001KA1120N+00771MW1051REMSYN082AAXX  28064 67897 31460 31504 10128 20110 3//// 48/// 70500 83200 333 20077 83818;EQDQ01  00002PRCP99
0189678970999992000083006004-19880+032880FM-12+148099999V0203301N003112200019N0060001N1+01461+00471999999ADDAA199000091AY101061AY201061GA1001+999999999GF100991001001999999001001KA1999N+00811MW1051REMSYN070AAXX  30064 67897 31956 03306 10146 20047 3//// 48/// 70500 333 20081;EQDQ01  00002PRCP99
0140678970999992000083009004-19880+032880FM-12+148099999V0201601N001012200019N0100001N1+02071+00031999999ADDAY101031AY201031GA1001+999999999GF100991001001999999001001MW1051REMSYN064AAXX  30094 67897 41960 01602 10207 20003 3//// 48/// 70500 333;
0152678970999992000090612004-19880+032880FM-12+148099999V0201601N001512200019N0070001N1+02371+00701999999ADDAY101061AY201061GA1041+090009019GF104991001001999999001011MW1051REMSYN076AAXX  06124 67897 41957 41603 10237 20070 3//// 48/// 70500 80001 333 84080;
0140678970999992000090709004-19880+032880FM-12+148099999V0201201N001512200019N0080001N1+02501+00501999999ADDAY101031AY201031GA1001+999999999GF100991001001999999001001MW1051REMSYN064AAXX  07094 67897 41958 01203 10250 20050 3//// 48/// 70500 333;
0152678970999992000090712004-19880+032880FM-12+148099999V0201801N001510900019N0030001N1+02461+00821999999ADDAY111061AY211061GA1071+090009089GF107991001001999999001081MW1051REMSYN076AAXX  07124 67897 41930 71803 10246 20082 3//// 48/// 70511 80008 333 87280;
0194678970999992000090806004-19880+032880FM-12+148099999V0201501N001510015019N0001001N1+01391+01371999999ADDAA124002091AY161061AY241061GA1051+001509079GF107991051061001501999999KA1120N+01351MW1421REMSYN094AAXX  08064 67897 11201 71503 10139 20137 3//// 48/// 60024 74264 856// 333 20135 85705 87620;
0158678970999992000090809004-19880+032880FM-12+148099999V0201201N001510021019N0002001N1+01491+01391999999ADDAY151031AY241031GA1051+002109079GF108991051071001501999999MW1501REMSYN082AAXX  08094 67897 41202 81203 10149 20139 3//// 48/// 75054 857// 333 85707 88620;
0152678970999992000090909004-19880+032880FM-12+148099999V0200601N001012200019N0100001N1+01761+01071999999ADDAY101031AY201031GA1021+009009029GF103991031011012501001001MW1051REMSYN076AAXX  09094 67897 41660 30602 10176 20107 3//// 48/// 70500 83100 333 82830;
0161678970999992000091006004-19880+032880FM-12+148099999V0202501N000512200019N0250001N1+02031+00431999999ADDAA199000091GA1001+999999999GF100991001001999999001001KA1999N+01151REMSYN064AAXX  10064 67897 32975 02501 10203 20043 3//// 48/// 333 20115;EQDQ01  00002PRCP99
0158678970999992000091209004-19880+032880FM-12+148099999V0202701N001010024019N0000001N1+01351+01331999999ADDAY151031AY241031GA1061+002409079GF108991061071002501999999MW1501REMSYN082AAXX  12094 67897 41300 82702 10135 20133 3//// 48/// 75054 867// 333 86708 88615;
0152678970999992000091212004-19880+032880FM-12+148099999V0202701N001510024019N0000001N1+01401+01351999999ADDAY151061AY241061GA1081+002409069GF108991081071002501999999MW1501REMSYN076AAXX  12124 67897 41300 82703 10140 20135 3//// 48/// 75054 887// 333 88708;
0152678970999992000091312004-19880+032880FM-12+148099999V0201501N003112200019N0200001N1+02441+01261999999ADDAY101061AY201061GA1011+012009029GF101991011011012501001001MW1051REMSYN076AAXX  13124 67897 41670 11506 10244 20126 3//// 48/// 70500 81100 333 81840;
0152678970999992000091509004-19880+032880FM-12+148099999V0201601N002110024019N0000001N1+01441+01401999999ADDAY151031AY241031GA1081+002409069GF108991081061002501999999MW1501REMSYN076AAXX  15094 67897 41300 81604 10144 20140 3//// 48/// 75054 886// 333 88708;
0171678970999992000092812004-19880+032880FM-12+148099999V0201501N001012200019N0100001N1+02131+01281999999ADDAY101061AY201061GA1031+018009029GF104991999011017501001001MW1051REMSYN076AAXX  28124 67897 41760 41502 10213 20128 3//// 48/// 70500 83100 333 83856;EQDQ01+000032SCOTLC
0152678970999992000092912004-19880+032880FM-12+148099999V0201601N001512200019N0080001N1+02041+01541999999ADDAY101061AY201061GA1041+015009029GF104991041011017501001001MW1051REMSYN076AAXX  29124 67897 41758 41603 10204 20154 3//// 48/// 70500 84100 333 84850;
0171678970999992000093009004-19880+032880FM-12+148099999V0200601N001512200019N0030001N1+02241+00981999999ADDAY101031AY201031GA1011+015009029GF102991999011999999001001MW1051REMSYN076AAXX  30094 67897 41930 20603 10224 20098 3//// 48/// 70500 81100 333 81850;EQDQ01+000012SCOTLC
0152678970999992000093012004-19880+032880FM-12+148099999V0201801N001512200019N0030001N1+02301+01281999999ADDAY101061AY201061GA1011+015009029GF101991011011017501001001MW1051REMSYN076AAXX  30124 67897 41730 11803 10230 20128 3//// 48/// 70500 81100 333 81850;
0152678970999992000100312004-19880+032880FM-12+148099999V0201201N001512200019N0080001N1+02081+01171999999ADDAY111061AY211061GA1011+015009029GF101991011011017501001001MW1051REMSYN076AAXX  03124 67897 41758 11203 10208 20117 3//// 48/// 70511 81100 333 81850;
0189678970999992000100406004-19880+032880FM-12+148099999V0202701N001012200019N0080001N1+01871+00811999999ADDAA199000091AY101061AY201061GA1001+999999999GF100991001001999999001001KA1999N+01061MW1051REMSYN070AAXX  04064 67897 31958 02702 10187 20081 3//// 48/// 70500 333 20106;EQDQ01  00002PRCP99
0189678970999992000100606004-19880+032880FM-12+148099999V0203601N000512200019N0050001N1+02141+00751999999ADDAA199000091AY101061AY201061GA1001+999999999GF100991001001999999001001KA1999N+01261MW1051REMSYN070AAXX  06064 67897 31950 03601 10214 20075 3//// 48/// 70500 333 20126;EQDQ01  00002PRCP99
0189678970999992000100706004-19880+032880FM-12+148099999V0200601N001012200019N0070001N1+01931+00551999999ADDAA199000091AY101061AY201061GA1001+999999999GF100991001001999999001001KA1999N+01011MW1051REMSYN070AAXX  07064 67897 31957 00602 10193 20055 3//// 48/// 70500 333 20101;EQDQ01  00002PRCP99
0189678970999992000101006004-19880+032880FM-12+148099999V0200101N000512200019N0050001N1+02391+01181999999ADDAA199000091AY101061AY201061GA1001+999999999GF100991001001999999001001KA1999N+01761MW1051REMSYN070AAXX  10064 67897 31950 00101 10239 20118 3//// 48/// 70500 333 20176;EQDQ01  00002PRCP99
0194678970999992000101206004-19880+032880FM-12+148099999V0200901N001010045019N0000001N1+01281+01271999999ADDAA124021191AY161061AY251061GA1061+004509069GF108991061051004501999999KA1120N+01251MW1501REMSYN094AAXX  12064 67897 11400 80902 10128 20127 3//// 48/// 60214 75065 865// 333 20125 86615 88460;
0158678970999992000101212004-19880+032880FM-12+148099999V0202101N001010024019N0000001N1+01381+01351999999ADDAY161061AY251061GA1061+002409079GF108991061071002501999999MW1051REMSYN082AAXX  12124 67897 41300 82102 10138 20135 3//// 48/// 70565 867// 333 86708 88620;
0152678970999992000101309004-19880+032880FM-12+148099999V0202701N001012200019N0080001N1+01831+01291999999ADDAY141031AY211031GA1041+007509029GF104991041011008001001001MW1051REMSYN076AAXX  13094 67897 41558 42702 10183 20129 3//// 48/// 70541 84100 333 84825;
0189678970999992000101406004-19880+032880FM-12+148099999V0201901N001012200019N0150001N1+01751+00591999999ADDAA199000091AY101061AY201061GA1001+999999999GF100991001001999999001001KA1999N+01041MW1051REMSYN070AAXX  14064 67897 31965 01902 10175 20059 3//// 48/// 70500 333 20104;EQDQ01  00002PRCP99
0140678970999992000101409004-19880+032880FM-12+148099999V0201801N001012200019N0150001N1+02211+01081999999ADDAY101031AY201031GA1001+999999999GF100991001001999999001001MW1051REMSYN064AAXX  14094 67897 41965 01802 10221 20108 3//// 48/// 70500 333;
0152678970999992000101412004-19880+032880FM-12+148099999V0201701N001512200019N0100001N1+02291+01311999999ADDAY101061AY201061GA1011+012609029GF101991011011012501001001MW1051REMSYN076AAXX  14124 67897 41660 11703 10229 20131 3//// 48/// 70500 81100 333 81842;
0140678970999992000101609004-19880+032880FM-12+148099999V0201301N002612200019N0080001N1+02221+00741999999ADDAY101031AY201031GA1001+999999999GF100991001001999999001001MW1051REMSYN064AAXX  16094 67897 41958 01305 10222 20074 3//// 48/// 70500 333;
0189678970999992000101706004-19880+032880FM-12+148099999V0201001N000512200019N0150001N1+02051+00141999999ADDAA199000091AY101061AY201061GA1001+999999999GF100991001001999999001001KA1999N+01031MW1051REMSYN070AAXX  17064 67897 31965 01001 10205 20014 3//// 48/// 70500 333 20103;EQDQ01  00002PRCP99
0140678970999992000101709004-19880+032880FM-12+148099999V0200901N001512200019N0100001N1+02331+00621999999ADDAY101031AY201031GA1001+999999999GF100991001001999999001001MW1051REMSYN064AAXX  17094 67897 41960 00903 10233 20062 3//// 48/// 70500 333;
0112678970999992000101712004-19880+032880FM-12+148099999V0201201N001512200019N0080001N1+02401+00501999999ADDGA1001+999999999GF100991001001999999001001REMSYN058AAXX  17124 67897 41958 01203 10240 20050 3//// 48/// 333;
0152678970999992000101912004-19880+032880FM-12+148099999V0201601N001012200019N0100001N1+02531+01081999999ADDAY101061AY201061GA1011+018009029GF101991011011017501001001MW1051REMSYN076AAXX  19124 67897 41760 11602 10253 20108 3//// 48/// 70500 81100 333 81856;
0194678970999992000102006004-19880+032880FM-12+148099999V0201501N001510024019N0008001N1+01371+01211999999ADDAA124000791AY151061AY241061GA1061+002409079GF108991061071002501999999KA1120N+01191MW1501REMSYN094AAXX  20064 67897 11308 81503 10137 20121 3//// 48/// 69904 75054 867// 333 20119 86708 88615;
0158678970999992000102009004-19880+032880FM-12+148099999V0201501N001519999999N0040001N1+01751+01391999999ADDAY151031AY241031GA1031+002409079GF107991031061002501999999MW1051REMSYN082AAXX  20094 67897 41340 71503 10175 20139 3//// 48/// 70554 836// 333 83708 87620;
0180678970999992000102012004-19880+032880FM-12+148099999V0201201N002119999999N0050001N1+01861+01431999999ADDAY151061AY241061GA1031+002709079GA2031+006009089GF107991031061002501999999MW1051REMSYN088AAXX  20124 67897 41350 71204 10186 20143 3//// 48/// 70554 836// 333 83709 83820 87625;
0188678970999992000102206004-19880+032880FM-12+148099999V0201501N001010018019N0000001N1+01211+01171999999ADDAA124001091AY151061AY241061GA1081+001809069GF108991081071002501999999KA1120N+01161MW1501REMSYN088AAXX  22064 67897 11300 81502 10121 20117 3//// 48/// 60014 75054 887// 333 20116 88706;
0188678970999992000102306004-19880+032880FM-12+148099999V0201701N000512200019N0070001N1+01641+01331999999ADDAA124000791AY141061AY211061GA1031+006009029GF103991031011008001001011KA1120N+01171MW1051REMSYN088AAXX  23064 67897 11557 31701 10164 20133 3//// 48/// 69904 70541 83101 333 20117 83820;
0152678970999992000102312004-19880+032880FM-12+148099999V0201301N001010075019N0070001N1+02031+01491999999ADDAY141061AY211061GA1061+007509029GF106991061021008001001001MW1051REMSYN076AAXX  23124 67897 41557 61302 10203 20149 3//// 48/// 70541 86200 333 86825;
0189678970999992000102406004-19880+032880FM-12+148099999V0203601N001512200019N0060001N1+01981+01231999999ADDAA199000091AY101061AY201061GA1001+999999999GF100991001001999999001001KA1999N+01241MW1051REMSYN070AAXX  24064 67897 31956 03603 10198 20123 3//// 48/// 70500 333 20124;EQDQ01  00002PRCP99
0201678970999992000102506004-19880+032880FM-12+148099999V0203601N000510300019N0200001N1+02461+01211999999ADDAA199000091AY121061AY221061GA1061+030009079GF106991061001008001031001KA1120N+01701MW1051REMSYN082AAXX  25064 67897 31570 63601 10246 20121 3//// 48/// 70522 86030 333 20170 86360;EQDQ01  00002PRCP99
0158678970999992000102509004-19880+032880FM-12+148099999V0202001N00101045001CN0060001N1+02671+01081999999ADDAY121031AY221031GA1011+021009089GF105991011011022501031001MW1051REMSYN082AAXX  25094 67897 41856 52002 10267 20108 3//// 48/// 70522 81130 333 81857 85360;
0201678970999992000102606004-19880+032880FM-12+148099999V0200701N002112200019N0040001N1+02341+01081999999ADDAA199000091AY111061AY211061GA1031+030009079GF103991031001999999031021KA1120N+01801MW1051REMSYN082AAXX  26064 67897 31940 30704 10234 20108 3//// 48/// 70511 83032 333 20180 83360;EQDQ01  00002PRCP99
0158678970999992000110112004-19880+032880FM-12+148099999V0201701N001510120019N0080001N1+02031+01531999999ADDAY111061AY211061GA1051+012009089GF106991051021012501001021MW1051REMSYN082AAXX  01124 67897 41658 61703 10203 20153 3//// 48/// 70511 85202 333 85840 83080;
0188678970999992000110206004-19880+032880FM-12+148099999V0200201N001010900019N0100001N1+02171+01411999999ADDAA199000091AY121061AY221061GA1071+090009089GF107991001001999999001081MW1051REMSYN082AAXX  02064 67897 31960 70202 10217 20141 3//// 48/// 70522 80008 333 20/// 87280;EQDQ01  00002PRCP99
0158678970999992000110209004-19880+032880FM-12+148099999V0203501N00051105001CN0080001N1+02451+01461999999ADDAY121031AY221031GA1031+013509089GF107991031011012501001081MW1051REMSYN082AAXX  02094 67897 41658 73501 10245 20146 3//// 48/// 70522 83108 333 83845 87280;
0158678970999992000110212004-19880+032880FM-12+148099999V0202101N001510135019N0040001N1+02251+01691999999ADDAY121061AY221061GA1051+013509089GF106991051021012501061081MW1051REMSYN082AAXX  02124 67897 41640 62103 10225 20169 3//// 48/// 70522 85268 333 85845 86280;
0152678970999992000110309004-19880+032880FM-12+148099999V0200901N001512200019N0100001N1+02391+01731999999ADDAY111031AY211031GA1021+008409029GF103991021011008001031011MW1051REMSYN076AAXX  03094 67897 41560 30903 10239 20173 3//// 48/// 70511 82131 333 82828;
0160678970999992000110406004-19880+032880FM-12+148099999V0203301N001012200019N0250001N1+02341+01441999999ADDAA124005191GA1021+011409029GF103991021011012501031001KA1120N+01511REMSYN082AAXX  04064 67897 12675 33302 10234 20144 3//// 48/// 60054 82130 333 20151 82838;
0189678970999992000110506004-19880+032880FM-12+148099999V0202101N001012200019N0150001N1+02361+01431999999ADDAA199000091AY101061AY201061GA1001+999999999GF100991001001999999001001KA1999N+01111MW1051REMSYN070AAXX  05064 67897 31965 02102 10236 20143 3//// 48/// 70500 333 20111;EQDQ01  00002PRCP99
0213678970999992000110606004-19880+032880FM-12+148099999V0200901N001010450019N9999999N1+01931+01701999999ADDAA124002091AY141061AY221061GA1021+000159079GF106991041011008001031001KA1120N+01521MW1421REMSYN094AAXX  06064 67897 11570 60902 10193 20170 3//// 48/// 60024 74242 84130 333 20152 82700 84820;EQDQ01+200002VODIS 
0158678970999992000110709004-19880+032880FM-12+148099999V0200501N002612200019N0150001N1+02381+01351999999ADDAY101031AY201031GA1031+012009089GF104991031011012501001011MW1051REMSYN082AAXX  07094 67897 41665 40505 10238 20135 3//// 48/// 70500 83101 333 83840 83080;
0152678970999992000110712004-19880+032880FM-12+148099999V0201301N002610120019N0100001N1+02331+01651999999ADDAY111061AY211061GA1051+012009029GF105991051021012501001011MW1051REMSYN076AAXX  07124 67897 41660 51305 10233 20165 3//// 48/// 70511 85201 333 85840;
0173678970999992000110806004-19880+032880FM-12+148099999V0202201N001512200019N0250001N1+02061+00401999999ADDAA199000091GA1011+009009029GF101991011011012501001011KA1120N+01321REMSYN076AAXX  08064 67897 32675 12203 10206 20040 3//// 48/// 81101 333 20132 81830;EQDQ01  00002PRCP99
0152678970999992000110809004-19880+032880FM-12+148099999V0200301N001512200019N0150001N1+02411+00641999999ADDAY101031AY201031GA1011+021009029GF101991011011022501001021MW1051REMSYN076AAXX  08094 67897 41865 10303 10241 20064 3//// 48/// 70500 81102 333 81857;
0207678970999992000110906004-19880+032880FM-12+148099999V0201901N00101045001CN0040001N1+01921+01501999999ADDAA199000091AY121061AY221061GA1011+006009069GF107991011051008001031081KA1120N+01441MW1051REMSYN088AAXX  09064 67897 31540 71902 10192 20150 3//// 48/// 70522 81538 333 20144 81620 87280;EQDQ01  00002PRCP99
0158678970999992000110909004-19880+032880FM-12+148099999V0201101N001510090019N0050001N1+02171+01551999999ADDAY181031AY221031GA1051+009009089GF107991051021012501031011MW1801REMSYN082AAXX  09094 67897 41650 71103 10217 20155 3//// 48/// 78082 85231 333 85830 86360;
0180678970999992000110912004-19880+032880FM-12+148099999V0200901N001510300019N0040001N1+02121+01581999999ADDAY191061AY281061GA1041+010509089GA2031+030009039GF107991041021012501031081MW1051REMSYN088AAXX  09124 67897 41640 70903 10212 20158 3//// 48/// 70598 84238 333 84835 83360 86280;
0194678970999992000111006004-19880+032880FM-12+148099999V0200101N001512200019N0035001N1+02161+01491999999ADDAA124000791AY101061AY201061GA1011+008409089GF104991011011008001031011KA1120N+01431MW1051REMSYN094AAXX  10064 67897 11535 40103 10216 20149 3//// 48/// 69904 70500 81131 333 20143 81828 84360;
0158678970999992000111009004-19880+032880FM-12+148099999V0201201N00101105001CN0040001N1+02191+01541999999ADDAY191031AY211031GA1021+007509099GF106991021091008001001031MW1171REMSYN082AAXX  10094 67897 41540 61202 10219 20154 3//// 48/// 71791 82903 333 82925 86830;
0166678970999992000111106004-19880+032880FM-12+148099999V0203301N001012200019N0250001N1+02271+01161999999ADDAA124000791GA1021+015009089GF104991021011017501001011KA1120N+01411REMSYN088AAXX  11064 67897 12775 43302 10227 20116 3//// 48/// 69904 82101 333 20141 82850 83080;
0152678970999992000111109004-19880+032880FM-12+148099999V0202001N002110150019N0100001N1+02411+01381999999ADDAY111031AY211031GA1051+015009029GF105991051021017501001011MW1051REMSYN076AAXX  11094 67897 41760 52004 10241 20138 3//// 48/// 70511 85201 333 85850;
0158678970999992000111112004-19880+032880FM-12+148099999V0201301N00051045001CN0150001N1+02001+01821999999ADDAY191061AY281061GA1031+015009089GF106991031021017501071021MW1211REMSYN082AAXX  11124 67897 41765 61301 10200 20182 3//// 48/// 72198 83272 333 83850 86460;
0166678970999992000111206004-19880+032880FM-12+148099999V0202901N001019999999N0250001N1+02441+01441999999ADDAA124016091GA1031+030009039GF105991031001999999081011KA1120N+01571REMSYN088AAXX  12064 67897 12975 52902 10244 20144 3//// 48/// 60164 83081 333 20157 83360 84080;
0160678970999992000111306004-19880+032880FM-12+148099999V0203001N003610900019N0300001N1+02181+01321999999ADDAA124000791GA1051+090009089GF105991001001999999001081KA1120N+01651REMSYN082AAXX  13064 67897 12980 53007 10218 20132 3//// 48/// 69904 80008 333 20165 85280;
0158678970999992000111312004-19880+032880FM-12+148099999V0202301N003110450019N0100001N1+02661+01161999999ADDAY111061AY211061GA1011+999999099GF106991031021017501061081MW1051REMSYN082AAXX  13124 67897 41760 62306 10266 20116 3//// 48/// 70511 83268 333 819// 83856;
0173678970999992000111406004-19880+032880FM-12+148099999V0201701N001012200019N0250001N1+02171+01291999999ADDAA199000091GA1011+011409029GF102991011011012501001021KA1120N+01321REMSYN076AAXX  14064 67897 32675 21702 10217 20129 3//// 48/// 81102 333 20132 81838;EQDQ01  00002PRCP99
0124678970999992000111409004-19880+032880FM-12+148099999V0202001N001012200019N0250001N1+02091+01561999999ADDGA1031+012009029GF103991031011012501001011REMSYN070AAXX  14094 67897 42675 32002 10209 20156 3//// 48/// 83101 333 83840;
0194678970999992000111506004-19880+032880FM-12+148099999V0201501N001019999999N0100001N1+01771+01521999999ADDAA124000791AY151061AY241061GA1031+006009089GF106991031081008001001001KA1120N+01501MW1051REMSYN094AAXX  15064 67897 11560 61502 10177 20152 3//// 48/// 69904 70554 83800 333 20150 83820 84625;
0180678970999992000111612004-19880+032880FM-12+148099999V0200301N00101007501CN0150001N1+01441+01321999999ADDAY191061AY281061GA1021+006009099GA2031+007509089GF108991021091008001071031MW1951REMSYN088AAXX  16124 67897 41565 80302 10144 20132 3//// 48/// 79598 82973 333 82920 83825 88460;
0188678970999992000111706004-19880+032880FM-12+148099999V0201801N000512200019N0080001N1+01711+01411999999ADDAA124024991AY101061AY201061GA1031+006009029GF103991031011008001001001KA1120N+01221MW1051REMSYN088AAXX  17064 67897 11558 31801 10171 20141 3//// 48/// 60254 70500 83100 333 20122 83820;
0152678970999992000111709004-19880+032880FM-12+148099999V0201501N001510060019N0080001N1+01941+01441999999ADDAY111031AY211031GA1051+006009029GF105991051021008001001001MW1051REMSYN076AAXX  17094 67897 41558 51503 10194 20144 3//// 48/// 70511 85200 333 85820;
0158678970999992000111712004-19880+032880FM-12+148099999V0201401N00151012001CN0080001N1+01901+01591999999ADDAY181061AY211061GA1041+007509089GF106991051081008001001001MW1051REMSYN082AAXX  17124 67897 41558 61403 10190 20159 3//// 48/// 70581 85800 333 84825 83630;
0180678970999992000111809004-19880+032880FM-12+148099999V0202001N001010300019N0070001N1+02241+01721999999ADDAY121031AY221031GA1021+009009089GA2031+030009039GF107991021011012501031081MW1051REMSYN088AAXX  18094 67897 41657 72002 10224 20172 3//// 48/// 70522 82138 333 82830 83360 87280;
0160678970999992000112006004-19880+032880FM-12+148099999V0202901N001512200019N0300001N1+01691+00291999999ADDAA100002091GA1021+030009079GF102991021001999999031001KA1120N+00911REMSYN082AAXX  20064 67897 12980 22903 10169 20029 3//// 48/// 60020 82030 333 20091 82360;
0158678970999992000112012004-19880+032880FM-12+148099999V0201201N00101045001CN0150001N1+01951+00891999999ADDAY111061AY211061GA1041+021009089GF107991041021022501061001MW1051REMSYN082AAXX  20124 67897 41865 71202 10195 20089 3//// 48/// 70511 84260 333 84857 86360;
0179678970999992000112106004-19880+032880FM-12+148099999V0203001N00151045001CN0250001N1+01831+01011999999ADDAA199000091GA1011+010509089GF105991011011008001031001KA1120N+01101REMSYN082AAXX  21064 67897 32575 53003 10183 20101 3//// 48/// 81130 333 20110 81835 84360;EQDQ01  00002PRCP99
0152678970999992000112109004-19880+032880FM-12+148099999V0202401N001010135019N0150001N1+02181+01191999999ADDAY121031AY221031GA1051+013509029GF105991051021012501031001MW1051REMSYN076AAXX  21094 67897 41665 52402 10218 20119 3//// 48/// 70522 85230 333 85845;
0158678970999992000112112004-19880+032880FM-12+148099999V0201401N001010150019N0150001N1+01811+01541999999ADDAY181061AY221061GA1011+002409079GF106991061021017501001001MW1801REMSYN082AAXX  21124 67897 41765 61402 10181 20154 3//// 48/// 78082 86200 333 81708 86850;
0160678970999992000112406004-19880+032880FM-12+148099999V0203001N002612200019N0300001N1+02091+01551999999ADDAA124001091GA1011+030009079GF101991011001999999031001KA1120N+01291REMSYN082AAXX  24064 67897 12980 13005 10209 20155 3//// 48/// 69994 81030 333 20129 81360;
0152678970999992000112409004-19880+032880FM-12+148099999V0203601N002112200019N0150001N1+02481+01541999999ADDAY101031AY201031GA1021+012009029GF102991021011012501031001MW1051REMSYN076AAXX  24094 67897 41665 23604 10248 20154 3//// 48/// 70500 82130 333 82840;
0152678970999992000112412004-19880+032880FM-12+148099999V0202101N001512200019N0100001N1+02451+01871999999ADDAY101061AY201061GA1041+013509029GF104991041021012501001001MW1051REMSYN076AAXX  24124 67897 41660 42103 10245 20187 3//// 48/// 70500 84200 333 84845;
0189678970999992000112506004-19880+032880FM-12+148099999V0201301N001010001519N0000001N1+01851+01791999999ADDAA199000091AY141061AY211061GA1091+999999999GF109991091999999999999999KA1999N+01101MW1471REMSYN070AAXX  25064 67897 31/00 91302 10185 20179 3//// 48/// 74741 333 20110;EQDQ01  00002PRCP99
0158678970999992000112509004-19880+032880FM-12+148099999V0201501N003110450019N0100001N1+02181+01621999999ADDAY141031AY221031GA1041+007509089GF106991041081008001031011MW1051REMSYN082AAXX  25094 67897 41560 61506 10218 20162 3//// 48/// 70542 84831 333 84825 83630;
0180678970999992000112512004-19880+032880FM-12+148099999V0201801N002110090019N0100001N1+02171+01751999999ADDAY141061AY221061GA1051+009009089GA2031+010509069GF107991051081012501031011MW1051REMSYN088AAXX  25124 67897 41660 71804 10217 20175 3//// 48/// 70542 85831 333 85830 83635 86080;
0194678970999992000112606004-19880+032880FM-12+148099999V0201301N001510024019N0005001N1+01651+01551999999ADDAA124001091AY151061AY241061GA1061+002409079GF107991061061002501999999KA1120N+01441MW1421REMSYN094AAXX  26064 67897 11305 71303 10165 20155 3//// 48/// 60014 74254 866// 333 20144 86708 87620;
0194678970999992000112706004-19880+032880FM-12+148099999V0200501N00151105001CN0070001N1+01741+01511999999ADDAA124000791AY141061AY221061GA1031+006009089GF107991031081008001001021KA1120N+01441MW1051REMSYN094AAXX  27064 67897 11557 70503 10174 20151 3//// 48/// 69904 70542 83802 333 20144 83820 86625;
0180678970999992000112709004-19880+032880FM-12+148099999V0201301N00151105001CN0070001N1+02141+01641999999ADDAY121031AY221031GA1011+006009089GA2031+007509069GF107991031081008001001021MW1051REMSYN088AAXX  27094 67897 41557 71303 10214 20164 3//// 48/// 70522 83802 333 81820 83625 85080;
0158678970999992000112712004-19880+032880FM-12+148099999V0202101N002110450019N0070001N1+02101+01921999999ADDAY121061AY221061GA1041+007509089GF106991041081008001061011MW1051REMSYN082AAXX  27124 67897 41557 62104 10210 20192 3//// 48/// 70522 84861 333 84825 83630;
0207678970999992000112906004-19880+032880FM-12+148099999V0203001N00211045001CN0100001N1+02191+01591999999ADDAA199000091AY121061AY221061GA1011+006009089GF106991011011008001031011KA1120N+01541MW1051REMSYN088AAXX  29064 67897 31560 63004 10219 20159 3//// 48/// 70522 81131 333 20154 81820 86360;EQDQ01  00002PRCP99
0178678970999992000120212004-19880+032880FM-12+148099999V0202401N001519999999N0100001N1+01941+01611999999ADDAY111061AY211061GA1011+010509099GF107991041081008001999999MD1999999-0081MW1051REMSYN088AAXX  02124 67897 41560 72403 10194 20161 3//// 48/// 70511 848// 333 59008 81935 87838;
0161678970999992000120406004-19880+032880FM-12+148099999V0201101N001012200019N0300001N1+02141+01151999999ADDAA199000091GA1001+999999999GF100991001001999999001001KA1999N+01401REMSYN064AAXX  04064 67897 32980 01102 10214 20115 3//// 48/// 333 20140;EQDQ01  00002PRCP99
0124678970999992000120409004-19880+032880FM-12+148099999V0201001N002112200019N0300001N1+02441+01101999999ADDGA1011+015009029GF101991011011017501001001REMSYN070AAXX  04094 67897 42780 11004 10244 20110 3//// 48/// 81100 333 81850;
0153678970999992000121006004-19880+032880FM-12+148099999V0202201N00101045001CN0250001N1+01881+01761999999ADDAA124000791GA1011+001809079GF106991021011008001031011REMSYN088AAXX  10064 67897 12575 62202 10188 20176 3//// 48/// 69904 82131 333 20/// 81706 86080;
0158678970999992000121112004-19880+032880FM-12+148099999V0202901N001510090019N0150001N1+02541+01931999999ADDAY181061AY211061GA1051+009009089GF106991051021012501061011MW1801REMSYN082AAXX  11124 67897 41665 62903 10254 20193 3//// 48/// 78081 85261 333 85830 85080;
0180678970999992000121309004-19880+032880FM-12+148099999V0201501N001510024019N0050001N1+01371+01121999999ADDAY121031AY221031GA1051+002409079GA2031+006009089GF108991051071002501071999MW1151REMSYN088AAXX  13094 67897 41350 81503 10137 20112 3//// 48/// 71522 8577/ 333 85708 83820 88460;
0180678970999992000121312004-19880+032880FM-12+148099999V0201401N001010075019N0050001N1+01501+99999999999ADDAY161061AY221061GA1021+002409079GA2031+007509089GF108991051071008001071999MW1151REMSYN088AAXX  13124 67897 41550 81402 10150 20/// 3//// 48/// 71562 8577/ 333 82708 83825 88460;
0158678970999992000121409004-19880+032880FM-12+148099999V0202101N00101004201CN0050001N1+01681+01391999999ADDAY151031AY241031GA1011+002409079GF108991081051004501999999MW1501REMSYN082AAXX  14094 67897 41450 82102 10168 20139 3//// 48/// 75054 885// 333 81708 88615;
0188678970999992000121506004-19880+032880FM-12+148099999V0200601N00151045001CN0250001N1+01541+01331999999ADDAA124002091GA1011+001509079GA2031+006009089GF108991031081008001071999KA1120N+01341REMSYN094AAXX  15064 67897 12575 80603 10154 20133 3//// 48/// 60024 8387/ 333 20134 81705 83820 86625;
0173678970999992000121706004-19880+032880FM-12+148099999V0201401N001012200019N0250001N1+02051+00741999999ADDAA199000091GA1011+090009019GF101991001001999999001021KA1120N+01201REMSYN076AAXX  17064 67897 32975 11402 10205 20074 3//// 48/// 80002 333 20120 81080;EQDQ01  00002PRCP99
0179678970999992000121806004-19880+032880FM-12+148099999V0201701N000512200019N0250001N1+02321+01161999999ADDAA199000091GA1011+030009039GF103991011001999999031021KA1120N+01491REMSYN082AAXX  18064 67897 32975 31701 10232 20116 3//// 48/// 81032 333 20149 81360 83080;EQDQ01  00002PRCP99
0207678970999992000121906004-19880+032880FM-12+148099999V0203001N00151045001CN0100001N1+02381+01711999999ADDAA199000091AY121061AY221061GA1011+008409089GF106991011011008001031011KA1120N+01611MW1051REMSYN088AAXX  19064 67897 31560 63003 10238 20171 3//// 48/// 70522 81131 333 20161 81828 86080;EQDQ01  00002PRCP99
0158678970999992000121909004-19880+032880FM-12+148099999V0202401N00211220001CN0100001N1+02541+01741999999ADDAY121031AY221031GA1041+009009089GF107991041021012501001011MW1051REMSYN082AAXX  19094 67897 41660 72404 10254 20174 3//// 48/// 70522 84201 333 84830 87080;
0202678970999992000121912004-19880+032880FM-12+148099999V0201801N00101007501CN0080001N1+02081+02021999999ADDAY191061AY281061GA1041+001809079GA2011+007509099GA3031+009009089GF107991041061002501999999MW1171REMSYN094AAXX  19124 67897 41358 71802 10208 20202 3//// 48/// 71798 846// 333 81925 84706 83830 87635;
0194678970999992000122006004-19880+032880FM-12+148099999V0203601N001512200019N0150001N1+02291+01781999999ADDAA124023191AY101061AY201061GA1011+006609089GF103991011011008001001011KA1120N+01621MW1051REMSYN094AAXX  20064 67897 11565 33603 10229 20178 3//// 48/// 60234 70500 81101 333 20162 81822 83080;
0188678970999992000122106004-19880+032880FM-12+148099999V0202701N000512200019N0150001N1+02271+01761999999ADDAA124022191AY101061AY201061GA1011+006009029GF101991011011008001031001KA1120N+01641MW1051REMSYN088AAXX  21064 67897 11565 12701 10227 20176 3//// 48/// 60224 70500 81130 333 20164 81820;
0176678970999992000122306004-19880+032880FM-12+148099999V0202101N001510003019N0003001N1+01641+01561999999ADDAA124013091AY161061AY241061GA1091+999999999GF109991091999999999999999KA1999N+01491MW1471REMSYN076AAXX  23064 67897 11/03 92103 10164 20156 3//// 48/// 60134 74764 333 20149;
0173678970999992000122406004-19880+032880FM-12+148099999V0201301N001512200019N0250001N1+01961+01571999999ADDAA199000091GA1021+004509029GF103991021081004501031001KA1120N+01401REMSYN076AAXX  24064 67897 32475 31303 10196 20157 3//// 48/// 82830 333 20140 82815;EQDQ01  00002PRCP99
0173678970999992000122506004-19880+032880FM-12+148099999V0202701N001512200019N0250001N1+02371+01361999999ADDAA199000091GA1011+090009019GF101991001001999999001011KA1120N+01561REMSYN076AAXX  25064 67897 32975 12703 10237 20136 3//// 48/// 80001 333 20156 81080;EQDQ01  00002PRCP99
