0166038960999992000010112004+49200-002100FM-12+005499999V0202301N002610001519N0001001N1+01021+01001102661ADDAY151061AY241061GA1081+000159069GF108991081071000251999999MD1010031+9999MW1511REMSYN076AAXX  01124 03896 41001 82305 10102 20100 40266 50003 75154 887// 333 88700;
0166038960999992000010212004+49200-002100FM-12+005499999V0202101N003110001519N0001001N1+01061+01041102811ADDAY151061AY241061GA1081+000159069GF108991081071000251999999MD1810051+9999MW1501REMSYN076AAXX  02124 03896 41001 82106 10106 20104 40281 58005 75054 887// 333 88700;
0144038960999992000010312004+49200-002100FM-12+005499999V0202001N00621004201CN0400001N1+01031+00881102351ADDGA1021+003909079GF107991071051004501031011MD1810061+9999REMSYN076AAXX  03124 03896 42482 72012 10103 20088 40235 58006 87531 333 82713 86650;
0138038960999992000010412004+49200-002100FM-12+005499999V0202201N006212200019N0350001N1+01051+00851101711ADDGA1011+004509029GF101991011081004501001011MD1010021+9999REMSYN070AAXX  04124 03896 42481 12212 10105 20085 40171 50002 81801 333 81815;
0138038960999992000010512004+49200-002100FM-12+005499999V0201701N007212200019N0200001N1+01001+00811101711ADDGA1011+002409069GF102991021081002501001011MD1810151+9999REMSYN070AAXX  05124 03896 42370 21714 10100 20081 40171 58015 82801 333 81708;
0172038960999992000010612004+49200-002100FM-12+005499999V0202301N00461006001CN0150001N1+00981+00851101751ADDAY161061AY221061GA1011+002109079GF108991081081002501999999MD1110201+9999MW1021REMSYN082AAXX  06124 03896 41365 82309 10098 20085 40175 51020 70262 888// 333 81707 87635;
0144038960999992000010712004+49200-002100FM-12+005499999V0201901N00621009001CN0170001N1+00941+00731102241ADDGA1011+003909089GF107991071081004501999999MD1810131+9999REMSYN076AAXX  07124 03896 42467 71912 10094 20073 40224 58013 878// 333 81813 87643;
0172038960999992000010812004+49200-002100FM-12+005499999V0203001N00311036001CN0150001N1+01001+00681102091ADDAY181061AY261061GA1011+004509089GF107991031081004501031061MD1110081+9999MW1011REMSYN082AAXX  08124 03896 41465 73006 10100 20068 40209 51008 70186 83836 333 81815 86075;
0166038960999992000010912004+49200-002100FM-12+005499999V0203301N003110090019N0350001N1+00811+00231102991ADDAY181061AY211061GA1051+009009029GF105991051021012501001001MD1110141+9999MW1031REMSYN076AAXX  09124 03896 41681 53306 10081 20023 40299 51014 70381 85200 333 85830;
0138038960999992000011012004+49200-002100FM-12+005499999V0201801N003112200019N0300001N1+00731+00441103761ADDGA1011+006009029GF102991011081008001041051MD1010011+9999REMSYN070AAXX  10124 03896 42580 21806 10073 20044 40376 50001 81845 333 81820;
0144038960999992000011112004+49200-002100FM-12+005499999V0201801N00511002101CN0120001N1+00651+00541103741ADDGA1021+002109079GF107991071051002501999999MD1810031+9999REMSYN076AAXX  11124 03896 42362 71810 10065 20054 40374 58003 875// 333 82707 86635;
0166038960999992000011212004+49200-002100FM-12+005499999V0201801N006710003019N0035001N1+00281+00201102861ADDAY121061AY221061GA1071+000309069GF108991081061000251999999MD1810161+9999MW1101REMSYN076AAXX  12124 03896 41035 81813 10028 20020 40286 58016 71022 886// 333 87701;
0172038960999992000011312004+49200-002100FM-12+005499999V0203601N00571036001CN0400001N1+00711+00281101731ADDAY161061AY221061GA1041+006009089GF107991041081008001071021MD1010021+9999MW1011REMSYN082AAXX  13124 03896 41582 73611 10071 20028 40173 50002 70162 84872 333 84820 86074;
0142038960999992000011412004+49200-002100FM-12+005499999V0200301N005110360019N0300001N1+00601+00201102141ADDGA1021+006009029GF106991021021008001041011MD1110061+9999REMSYN074    AAXX  14124 03896 42580 60310 10060 20020 40214 51006 82241 333 82820;
0142038960999992000011512004+49200-002100FM-12+005499999V0200601N005112200019N0250001N1+00691+00121103411ADDGA1011+007509029GF101991011011008001001011MD1210141+9999REMSYN074    AAXX  15124 03896 42575 10610 10069 20012 40341 52014 81101 333 81825;
0148038960999992000011612004+49200-002100FM-12+005499999V0200501N00311012001CN0250001N1+00581+00281103971ADDGA1031+006009089GF108991081081008001999999MD1010021+9999REMSYN080    AAXX  16124 03896 42575 80506 10058 20028 40397 50002 888// 333 83820 88630;
0148038960999992000011712004+49200-002100FM-12+005499999V0203401N002110036019N0200001N1+00691+00441103991ADDGA1061+003609089GF108991081081004501999999MD1810031+9999REMSYN080    AAXX  17124 03896 42470 83404 10069 20044 40399 58003 888// 333 86812 88615;
0142038960999992000011812004+49200-002100FM-12+005499999V0203501N005112200019N0200001N1+00761+00541103591ADDGA1011+003309069GF101991011051004501001001MD1810021+9999REMSYN074    AAXX  18124 03896 42470 13510 10076 20054 40359 58002 81500 333 81711;
0138038960999992000012012004+49200-002100FM-12+005499999V0203001N003610090019N0300001N1+00731+00281103661ADDGA1071+009009059GF108991081051012501999999MD1710091+9999REMSYN070AAXX  20124 03896 42680 83007 10073 20028 40366 57009 885// 333 87630;
0144038960999992000012112004+49200-002100FM-12+005499999V0200401N00101012001CN0170001N1+00701+00211103591ADDGA1031+007509089GF108991081081008001999999MD1110081+9999REMSYN076AAXX  21124 03896 42567 80402 10070 20021 40359 51008 888// 333 83825 88633;
0138038960999992000012212004+49200-002100FM-12+005499999V0202901N009312200019N0350001N1+00911+00411102281ADDGA1021+007509029GF103991021021008001031011MD1810201+9999REMSYN070AAXX  22124 03896 42581 32918 10091 20041 40228 58020 82231 333 82825;
0144038960999992000012312004+49200-002100FM-12+005499999V0200101N00411015001CN0500001N1+00691+00151102561ADDGA1011+009009089GF106991061081012501041011MD1210061+9999REMSYN076AAXX  23124 03896 42684 60108 10069 20015 40256 52006 86841 333 81830 85645;
0166038960999992000012412004+49200-002100FM-12+005499999V0200101N00311012001CN0450001N1+00611+00081102391ADDAY181061AY221061GA1041+008109029GF107991051081008001031011MD1810021+9999MW1251REMSYN076AAXX  24124 03896 41583 70106 10061 20008 40239 58002 72582 85831 333 84827;
0166038960999992000012512004+49200-002100FM-12+005499999V0200801N004612200019N0140001N1+00361-00011102921ADDAY111061AY211061GA1031+006009059GF103991031051008001001001MD1210051+9999MW1051REMSYN076AAXX  25124 03896 41564 30809 10036 21001 40292 52005 70511 83500 333 83620;
0122038960999992000012612004+49200-002100FM-12+005499999V0201201N004112200019N0250001N1+00151-00281103291ADDGA1001+999999999GF100991001001999999001001MD1210011+9999REMSYN054AAXX  26124 03896 42975 01208 10015 21028 40329 52001;
0138038960999992000012712004+49200-002100FM-12+005499999V0201401N003112200019N0150001N1+00351+00051103141ADDGA1011+075009019GF101991001001999999001021MD1810051+9999REMSYN070AAXX  27124 03896 42965 11406 10035 20005 40314 58005 80002 333 81075;
0172038960999992000012812004+49200-002100FM-12+005499999V0202401N00621036001CN0070001N1+00821+00551102171ADDAY111061AY211061GA1021+003009079GF107991021061004501041011MD1810181+9999MW1051REMSYN082AAXX  28124 03896 41457 72412 10082 20055 40217 58018 70511 82641 333 82710 85360;
0172038960999992000012912004+49200-002100FM-12+005499999V0202701N01131004201CN0090001N1+01051+00851101221ADDAY161061AY251061GA1041+003009079GF108991081051004501999999MD1210091+9999MW1051REMSYN082AAXX  29124 03896 41459 82722 10105 20085 40122 52009 70565 885// 333 84710 88615;
0166038960999992000013012004+49200-002100FM-12+005499999V0202501N007712200019N0090001N1+01151+00851102421ADDAY111061AY211061GA1021+004509059GF102991021051004501001011MD1110131+9999MW1051REMSYN076AAXX  30124 03896 41459 22515 10115 20085 40242 51013 70511 82501 333 82615;
0138038960999992000013112004+49200-002100FM-12+005499999V0202001N005110090019N0220001N1+01061+00841102831ADDGA1071+009009059GF107991071051012501999999MD1110071+9999REMSYN070AAXX  31124 03896 42672 72010 10106 20084 40283 51007 875// 333 87630;
0144038960999992000020112004+49200-002100FM-12+005499999V0201801N00411036001CN0120001N1+00911+00751101951ADDGA1011+003609089GF107991011081004501031021MD1810111+9999REMSYN076AAXX  01124 03896 42462 71808 10091 20075 40195 58011 81832 333 81812 87075;
0138038960999992000020212004+49200-002100FM-12+005499999V0203101N006212200019N0300001N1+00901+00471102591ADDGA1011+006009029GF101991011081008001001021MD1210441+9999REMSYN070AAXX  02124 03896 42580 13112 10090 20047 40259 52044 81802 333 81820;
0144038960999992000020312004+49200-002100FM-12+005499999V0202301N004610090019N0400001N1+00921+00691103771ADDGA1011+005409089GF108991081081004501999999MD1210081+9999REMSYN076AAXX  03124 03896 42482 82309 10092 20069 40377 52008 888// 333 81818 87630;
0144038960999992000020412004+49200-002100FM-12+005499999V0201901N003619999999N0300001N1+00891+00491103691ADDGA1011+039009039GF107991011001999999031061MD1810041+9999REMSYN076AAXX  04124 03896 42980 71907 10089 20049 40369 58004 81036 333 81363 86273;
0172038960999992000020512004+49200-002100FM-12+005499999V0201501N005119999999N0070001N1+00851+00471102841ADDAY121061AY221061GA1011+045009039GF107991011001999999031061MD1810141+9999MW1051REMSYN082AAXX  05124 03896 41957 71510 10085 20047 40284 58014 70522 81036 333 81365 87275;
0172038960999992000020612004+49200-002100FM-12+005499999V0201801N00621002101CN0080001N1+01021+00881102041ADDAY121061AY221061GA1011+002409079GF108991071051002501071999MD1810241+9999MW1051REMSYN082AAXX  06124 03896 41358 81812 10102 20088 40204 58024 70522 8757/ 333 81708 86625;
0172038960999992000020712004+49200-002100FM-12+005499999V0201801N009310018019N0100001N1+00851+00811101651ADDAY161061AY221061GA1051+001809079GF108991081051002501999999MD1710371+9999MW1611REMSYN082AAXX  07124 03896 41360 81818 10085 20081 40165 57037 76162 885// 333 85706 88617;
0166038960999992000020812004+49200-002100FM-12+005499999V0202401N008710018019N0060001N1+01141+01081101141ADDAY161061AY221061GA1061+001809069GF108991081051002501999999MD1210151+9999MW1581REMSYN076AAXX  08124 03896 41356 82417 10114 20108 40114 52015 75862 885// 333 86706;
0144038960999992000020912004+49200-002100FM-12+005499999V0202501N006210120019N0250001N1+01001+00691103061ADDGA1011+007509089GF106991061081008001001011MD1210101+9999REMSYN076AAXX  09124 03896 42575 62512 10100 20069 40306 52010 86801 333 81825 85640;
0166038960999992000021012004+49200-002100FM-12+005499999V0202901N007210006019N0060001N1+00971+00951101631ADDAY161061AY221061GA1081+000609069GF108991081061000751999999MD1310241+9999MW1631REMSYN076AAXX  10124 03896 41156 82914 10097 20095 40163 53024 76362 886// 333 88702;
0138038960999992000021112004+49200-002100FM-12+005499999V0202501N002112200019N0270001N1+00961+00401103271ADDGA1031+007509029GF103991031021008001001001MD1010021+9999REMSYN070AAXX  11124 03896 42577 32504 10096 20040 40327 50002 83200 333 83825;
0172038960999992000021212004+49200-002100FM-12+005499999V0202301N00931002101CN0130001N1+00921+00781102391ADDAY161061AY251061GA1021+002709079GF107991071051002501071999MD1010001+9999MW1601REMSYN082AAXX  12124 03896 41363 72318 10092 20078 40239 50000 76065 8757/ 333 82709 86615;
0172038960999992000021312004+49200-002100FM-12+005499999V0201201N001510012019N0050001N1+01041+01001102081ADDAY151061AY221061GA1051+001209079GF108991081051001501999999MD1110041+9999MW1201REMSYN082AAXX  13124 03896 41250 81203 10104 20100 40208 51004 72052 885// 333 85704 88615;
0166038960999992000021412004+49200-002100FM-12+005499999V0202201N003610001519N0003001N1+00921+00901102211ADDAY161061AY251061GA1081+000159069GF108991081071000251999999MD1810121+9999MW1511REMSYN076AAXX  14124 03896 41003 82207 10092 20090 40221 58012 75165 887// 333 88700;
0172038960999992000021512004+49200-002100FM-12+005499999V0202301N00511009001CN0180001N1+00961+00701102031ADDAY181061AY221061GA1011+005409089GF107991051081004501081021MD1710261+9999MW1011REMSYN082AAXX  15124 03896 41468 72310 10096 20070 40203 57026 70182 85882 333 81818 85656;
0166038960999992000021612004+49200-002100FM-12+005499999V0202901N009312200019N0250001N1+00751+00201101201ADDAY181061AY211061GA1021+006009099GF102991021081008001001031MD1310101+9999MW1271REMSYN076AAXX  16124 03896 41575 22918 10075 20020 40120 53010 72781 82803 333 82920;
0138038960999992000021712004+49200-002100FM-12+005499999V0203201N006212200019N0350001N1+00931+00331101811ADDGA1011+007509029GF101991011081008001001011MD1210301+9999REMSYN070AAXX  17124 03896 42581 13212 10093 20033 40181 52030 81801 333 81825;
0172038960999992000021812004+49200-002100FM-12+005499999V0202601N00771006001CN0090001N1+01061+00731101081ADDAY181061AY261061GA1031+002709079GF107991071081002501999999MD1110031+9999MW1151REMSYN082AAXX  18124 03896 41359 72615 10106 20073 40108 51003 71586 878// 333 83709 87615;
0172038960999992000021912004+49200-002100FM-12+005499999V0203101N00511009001CN0300001N1+01001+00531101851ADDAY181061AY211061GA1021+005409089GF107991071081004501001011MD1210251+9999MW1031REMSYN082AAXX  19124 03896 41480 73110 10100 20053 40185 52025 70381 87801 333 82818 85645;
0138038960999992000022012004+49200-002100FM-12+005499999V0201701N002612200019N0300001N1+00911+00431103191ADDGA1011+005409029GF102991011011004501001051MD1110091+9999REMSYN070AAXX  20124 03896 42480 21705 10091 20043 40319 51009 81105 333 81818;
0172038960999992000022212004+49200-002100FM-12+005499999V0201801N00411036001CN0120001N1+00981+00771102351ADDAY121061AY221061GA1031+006009069GF107991031051008001071999MD1710091+9999MW1051REMSYN082AAXX  22124 03896 41562 71808 10098 20077 40235 57009 70522 8357/ 333 83620 86360;
0172038960999992000022312004+49200-002100FM-12+005499999V0202301N00411000301CN0070001N1+00981+00891102511ADDAY121061AY221061GA1031+000309079GF108991081061000251999999MD1210081+9999MW1101REMSYN082AAXX  23124 03896 41057 82308 10098 20089 40251 52008 71022 886// 333 83701 87703;
0140038960999992000022412004+49200-002100FM-12+005499999V0201601N002610003019N0014001N1+01111+01071102631ADDAY161061AY241061GF108991081051000251999999MD1210041+9999MW1401REMSYN066AAXX  24124 03896 41014 81605 10111 20107 40263 52004 74064 885//;
0138038960999992000022512004+49200-002100FM-12+005499999V0203401N002612200019N0450001N1+00961+00331103281ADDGA1021+006909029GF102991021011008001001011MD1110181+9999REMSYN070AAXX  25124 03896 42583 23405 10096 20033 40328 51018 82101 333 82823;
0172038960999992000022612004+49200-002100FM-12+005499999V0201601N00311002101CN0060001N1+01031+00731103051ADDAY111061AY211061GA1011+002709079GF107991051051002501031061MD1810021+9999MW1051REMSYN082AAXX  26124 03896 41356 71606 10103 20073 40305 58002 70511 85536 333 81709 85640;
0172038960999992000022712004+49200-002100FM-12+005499999V0201801N00511002101CN0070001N1+01061+00881102091ADDAY121061AY221061GA1031+002409079GF108991081051002501999999MD1710141+9999MW1051REMSYN082AAXX  27124 03896 41357 81810 10106 20088 40209 57014 70522 885// 333 83708 88617;
0172038960999992000022812004+49200-002100FM-12+005499999V0202601N00621090001CN0350001N1+01011+00521101731ADDAY181061AY261061GA1011+005109099GF105991021091004501041031MD1210311+9999MW1251REMSYN082AAXX  28124 03896 41481 52612 10101 20052 40173 52031 72586 82943 333 81917 83362;
0172038960999992000022912004+49200-002100FM-12+005499999V0202501N010310360019N0250001N1+01131+00791100431ADDAY161061AY211061GA1011+004509089GF105991031081004501031011MD1310071+9999MW1011REMSYN082AAXX  29124 03896 41475 52520 10113 20079 40043 53007 70161 83831 333 81815 83075;
0138038960999992000030112004+49200-002100FM-12+005499999V0203201N009312200019N0350001N1+00941+00251101461ADDGA1031+007509029GF103991031081008001001001MD1210341+9999REMSYN070AAXX  01124 03896 42581 33218 10094 20025 40146 52034 83800 333 83825;
0188038960999992000030212004+49200-002100FM-12+005499999V0202101N005710180019N0300001N1+00931+00541102471ADDGA1021+007209089GA2061+018009069GF107991061081008001071999MD1710161+9999OA140101341REMSYN093AAXX  02124 03896 4258072111 10093 20054 40247 57016 8687/ 333 82824 86656 90710 91126 91026;
0200038960999992000030312004+49200-002100FM-12+005499999V0202201N006210021019N0050001N1+01051+00931101241ADDAY161061AY221061GA1021+001209079GA2081+002109079GF108991081071001501999999MD1710021+9999MW1611REMSYN094AAXX  03124 03896 41250 82212 10105 20093 40124 57002 76162 887// 333 82704 88707 90710 91131;
0138038960999992000030412004+49200-002100FM-12+005499999V0203301N003112200019N0500001N1+00861-00071103161ADDGA1011+010509029GF102991011011012501001011MD1210191+9999REMSYN070AAXX  04124 03896 42684 23306 10086 21007 40316 52019 81101 333 81835;
0138038960999992000030512004+49200-002100FM-12+005499999V0202101N004112200019N0450001N1+00891+00201103661ADDGA1041+008109029GF105991041011008001001011MD1110051+9999REMSYN070AAXX  05124 03896 42583 52108 10089 20020 40366 51005 84101 333 84827;
0138038960999992000030612004+49200-002100FM-12+005499999V0202001N003110150019N0250001N1+00941+00341103181ADDGA1061+015009059GF107991061051017501031011MD1410001+9999REMSYN070AAXX  06124 03896 42775 72006 10094 20034 40318 54000 86531 333 86650;
0166038960999992000030712004+49200-002100FM-12+005499999V0202101N003612200019N0120001N1+01071+00781103071ADDAY111061AY211061GA1041+001809069GF104991041061002501001011MD1210041+9999MW1051REMSYN076AAXX  07124 03896 41362 42107 10107 20078 40307 52004 70511 84601 333 84706;
0144038960999992000030812004+49200-002100FM-12+005499999V0202301N003612200019N0300001N1+01201+00811103181ADDGA1011+039009039GF103991011001999999031011MD1210081+9999REMSYN076AAXX  08124 03896 42980 32307 10120 20081 40318 52008 81031 333 81363 83075;
0166038960999992000030912004+49200-002100FM-12+005499999V0202401N006210003019N0011001N1+00961+00941103311ADDAY151061AY241061GA1081+000309069GF108991081061000251999999MD1310131+9999MW1501REMSYN076AAXX  09124 03896 41011 82412 10096 20094 40331 53013 75054 886// 333 88701;
0172038960999992000031012004+49200-002100FM-12+005499999V0202401N00261002101CN0160001N1+01071+00761103261ADDAY151061AY221061GA1011+002709079GF107991071051002501999999MD1710031+9999MW1011REMSYN082AAXX  10124 03896 41366 72405 10107 20076 40326 57003 70152 875// 333 81709 87615;
0172038960999992000031112004+49200-002100FM-12+005499999V0202501N003110009019N0060001N1+01131+00971102561ADDAY121061AY221061GA1061+000909079GF108991081061001501999999MD1110021+9999MW1051REMSYN082AAXX  11124 03896 41256 82506 10113 20097 40256 51002 70522 886// 333 86703 88705;
0166038960999992000031212004+49200-002100FM-12+005499999V0200301N001512200019N0130001N1+01331+00721102761ADDAY141061AY201061GA1011+005109029GF101991011011004501001011MD1010001+9999MW1031REMSYN076AAXX  12124 03896 41463 10303 10133 20072 40276 50000 70340 81101 333 81817;
0166038960999992000031312004+49200-002100FM-12+005499999V0202501N002610009019N0050001N1+01031+00801103021ADDAY141061AY221061GA1061+000909069GF107991071061001501999999MD1110031+9999MW1051REMSYN076AAXX  13124 03896 41250 72505 10103 20080 40302 51003 70542 876// 333 86703;
0144038960999992000031412004+49200-002100FM-12+005499999V0202501N00571009001CN0200001N1+01151+00841102901ADDGA1021+003609089GF107991061081004501071021MD1210041+9999REMSYN076AAXX  14124 03896 42470 72511 10115 20084 40290 52004 86872 333 82812 85617;
0122038960999992000031512004+49200-002100FM-12+005499999V0203301N003612200019N0400001N1+01051+00231103831ADDGA1001+999999999GF100991001001999999001001MD1210101+9999REMSYN054AAXX  15124 03896 42982 03307 10105 20023 40383 52010;
0138038960999992000031612004+49200-002100FM-12+005499999V0203401N002110060019N0250001N1+01001+00541103701ADDGA1071+006009059GF107991071051008001999999MD1210021+9999REMSYN070AAXX  16124 03896 42575 73404 10100 20054 40370 52002 875// 333 87620;
0138038960999992000031712004+49200-002100FM-12+005499999V0203401N003610114019N0180001N1+01091+00551103581ADDGA1071+011409059GF107991071051012501999999MD1110031+9999REMSYN070AAXX  17124 03896 42668 73407 10109 20055 40358 51003 875// 333 87638;
0172038960999992000031812004+49200-002100FM-12+005499999V0203601N00311009001CN0080001N1+01071+00691103591ADDAY121061AY221061GA1011+004509089GF108991081081004501999999MD1010031+9999MW1051REMSYN082AAXX  18124 03896 41458 83606 10107 20069 40359 50003 70522 888// 333 81815 88645;
0138038960999992000031912004+49200-002100FM-12+005499999V0200401N005110051019N0180001N1+00831+00351103571ADDGA1061+005109029GF107991071081004501999999MD1810051+9999REMSYN070AAXX  19124 03896 42468 70410 10083 20035 40357 58005 878// 333 86817;
0172038960999992000032012004+49200-002100FM-12+005499999V0200601N00571090001CN0080001N1+01021+00541102911ADDAY121061AY221061GA1021+004509089GF107991021011004501001061MD1810061+9999MW1051REMSYN082AAXX  20124 03896 41458 70611 10102 20054 40291 58006 70522 82106 333 82815 87275;
0138038960999992000032112004+49200-002100FM-12+005499999V0200801N001012200019N0180001N1+01251+00491102021ADDGA1021+075009019GF102991001001999999001021MD1810121+9999REMSYN070AAXX  21124 03896 42968 20802 10125 20049 40202 58012 80002 333 82075;
0172038960999992000032312004+49200-002100FM-12+005499999V0201801N00051036001CN0060001N1+01201+00931100911ADDAY161061AY221061GA1021+006009089GF108991041081008001071999MD1710111+9999MW1051REMSYN082AAXX  23124 03896 41556 81801 10120 20093 40091 57011 70562 8487/ 333 82820 86359;
0166038960999992000032412004+49200-002100FM-12+005499999V0202001N002610036019N0180001N1+01171+00931100871ADDAY181061AY211061GA1051+003609029GF107991061081004501041061MD1210041+9999MW1251REMSYN076AAXX  24124 03896 41468 72005 10117 20093 40087 52004 72581 86846 333 85812;
0144038960999992000032512004+49200-002100FM-12+005499999V0202301N00411009001CN0450001N1+01061+00521101331ADDGA1011+005109089GF107991061081004501031011MD1110031+9999REMSYN076AAXX  25124 03896 42483 72308 10106 20052 40133 51003 86831 333 81817 85656;
0217038960999992000032612004+49200-002100FM-12+005499999V0202701N006710360019N0200001N1+01071+00661101021ADDAY181061AY211061GA1031+005109079GA2011+006009099GF105991041091004501061031MD1810011+9999MW1251OA140101391REMSYN100AAXX  26124 03896 41470 52713 10107 20066 40102 58001 72581 84963 333 83717 81920 90710 91127 91025;
0217038960999992000032712004+49200-002100FM-12+005499999V0203501N006210060019N0100001N1+00671+00351101421ADDAY181061AY221061GA1021+004209079GA2061+006009089GF107991071081004501999999MD1210081+9999MW1801OA140101391REMSYN100AAXX  27124 03896 41460 73512 10067 20035 40142 52008 78082 878// 333 82714 86820 90710 91127 91027;
0166038960999992000032812004+49200-002100FM-12+005499999V0203401N005110054019N0250001N1+00801+00301101871ADDAY181061AY221061GA1061+005409029GF107991071081004501999999MD1210011+9999MW1021REMSYN076AAXX  28124 03896 41475 73410 10080 20030 40187 52001 70282 878// 333 86818;
0172038960999992000032912004+49200-002100FM-12+005499999V0200501N00261009001CN0250001N1+00711+00431101451ADDAY161061AY221061GA1041+005409089GF107991071081004501999999MD1210061+9999MW1021REMSYN082AAXX  29124 03896 41475 70505 10071 20043 40145 52006 70262 878// 333 84818 87628;
0172038960999992000033012004+49200-002100FM-12+005499999V0200301N00261009001CN0100001N1+00721+00561101431ADDAY161061AY221061GA1041+003009089GF108991081081004501999999MD1810011+9999MW1051REMSYN082AAXX  30124 03896 41460 80305 10072 20056 40143 58001 70562 888// 333 84810 87618;
0172038960999992000033112004+49200-002100FM-12+005499999V0200301N00101009001CN0090001N1+00911+00621100831ADDAY161061AY221061GA1041+005109089GF107991071081004501999999MD1610011+9999MW1051REMSYN082AAXX  31124 03896 41459 70302 10091 20062 40083 56001 70562 878// 333 84817 86656;
0172038960999992000040112004+49200-002100FM-12+005499999V0202001N004110360019N0170001N1+01191+00831100161ADDAY181061AY261061GA1011+005409089GF106991031081004501041011MD1810031+9999MW1031REMSYN082AAXX  01124 03896 41467 62008 10119 20083 40016 58003 70386 83841 333 81818 83075;
0172038960999992000040212004+49200-002100FM-12+005499999V0201101N00361036001CN0120001N1+01121+00631099401ADDAY161061AY221061GA1021+009009069GF108991031051012501071999MD1810171+9999MW1601REMSYN082AAXX  02124 03896 41662 81107 10112 20063 49940 58017 76062 8357/ 333 82630 88459;
0172038960999992000040312004+49200-002100FM-12+005499999V0201301N00211004201CN0180001N1+01281+00991098491ADDAY161061AY221061GA1031+004509069GF108991061051004501071999MD1810061+9999MW1031REMSYN082AAXX  03124 03896 41468 81304 10128 20099 49849 58006 70362 8657/ 333 83615 85622;
0138038960999992000040512004+49200-002100FM-12+005499999V0200201N005710075019N0300001N1+00881+00361101681ADDGA1051+007509029GF106991061081008001031001MD1210181+9999REMSYN070AAXX  05124 03896 42580 60211 10088 20036 40168 52018 86830 333 85825;
0122038960999992000040712004+49200-002100FM-12+005499999V0200701N003112200019N0200001N1+01291+00041103091ADDGA1001+999999999GF100991001001999999001001MD1810101+9999REMSYN054AAXX  07124 03896 42970 00706 10129 20004 40309 58010;
0150038960999992000040812004+49200-002100FM-12+005499999V0200501N003612200019N0090001N1+01501+00471102131ADDAY101061AY201061GA1001+999999999GF100991001001999999001001MD1710201+9999MW1051REMSYN060AAXX  08124 03896 41959 00507 10150 20047 40213 57020 70500;
0172038960999992000040912004+49200-002100FM-12+005499999V0200401N006719999999N0060001N1+01201+00631100881ADDAY121061AY221061GA1021+036009039GF105991021001999999031061MD1810071+9999MW1051REMSYN082AAXX  09124 03896 41956 50413 10120 20063 40088 58007 70522 82036 333 82362 85075;
0172038960999992000041012004+49200-002100FM-12+005499999V0200401N00571004201CN0090001N1+01041+00541101251ADDAY111061AY211061GA1031+004509079GF107991071051004501999011MD1110021+9999MW1051REMSYN082AAXX  10124 03896 41459 70411 10104 20054 40125 51002 70511 875/1 333 83715 86657;
0200038960999992000041112004+49200-002100FM-12+005499999V0202301N006210075019N0120001N1+00701+00701099511ADDAY161061AY221061GA1031+003309079GA2071+007509069GF108991081051004501999999MD1710411+9999MW1611REMSYN094AAXX  11124 03896 41462 82312 10070 20070 49951 57041 76162 885// 333 83711 87625 90710 91125;
0172038960999992000041212004+49200-002100FM-12+005499999V0202401N002610360019N0300001N1+00591+00451099031ADDAY181061AY211061GA1021+004509099GF105991041091004501031021MD1110061+9999MW1251REMSYN082AAXX  12124 03896 41480 52405 10059 20045 49903 51006 72581 84932 333 82915 83818;
0194038960999992000041312004+49200-002100FM-12+005499999V0202501N00101006001CN0250001N1+00941+00811099591ADDAY181061AY221061GA1011+002709079GA2031+004509089GF107991071081002501999999MD1210181+9999MW1251REMSYN088AAXX  13124 03896 41375 72502 10094 20081 49959 52018 72582 878// 333 81709 83815 86640;
0166038960999992000041512004+49200-002100FM-12+005499999V0202701N004110030019N0180001N1+00571+00521099531ADDAY161061AY261061GA1061+003009029GF107991071081004501999011MD1210431+9999MW1611REMSYN076AAXX  15124 03896 41468 72708 10057 20052 49953 52043 76166 878/1 333 86810;
0172038960999992000041712004+49200-002100FM-12+005499999V0201901N00511004201CN0100001N1+01011+00601099801ADDAY181061AY211061GA1011+003909079GF107991061091004501061031MD1110191+9999MW1801REMSYN082AAXX  17124 03896 41460 71910 10101 20060 49980 51019 78081 86963 333 81713 83918;
0194038960999992000041812004+49200-002100FM-12+005499999V0201401N003610045019N0120001N1+01081+01021100071ADDAY161061AY221061GA1011+001509079GA2051+004509069GF108991081051001501999999MD1710111+9999MW1601REMSYN088AAXX  18124 03896 41262 81407 10108 20102 40007 57011 76062 885// 333 81705 85615 87640;
0144038960999992000041912004+49200-002100FM-12+005499999V0201501N00361036001CN0300001N1+01341+00861100971ADDGA1041+015009069GF107991041051017501011081MD1110021+9999REMSYN076AAXX  19124 03896 42780 71507 10134 20086 40097 51002 84518 333 84650 86270;
0194038960999992000042012004+49200-002100FM-12+005499999V0201801N00461001201CN0060001N1+01301+01221100681ADDAY161061AY221061GA1011+001509079GA2031+009009069GF107991071051001501999011MD1210041+9999MW1211REMSYN088AAXX  20124 03896 41256 71809 10130 20122 40068 52004 72162 875/1 333 81705 83630 86656;
0144038960999992000042112004+49200-002100FM-12+005499999V0201801N00361012001CN0200001N1+01391+00971101191ADDGA1031+006009089GF107991061081008001031061MD1110031+9999REMSYN076AAXX  21124 03896 42570 71807 10139 20097 40119 51003 86836 333 83820 85645;
0138038960999992000042312004+49200-002100FM-12+005499999V0201801N002112200019N0300001N1+01471+00871101141ADDGA1011+005409099GF102991011091004501031061MD1010011+9999REMSYN070AAXX  23124 03896 42480 21804 10147 20087 40114 50001 81936 333 81918;
0172038960999992000042512004+49200-002100FM-12+005499999V0202001N00361036001CN0350001N1+01551+01121100591ADDAY151061AY221061GA1011+004509089GF106991021081004501031021MD1110061+9999MW1011REMSYN082AAXX  25124 03896 41481 62007 10155 20112 40059 51006 70152 82832 333 81815 86075;
0194038960999992000042612004+49200-002100FM-12+005499999V0201501N00361006001CN0350001N1+01331+01041100381ADDAY181061AY261061GA1011+002409079GA2031+006009089GF107991061081002501031021MD1810101+9999MW1021REMSYN088AAXX  26124 03896 41381 71507 10133 20104 40038 58010 70286 86832 333 81708 83820 86656;
0144038960999992000042712004+49200-002100FM-12+005499999V0201901N00151090001CN0350001N1+01401+00971100971ADDGA1021+004509089GF106991021021004501001021MD1010001+9999REMSYN076AAXX  27124 03896 42481 61903 10140 20097 40097 50000 82202 333 82815 86075;
0144038960999992000042812004+49200-002100FM-12+005499999V0202401N00051036001CN0300001N1+01371+00711100901ADDGA1021+003609079GF107991021071004501031061MD1110031+9999REMSYN076AAXX  28124 03896 42480 72401 10137 20071 40090 51003 82736 333 82712 86075;
0138038960999992000042912004+49200-002100FM-12+005499999V0201301N002612200019N0250001N1+01531+00931101561ADDGA1011+004509029GF102991011011004501001011MD1110021+9999REMSYN070AAXX  29124 03896 42475 21305 10153 20093 40156 51002 81101 333 81815;
0138038960999992000043012004+49200-002100FM-12+005499999V0200701N002112200019N0300001N1+02001+01111102001ADDGA1011+010509029GF103991011011012501031011MD1810021+9999REMSYN070AAXX  30124 03896 42680 30704 10200 20111 40200 58002 81131 333 81835;
0172038960999992000050112004+49200-002100FM-12+005499999V0200501N00461000301CN0030001N1+01241+01071102151ADDAY141061AY221061GA1031+000309079GF107991071061000251999999MD1210061+9999MW1101REMSYN082AAXX  01124 03896 41030 70509 10124 20107 40215 52006 71042 876// 333 83701 87703;
0195038960999992000050212004+49200-002100FM-12+005499999V0200401N005110018019N0080001N1+01051+00871102331ADDAY121061AY221061GA1071+001809079GF108991081061002501999999MD1210021+9999MW1051OA140101291REMSYN094AAXX  02124 03896 41358 80410 10105 20087 40233 52002 70522 886// 333 87706 90710 91125 91025;
0172038960999992000050312004+49200-002100FM-12+005499999V0200201N00361004201CN0250001N1+01121+00841102201ADDAY151061AY221061GA1011+003009079GF108991081051004501999999MD1810021+9999MW1021REMSYN082AAXX  03124 03896 41475 80207 10112 20084 40220 58002 70252 885// 333 81710 88615;
0166038960999992000050412004+49200-002100FM-12+005499999V0200201N007210018019N0040001N1+01151+01031101851ADDAY151061AY221061GA1081+001809069GF108991081061002501999999MD1810021+9999MW1101REMSYN076AAXX  04124 03896 41340 80214 10115 20103 40185 58002 71052 886// 333 88706;
0178038960999992000050512004+49200-002100FM-12+005499999V0201001N005710009019N0030001N1+01191+01041101261ADDAY141061AY221061GA1081+000909079GF108991081061001501999999MD1710101+9999MW1101REMSYN088AAXX  05124 03896 41230 81011 10119 20104 40126 57010 71042 886// 333 88703 90710 91127;
0166038960999992000050612004+49200-002100FM-12+005499999V0209999C000012200019N0070001N1+02121+01591101091ADDAY101061AY201061GA1011+003009029GF103991011011004501081011MD1010001+9999MW1051REMSYN076AAXX  06124 03896 42457 30000 10212 20159 40109 50000 70500 81181 333 81810;
0172038960999992000050712004+49200-002100FM-12+005499999V0202701N000510900019N0070001N1+02001+01491101401ADDAY111061AY211061GA1011+007509099GF105991011091008001081011MD1110011+9999MW1051REMSYN082AAXX  07124 03896 41557 52701 10200 20149 40140 51001 70511 81981 333 81925 83357;
0172038960999992000050812004+49200-002100FM-12+005499999V0201501N00101090001CN0020001N1+01761+01361101681ADDAY111061AY211061GA1011+000159079GF106991011061000251031041MD1210041+9999MW1401REMSYN082AAXX  08124 03896 41020 61502 10176 20136 40168 52004 74011 81634 333 81700 85070;
0194038960999992000050912004+49200-002100FM-12+005499999V0200201N001010270019N0070001N1+01861+01521101591ADDAY121061AY221061GA1021+003009089GA2051+027009039GF107991021081004501081031MD1210111+9999MW1801REMSYN088AAXX  09124 03896 41457 70202 10186 20152 40159 52011 78022 82883 333 82810 85359 87075;
0194038960999992000051012004+49200-002100FM-12+005499999V0203101N001010075019N0050001N1+01461+01391101471ADDAY181061AY261061GA1021+001509079GA2051+007509069GF108991061051001501081999MD1010061+9999MW1631REMSYN088AAXX  10124 03896 41250 83102 10146 20139 40147 50006 76386 8658/ 333 82705 85625 86359;
0144038960999992000051112004+49200-002100FM-12+005499999V0200701N00361004201CN0150001N1+01851+01681101261ADDGA1021+005409099GF106991051091004501081999MD1210031+9999REMSYN076AAXX  11124 03896 42465 60707 10185 20168 40126 52003 8598/ 333 82918 85656;
0144038960999992000051212004+49200-002100FM-12+005499999V0202101N00051009001CN0150001N1+01781+01451102101ADDGA1011+003609089GF107991071081004501999999MD1210061+9999REMSYN076AAXX  12124 03896 42465 72101 10178 20145 40210 52006 878// 333 81812 87625;
0172038960999992000051312004+49200-002100FM-12+005499999V0209999C00001000301CN0006001N1+01551+01351102281ADDAY141061AY221061GA1021+000159079GF107991071061000251999999MD1210041+9999MW1411REMSYN082AAXX  13124 03896 41006 70000 10155 20135 40228 52004 74142 876// 333 82700 86704;
0144038960999992000051412004+49200-002100FM-12+005499999V0202101N00101220001CN0120001N1+02151+01661102301ADDGA1011+005409089GF106991011021004501001011MD1810041+9999REMSYN076AAXX  14124 03896 42462 62102 10215 20166 40230 58004 81201 333 81818 86075;
0172038960999992000051512004+49200-002100FM-12+005499999V0201801N000519999999N0080001N1+02351+01621101851ADDAY111061AY211061GA1011+024009039GF106991011001999999031021MD1810051+9999MW1051REMSYN082AAXX  15124 03896 41958 61801 10235 20162 40185 58005 70511 81032 333 81358 86075;
0166038960999992000051612004+49200-002100FM-12+005499999V0202201N001012200019N0050001N1+01721+01541101321ADDAY111061AY211061GA1011+000159069GF102991011061000251001011MD1710101+9999MW1401REMSYN076AAXX  16124 03896 41050 22202 10172 20154 40132 57010 74011 81601 333 81700;
0189038960999992000051712004+49200-002100FM-12+005499999V0202601N004110150019N0300001N1+01411+00851101771ADDGA1011+005409089GA2071+015009069GF107991071081004501999999MD1210031+9999OA140101391REMSYN094AAXX  17124 03896 42480 72608 10141 20085 40177 52003 878// 333 81818 87650 90710 91127 91027;
0144038960999992000051812004+49200-002100FM-12+005499999V0202601N00461009001CN0200001N1+01451+00841101301ADDGA1011+004809089GF106991061081004501031001MD1110031+9999REMSYN076AAXX  18124 03896 42470 62609 10145 20084 40130 51003 86830 333 81816 85656;
0217038960999992000051912004+49200-002100FM-12+005499999V0202801N007210150019N0250001N1+01371+00721101331ADDAY181061AY211061GA1031+005409089GA2061+015009069GF107991071081004501999999MD1810021+9999MW1031OA140101491REMSYN100AAXX  19124 03896 41475 72814 10137 20072 40133 58002 70381 878// 333 83818 86650 90710 91129 91025;
0138038960999992000052012004+49200-002100FM-12+005499999V0201901N001512200019N0300001N1+01601+00921101481ADDGA1011+006009029GF102991011021008001031011MD1810041+9999REMSYN070AAXX  20124 03896 42580 21903 10160 20092 40148 58004 81231 333 81820;
0150038960999992000052112004+49200-002100FM-12+005499999V0203001N006210054019N0350001N1+01311+00781101201ADDGA1051+005409089GF106991051021004501031011MD1110111+9999REMSYN082AAXX  21124 03896 42481 63012 10131 20078 40120 51011 85231 333 85818 90710 91128;
0144038960999992000052212004+49200-002100FM-12+005499999V0202601N00311009001CN0170001N1+01641+01201101901ADDGA1031+003909089GF107991071081004501999011MD1110031+9999REMSYN076AAXX  22124 03896 42467 72606 10164 20120 40190 51003 878/1 333 83813 86656;
0166038960999992000052312004+49200-002100FM-12+005499999V0202201N004110060019N0250001N1+01451+01171101711ADDAY161061AY221061GA1081+006009059GF108991081051008001999999MD1810081+9999MW1211REMSYN076AAXX  23124 03896 41575 82208 10145 20117 40171 58008 72162 885// 333 88620;
0172038960999992000052412004+49200-002100FM-12+005499999V0200901N00101002101CN0050001N1+01161+01121101391ADDAY161061AY261061GA1041+001809079GF108991081051002501999999MD1710181+9999MW1611REMSYN082AAXX  24124 03896 41350 80902 10116 20112 40139 57018 76166 885// 333 84706 87618;
0144038960999992000052512004+49200-002100FM-12+005499999V0202301N007212200019N0400001N1+01401+00801101741ADDGA1011+008409089GF105991041081008001001011MD1210141+9999REMSYN076AAXX  25124 03896 42582 52314 10140 20080 40174 52014 84801 333 81828 84645;
0172038960999992000052612004+49200-002100FM-12+005499999V0201101N003110015019N0045001N1+01131+01031100561ADDAY161061AY221061GA1061+001509079GF108991081051001501999999MD1710461+9999MW1581REMSYN082AAXX  26124 03896 41245 81106 10113 20103 40056 57046 75862 885// 333 86705 88625;
0144038960999992000052712004+49200-002100FM-12+005499999V0202001N004610120019N0450001N1+01461+00691101271ADDGA1031+006609089GF107991071081008001041061MD1810101+9999REMSYN076AAXX  27124 03896 42583 72009 10146 20069 40127 58010 87846 333 83822 85640;
0144038960999992000052912004+49200-002100FM-12+005499999V0202301N00361036001CN0350001N1+01481+00831101901ADDGA1031+005409089GF107991031021004501041061MD1110071+9999REMSYN076AAXX  29124 03896 42481 72307 10148 20083 40190 51007 83246 333 83818 87275;
0172038960999992000053012004+49200-002100FM-12+005499999V0202401N00411000601CN0030001N1+01301+01251101081ADDAY161061AY261061GA1031+000609079GF108991081071000751999999MD1719999+9999MW1631REMSYN082AAXX  30124 03896 41130 82408 10130 20125 40108 57/// 76366 887// 333 83702 87705;
0138038960999992000053112004+49200-002100FM-12+005499999V0201701N002112200019N0350001N1+01711+01311102091ADDGA1011+005409029GF102991011081004501031011MD1210041+9999REMSYN070AAXX  31124 03896 42481 21704 10171 20131 40209 52004 81831 333 81818;
0138038960999992000060112004+49200-002100FM-12+005499999V0201801N002610045019N0350001N1+01641+01321102061ADDGA1071+004509059GF108991081051004501999999MD1210041+9999REMSYN070AAXX  01124 03896 42481 81805 10164 20132 40206 52004 885// 333 87615;
0144038960999992000060212004+49200-002100FM-12+005499999V0202101N00211090001CN0300001N1+01791+01131101981ADDGA1011+006009089GF105991021081008001041011MD1110041+9999REMSYN076AAXX  02124 03896 42580 52104 10179 20113 40198 51004 82841 333 81820 83077;
0138038960999992000060312004+49200-002100FM-12+005499999V0200301N000510105019N0400001N1+01971+01311101751ADDGA1051+010509059GF107991051051012501041061MD1810061+9999REMSYN070AAXX  03124 03896 42682 70301 10197 20131 40175 58006 85546 333 85635;
0144038960999992000060412004+49200-002100FM-12+005499999V0202501N00311009001CN0200001N1+01721+01231102011ADDGA1021+003609089GF107991061081004501031011MD1110051+9999REMSYN076AAXX  04124 03896 42470 72506 10172 20123 40201 51005 86831 333 82812 85645;
0144038960999992000060512004+49200-002100FM-12+005499999V0203101N00261002101CN0200001N1+01521+01091102001ADDGA1021+002409079GF107991071051002501999999MD1110091+9999REMSYN076AAXX  05124 03896 42370 73105 10152 20109 40200 51009 875// 333 82708 85640;
0194038960999992000060612004+49200-002100FM-12+005499999V0202401N00461006001CN0250001N1+01661+01261102491ADDAY161061AY221061GA1011+001809079GA2031+002709089GF107991061081002501031021MD1210041+9999MW1021REMSYN088AAXX  06124 03896 41375 72409 10166 20126 40249 52004 70262 86832 333 81706 83809 86650;
0144038960999992000060712004+49200-002100FM-12+005499999V0202001N00211220001CN0180001N1+01751+01111102671ADDGA1011+004509089GF106991011021004501001011MD1810041+9999REMSYN076AAXX  07124 03896 42468 62004 10175 20111 40267 58004 81201 333 81815 86080;
0138038960999992000060812004+49200-002100FM-12+005499999V0201301N003112200019N0180001N1+02201+01241101241ADDGA1021+036009079GF102991021001999999081001MD1710221+9999REMSYN070AAXX  08124 03896 42968 21306 10220 20124 40124 57022 82080 333 82362;
0172038960999992000060912004+49200-002100FM-12+005499999V0201801N00311090001CN0090001N1+01781+01421100991ADDAY191061AY281061GA1011+002409089GF106991021081002501081061MD1210091+9999MW1051REMSYN082AAXX  09124 03896 41359 61806 10178 20142 40099 52009 70598 82886 333 81808 86075;
0144038960999992000061012004+49200-002100FM-12+005499999V0202401N00211220001CN0350001N1+01661+00891102131ADDGA1011+006609089GF105991011011008001001061MD1010011+9999REMSYN076AAXX  10124 03896 42581 52404 10166 20089 40213 50001 81106 333 81822 85075;
0138038960999992000061112004+49200-002100FM-12+005499999V0202401N003610048019N0150001N1+01681+01081102301ADDGA1061+004809029GF106991061021004501001011MD1110101+9999REMSYN070AAXX  11124 03896 42465 62407 10168 20108 40230 51010 86201 333 86816;
0166038960999992000061212004+49200-002100FM-12+005499999V0202401N003112200019N0160001N1+01721+01291102991ADDAY151061AY211061GA1021+002109029GF102991021011002501001011MD1110101+9999MW1201REMSYN076AAXX  12124 03896 41366 22406 10172 20129 40299 51010 72051 82101 333 82807;
0166038960999992000061312004+49200-002100FM-12+005499999V0202301N003110009019N0070001N1+01521+01401102891ADDAY151061AY221061GA1061+000909069GF108991081061001501999999MD1210051+9999MW1201REMSYN076AAXX  13124 03896 41257 82306 10152 20140 40289 52005 72052 886// 333 86703;
0166038960999992000061412004+49190-002090FM-12+005499999V0202301N003110006019N0020001N1+01621+01321102891ADDAY151061AY221061GA1061+000609069GF108991081061000751999999MD1010031+9999MW1051REMSYN076AAXX  14124 03896 41120 82306 10162 20132 40289 50003 70552 886// 333 86702;
0194038960999992000061512004+49190-002090FM-12+005499999V0202201N001010006019N0045001N1+01501+01411102871ADDAY151061AY241061GA1031+000309079GA2051+000609079GF108991081071000251999999MD1310021+9999MW1501REMSYN088AAXX  15124 03896 41045 82202 10150 20141 40287 53002 75054 887// 333 83701 85702 87704;
0122038960999992000061612004+49190-002090FM-12+005499999V0200901N002112200019N0120001N1+02141+01561102631ADDGA1001+999999999GF100991001001999999001001MD1810071+9999REMSYN054AAXX  16124 03896 42962 00904 10214 20156 40263 58007;
0138038960999992000061712004+49190-002090FM-12+005499999V0201501N002612200019N0200001N1+02641+01611102601ADDGA1011+081009019GF101991001001999999001011MD1110021+9999REMSYN070AAXX  17124 03896 42970 11505 10264 20161 40260 51002 80001 333 81077;
0122038960999992000061812004+49190-002090FM-12+005499999V0201301N003612200019N0300001N1+02831+01081101881ADDGA1001+999999999GF100991001001999999001001MD1710201+9999REMSYN054AAXX  18124 03896 42980 01307 10283 20108 40188 57020;
0166038960999992000061912004+49190-002090FM-12+005499999V0203401N004119999999N0060001N1+02031+01621101711ADDAY141061AY221061GA1041+027009079GF106991051001999999081011MD1810031+9999MW1051REMSYN076AAXX  19124 03896 41956 63408 10203 20162 40171 58003 70542 85081 333 84359;
0166038960999992000062012004+49190-002090FM-12+005499999V0201801N001010120019N0060001N1+02051+01811101281ADDAY191061AY261061GA1071+012009059GF107991071051012501999999MD1310011+9999MW1051REMSYN076AAXX  20124 03896 41656 71802 10205 20181 40128 53001 70596 875// 333 87640;
0166038960999992000062112004+49190-002090FM-12+005499999V0202101N005110105019N0400001N1+01821+01221101361ADDGA1011+006009089GA2041+010509069GF107991051081008001071999MD1110091+9999REMSYN082AAXX  21124 03896 42582 72110 10182 20122 40136 51009 8587/ 333 81820 84635 87362;
0144038960999992000062212004+49190-002090FM-12+005499999V0202301N00571012001CN0300001N1+01811+01251101681ADDGA1011+007509089GF106991051081008001071001MD1210031+9999REMSYN076AAXX  22124 03896 42580 62311 10181 20125 40168 52003 85870 333 81825 85656;
0138038960999992000062312004+49190-002090FM-12+005499999V0202401N004610027019N0200001N1+01571+01251102211ADDGA1061+002709029GF108991081081002501999999MD1110051+9999REMSYN070AAXX  23124 03896 42370 82409 10157 20125 40221 51005 888// 333 86809;
0138038960999992000062412004+49190-002090FM-12+005499999V0202601N004110066019N0350001N1+01571+00821102241ADDGA1051+006609029GF107991061081008001041061MD1010001+9999REMSYN070AAXX  24124 03896 42581 72608 10157 20082 40224 50000 86846 333 85822;
0138038960999992000062512004+49190-002090FM-12+005499999V0203401N001512200019N0300001N1+01801+01001102261ADDGA1021+006909029GF104991021021008001001011MD1110051+9999REMSYN070AAXX  25124 03896 42580 43403 10180 20100 40226 51005 82201 333 82823;
0138038960999992000062612004+49190-002090FM-12+005499999V0201101N001512200019N0300001N1+02071+01031102461ADDGA1011+007509029GF101991011011008001001001MD1010001+9999REMSYN070AAXX  26124 03896 42580 11103 10207 20103 40246 50000 81100 333 81825;
0144038960999992000062712004+49190-002090FM-12+005499999V0200701N00461036001CN0350001N1+01981+00791102051ADDGA1011+007509089GF106991011011008001031021MD1710101+9999REMSYN076AAXX  27124 03896 42581 60709 10198 20079 40205 57010 81132 333 81825 85075;
0138038960999992000062812004+49190-002090FM-12+005499999V0200801N002610750019N0200001N1+02151+01131101971ADDGA1051+075009019GF105991001001999999001011MD1210051+9999REMSYN070AAXX  28124 03896 42970 50805 10215 20113 40197 52005 80001 333 85075;
0166038960999992000062912004+49190-002090FM-12+005499999V0202001N001010135019N0080001N1+01851+01321102041ADDAY121061AY221061GA1071+013509059GF107991071051012501999021MD1210011+9999MW1051REMSYN076AAXX  29124 03896 41658 72002 10185 20132 40204 52001 70522 875/2 333 87645;
0138038960999992000063012004+49190-002090FM-12+005499999V0202001N00151009001CN0180001N1+01971+01481101541ADDGA1041+003909029GF106991051081004501041011MD1810061+9999REMSYN070AAXX  30124 03896 42468 62003 10197 20148 40154 58006 85841 333 84813;
0172038960999992000070112004+49190-002090FM-12+005499999V0202401N00101090001CN0170001N1+02061+01651100971ADDAY181061AY221061GA1021+003609089GF105991021021004501031011MD1110031+9999MW1011REMSYN082AAXX  01124 03896 41467 52402 10206 20165 40097 51003 70182 82231 333 82812 84075;
0194038960999992000070212004+49190-002090FM-12+005499999V0209999C000010135019N0180001N1+01851+01511101081ADDAY161061AY221061GA1011+005109069GA2041+013509069GF108991061051004501071999MD1110031+9999MW1601REMSYN088AAXX  02124 03896 41468 80000 10185 20151 40108 51003 76062 8657/ 333 81617 84645 87360;
0144038960999992000070312004+49190-002090FM-12+005499999V0201701N00101090001CN0200001N1+02171+01461100981ADDGA1011+005409099GF106991021091004501061031MD1710031+9999REMSYN076AAXX  03124 03896 42470 61702 10217 20146 40098 57003 82963 333 81918 85275;
0144038960999992000070412004+49190-002090FM-12+005499999V0202301N00151036001CN0200001N1+01831+01451100781ADDGA1011+004509099GF107991021091004501081031MD1210051+9999REMSYN076AAXX  04124 03896 42470 72303 10183 20145 40078 52005 82983 333 81915 86072;
0144038960999992000070512004+49190-002090FM-12+005499999V0202201N00211006001CN0200001N1+01821+01511101561ADDGA1021+002109079GF107991071081002501999999MD1210111+9999REMSYN076AAXX  05124 03896 42370 72204 10182 20151 40156 52011 878// 333 82707 86812;
0166038960999992000070612004+49190-002090FM-12+005499999V0200301N00101036001CN0150001N1+01941+01561101811ADDGA1011+002409079GA2031+004509089GF107991031081002501071999MD1810041+9999REMSYN082AAXX  06124 03896 42365 70302 10194 20156 40181 58004 8387/ 333 81708 83815 86358;
0172038960999992000070712004+49190-002090FM-12+005499999V0200301N004110027019N0110001N1+01601+01331101761ADDAY161061AY251061GA1051+002709079GF108991081051002501999999MD1210181+9999MW1011REMSYN082AAXX  07124 03896 41361 80308 10160 20133 40176 52018 70165 885// 333 85709 88617;
0217038960999992000070912004+49190-002090FM-12+005499999V0202501N007210006019N0050001N1+01571+01501100331ADDAY161061AY251061GA1061+000609079GA2081+001209079GF108991081071000751999999MD1610261+9999MW1501OA140101541REMSYN100AAXX  09124 03896 41150 82514 10157 20150 40033 56026 75065 887// 333 86702 88704 90710 91130 91029;
0167038960999992000071012004+49190-002090FM-12+005499999V0202801N007210060019N0270001N1+01651+00961099991ADDGA1051+006009089GF105991051081008001001011MD1210131+9999OA140101441REMSYN088AAXX  10124 03896 42577 52814 10165 20096 49999 52013 85801 333 85820 90710 91128 91026;
0138038960999992000071112004+49190-002090FM-12+005499999V0202901N004610075019N0300001N1+01361+00861100931ADDGA1061+007509029GF107991071081008001999021MD1210101+9999REMSYN070AAXX  11124 03896 42580 72909 10136 20086 40093 52010 878/2 333 86825;
0166038960999992000071212004+49190-002090FM-12+005499999V0202401N004110300019N0400001N1+01691+01191101911ADDGA1021+007209089GA2041+030009039GF107991021021008001031021MD1210011+9999REMSYN082AAXX  12124 03896 42582 72408 10169 20119 40191 52001 82232 333 82824 84360 85075;
0195038960999992000071312004+49190-002090FM-12+005499999V0202601N005710015019N0150001N1+01611+01461101591ADDAY161061AY251061GA1071+001509079GF108991081071001501999999MD1210041+9999MW1501OA140101441REMSYN094AAXX  13124 03896 41265 82611 10161 20146 40159 52004 75065 887// 333 87705 90710 91128 91028;
0144038960999992000071412004+49190-002090FM-12+005499999V0202901N00571036001CN0300001N1+01791+01071101621ADDGA1021+005409089GF106991031081004501031011MD1110091+9999REMSYN076AAXX  14124 03896 42480 62911 10179 20107 40162 51009 83831 333 82818 86075;
0166038960999992000071612004+49190-002090FM-12+005499999V0201301N001010039019N0300001N1+01801+01401102021ADDAY181061AY221061GA1061+003909029GF106991061021004501031011MD1010011+9999MW1251REMSYN076AAXX  16124 03896 41480 61302 10180 20140 40202 50001 72582 86231 333 86813;
0138038960999992000071712004+49190-002090FM-12+005499999V0202001N000512200019N0250001N1+02051+01141102131ADDGA1021+008409029GF102991021011008001001001MD1110021+9999REMSYN070AAXX  17124 03896 42575 22001 10205 20114 40213 51002 82100 333 82828;
0138038960999992000071812004+49190-002090FM-12+005499999V0203101N001012200019N0350001N1+02151+01131102241ADDGA1011+005409029GF101991011021004501001001MD1110021+9999REMSYN070AAXX  18124 03896 42481 13102 10215 20113 40224 51002 81200 333 81818;
0144038960999992000071912004+49190-002090FM-12+005499999V0202001N00151220001CN0350001N1+02281+01271102261ADDGA1011+007509089GF106991011011008001001011MD1810021+9999REMSYN076AAXX  19124 03896 42581 62003 10228 20127 40226 58002 81101 333 81825 86075;
0138038960999992000072012004+49190-002090FM-12+005499999V0202001N001012200019N0200001N1+02301+01591102361ADDGA1011+009009029GF101991011021012501001001MD1210031+9999REMSYN070AAXX  20124 03896 42670 12002 10230 20159 40236 52003 81200 333 81830;
0138038960999992000072112004+49190-002090FM-12+005499999V0200801N004112200019N0350001N1+02441+01311102291ADDGA1011+081009019GF101991001001999999001011MD1810141+9999REMSYN070AAXX  21124 03896 42981 10808 10244 20131 40229 58014 80001 333 81077;
0189038960999992000072212004+49190-002090FM-12+005499999V0200601N007210810019N0160001N1+01931+01351101691ADDGA1011+045009039GA2051+081009009GF105991011001999999031011MD1710091+9999OA140101601REMSYN094AAXX  22124 03896 42966 50614 10193 20135 40169 57009 81031 333 81365 85077 90710 91131 91027;
0172038960999992000072312004+49190-002090FM-12+005499999V0200601N00461036001CN0060001N1+02011+01521101121ADDAY121061AY221061GA1021+003609079GF107991031061004501081061MD1710071+9999MW1051REMSYN082AAXX  23124 03896 41456 70609 10201 20152 40112 57007 70522 83686 333 82712 85075;
0172038960999992000072412004+49190-002090FM-12+005499999V0200501N003110018019N0090001N1+01561+01451100821ADDAY161061AY261061GA1051+001809079GF108991081071002501999999MD1110041+9999MW1601REMSYN082AAXX  24124 03896 41359 80506 10156 20145 40082 51004 76066 887// 333 85706 88709;
0172038960999992000072512004+49190-002090FM-12+005499999V0201001N00101009001CN0100001N1+01771+01451100781ADDAY151061AY221061GA1041+004509089GF108991081081004501999999MD1810041+9999MW1051REMSYN082AAXX  25124 03896 41460 81002 10177 20145 40078 58004 70552 888// 333 84815 87645;
0194038960999992000072612004+49190-002090FM-12+005499999V0200401N00051036001CN0080001N1+02051+01531101061ADDAY121061AY221061GA1011+003609089GA2041+010509069GF107991041081004501031999MD1210081+9999MW1051REMSYN088AAXX  26124 03896 41458 70401 10205 20153 40106 52008 70522 8483/ 333 81812 84635 87357;
0144038960999992000072712004+49190-002090FM-12+005499999V0201801N001012200019N0150001N1+02021+01361101551ADDGA1011+005409089GF103991011081004501001021MD1210051+9999REMSYN076AAXX  27124 03896 42465 31802 10202 20136 40155 52005 81802 333 81818 83075;
0138038960999992000072812004+49190-002090FM-12+005499999V0202401N002610036019N0180001N1+02041+01611101771ADDGA1061+003609029GF106991061021004501001011MD1110021+9999REMSYN070AAXX  28124 03896 42468 62405 10204 20161 40177 51002 86201 333 86812;
0138038960999992000072912004+49190-002090FM-12+005499999V0202501N003610036019N0300001N1+02051+01501102101ADDGA1061+003609029GF106991061021004501001011MD1110051+9999REMSYN070AAXX  29124 03896 42480 62507 10205 20150 40210 51005 86201 333 86812;
0138038960999992000073012004+49190-002090FM-12+005499999V0202401N002612200019N0300001N1+02141+01581102551ADDGA1021+004509029GF102991021011004501001011MD1110061+9999REMSYN070AAXX  30124 03896 42480 22405 10214 20158 40255 51006 82101 333 82815;
0172038960999992000080112004+49190-002090FM-12+005499999V0202301N001510360019N0100001N1+02031+01671102001ADDAY151061AY221061GA1011+001209079GF105991031081001501081021MD1510001+9999MW1401REMSYN082AAXX  01124 03896 41260 52303 10203 20167 40200 55000 74052 83882 333 81704 83080;
0138038960999992000080212004+49190-002090FM-12+005499999V0202301N005712200019N0250001N1+02001+01491101951ADDGA1021+003009029GF103991031081004501001011MD1210041+9999REMSYN070AAXX  02124 03896 42475 32311 10200 20149 40195 52004 83801 333 82810;
0172038960999992000080312004+49190-002090FM-12+005499999V0202501N00511009001CN0250001N1+01881+01451101911ADDAY181061AY221061GA1031+003009089GF106991061081004501001001MD1310061+9999MW1021REMSYN082AAXX  03124 03896 41475 62510 10188 20145 40191 53006 70282 86800 333 83810 84656;
0138038960999992000080412004+49190-002090FM-12+005499999V0202501N002612200019N0250001N1+01951+01361102571ADDGA1021+004509029GF103991031081004501001021MD1210081+9999REMSYN070AAXX  04124 03896 42475 32505 10195 20136 40257 52008 83802 333 82815;
0138038960999992000080512004+49190-002090FM-12+005499999V0202701N001010054019N0300001N1+01821+01341102741ADDGA1051+005409029GF106991051021004501031001MD1410001+9999REMSYN070AAXX  05124 03896 42480 62702 10182 20134 40274 54000 85230 333 85818;
0144038960999992000080612004+49190-002090FM-12+005499999V0202901N00101009001CN0180001N1+02161+01671102741ADDGA1031+003009089GF107991071081004501999999MD1210041+9999REMSYN076AAXX  06124 03896 42468 72902 10216 20167 40274 52004 878// 333 83810 87650;
0144038960999992000080712004+49190-002090FM-12+005499999V0202701N00051009001CN0200001N1+02341+01741102611ADDGA1011+004509089GF107991071081004501999999MD1810081+9999REMSYN076AAXX  07124 03896 42470 72701 10234 20174 40261 58008 878// 333 81815 87656;
0172038960999992000080812004+49190-002090FM-12+005499999V0202501N00051001201CN0060001N1+01871+01711102311ADDAY161061AY241061GA1041+001209079GF108991081051001501999999MD1110031+9999MW1281REMSYN082AAXX  08124 03896 41256 82501 10187 20171 40231 51003 72864 885// 333 84704 86610;
0172038960999992000080912004+49190-002090FM-12+005499999V0202001N00151006001CN0040001N1+02161+01661102101ADDAY111061AY211061GA1021+000309079GF105991051081000251001001MD1810021+9999MW1401REMSYN082AAXX  09124 03896 41040 52003 10216 20166 40210 58002 74011 85800 333 82701 83610;
0138038960999992000081012004+49190-002090FM-12+005499999V0202301N002110060019N0400001N1+01991+01431101991ADDGA1061+006009059GF107991071051008001999999MD1810011+9999REMSYN070AAXX  10124 03896 42582 72304 10199 20143 40199 58001 875// 333 86620;
0138038960999992000081112004+49190-002090FM-12+005499999V0200201N001012200019N0200001N1+02201+01561101641ADDGA1011+004509029GF101991011011004501001011MD1810111+9999REMSYN070AAXX  11124 03896 42470 10202 10220 20156 40164 58011 81101 333 81815;
0138038960999992000081212004+49190-002090FM-12+005499999V0203601N001512200019N0160001N1+02151+01511101501ADDGA1011+003609029GF103991011011004501031011MD1010001+9999REMSYN070AAXX  12124 03896 42466 33603 10215 20151 40150 50000 81131 333 81812;
0172038960999992000081312004+49190-002090FM-12+005499999V0201801N00311036001CN0130001N1+02071+01681101651ADDAY161061AY221061GA1031+015009069GF108991031051017501071999MD1010001+9999MW1211REMSYN082AAXX  13124 03896 41763 81806 10207 20168 40165 50000 72162 8357/ 333 83650 86358;
0172038960999992000081412004+49190-002090FM-12+005499999V0202201N003110009019N0060001N1+01951+01831101901ADDAY161061AY251061GA1061+000909079GF108991081071001501999999MD1210081+9999MW1581REMSYN082AAXX  14124 03896 41256 82206 10195 20183 40190 52008 75865 887// 333 86703 88706;
0138038960999992000081512004+49190-002090FM-12+005499999V0202301N002112200019N0350001N1+02011+01411102341ADDGA1011+006009029GF102991011021008001031011MD1710011+9999REMSYN070AAXX  15124 03896 42581 22304 10201 20141 40234 57001 81231 333 81820;
0172038960999992000081612004+49190-002090FM-12+005499999V0202001N00211036001CN0250001N1+02151+01661101651ADDAY161061AY211061GA1021+005409089GF105991041081004501071011MD1710041+9999MW1031REMSYN082AAXX  16124 03896 41475 52004 10215 20166 40165 57004 70361 84871 333 82818 83650;
0138038960999992000081712004+49190-002090FM-12+005499999V0202001N003612200019N0300001N1+02081+01251101621ADDGA1011+008409029GF102991011021008001041001MD1210051+9999REMSYN070AAXX  17124 03896 42580 22007 10208 20125 40162 52005 81240 333 81828;
0144038960999992000081812004+49190-002090FM-12+005499999V0201501N00101004201CN0180001N1+01871+01581101221ADDGA1041+003009069GF108991061051004501071999MD1810071+9999REMSYN076AAXX  18124 03896 42468 81502 10187 20158 40122 58007 8657/ 333 84610 86358;
0138038960999992000081912004+49190-002090FM-12+005499999V0202901N001012200019N0450001N1+01971+01461101301ADDGA1021+004509029GF104991021021004501031011MD1210081+9999REMSYN070AAXX  19124 03896 42483 42902 10197 20146 40130 52008 82231 333 82815;
0144038960999992000082012004+49190-002090FM-12+005499999V0200201N002110360019N0450001N1+01721+01251101411ADDGA1011+004509089GF108991021081004501071999MD1810051+9999REMSYN076AAXX  20124 03896 42483 80204 10172 20125 40141 58005 8287/ 333 81815 86362;
0138038960999992000082112004+49190-002090FM-12+005499999V0202101N001512200019N0450001N1+02001+01241101601ADDGA1011+006009029GF103991021081008001031011MD1010001+9999REMSYN070AAXX  21124 03896 42583 32103 10200 20124 40160 50000 82831 333 81820;
0144038960999992000082212004+49190-002090FM-12+005499999V0201201N00311036001CN0500001N1+02061+01341101701ADDGA1011+006009089GF107991011021008001031021MD1010051+9999REMSYN076AAXX  22124 03896 42584 71206 10206 20134 40170 50005 81232 333 81820 87072;
0172038960999992000082312004+49190-002090FM-12+005499999V0200601N008719999999N0300001N1+02351+01421101761ADDGA1011+030009039GA2031+048009039GF105991031001999999081021MD1510021+9999REMSYN088AAXX  23124 03896 42980 50617 10235 20142 40176 55002 83082 333 81360 83366 90710 91125;
0138038960999992000082412004+49190-002090FM-12+005499999V0200601N003612200019N0160001N1+02571+01681102071ADDGA1011+027009079GF102991021001999999081001MD1110101+9999REMSYN070AAXX  24124 03896 42966 20607 10257 20168 40207 51010 82080 333 81359;
0144038960999992000082512004+49190-002090FM-12+005499999V0200901N00311036001CN0250001N1+02871+01631101231ADDGA1011+013509089GF107991011021012501081061MD1710141+9999REMSYN076AAXX  25124 03896 42675 70906 10287 20163 40123 57014 81286 333 81845 84359;
0166038960999992000082612004+49190-002090FM-12+005499999V0202501N003610030019N0120001N1+01821+01511101211ADDAY151061AY221061GA1051+003009029GF107991051011004501071061MD1110031+9999MW1011REMSYN076AAXX  26124 03896 41462 72507 10182 20151 40121 51003 70152 85176 333 85810;
0166038960999992000082712004+49190-002090FM-12+005499999V0202101N002610045019N0300001N1+01951+01471101901ADDAY181061AY211061GA1051+004509029GF106991051021004501031011MD1110091+9999MW1031REMSYN076AAXX  27124 03896 41480 62105 10195 20147 40190 51009 70381 85231 333 85815;
0172038960999992000082812004+49190-002090FM-12+005499999V0202501N00261036001CN0300001N1+01921+01241102111ADDAY181061AY221061GA1021+005409089GF107991031081004501041011MD1110031+9999MW1021REMSYN082AAXX  28124 03896 41480 72505 10192 20124 40211 51003 70282 83841 333 82818 84359;
0172038960999992000082912004+49190-002090FM-12+005499999V0200901N00101036001CN0350001N1+01991+01311102011ADDAY161061AY221061GA1021+007509069GF107991021051008001071999MD1710051+9999MW1021REMSYN082AAXX  29124 03896 41581 70902 10199 20131 40201 57005 70262 8257/ 333 82625 86358;
0138038960999992000083012004+49190-002090FM-12+005499999V0200201N003112200019N0250001N1+02211+01491101671ADDGA1031+015009029GF103991031021017501081011MD1710041+9999REMSYN070AAXX  30124 03896 42775 30206 10221 20149 40167 57004 83281 333 83850;
0166038960999992000083112004+49190-002090FM-12+005499999V0201801N002612200019N0060001N1+02181+01521101211ADDAY111061AY211061GA1011+048009079GF102991011001999999081011MD1710121+9999MW1051REMSYN076AAXX  31124 03896 41956 21805 10218 20152 40121 57012 70511 81081 333 81366;
0150038960999992000090112004+49190-002090FM-12+005499999V0202401N005710060019N0300001N1+01901+01351100661ADDGA1051+006009089GF106991051021008001031011MD1810021+9999REMSYN082AAXX  01124 03896 42580 62411 10190 20135 40066 58002 85231 333 85820 90710 91126;
0138038960999992000090212004+49190-002090FM-12+005499999V0202601N004610045019N0200001N1+01831+01341101211ADDGA1061+004509029GF107991061021004501031011MD1210171+9999REMSYN070AAXX  02124 03896 42470 72609 10183 20134 40121 52017 86231 333 86815;
0138038960999992000090312004+49190-002090FM-12+005499999V0200301N002610066019N0200001N1+01881+01231102051ADDGA1051+006609029GF105991051021008001001011MD1110091+9999REMSYN070AAXX  03124 03896 42570 50305 10188 20123 40205 51009 85201 333 85822;
0138038960999992000090412004+49190-002090FM-12+005499999V0202101N001510090019N0400001N1+01731+00981102581ADDGA1061+009009029GF106991061021012501001011MD1110051+9999REMSYN070AAXX  04124 03896 42682 62103 10173 20098 40258 51005 86201 333 86830;
0144038960999992000090512004+49190-002090FM-12+005499999V0201901N00361036001CN0300001N1+01891+01241102321ADDGA1031+015009069GF107991031051017501071081MD1810091+9999REMSYN076AAXX  05124 03896 42780 71907 10189 20124 40232 58009 83578 333 83650 87270;
0172038960999992000090612004+49190-002090FM-12+005499999V0202301N00511002101CN0250001N1+01861+01471101481ADDAY161061AY251061GA1011+002409079GF107991071051002501999999MD1610041+9999MW1021REMSYN082AAXX  06124 03896 41375 72310 10186 20147 40148 56004 70265 875// 333 81708 87650;
0144038960999992000090712004+49190-002090FM-12+005499999V0202401N00261009001CN0250001N1+01811+01371101991ADDGA1021+004809089GF107991071081004501999999MD1210031+9999REMSYN076AAXX  07124 03896 42475 72405 10181 20137 40199 52003 878// 333 82816 87640;
0118038960999992000090812004+49190-002090FM-12+005499999V0202101N000510090019N0150001N1+02071+01701102201ADDGF107991071081004501999999MD1110071+9999REMSYN066AAXX  08124 03896 42465 72101 10207 20170 40220 51007 878// 82810;
0138038960999992000090912004+49190-002090FM-12+005499999V0201501N001012200019N0300001N1+02441+01631102431ADDGA1011+005409029GF101991011081004501001011MD1810011+9999REMSYN070AAXX  09124 03896 42480 11502 10244 20163 40243 58001 81801 333 81818;
0122038960999992000091012004+49190-002090FM-12+005499999V0200601N001012200019N0200001N1+02581+01741102091ADDGA1001+999999999GF100991001001999999001001MD1810111+9999REMSYN054AAXX  10124 03896 42970 00602 10258 20174 40209 58011;
0144038960999992000091112004+49190-002090FM-12+005499999V0201701N001019999999N0130001N1+02521+01811101391ADDGA1011+027009039GF105991011001999999081061MD1810091+9999REMSYN076AAXX  11124 03896 42963 51702 10252 20181 40139 58009 81086 333 81359 85077;
0144038960999992000091212004+49190-002090FM-12+005499999V0202701N00151009001CN0450001N1+01821+01331101521ADDGA1011+005409089GF107991071081004501999999MD1210041+9999REMSYN076AAXX  12124 03896 42483 72703 10182 20133 40152 52004 878// 333 81818 86625;
0144038960999992000091312004+49190-002090FM-12+005499999V0202101N00261036001CN0550001N1+01991+01181101581ADDGA1021+006609089GF107991031081008001031011MD1010001+9999REMSYN076AAXX  13124 03896 42585 72105 10199 20118 40158 50000 83831 333 82822 87075;
0144038960999992000091412004+49190-002090FM-12+005499999V0201601N001510360019N0500001N1+02041+01481101621ADDGA1011+005409089GF106991031081004501071021MD1410001+9999REMSYN076AAXX  14124 03896 42484 61603 10204 20148 40162 54000 83872 333 81818 83362;
0172038960999992000091512004+49190-002090FM-12+005499999V0201801N004110012019N0050001N1+01721+01681100751ADDAY191061AY261061GA1061+001209079GF108991081071001501999999MD1610121+9999MW1631REMSYN082AAXX  15124 03896 41250 81808 10172 20168 40075 56012 76396 887// 333 86704 88708;
0138038960999992000091612004+49190-002090FM-12+005499999V0202601N004612200019N0400001N1+01871+01131101721ADDGA1021+006909029GF102991021021008001001001MD1010001+9999REMSYN070AAXX  16124 03896 42582 22609 10187 20113 40172 50000 82200 333 82823;
0166038960999992000091712004+49190-002090FM-12+005499999V0202401N002610360019N0450001N1+01901+01221101461ADDAY151061AY211061GA1031+006009029GF105991031021008001031011MD1810061+9999MW1021REMSYN076AAXX  17124 03896 41583 52405 10190 20122 40146 58006 70251 83231 333 83820;
0172038960999992000091812004+49190-002090FM-12+005499999V0201901N004610015019N0050001N1+01591+01481100211ADDAY161061AY221061GA1051+001509079GF108991081071001501999999MD1710181+9999MW1611REMSYN082AAXX  18124 03896 41250 81909 10159 20148 40021 57018 76162 887// 333 85705 88708;
0144038960999992000091912004+49190-002090FM-12+005499999V0201201N00151009001CN0400001N1+01401+01211099601ADDGA1021+003609089GF108991071081004501999999MD1710081+9999REMSYN076AAXX  19124 03896 42482 81203 10140 20121 49960 57008 878// 333 82812 86656;
0138038960999992000092012004+49190-002090FM-12+005499999V0202201N004612200019N0550001N1+01781+01181100461ADDGA1021+007509029GF103991021021008001001011MD1210211+9999REMSYN070AAXX  20124 03896 42585 32209 10178 20118 40046 52021 82201 333 82825;
0166038960999992000092112004+49190-002090FM-12+005499999V0201801N004112200019N0300001N1+01931+01651101201ADDAY161061AY211061GA1011+002409069GF102991011081002501031021MD1310091+9999MW1011REMSYN076AAXX  21124 03896 41380 21808 10193 20165 40120 53009 70161 81832 333 81708;
0144038960999992000092212004+49190-002090FM-12+005499999V0209999C00001004201CN0250001N1+01871+01501102021ADDGA1021+003009079GF107991051051004501041011MD1110071+9999REMSYN076AAXX  22124 03896 41475 70000 10187 20150 40202 51007 85541 333 82710 84620;
0138038960999992000092312004+49190-002090FM-12+005499999V0201401N004112200019N0400001N1+02331+01481101401ADDGA1011+081009019GF101991001001999999001011MD1810251+9999REMSYN070AAXX  23124 03896 42982 11408 10233 20148 40140 58025 80001 333 81077;
0166038960999992000092412004+49190-002090FM-12+005499999V0201901N003112200019N0400001N1+01801+01301101601ADDAY161061AY211061GA1011+004509029GF102991021081004501041011MD1110061+9999MW1021REMSYN076AAXX  24124 03896 41482 21906 10180 20130 40160 51006 70261 82841 333 81815;
0172038960999992000092512004+49190-002090FM-12+005499999V0201601N00311002101CN0300001N1+01671+01461101981ADDAY161061AY251061GA1031+002409079GF108991071051002501071999MD1810121+9999MW1201REMSYN082AAXX  25124 03896 41380 81606 10167 20146 40198 58012 72065 8757/ 333 83708 85620;
0194038960999992000092612004+49190-002090FM-12+005499999V0201801N004610084019N0150001N1+01751+01631101521ADDAY181061AY221061GA1021+002709079GA2031+008409089GF107991061081002501081999MD1310031+9999MW1801REMSYN088AAXX  26124 03896 41365 71809 10175 20163 40152 53003 78082 8688/ 333 82709 83828 86645;
0144038960999992000092712004+49190-002090FM-12+005499999V0201701N00411009001CN0300001N1+01801+01401101391ADDGA1041+005409089GF107991051081004501071021MD1710231+9999REMSYN076AAXX  27124 03896 42480 71708 10180 20140 40139 57023 85872 333 84818 85365;
0172038960999992000092812004+49190-002090FM-12+005499999V0202101N00311036001CN0300001N1+01741+01221100081ADDAY181061AY221061GA1021+005409089GF107991021021004501031021MD1210031+9999MW1021REMSYN082AAXX  28124 03896 41480 72106 10174 20122 40008 52003 70282 82232 333 82818 86075;
0144038960999992000092912004+49190-002090FM-12+005499999V0201701N003112200019N0350001N1+01851+01251099751ADDGA1021+004209089GF103991031091004501061031MD1110071+9999REMSYN076AAXX  29124 03896 42481 31706 10185 20125 49975 51007 83963 333 82814 81916;
0144038960999992000093012004+49190-002090FM-12+005499999V0202001N002110360019N0450001N1+01771+01131100461ADDGA1021+006009089GF105991031091008001041011MD1210111+9999REMSYN076AAXX  30124 03896 42583 52004 10177 20113 40046 52011 83941 333 82820 81923;
0195038960999992000100212004+49190-002090FM-12+005499999V0202701N007710360019N0250001N1+01551+00531101441ADDAY181061AY211061GA1031+009009089GF105991041081012501031011MD1210311+9999MW1011OA140101651REMSYN094AAXX  02124 03896 41675 52715 10155 20053 40144 52031 70181 84831 333 83830 90710 91132 91028;
0166038960999992000100312004+49190-002090FM-12+005499999V0201601N004610105019N0180001N1+01711+01411101941ADDGA1021+004509089GA2041+010509069GF107991051081004501071999MD1810101+9999REMSYN082AAXX  03124 03896 42468 71609 10171 20141 40194 58010 8587/ 333 82815 84635 86362;
0138038960999992000100412004+49190-002090FM-12+005499999V0202501N002610120019N0350001N1+01561+00861102171ADDGA1071+012009059GF107991071051012501999999MD1110031+9999REMSYN070AAXX  04124 03896 42681 72505 10156 20086 40217 51003 875// 333 87640;
0138038960999992000100512004+49190-002090FM-12+005499999V0202501N004112200019N0450001N1+01601+00791102131ADDGA1011+007509029GF103991011021008001031081MD1210091+9999REMSYN070AAXX  05124 03896 42583 32508 10160 20079 40213 52009 81238 333 81825;
0138038960999992000100612004+49190-002090FM-12+005499999V0203001N002612200019N0400001N1+01551+00721102921ADDGA1041+008409029GF104991041021008001001011MD1110031+9999REMSYN070AAXX  06124 03896 42582 43005 10155 20072 40292 51003 84201 333 84828;
0172038960999992000100712004+49190-002090FM-12+005499999V0202101N005110030019N0150001N1+01391+01261102331ADDAY161061AY221061GA1061+003009079GF108991081071004501999999MD1810141+9999MW1611REMSYN082AAXX  07124 03896 41465 82110 10139 20126 40233 58014 76162 887// 333 86710 88625;
0166038960999992000100812004+49190-002090FM-12+005499999V0202901N005110045019N0100001N1+01401+00981101741ADDAY181061AY211061GA1061+004509099GF108991071091004501061031MD1810041+9999MW1801REMSYN076AAXX  08124 03896 41460 82910 10140 20098 40174 58004 78081 87963 333 86915;
0197038960999992000100912004+49190-002090FM-12+005499999V0201701N006210021019N0060001N1+01221+01141100371ADDAY161061AY221061GA1071+002109079GF108991081071002501999999MD1710592+9999MW1631REMSYN088AAXX  09124 03896 41356 81712 10122 20114 40037 57059 76362 887// 333 87707 90710 91127;EQDQ01+000592APC3  
0217038960999992000101012004+49190-002090FM-12+005499999V0202701N007710300019N0250001N1+01281+00451099431ADDAY191061AY281061GA1011+008409099GA2071+030009039GF107991021091008001031001MD1810141+9999MW1251OA140101541REMSYN100AAXX  10124 03896 41575 72715 10128 20045 49943 58014 72598 82930 333 81928 87360 90710 91130 91028;
0200038960999992000101112004+49190-002090FM-12+005499999V0202301N00571007501CN0300001N1+01101+00761098081ADDAY181061AY211061GA1011+002409079GA2031+006009099GF105991051091008001001001MD1110031+9999MW1251REMSYN094AAXX  11124 03896 41580 52311 10110 20076 49808 51003 72581 85900 333 81708 83920 90710 91130;
0172038960999992000101212004+49190-002090FM-12+005499999V0202401N00361004201CN0350001N1+01281+01001099071ADDAY181061AY221061GA1011+005409099GF106991061091004501071021MD1210251+9999MW1021REMSYN082AAXX  12124 03896 41481 62407 10128 20100 49907 52025 70282 86972 333 81918 85820;
0138038960999992000101312004+49190-002090FM-12+005499999V0202801N002610060019N0200001N1+01491+01031101161ADDGA1051+006009029GF105991051021008001001011MD1210191+9999REMSYN070AAXX  13124 03896 42570 52805 10149 20103 40116 52019 85201 333 85820;
0172038960999992000101412004+49190-002090FM-12+005499999V0201701N00101036001CN0350001N1+01331+00811101751ADDAY161061AY221061GA1011+006009069GF108991011051008001071999MD1110021+9999MW1601REMSYN082AAXX  14124 03896 41581 81702 10133 20081 40175 51002 76062 8157/ 333 81620 87458;
0144038960999992000101512004+49190-002090FM-12+005499999V0209999C00001036001CN0400001N1+01431+01031101221ADDGA1011+005109089GF107991011011004501031051MD1810131+9999REMSYN076AAXX  15124 03896 42482 70000 10143 20103 40122 58013 81135 333 81817 87275;
0172038960999992000101612004+49190-002090FM-12+005499999V0202501N002610012019N0035001N1+01261+01181100851ADDAY161061AY221061GA1061+001209079GF108991081071001501999999MD1110031+9999MW1631REMSYN082AAXX  16124 03896 41235 82505 10126 20118 40085 51003 76362 887// 333 86704 88707;
0160038960999992000101712004+49190-002090FM-12+005499999V0201801N002612200019N0450001N1+01421+00841999999ADDAY181061AY201061GA1011+006609029GF102991011011008001031011MD1010001+9999MW1021REMSYN070AAXX  17124 03896 41583 21805 10142 20084 50000 70280 81131 333 81822;
0172038960999992000101812004+49190-002090FM-12+005499999V0201501N00151002101CN0060001N1+01561+01521101601ADDAY161061AY221061GA1021+001509079GF108991081051002501999999MD1810151+9999MW1621REMSYN082AAXX  18124 03896 41356 81503 10156 20152 40160 58015 76262 885// 333 82705 87610;
0172038960999992000101912004+49190-002090FM-12+005499999V0202101N001012200019N0450001N1+01421+01101102071ADDAY181061AY211061GA1021+006609089GF104991021021008001031011MD1110011+9999MW1251REMSYN082AAXX  19124 03896 41583 42102 10142 20110 40207 51001 72581 82231 333 82822 83075;
0172038960999992000102012004+49190-002090FM-12+005499999V0201301N001510024019N0080001N1+01281+01191101231ADDAY161061AY251061GA1061+002409079GF108991081071002501999999MD1710191+9999MW1201REMSYN082AAXX  20124 03896 41358 81303 10128 20119 40123 57019 72065 887// 333 86708 88712;
0138038960999992000102112004+49190-002090FM-12+005499999V0209999C000010036019N0250001N1+01411+01181102021ADDGA1051+003609029GF107991061081004501041011MD1210221+9999REMSYN070AAXX  21124 03896 42475 70000 10141 20118 40202 52022 86841 333 85812;
0166038960999992000102212004+49190-002090FM-12+005499999V0201801N003110030019N0150001N1+01541+01291102301ADDAY151061AY211061GA1051+003009029GF105991051021004501001011MD1810111+9999MW1011REMSYN076AAXX  22124 03896 41465 51806 10154 20129 40230 58011 70151 85201 333 85810;
0166038960999992000102312004+49190-002090FM-12+005499999V0202201N003610036019N0170001N1+01621+01321101901ADDAY161061AY251061GA1051+003609029GF106991051021004501041011MD1610011+9999MW1031REMSYN076AAXX  23124 03896 41467 62207 10162 20132 40190 56001 70365 85241 333 85812;
0144038960999992000102412004+49190-002090FM-12+005499999V0202301N003110120019N0400001N1+01401+00851102321ADDGA1021+006609089GF107991071081008001999999MD1710081+9999REMSYN076AAXX  24124 03896 42582 72306 10140 20085 40232 57008 878// 333 82822 87640;
0172038960999992000102512004+49190-002090FM-12+005499999V0202401N00311006001CN0280001N1+01371+01181101311ADDAY161061AY221061GA1041+001809079GF107991061081002501071999MD1210031+9999MW1251REMSYN082AAXX  25124 03896 41378 72406 10137 20118 40131 52003 72562 8687/ 333 84706 86615;
0172038960999992000102612004+49190-002090FM-12+005499999V0202401N002110120019N0350001N1+01221+00881102011ADDAY181061AY221061GA1021+006009089GF107991051081008001999011MD1210051+9999MW1251REMSYN082AAXX  26124 03896 41581 72404 10122 20088 40201 52005 72582 858/1 333 82820 85640;
0144038960999992000102712004+49190-002090FM-12+005499999V0202001N00511004201CN0270001N1+01541+01191101631ADDGA1011+005409079GF107991071051004501999999MD1810171+9999REMSYN076AAXX  27124 03896 42477 72010 10154 20119 40163 58017 875// 333 81718 87640;
0189038960999992000102812004+49190-002090FM-12+005499999V0201901N007710060019N0150001N1+01571+01281100651ADDGA1011+003009079GA2051+006009069GF108991071051004501071999MD1810251+9999OA140101541REMSYN094AAXX  28124 03896 42465 81915 10157 20128 40065 58025 8757/ 333 81710 85620 90710 91130 91027;
0195038960999992000102912004+49190-002090FM-12+005499999V0202101N007710066019N0150001N1+01231+00691101111ADDAY181061AY221061GA1061+006609099GF107991071091008001061031MD1810021+9999MW1161OA140101751REMSYN094AAXX  29124 03896 41565 72115 10123 20069 40111 58002 71682 87963 333 86922 90710 91134 91030;
0217038960999992000103012004+49190-002090FM-12+005499999V0202401N009310084019N0150001N1+01121+00461099021ADDAY181061AY261061GA1021+007509099GA2041+008409089GF107991051091008001041031MD1210301+9999MW1161OA140101901REMSYN100AAXX  30124 03896 41565 72418 10112 20046 49902 52030 71686 85943 333 82925 84828 90710 91137 91034;
0217038960999992000103112004+49190-002090FM-12+005499999V0202501N007212200019N0300001N1+01301+00751099921ADDAY181061AY211061GA1011+004509099GA2041+006009089GF104991041091004501001001MD1210311+9999MW1251OA140101391REMSYN100AAXX  31124 03896 41480 42514 10130 20075 49992 52031 72581 84900 333 81915 84820 90710 91127 91027;
0166038960999992000110112004+49190-002090FM-12+005499999V0202401N00721007501CN0250001N1+01061+00661100021ADDAY181061AY221061GA1031+006009099GF105991051091008001001001MD1110081+9999MW1011REMSYN076AAXX  01124 03896 41575 52414 10106 20066 40002 51008 70182 85900 333 83920;
0195038960999992000110212004+49190-002090FM-12+005499999V0202301N008710054019N0120001N1+01031+00481098941ADDAY181061AY261061GA1051+005409099GF107991061091004501999031MD1010111+9999MW1801OA140102011REMSYN094AAXX  02124 03896 41462 72317 10103 20048 49894 50011 78086 869/3 333 85918 90710 91139 91039;
0166038960999992000110312004+49190-002090FM-12+005499999V0202801N004110051019N0200001N1+00931+00761099761ADDAY181061AY221061GA1051+005109099GF106991051091004501061031MD1210361+9999MW1251REMSYN076AAXX  03124 03896 41470 62808 10093 20076 49976 52036 72582 85963 333 85917;
0166038960999992000110412004+49190-002090FM-12+005499999V0202601N002612200019N0400001N1+01111+00511101061ADDAY181061AY211061GA1021+008109029GF103991021081008001031011MD1110061+9999MW1011REMSYN076AAXX  04124 03896 41582 32605 10111 20051 40106 51006 70181 82831 333 82827;
0219038960999992000110512004+49190-002090FM-12+005499999V0201501N006210027019N0180001N1+00971+00831099601ADDAY161061AY221061GA1061+002709079GA2081+006009069GF108991081051002501999999MD1810622+9999MW1211REMSYN094AAXX  05124 03896 41368 81512 10097 20083 49960 58062 72162 885// 333 86709 88620 90710 91126;EQDQ01+000622APC3  
0172038960999992000110612004+49190-002090FM-12+005499999V0209999C000010036019N0045001N1+00881+00811096891ADDAY161061AY221061GA1051+003609079GF108991081051004501999999MD1210211+9999MW1601REMSYN082AAXX  06124 03896 41445 80000 10088 20081 49689 52021 76062 885// 333 85712 88620;
0172038960999992000110712004+49190-002090FM-12+005499999V0202901N003610045019N0200001N1+01051+00871098081ADDAY181061AY221061GA1051+004509099GF107991071091004501999999MD1210151+9999MW1251REMSYN082AAXX  07124 03896 41470 72907 10105 20087 49808 52015 72582 879// 333 85915 85820;
0144038960999992000110812004+49190-002090FM-12+005499999V0202801N002610120019N0350001N1+01101+00721099331ADDGA1021+006009089GF106991051081008001001011MD1210171+9999REMSYN076AAXX  08124 03896 42581 62805 10110 20072 49933 52017 85801 333 82820 85640;
0144038960999992000110912004+49190-002090FM-12+005499999V0202601N00361012001CN0700001N1+01041+00141100951ADDGA1021+006609089GF106991051081008001001011MD1210171+9999REMSYN076AAXX  09124 03896 42588 62607 10104 20014 40095 52017 85801 333 82822 84645;
0172038960999992000111012004+49190-002090FM-12+005499999V0202101N00261007501CN0180001N1+00951+00781101881ADDAY181061AY211061GA1021+006009099GF107991051091008001061031MD1110061+9999MW1251REMSYN082AAXX  10124 03896 41568 72105 10095 20078 40188 51006 72581 85963 333 82920 85075;
0200038960999992000111112004+49190-002090FM-12+005499999V0201801N007710075019N0180001N1+01291+00851101201ADDAY151061AY221061GA1031+004509079GA2061+007509069GF107991071051004501071021MD1810191+9999MW1021REMSYN094AAXX  11124 03896 41468 71815 10129 20085 40120 58019 70252 87572 333 83715 86625 90710 91132;
0194038960999992000111212004+49190-002090FM-12+005499999V0202001N002610051019N0200001N1+01101+00851099741ADDAY161061AY221061GA1021+003009079GA2051+005109069GF108991061051004501071999MD1810061+9999MW1021REMSYN088AAXX  12124 03896 41470 82005 10110 20085 49974 58006 70262 8657/ 333 82710 85617 87462;
0166038960999992000111312004+49190-002090FM-12+005499999V0202201N000510075019N0200001N1+01001+00511099971ADDAY181061AY211061GA1021+007509099GF106991051091008001061031MD1110011+9999MW1151REMSYN076AAXX  13124 03896 41570 62201 10100 20051 49997 51001 71581 85963 333 82925;
0166038960999992000111412004+49190-002090FM-12+005499999V0202401N002612200019N0250001N1+00851+00491100461ADDAY181061AY211061GA1011+006009099GF103991031091008001031001MD1210101+9999MW1151REMSYN076AAXX  14124 03896 41575 32405 10085 20049 40046 52010 71581 83930 333 81920;
0172038960999992000111512004+49190-002090FM-12+005499999V0202201N00151004201CN0500001N1+01011+00711101151ADDAY181061AY221061GA1031+005409099GF105991051091004501001001MD1110021+9999MW1251REMSYN082AAXX  15124 03896 41484 52203 10101 20071 40115 51002 72582 85900 333 83918 84822;
0178038960999992000111612004+49190-002090FM-12+005499999V0202801N00211007501CN0300001N1+00921+00571100691ADDAY191061AY281061GA1041+006009099GF105991051091008001001001MD1210131+9999MW1291REMSYN088AAXX  16124 03896 41580 52804 10092 20057 40069 52013 72998 85900 333 84920 90710 91125;
0172038960999992000111712004+49190-002090FM-12+005499999V0202801N00361090001CN0280001N1+01001+00401101631ADDAY181061AY211061GA1011+007509089GF105991021021008001041011MD1110041+9999MW1011REMSYN082AAXX  17124 03896 41578 52807 10100 20040 40163 51004 70181 82241 333 81825 83362;
0172038960999992000111812004+49190-002090FM-12+005499999V0201801N004110009019N0047001N1+01071+01001101111ADDAY161061AY251061GA1051+000909079GF108991081071001501999999MD1710251+9999MW1511REMSYN082AAXX  18124 03896 41247 81808 10107 20100 40111 57025 75165 887// 333 85703 88708;
0166038960999992000111912004+49190-002090FM-12+005499999V0202601N005710054019N0120001N1+01131+00721100071ADDAY181061AY211061GA1051+005409099GF107991061091004501061031MD1810171+9999MW1801REMSYN076AAXX  19124 03896 41462 72611 10113 20072 40007 58017 78081 86963 333 85918;
0166038960999992000112112004+49190-002090FM-12+005499999V0201501N004610015019N0120001N1+00821+00771099461ADDAY161061AY221061GA1071+001509069GF108991081071001501999999MD1710391+9999MW1611REMSYN076AAXX  21124 03896 41262 81509 10082 20077 49946 57039 76162 887// 333 87705;
0150038960999992000112212004+49190-002090FM-12+005499999V0202201N008212200019N0200001N1+01071+00571100101ADDGA1011+005409099GF101991011091004501061001MD1210191+9999REMSYN082AAXX  22124 03896 42470 12216 10107 20057 40010 52019 81960 333 81918 90710 91127;
0172038960999992000112312004+49190-002090FM-12+005499999V0203001N002610360019N0450001N1+00931+00741099941ADDAY181061AY261061GA1011+003309089GF106991041081004501061021MD1110181+9999MW1251REMSYN082AAXX  23124 03896 41483 63005 10093 20074 49994 51018 72586 84862 333 81811 83640;
0172038960999992000112412004+49190-002090FM-12+005499999V0201801N003610360019N0250001N1+01031+00761100731ADDAY181061AY221061GA1011+004509089GF108991031081004501071999MD1810161+9999MW1031REMSYN082AAXX  24124 03896 41475 81807 10103 20076 40073 58016 70382 8387/ 333 81815 87462;
0190038960999992000112512004+49190-002090FM-12+005499999V0201701N005110012019N0090001N1+01191+01131099611ADDAY161061AY251061GA1061+001209079GF108991081051001501999999MD1810481+9999MW1511REMSYN100AAXX  25124 03896 41259 81710 10119 20113 49961 58048 75165 885// 222// 10403 70013 333 86704 88610;
0195038960999992000112612004+49190-002090FM-12+005499999V0202601N008212200019N0170001N1+01061+00521100491ADDAY181061AY211061GA1041+007509089GF107991041021008001001011MD1210261+9999MW1021OA140101601REMSYN094AAXX  26124 03896 41567 72616 10106 20052 40049 52026 70281 84201 333 84825 90710 91131 91030;
0172038960999992000112712004+49190-002090FM-12+005499999V0201601N004610018019N0150001N1+01001+00941100911ADDAY161061AY251061GA1061+001809079GF108991081051002501999999MD1810161+9999MW1201REMSYN082AAXX  27124 03896 41365 81609 10100 20094 40091 58016 72065 885// 333 86706 88613;
0144038960999992000112912004+49190-002090FM-12+005499999V0201801N00311036001CN0200001N1+01281+01131100321ADDGA1041+007509069GF107991041051008001071081MD1210091+9999REMSYN076AAXX  29124 03896 42570 71806 10128 20113 40032 52009 84578 333 84625 87272;
0138038960999992000113012004+49190-002090FM-12+005499999V0201401N005110018019N0120001N1+01051+00971100961ADDGA1061+001809069GF107991071061002501999999MD1710191+9999REMSYN070AAXX  30124 03896 42362 71410 10105 20097 40096 57019 876// 333 86706;
0166038960999992000120112004+49190-002090FM-12+005499999V0201701N005110021019N0110001N1+01291+01181100131ADDAY161061AY221061GA1061+002109069GF107991071061002501071011MD1110031+9999MW1011REMSYN076AAXX  01124 03896 41361 71710 10129 20118 40013 51003 70162 87671 333 86707;
0144038960999992000120212004+49190-002090FM-12+005499999V0201701N00261036001CN0120001N1+01121+00981100991ADDGA1021+002409079GF107991021061002501041041MD1810011+9999REMSYN076AAXX  02124 03896 42362 71705 10112 20098 40099 58001 82644 333 82708 85275;
0138038960999992000120312004+49190-002090FM-12+005499999V0201701N003112200019N0180001N1+01041+00821101641ADDGA1011+003009029GF103991011011004501041041MD1810111+9999REMSYN070AAXX  03124 03896 42468 31706 10104 20082 40164 58011 81144 333 81810;
0185038960999992000120412004+49190-002090FM-12+005499999V0201901N005112200019N0100001N1+01321+01051100561ADDAY161061AY211061GA1011+018009059GF101991011051017501999011MD1210141+9999MW1011REMSYN076AAXX  04124 03896 41760 11910 10132 20105 40056 52014 70161 81501 333 81656;EQDQ01+000002SCOMCG
0172038960999992000120512004+49190-002090FM-12+005499999V0201601N00411036001CN0200001N1+01161+00961100121ADDAY161061AY221061GA1011+006009069GF108991041051008001071999MD1810031+9999MW1021REMSYN082AAXX  05124 03896 41570 81608 10116 20096 40012 58003 70262 8457/ 333 81620 87358;
0144038960999992000120612004+49190-002090FM-12+005499999V0201701N004110360019N0350001N1+01131+00971100451ADDGA1021+009009069GF106991021051012501071021MD1210051+9999REMSYN076AAXX  06124 03896 42681 61708 10113 20097 40045 52005 82572 333 82630 85362;
0213038960999992000120712004+49190-002090FM-12+005499999V0200901N003610030019N0060001N1+01031+01011099131ADDAY161061AY251061GA1021+001809079GA2051+003009079GF108991081051002501999999MD1710512+9999MW1581REMSYN088AAXX  07124 03896 41356 80907 10103 20101 49913 57051 75865 885// 333 82706 85710 88615;EQDQ01+000512APC3  
0166038960999992000120812004+49190-002090FM-12+005499999V0202001N00211004201CN0200001N1+01101+00931099921ADDAY181061AY211061GA1041+003909099GF107991061091004501041031MD1110061+9999MW1251REMSYN076AAXX  08124 03896 41470 72004 10110 20093 49992 51006 72581 86943 333 84913;
0138038960999992000120912004+49190-002090FM-12+005499999V0209999C000012200019N0250001N1+01061+00731100861ADDGA1011+004509029GF103991011021004501031011MD1110071+9999REMSYN070AAXX  09124 03896 42475 31900 10106 20073 40086 51007 81231 333 81815;
0217038960999992000121012004+49190-002090FM-12+005499999V0202301N006210036019N0090001N1+01111+00911101021ADDAY191061AY281061GA1021+001809079GA2051+003609099GF107991071091002501061031MD1210491+9999MW1801OA140101391REMSYN100AAXX  10124 03896 41359 72312 10111 20091 40102 52049 78098 87963 333 82706 85912 90710 91127 91027;
0172038960999992000121112004+49190-002090FM-12+005499999V0201901N005710045019N0180001N1+01411+01261101611ADDAY161061AY211061GA1071+004509069GF108991071051004501071999MD1710041+9999MW1031REMSYN082AAXX  11124 03896 41468 81911 10141 20126 40161 57004 70361 8757/ 333 87615 91021;
0172038960999992000121212004+49190-002090FM-12+005499999V0201801N00511002101CN0120001N1+01241+01181101291ADDAY161061AY261061GA1011+002409079GF108991081051002501999999MD1810151+9999MW1611REMSYN082AAXX  12124 03896 41362 81810 10124 20118 40129 58015 76166 885// 333 81708 87640;
0217038960999992000121312004+49190-002090FM-12+005499999V0202001N007210750019N0300001N1+01251+00911101441ADDAY181061AY211061GA1021+006009089GA2041+075009009GF105991031081008001031011MD1010051+9999MW1011OA140101491REMSYN100AAXX  13124 03896 41580 52014 10125 20091 40144 50005 70181 83831 333 82820 84075 90710 91129 91029;
0194038960999992000121412004+49190-002090FM-12+005499999V0202301N00461002101CN0250001N1+00881+00721100691ADDAY181061AY221061GA1011+002709079GA2021+004509099GF107991071091002501999999MD1810121+9999MW1801REMSYN088AAXX  14124 03896 41375 72309 10088 20072 40069 58012 78082 879// 333 81709 82915 86818;
0166038960999992000121512004+49190-002090FM-12+005499999V0202901N004112200019N0250001N1+00881+00401101271ADDAY181061AY211061GA1021+006909099GF103991031091008001061031MD1110081+9999MW1011REMSYN076AAXX  15124 03896 41575 32908 10088 20040 40127 51008 70181 83963 333 82923;
0166038960999992000121612004+49190-002090FM-12+005499999V0202501N005712200019N0200001N1+00971+00391101351ADDAY181061AY261061GA1031+007509029GF104991031021008001001011MD1710041+9999MW1011REMSYN076AAXX  16124 03896 41570 42511 10097 20039 40135 57004 70186 83201 333 83825;
0172038960999992000121712004+49190-002090FM-12+005499999V0201901N00211036001CN0350001N1+00811+00451101451ADDAY181061AY211061GA1011+006009089GF108991021081008001071999MD1810081+9999MW1031REMSYN082AAXX  17124 03896 41581 81904 10081 20045 40145 58008 70381 8287/ 333 81820 87464;
0172038960999992000121812004+49190-002090FM-12+005499999V0202001N00211004201CN0300001N1+01001+00751101221ADDAY181061AY261061GA1011+003609079GF107991061051004501041011MD1210071+9999MW1251REMSYN082AAXX  18124 03896 41480 72004 10100 20075 40122 52007 72586 86541 333 81712 86640;
0194038960999992000121912004+49190-002090FM-12+005499999V0201301N001010240019N0060001N1+01101+01061101501ADDAY161061AY221061GA1011+007509069GA2051+024009039GF107991021051008001071021MD1810051+9999MW1101REMSYN088AAXX  19124 03896 41556 71302 10110 20106 40150 58005 71062 82572 333 81625 85358 87075;
0138038960999992000122012004+49190-002090FM-12+005499999V0201501N002110750019N0120001N1+00961+00831101081ADDGA1071+075009019GF107991001001999999001021MD1810031+9999REMSYN070AAXX  20124 03896 42962 71504 10096 20083 40108 58003 80002 333 87075;
0166038960999992000122112004+49190-002090FM-12+005499999V0201101N001510750019N0120001N1+00951+00741101311ADDAY111061AY211061GA1061+075009019GF106991001001999999001011MD1110061+9999MW1051REMSYN076AAXX  21124 03896 41962 61103 10095 20074 40131 51006 70511 80001 333 86075;
0166038960999992000122212004+49190-002090FM-12+005499999V0200901N002112200019N0080001N1+00831+00601100991ADDAY101061AY201061GA1011+075009019GF101991001001999999001011MD1810031+9999MW1051REMSYN076AAXX  22124 03896 41958 10904 10083 20060 40099 58003 70500 80001 333 81075;
0138038960999992000122312004+49190-002090FM-12+005499999V0201201N002110090019N0180001N1+01031+00681100711ADDGA1071+009009059GF107991071051012501031011MD1810041+9999REMSYN070AAXX  23124 03896 42668 71204 10103 20068 40071 58004 87531 333 87630;
0144038960999992000122412004+49190-002090FM-12+005499999V0201401N00051036001CN0300001N1+00961+00701099771ADDGA1011+006009089GF106991041081008001041011MD1810111+9999REMSYN076AAXX  24124 03896 42580 61401 10096 20070 49977 58011 84841 333 81820 84650;
0166038960999992000122512004+49190-002090FM-12+005499999V0200701N003610030019N0070001N1+00821+00621099361ADDAY161061AY221061GA1071+003009069GF108991081061004501999999MD1010011+9999MW1051REMSYN076AAXX  25124 03896 41457 80707 10082 20062 49936 50001 70562 886// 333 87710;
0172038960999992000122612004+49190-002090FM-12+005499999V0200601N00361001201CN0080001N1+00421+00361098691ADDAY161061AY221061GA1041+001509079GF107991071051001501999999MD1810111+9999MW1101REMSYN082AAXX  26124 03896 41258 70607 10042 20036 49869 58011 71062 875// 333 84705 87615;
0194038960999992000122712004+49190-002090FM-12+005499999V0200201N003610036019N0180001N1+00521+00301099171ADDAY161061AY221061GA1011+002709079GA2041+003609089GF108991081081002501999999MD1210161+9999MW1021REMSYN088AAXX  27124 03896 41368 80207 10052 20030 49917 52016 70262 888// 333 81709 84812 87618;
0144038960999992000122812004+49190-002090FM-12+005499999V0202501N00101220001CN0400001N1+00651+00041099731ADDGA1021+008409089GF106991031021008001001011MD1810081+9999REMSYN076AAXX  28124 03896 42582 62502 10065 20004 49973 58008 83201 333 82828 86078;
0172038960999992000122912004+49190-002090FM-12+005499999V0202301N00311004201CN0120001N1+00461+00251099921ADDAY181061AY221061GA1021+004509079GF107991071091004501061031MD1810041+9999MW1801REMSYN082AAXX  29124 03896 41462 72306 10046 20025 49992 58004 78082 87963 333 82715 86925;
0166038960999992000123012004+49190-002090FM-12+005499999V0203301N002612200019N0500001N1+00601-00061101141ADDAY181061AY211061GA1031+009909029GF103991031021012501001011MD1210311+9999MW1021REMSYN076AAXX  30124 03896 41684 33305 10060 21006 40114 52031 70281 83201 333 83833;
0217038960999992000123112004+49190-002090FM-12+005499999V0201601N006710210019N0090001N1+00421+00101100791ADDAY161061AY221061GA1031+007509069GA2081+021009049GF108991031051008001021999MD1810381+9999MW1611OA140101851REMSYN100AAXX  31124 03896 41559 81613 10042 20010 40079 58038 76162 8352/ 333 83625 88457 90710 91136 91026;
