0122221010999992000010112004+68900+028450FM-12+011899999V0201701N001010300019N0500001N1-01161-01291101931ADDGF107991021091008001031001MD1710051+9999REMSYN070AAXX  01121 22101 42584 71701 11116 21129 40193 57005 82930 333 91002;
0189221010999992000010212004+68900+028450FM-12+011899999V0202001N004010069019N0500001N1-00851-01131100811ADDAY181061AY231061GA1051+006909069GF108991051051008001051999MD1810231+9999MW1021OA140100701REMSYN088AAXX  02121 22101 41599 82004 11085 21113 40081 58023 70283 8555/ 333 85623 91007 91110;
0144221010999992000010412004+68900+028450FM-12+011899999V0201401N001010024019N0500001N1-00931-01231099171ADDGA1081+002409079GF108991061999002501999999MD1610071+9999REMSYN076AAXX  04121 22101 42399 81401 11093 21123 49917 56007 86/// 333 88708 91004;
0144221010999992000010612004+68900+028450FM-12+011899999V0201401N001010054019N0500001N1-00961-01081100181ADDGA1061+005409069GF107991061051004501031001MD1810231+9999REMSYN076AAXX  06121 22101 42484 71401 11096 21108 40018 58023 86530 333 86618 91003;
0166221010999992000010712004+68900+028450FM-12+011899999V0209999C000010054019N0100001N1-00241-00331098441ADDAY181061AY221061GA1081+005409099GF108991081091004501999999MD1810011+9999MW1851REMSYN076AAXX  07121 22101 41497 80000 11024 21033 49844 58001 78582 889// 333 88918;
0172221010999992000010812004+68900+028450FM-12+011899999V0201501N002010051019N0100001N1-00171-00221097541ADDAY181061AY221061GA1081+005109099GF108991081091004501999999MD1710381+9999MW1851REMSYN082AAXX  08121 22101 /1497 81502 11017 21022 49754 57038 78582 889// 333 88917 91004;
0187221010999992000011006004+68900+028450FM-12+011899999V0202601N004019999999N0500001N1-00041-00381099411ADDAA112000191AJ100489199999999GF107991071001999999031001IA1239KA1120N-00391MD1210291+9999REMSYN088AAXX  10061 22101 12984 72604 11004 21038 49941 52029 69922 87030 333 21039 47048 91007;
0121221010999992000011012004+68900+028450FM-12+011899999V0202501N003010075019N0500001N1-00161-00531100121ADDGF107991071051008001001001MD1210341+9999REMSYN069AAXX  10121 22101 42599 72503 11016 21053 40012 52034 87500 333 1006;
0132221010999992000011412004+68900+028450FM-12+011899999V0202601N001019999999N0500001N1-01211-01271101181ADDGF108991081001999999071999MD1410001+9999REMSYN080    AAXX  14121 22101 42999 82601 11121 21127 40118 54000 8807/ 333 91002 93502;
0138221010999992000011712004+68900+028450FM-12+011899999V0200501N002019999999N0500001N1-00931-01051098821ADDGF105991021001999999031011MD1210381+9999MW1021REMSYN080    AAXX  17121 22101 41999 50502 11093 21105 49882 52038 702/2 82031 333 91003;
0126221010999992000011812004+68900+028450FM-12+011899999V0202601N001012200019N9999999N1-01671-01791100591ADDGF102991021001999999031001MD1210131+9999REMSYN074    AAXX  18121 22101 429/9 22601 11167 21179 40059 52013 82030 333 91002;
0126221010999992000011912004+68900+028450FM-12+011899999V02099999999992200019N0500001N1-02431-02611100521ADDGA1001+999999999GF100991001001999999001001MD1810021+9999REMSYN058    AAXX  19121 22101 42999 0000/ 11243 21261 40052 58002;
0122221010999992000012112004+68900+028450FM-12+011899999V0203201N002019999999N0500001N1-01351-01551100801ADDGF106991061001999999031001MD1210021+9999REMSYN070AAXX  21121 22101 42999 63202 11135 21155 4008/ 52002 86030 333 91003;
0122221010999992000012212004+68900+028450FM-12+011899999V0202401N002019999999N0500001N1-01591-01721099901ADDGF106991061001999999031001MD1810261+9999REMSYN070AAXX  22121 22101 42999 62402 11159 21172 49990 58026 86030 333 91004;
0122221010999992000012812004+68900+028450FM-12+011899999V0202401N003019999999N0500001N1-01251-01451098001ADDGF107991021001999999031011MD1310101+9999REMSYN070AAXX  28121 22101 42999 72403 11125 21145 49800 53010 82031 333 91006;
0167221010999992000013112004+68900+028450FM-12+011899999V0202801N003010042019N0020001N1-00711-00801096761ADDAY181061AY231061GF108991081091004501999999MD1310141+9999MW1861OA140100501REMSYN082AAXX  31121 22101 41495 82803 11071 21080 49676 53014 78683 889// 333 91005 91111;
0237221010999992000020106004+68900+028450FM-12+011899999V0202401N003010063019N0500001N1-01011+99999097131ADDAA112000891AJ100819199999999AY181061AY221061GA1081+006309099GF108991081091008001999999IA1239KA1120N-01431MD1210071+9999MW1261REMSYN100AAXX  01061 22101 11584 82403 11101 2//21 49713 52007 69972 72682 889// 333 21143 47081 88921 91006;
0172221010999992000020212004+68900+028450FM-12+011899999V0202501N002010051019N0100001N1-00691-00781097871ADDAY181061AY211061GA1081+005109099GF108991081091004501999999MD1810071+9999MW1851REMSYN082AAXX  02121 22101 41497 82502 11069 21078 49787 58007 78581 889// 333 88917 91004;
0215221010999992000020306004+68900+028450FM-12+011899999V0202601N002019999999N0500001N1-00751-00841098491ADDAA112001091AJ100859199999999AY181061AY211061GF105991021001999999031011IA1239KA1120N-00821MD1310381+9999MW1031REMSYN094AAXX  03061 22101 11984 52602 11075 21084 49849 53038 60012 70381 82031 333 21082 47085 91004;
0128221010999992000020412004+68900+028450FM-12+011899999V0200401N001019999999N0500001N1-01151-01281098641ADDGF108991081001999999051999MD1610171+9999REMSYN076AAXX  04121 22101 42999 80401 11115 21128 49864 56017 8805/ 333 91004 93505;
0222221010999992000021306004+68900+028450FM-12+011899999V0201901N004010051019N0500001N1+00091-00171099271ADDAA199000091AJ100789199999999GA1081+005109069GF108991081051004501999999IA1239KA1120N-01641MD1610061+9999REMSYN088AAXX  13061 22101 32484 81904 10009 21017 49927 56006 885// 333 21164 47078 88617 91007;EQDQ01  00002PRCP99
0164221010999992000021506004+68900+028450FM-12+011899999V0209999C000010042019N0500001N1-00401-00621099691ADDAA199000091GF108991999061004501011091MD1319999+9999REMSYN066AAXX  15061 22101 32484 80000 1104/ 21062 49969 53//1 7/4// 88619;EQDQ01+000082SCOTLCQ02  00002PRCP99
0096221010999992000022212004+68900+028450FM-12+011899999V0201201N001012200019N9999999N1+99999+99999999999ADDGF101991999999999999999999REMSYN058AAXX  22121 22101 /29/9 11201 9100/ 80001 333 91082 93507;
0132221010999992000022312004+68900+028450FM-12+011899999V0202301N001012200019N0500001N1-01391-01521102561ADDGA1001+999999999GF100991001001999999001001MD1410001+9999REMSYN064AAXX  23121 22101 42999 02301 11139 21152 40256 54000 333 91002;
0112221010999992000022512004+68900+028450FM-12+011899999V0209999C000019999999N0500001N1-01371-01571101311ADDGF106991021001999999031011MD1110011+9999REMSYN060AAXX  25121 22101 42999 60000 11137 21157 40131 51001 82031;
0185221010999992000022712004+68900+028450FM-12+011899999V0209999C000010030019N0500001N1-00761-00851100471ADDAY181061AY221061GA1081+003009069GF108991999061004501999081MD1710051+9999MW1021REMSYN076AAXX  27121 22101 41499 80000 11076 21085 40047 57005 70282 886/8 333 88710;EQDQ01+000082SCOTLC
0150221010999992000030112004+68900+028450FM-12+011899999V0200601N002019999999N0100001N1-01351-01551099241ADDAY171061AY221061GF108991081001999999021999MD1710091+9999MW1711REMSYN076AAXX  01121 22101 41997 80602 11135 21155 49924 57009 77172 8802/ 333 91004;
0250221010999992000030206004+68900+028450FM-12+011899999V0200201N001010030019N0100001N1-01351-01481999999ADDAA112005191AJ100799199999999AY171061AY221061GA1071+003009079GF108991999071004501021999IA1239KA1120N-01461MD1710131+9999MW1711REMSYN094AAXX  02061 22101 11497 80201 11135 21148 57013 60052 77172 8872/ 333 21146 47079 87710 8817/;EQDQ01+000082SCOTLC
0185221010999992000030212004+68900+028450FM-12+011899999V0209999C000010042019N0100001N1-01071-01271098131ADDAY171061AY221061GA1061+004209069GF108991999071004501021999MD1710131+9999MW1711REMSYN076AAXX  02121 22101 41497 80000 11107 21127 49813 57013 77172 8872/ 333 86714;EQDQ01+000082SCOTLC
0237221010999992000030306004+68900+028450FM-12+011899999V0203601N002010120019N0500001N1-00591-00781098471ADDAA112002091AJ100829199999999AY171061AY221061GA1081+012009069GF108991081051012501999999IA1239KA1120N-00941MD1210111+9999MW1021REMSYN100AAXX  03061 22101 11699 83602 11059 21078 49847 52011 60022 70272 885// 333 21094 47082 88640 91004;
0172221010999992000030312004+68900+028450FM-12+011899999V0203401N002010054019N0100001N1-00431-00661098671ADDAY181061AY221061GA1081+005409099GF108991081091004501999999MD1210101+9999MW1851REMSYN082AAXX  03121 22101 41497 83402 11043 21066 49867 52010 78582 889// 333 88918 91004;
0224221010999992000030412004+68900+028450FM-12+011899999V0203201N999990027019N0100001N1-00531-00741098941ADDAY181061AY231061GA1061+002709079GF108991081091002501999999MD1310061+9999MW1851OA140199999REMSYN088AAXX  04121 22101 41397 88204 11053 21074 49894 53006 78583 889// 333 86709 91009 91114;EQDQ01+010401WOSPD Q02  00902WGOSPD
0122221010999992000030612004+68900+028450FM-12+011899999V0201401N001019999999N0500001N1-01021-01461099841ADDGF107991041001999999031011MD1810381+9999REMSYN070AAXX  06121 22101 42999 71401 11102 21146 49984 58038 84031 333 91002;
0150221010999992000030712004+68900+028450FM-12+011899999V0200401N003019999999N0500001N1-00841-01211098591ADDAY171061AY221061GF108991081001999999011999MD1210051+9999MW1021REMSYN076AAXX  07121 22101 41999 80403 11084 21121 49859 52005 70272 8801/ 333 91007;
0215221010999992000030806004+68900+028450FM-12+011899999V0200301N002019999999N0100001N1-00381-00561098561ADDAA112000591AJ100829199999999AY171061AY221061GF108991081001999999021999IA1239KA1120N-00831MD1510051+9999MW1711REMSYN094AAXX  08061 22101 11997 80302 11038 21056 49856 55005 69962 77172 8802/ 333 21083 47082 91004;
0237221010999992000030906004+68900+028450FM-12+011899999V0200101N002010069019N0040001N1-00331-00401098371ADDAA112003091AJ100849199999999AY181061AY221061GA1061+006909099GF108991081091008001999999IA1239KA1120N-00371MD1410001+9999MW1851REMSYN100AAXX  09061 22101 11596 80102 11033 21040 49837 54000 60032 78582 889// 333 21037 47084 86923 91004;
0189221010999992000031312004+68900+028450FM-12+011899999V0201901N004010063019N0100001N1-00331-00681098471ADDAY181061AY231061GA1081+006309099GF108991081091008001999999MD1710311+9999MW1851OA140100801REMSYN088AAXX  13121 22101 41597 81904 11033 21068 49847 57031 78583 889// 333 88921 91008 91112;
0193221010999992000031406004+68900+028450FM-12+011899999V0202201N002012200019N0500001N1-00251-00891098191ADDAA199000091AY131061AY201061GF102991021999999999031001KA1999N-00301MD1310291+9999MW1021REMSYN076AAXX  14061 22101 31999 22202 11025 21089 49819 53029 70230 82/30 333 21030;EQDQ01  00002PRCP99
0138221010999992000031412004+68900+028450FM-12+011899999V0202101N002019999999N9999999N1-00031-00731098531ADDAY131061GF107991999091999999011001MD1210191+9999MW1021REMSYN072AAXX  14121 22101 41/// 72102 11003 21073 49853 52019 7023/ 8/910 91112;
0092221010999992000031612004+68900+028450FM-12+011899999V0209999C000019999999N0500001N1-00591-00701101381ADDGF108991081001999999071999REMSYN054AAXX  16121 22101 42999 80000 11059 21070 40138 8807/;
0210221010999992000031706004+68900+028450FM-12+011899999V0209999C000012200019N0500001N1-01831-01951102551ADDAA199000091AJ100799199999999GA1001+999999999GF100991001001999999001001IA1239KA1120N-01951MD1210131+9999REMSYN076AAXX  17061 22101 32999 00000 11183 21195 40255 52013 333 21195 47079 93505;EQDQ01  00002PRCP99
0152221010999992000031712004+68900+028450FM-12+011899999V0209999C000012200019N9999999N1-00481-00921102331ADDAA199000091GA1001+999999999GF100991001001999999001001MD1710121+9999REMSYN054AAXX  17121 22101 3/99/ 00000 11048 21092 40233 57012;EQDQ01  00002PRCP99
0150221010999992000031812004+68900+028450FM-12+011899999V0202201N001019999999N0100001N1-00221-00311102071ADDAY171061AY221061GF108991081001999999021999MD1210071+9999MW1711REMSYN076AAXX  18121 22101 41997 82201 11022 21031 40207 52007 77172 8802/ 333 91002;
0161221010999992000031912004+68900+028450FM-12+011899999V0202101N006010300019N0040001N1-00021-00491999999ADDAY131061AY221061GF108991041061004501051999MD1710301+9999MW1381OA140101201REMSYN076AAXX  19121 22101 41496 82106 11002 21049 57030 73832 8465/ 333 91012 91116;
0139221010999992000032112004+68900+028450FM-12+011899999V0202401N005012200019N0500001N1-00041-01021098711ADDGF101991011001999999031001MD1210041+9999OA140101001REMSYN076AAXX  21121 22101 42999 12405 11004 21102 49871 52004 81030 333 91010 91114;
0133221010999992000032212004+68900+028450FM-12+011899999V0202401N004019999999N0500001N1-00061+99999098651ADDGF107991071001999999031001MD1310041+9999OA140100801REMSYN070AAXX  22121 22101 42999 72404 11006 49865 53004 87030 333 91008 91113;
0200221010999992000032706004+68900+028450FM-12+011899999V0202501N002019999999N0500001N1-01031-01161101931ADDAA199000091AJ100769199999999GF106991031001999999031011IA1239KA1120N-01531MD1810111+9999REMSYN082AAXX  27061 22101 32999 62502 11103 21116 40193 58011 83031 333 21153 47076 91004;EQDQ01  00002PRCP99
0187221010999992000033106004+68900+028450FM-12+011899999V0203201N002012200019N0500001N1-00641-01241100401ADDAA112000791AJ100729199999999GF102991001001999999001011IA1239KA1120N-00781MD1210151+9999REMSYN088AAXX  31061 22101 12999 23202 11064 21124 40040 52015 69902 80001 333 21078 47072 91004;
0200221010999992000040106004+68900+028450FM-12+011899999V0202601N001019999999N0500001N1-01251-01601100421ADDAA199000091AJ100729199999999GF107991071001999999031001IA1239KA1120N-01821MD1610041+9999REMSYN082AAXX  01061 22101 32999 72601 11125 21160 40042 56004 87030 333 21182 47072 91002;EQDQ01  00002PRCP99
0256221010999992000040506004+68900+028450FM-12+011899999V0201501N002010036019N0100001N1-00091-00191099681ADDAA112006191AJ100829199999999AY171061AY221061GA1061+003609079GF108991999071004501021999IA1239KA1120N-00491MD1710151+9999MW1711REMSYN100AAXX  05061 22101 11497 81502 11009 21019 49968 57015 60062 77172 8872/ 333 21049 47082 86712 91004;EQDQ01+000082SCOTLC
0105221010999992000122210004+68890+028450FM-16+011899999V02099999999992200019N0064371N1+99999+99999999999ADDMW1001REMMET068221011 KLBE 221008KT 27010G18KT 2SM -SN BKN025 OVC035 M05/M12 A3003;EQDQ01+000000PRSWM2
