0167223390999992000010212004+66100+037820FM-12+000799999V0202001N008010075019N0180001N1-00821-00921102501ADDAY181061AY231061GF107991071051008001001001MD1710091+9999MW1361OA140101001REMSYN082AAXX  02121 22339 41568 72008 11082 21092 40250 57009 73683 87500 333 91010 91112;
0167223390999992000010412004+66100+037820FM-12+000799999V0201401N012010042019N0160001N1-00891-01001100341ADDAY181061AY231061GF108991081091004501999999MD1710221+9999MW1851OA140101601REMSYN082AAXX  04121 22339 41466 81412 11089 21100 40034 57022 78583 889// 333 91016 91116;
0150223390999992000010612004+66100+037820FM-12+000799999V0201101N004010042019N0120001N1-01261-01391101191ADDAY171061AY221061GF108991081001004501021999MD1410001+9999MW1711REMSYN076AAXX  06121 22339 41462 81104 11126 21139 40119 54000 77172 8802/ 333 91004;
0167223390999992000010712004+66100+037820FM-12+000799999V0201601N008010042019N0037001N1-00291-00331099361ADDAY171061AY231061GF108991081001004501021999MD1710251+9999MW1731OA140101001REMSYN082AAXX  07121 22339 41437 81608 11029 21033 49936 57025 77373 8802/ 333 91010 91112;
0167223390999992000010812004+66100+037820FM-12+000799999V0202001N008010042019N0016001N1-00211-00241099191ADDAY171061AY231061GF108991081001004501021999MD1710161+9999MW1751OA140101001REMSYN082AAXX  08121 22339 41416 82008 11021 21024 49919 57016 77573 8802/ 333 91010 91110;
0217223390999992000011006004+66100+037820FM-12+000799999V0202901N010012200019N0450001N1-00161-00331099631ADDAA106000091AJ100229199999999GF102991021051008001001001IA1249KA1120N-00181MD1210191+9999OA140101201REMSYN088AAXX  10061 22339 32583 22910 11016 21033 49963 52019 82500 333 21018 48022 91012 91116;EQDQ01  00002PRCP06
0139223390999992000011012004+66100+037820FM-12+000799999V0202901N008012200019N0450001N1-00231-00421100001ADDGF102991021051008001001001MD1210161+9999OA140101001REMSYN076AAXX  10121 22339 42583 22908 11023 21042 40000 52016 82500 333 91010 91142;
0153223390999992000011412004+66100+037820FM-12+000799999V0209999C000010075019N0180001N1-00611-00691999999ADDAY171061AY221061GF108991081051008001999999MD1110041+9999ME1101199MW1021REMSYN070    AAXX  14121 22339 41568 80100 11061 21069 41119 51004 70272 885//;
0171223390999992000011712004+66100+037820FM-12+000799999V0201101N012010042019N0400001N1-00441-00641097741ADDAY171061AY231061GF108991081001004501021999MD1210131+9999MW1361OA140101401REMSYN086    AAXX  17121 22339 41482 81112 11044 21064 49774 52013 73673 8802/ 333 91014 91116;
0171223390999992000011812004+66100+037820FM-12+000799999V0200501N010019999999N0300001N1-00821-01241099581ADDAY131061AY201061GF108991081001999999071999MD1210171+9999MW1361OA140101401REMSYN086    AAXX  18121 22339 41980 80510 11082 21124 49958 52017 73630 8807/ 333 91014 91114;
0167223390999992000012112004+66100+037820FM-12+000799999V0200501N014010042019N0011001N1-00751-01101098831ADDAY171061AY231061GF108991081001004501021999MD1710051+9999MW1731OA140101601REMSYN082AAXX  21121 22339 41411 80514 11075 21110 49883 57005 77373 8802/ 333 91016 91116;
0150223390999992000012212004+66100+037820FM-12+000799999V0203401N006019999999N0042001N1-00681-01011099121ADDAY171061AY221061GF108991081001999999021999MD1310061+9999MW1711REMSYN076AAXX  22121 22339 41942 83406 11068 21101 49912 53006 77172 8802/ 333 91008;
0143223390999992000012612004+66100+037820FM-12+000799999V0202001N012010042019N0006001N1-01101-01301099361ADDGF108991081091004501999999MD1710542+9999REMSYN072AAXX  26121 22339 41406 82012 11110 21130 49936 57054 889// 8333/ 91016;EQDQ01+000542APC3  
0128223390999992000012812004+66100+037820FM-12+000799999V0202501N004012200019N0450001N1-01191-01321098521ADDGF102991011051008001041001MD1210131+9999REMSYN076AAXX  28121 22339 42583 22504 11119 21132 49852 52013 81540 333 91006 93503;
0167223390999992000013112004+66100+037820FM-12+000799999V0201601N010010042019N0035001N1-00041-00101096911ADDAY181061AY231061GF108991081091004501999999MD1610081+9999MW1851OA140101401REMSYN082AAXX  31121 22339 41435 81610 11004 21010 49691 56008 78583 889// 333 91014 91114;
0240223390999992000020106004+66100+037820FM-12+000799999V0202001N002010075019N0500001N1-00721-00811097481ADDAA112000591AJ100259199999999AY181061AY231061GF108991081051008001999999IA1249KA1120N+99999MD1810021+9999MW1021REMSYN100AAXX  01061 22339 11584 82002 11072 21081 49748 58002 69942 70283 885// 333 21006 48025 910/4 91116;EQDQ01 -00062ATMN  
0160223390999992000020206004+66100+037820FM-12+000799999V0202701N006019999999N0500001N1-01021+99999097751ADDAA112001091AY181061AY231061IA1249KA1120N-01161MD1310201+9999MW1361REMSYN082AAXX  02061 22339 11584 /2706 11102 49775 53020 60012 73683 333 21116 480// 91008;
0150223390999992000020212004+66100+037820FM-12+000799999V0209999C000019999999N0008001N1-01441-01571097991ADDAY141061AY211061GF106991001001999999001011MD1110071+9999MW1461REMSYN076AAXX  02121 22339 41908 60000 11144 21157 49799 51007 74641 80001 333 93504;
0204223390999992000020306004+66100+037820FM-12+000799999V0202901N002010300019N0500001N1-01181-01271098111ADDAA112000891AJ100269199999999GF107991021051008001071061IA1249KA1120N-01301MD1310081+9999OA140100401REMSYN094AAXX  03061 22339 11584 72902 11118 21127 49811 53008 69972 82576 333 21130 48026 91004 93509;
0128223390999992000020412004+66100+037820FM-12+000799999V0203201N002012200019N0450001N1-01301-01431099361ADDGF102991001001999999001011MD1810081+9999REMSYN076AAXX  04121 22339 42983 23202 11130 21143 49936 58008 80001 333 91002 93503;
0255223390999992000021306004+66100+037820FM-12+000799999V0200901N002010003019N0002001N1-01011-01141100511ADDAA199000091AJ100369199999999AY141061AY211061GA1091+999999999GF109991091999999999999999IA1249KA1120N-01691MD1810021+9999MW1481OA140100201REMSYN088AAXX  13061 22339 31/02 90902 11101 21114 40051 58002 74841 333 21169 48036 91002 93515;EQDQ01  00002PRCP99
0150223390999992000021512004+66100+037820FM-12+000799999V0201401N004010042019N0080001N1-00281-00321100041ADDAY181061AY221061GF108991081091004501999999MD1810011+9999MW1851REMSYN076AAXX  15121 22339 41458 81404 11028 21032 40004 58001 78582 889// 333 91004;
0138223390999992000022312004+66100+037820FM-12+000799999V0202701N002012200019N0500001N1-01341-01471102401ADDGA1001+999999999GF100991001001999999001001MD1810041+9999REMSYN070AAXX  23121 22339 42984 02702 11134 21147 40240 58004 81030 333 91004;
0122223390999992000022512004+66100+037820FM-12+000799999V0200501N002012200019N0500001N1-01361-01711101631ADDGF101991011001999999031001MD1310021+9999REMSYN070AAXX  25121 22339 42984 10502 11136 21171 40163 53002 81030 333 91004;
0122223390999992000022912004+66100+037820FM-12+000799999V0200501N006019999999N0400001N1-01661-02161099121ADDGF108991021001999999011071MD1210341+9999REMSYN070AAXX  29121 22339 41982 80506 11166 21216 49912 52034 82017 333 91008;
0167223390999992000030112004+66100+037820FM-12+000799999V0201101N008019999999N0043001N1-01221-01491099471ADDAY171061AY231061GF108991081001999999021999MD1610121+9999MW1711OA140101001REMSYN082AAXX  01121 22339 41943 81108 11122 21149 49947 56012 77173 8802/ 333 91010 91110;
0167223390999992000030212004+66100+037820FM-12+000799999V0201801N010019999999N0450001N1+00101-00071098061ADDAY171061AY231061GF108991081001999999021999MD1610111+9999MW1221OA140101201REMSYN082AAXX  02121 22339 41983 81810 10010 21007 49806 56011 72273 8802/ 333 91012 91112;
0232223390999992000030306004+66100+037820FM-12+000799999V0202501N012012200019N0500001N1-00941-01291098741ADDAA112002091AJ100599199999999AY181061AY231061GF102991021051008001001021IA1249KA1120N-00971MD1210171+9999MW1361OA140101601REMSYN100AAXX  03061 22339 11584 22512 11094 21129 49874 52017 60022 73683 82502 333 21097 48059 91016 91116;
0174223390999992000030312004+66100+037820FM-12+000799999V0202501N010019999999N0500001N1-00831-01201098981ADDGF108991001001999999001021MD1210632+9999OA140101201REMSYN076AAXX  03121 22339 42584 82510 11083 21120 49898 52063 80002 333 91012 91112;EQDQ01+008002SCOLCBQ02+000632APC3  
0122223390999992000030612004+66100+037820FM-12+000799999V0200701N004010075019N0500001N1-00701-01221100201ADDGF106991061051008001001001MD1810131+9999REMSYN070AAXX  06121 22339 42584 60704 11070 21122 40020 58013 86500 333 91006;
0167223390999992000030712004+66100+037820FM-12+000799999V0201101N014010042019N0020001N1-00541-00751098231ADDAY181061AY231061GF108991081091004501999999MD1710181+9999MW1861OA140101801REMSYN082AAXX  07121 22339 41420 81114 11054 21075 49823 57018 78683 889// 333 91018 91118;
0232223390999992000030806004+66100+037820FM-12+000799999V0201101N006010042019N0025001N1-00341-00451097621ADDAA112001091AJ100829199999999AY181061AY231061GF108991081091004501999999IA1249KA1120N-00541MD1810101+9999MW1851OA140100801REMSYN100AAXX  08061 22339 11425 81106 11034 21045 49762 58010 60012 78583 889// 333 21054 48082 91008 91114;
0207223390999992000030906004+66100+037820FM-12+000799999V0201101N004010300019N0220001N1-01281-01481097921ADDAA112000191AJ100829199999999AY181061GF108991031051008001031091IA1249KA1120N-01491MD1210021+9999MW1021REMSYN094AAXX  09061 22339 11572 81104 11128 21148 49792 52002 69922 7028/ 83539 333 21149 48082 91004;
0176223390999992000031306004+66100+037820FM-12+000799999V0202501N008010300019N0450001N1-00561-00941100361ADDAA199000091AY131061AY211061GF108991011051008001031021MD1210221+9999MW1361REMSYN072AAXX  13061 22339 31583 82508 11056 21094 40036 52022 73631 81532 91010;EQDQ01  00002PRCP99
0143223390999992000031412004+66100+037820FM-12+000799999V0201801N010010042019N0033001N1-00261-00291099691ADDGF108991081091004501999999REMSYN070AAXX  14121 22339 41433 81810 11026 21029 49969 5288/ 889// 333 91116;EQDQ01+000027APCTENQ02+008807APC3  
0150223390999992000031612004+66100+037820FM-12+000799999V0201401N004010042019N0050001N1-00111-00181101201ADDAY181061AY231061GF108991081091004501999999MD1210241+9999MW1851REMSYN076AAXX  16121 22339 41450 81404 11011 21018 40120 52024 78583 889// 333 91006;
0200223390999992000031706004+66100+037820FM-12+000799999V0201101N004010075019N0300001N1-00071-00141102281ADDAA199000091AJ100979199999999GF108991081051008001999999IA1249KA1120N-00201MD1210161+9999REMSYN082AAXX  17061 22339 32580 81104 11007 21014 40228 52016 885// 333 21020 48097 91006;EQDQ01  00002PRCP99
0122223390999992000031712004+66100+037820FM-12+000799999V0201101N004010075019N0300001N1-00051-00171102491ADDGF108991081051008001999999MD1210071+9999REMSYN070AAXX  17121 22339 42580 81104 11005 21017 40249 52007 885// 333 91006;
0169223390999992000031812004+66100+037820FM-12+000799999V0201101N004010042019N0090001N1-00281-00481102481ADDAY121061AY221061GF106991999061004501001001MD1410001+9999MW1101REMSYN076AAXX  18121 22339 41459 61104 11028 21048 40248 54000 71022 85600 333 91006;EQDQ01+000052SCOTLC
0200223390999992000031906004+66100+037820FM-12+000799999V0201101N002019999999N0130001N1-00481-00541102061ADDAA199000091AJ100989199999999GF108991081001999999021999IA1249KA1120N-01151MD1710211+9999REMSYN082AAXX  19061 22339 32963 81102 11048 21054 40206 57021 8802/ 333 21115 48098 91002;EQDQ01  00002PRCP99
0150223390999992000031912004+66100+037820FM-12+000799999V0202001N006010300019N0200001N1-00201-00481101721ADDAY181061AY221061GF108991021051008001031091MD1710201+9999MW1021REMSYN076AAXX  19121 22339 41570 82006 11020 21048 40172 57020 70282 82539 333 91008;
0149223390999992000032112004+66100+037820FM-12+000799999V0202501N006012200019N0500001N1-00141-00661099501ADDGA1001+999999999GF100991001001999999001001MD1310171+9999OA140100801REMSYN070AAXX  21121 22339 42984 02506 11014 21066 49950 53017 333 91008 91112;
0122223390999992000032212004+66100+037820FM-12+000799999V0202301N004012200019N0500001N1-00301-00721099421ADDGF101991001001999999001011MD1210021+9999REMSYN070AAXX  22121 22339 42984 12304 11030 21072 49942 52002 80001 333 91006;
0122223390999992000032612004+66100+037820FM-12+000799999V0203201N002019999999N0500001N1-00391-00931101051ADDGF105991001001999999001011MD1210141+9999REMSYN070AAXX  26121 22339 42984 53202 11039 21093 40105 52014 80001 333 91004;
0227223390999992000032706004+66100+037820FM-12+000799999V0202901N004012200019N0400001N1-01051-01181101641ADDAA199000091AJ100969199999999GA1001+999999999GF100991001001999999001001IA1249KA1120N-01541MD1210101+9999OA140100401REMSYN082AAXX  27061 22339 32982 02904 11105 21118 40164 52010 333 21154 48096 91004 93506;EQDQ01  00002PRCP99
0215223390999992000040106004+66100+037820FM-12+000799999V0201101N006010042019N0050001N1-00421-00511100151ADDAA112000191AJ100959199999999AY171061AY231061GF108991081001004501021999IA1249KA1120N-00681MD1710201+9999MW1711REMSYN094AAXX  01061 22339 11450 81106 11042 21051 40015 57020 69922 77173 8802/ 333 21068 48095 91008;
0211223390999992000040506004+66100+037820FM-12+000799999V0201101N008019999999N0450001N1-00301-00681101111ADDAA199000091AJ100989199999999GF108991999999999999999999IA1249KA1120N-00491MD1019999+9999OA140101001REMSYN082AAXX  05061 22339 31983 81108 11030 21068 40111 50//9 333 21049 48098 91010 91110;EQDQ01  00002PRCP99
