0233309110999992000010100004+50730+102830FM-12+117099999V0200401N001012200019N0500001N1-02541-02721999999ADDAA112000591AJ100089199999999GF102991001001999999001011IA1239KA1120N-02551MA1999999088641MD1210231+9999ME1314709REMSYN110AAXX  01001 30911 32984 20401 11254 21272 38864 48470 52023 69942 80001 333 21255 47008 555 51298 53002 7994/;
0202309110999992000010112004+50730+102830FM-12+117099999V0209999C000012200019N0500001N1-03281-03511999999ADDAA106000091GA1001+999999999GF100991001001999999001001MA1999999088741MD1410001+9999ME1314689REMSYN080AAXX  01121 30911 32984 00000 11328 21351 38874 48468 54000 333 1121/ 555 53002;EQDQ01  00002PRCP06
0246309110999992000010200004+50730+102830FM-12+117099999V0209999C000012200019N0500001N1-03881-04111999999ADDAA106000091AJ100089199999999GF103991001001999999001011IA1239KA1120N-03991MA1999999088241MD1710061+9999ME1314229REMSYN104AAXX  02001 30911 32984 30000 11388 21411 38824 48422 57006 80001 333 21399 47008 555 51259 53002 7000/;EQDQ01  00002PRCP06
0205309110999992000010212004+50730+102830FM-12+117099999V0209999C000019999999N0500001N1-03391-03611999999ADDAA106000091GF108991001001999999001011KA1120M-02741MA1999999087761MD1410001+9999ME1313969REMSYN086AAXX  02121 30911 32984 80000 11339 21361 38776 48396 54000 80001 333 11274 555 53002;EQDQ01  00002PRCP06
0246309110999992000010300004+50730+102830FM-12+117099999V0209999C000019999999N0500001N1-04011-04211999999ADDAA106000091AJ100089199999999GF105991001001999999001011IA1239KA1120N-04051MA1999999087721MD1310021+9999ME1313839REMSYN104AAXX  03001 30911 32984 50000 11401 21421 38772 48383 53002 80001 333 21405 47008 555 51352 53002 7000/;EQDQ01  00002PRCP06
0205309110999992000010312004+50730+102830FM-12+117099999V0203201N001019999999N0500001N1-03441-03671999999ADDAA106000091GF108991001001999999001011KA1120M-02711MA1999999087891MD1210111+9999ME1314049REMSYN086AAXX  03121 30911 32984 83201 11344 21367 38789 48404 52011 80001 333 11271 555 53002;EQDQ01  00002PRCP06
0261309110999992000010500004+50730+102830FM-12+117099999V0209999C000019999999N0500001N1-03161-03321999999ADDAA112000391AJ100099199999999AY171061AY221061GF108991001001999999001011IA1239KA1120N-03181MA1999999089181MD1210101+9999ME1315099MW1021REMSYN116AAXX  05001 30911 11984 80000 11316 21332 38918 48509 52010 69932 70272 80001 333 21318 47009 555 51285 53002 7998/;
0205309110999992000010512004+50730+102830FM-12+117099999V0209999C000019999999N0500001N1-03441-03671999999ADDAA106000091GF108991001001999999001071KA1120M-02541MA1999999089251MD1110061+9999ME1315149REMSYN086AAXX  05121 30911 32984 80000 11344 21367 38925 48514 51006 80007 333 11254 555 53002;EQDQ01  00002PRCP06
0243309110999992000010612004+50730+102830FM-12+117099999V0209999C000012200019N0009001N1-04051-04321999999ADDAA106000091AY141061AY201061GA1001+999999999GF100991001001999999001001KA1120M-03281MA1999999088641MD1710101+9999ME1314519MW1461REMSYN086AAXX  06121 30911 31909 00000 11405 21432 38864 48451 57010 74640 333 11328 555 53002;EQDQ01  00002PRCP06
0246309110999992000010700004+50730+102830FM-12+117099999V0209999C000012200019N0500001N1-03951-04221999999ADDAA106000091AJ100099199999999GF103991001001999999001011IA1239KA1120N-04391MA1999999088091MD1710131+9999ME1314149REMSYN104AAXX  07001 30911 32984 30000 11395 21422 38809 48414 57013 80001 333 21439 47009 555 51403 53002 7000/;EQDQ01  00002PRCP06
0215309110999992000010712004+50730+102830FM-12+117099999V0209999C000012200019N0500001N1-03691-03971999999ADDAA106000091GA1001+999999999GF100991001001999999001001KA1120M-02801MA1999999087841MD1410001+9999ME1313939REMSYN080AAXX  07121 30911 32984 00000 11369 21397 38784 48393 54000 333 11280 555 53002;EQDQ01  00002PRCP06
0246309110999992000010800004+50730+102830FM-12+117099999V0209999C000019999999N0500001N1-03031-03271999999ADDAA106000091AJ100099199999999GF108991031001999999041071IA1239KA1120N-03851MA1999999087711MD1710031+9999ME1313929REMSYN104AAXX  08001 30911 32984 80000 11303 21327 38771 48392 57003 83047 333 21385 47009 555 51379 53002 7000/;EQDQ01  00002PRCP06
0205309110999992000010812004+50730+102830FM-12+117099999V0209999C000019999999N0500001N1-02781-03031999999ADDAA106000091GF108991021001999999041071KA1120M-02181MA1999999087931MD1310161+9999ME1314109REMSYN086AAXX  08121 30911 32984 80000 11278 21303 38793 48410 53016 82047 333 11218 555 53002;EQDQ01  00002PRCP06
0246309110999992000010900004+50730+102830FM-12+117099999V0209999C000012200019N0500001N1-03811-04031999999ADDAA106000091AJ100099199999999GF102991001001999999001011IA1239KA1120N-03821MA1999999087921MD1710151+9999ME1314009REMSYN104AAXX  09001 30911 32984 20000 11381 21403 38792 48400 57015 80001 333 21382 47009 555 51303 53001 7000/;EQDQ01  00002PRCP06
0205309110999992000010912004+50730+102830FM-12+117099999V0209999C000012200019N0500001N1-03051-03271999999ADDAA106000091GF102991001001999999001011KA1120M-02161MA1999999087971MD1310201+9999ME1314159REMSYN086AAXX  09121 30911 32984 20000 11305 21327 38797 48415 53020 80001 333 11216 555 53003;EQDQ01  00002PRCP06
0246309110999992000011000004+50730+102830FM-12+117099999V0202701N001019999999N0500001N1-03031-03211999999ADDAA106000091AJ100099199999999GF108991001001999999001071IA1239KA1120N-03451MA1999999088781MD1210201+9999ME1314809REMSYN104AAXX  10001 30911 32984 82701 11303 21321 38878 48480 52020 80007 333 21345 47009 555 51312 53002 7000/;EQDQ01  00002PRCP06
0256309110999992000011100004+50730+102830FM-12+117099999V0209999C000012200019N0500001N1-03561-03711999999ADDAA106000091AJ100099199999999GA1001+999999999GF100991001001999999001001IA1239KA1120N-03571MA1999999089121MD1710031+9999ME1314979REMSYN098AAXX  11001 30911 32984 00000 11356 21371 38912 48497 57003 333 21357 47009 555 51283 53002 7997/;EQDQ01  00002PRCP06
0240309110999992000011200004+50730+102830FM-12+117099999V0209999C000012200019N0500001N1-03781-03991999999ADDAA106000091AJ100099199999999GF102991001001999999001011IA1239KA1120N-03791MA1999999088571MD1610071+9999ME1314549REMSYN098AAXX  12001 30911 32984 20000 11378 21399 38857 48454 56007 80001 333 21379 47009 555 53001 7000/;EQDQ01  00002PRCP06
0215309110999992000011212004+50730+102830FM-12+117099999V0202701N001012200019N0500001N1-03101-03341999999ADDAA106000091GA1001+999999999GF100991001001999999001001KA1120M-02441MA1999999088231MD1410001+9999ME1314319REMSYN080AAXX  12121 30911 32984 02701 11310 21334 38823 48431 54000 333 11244 555 5-002;EQDQ01  00002PRCP06
0256309110999992000011300004+50730+102830FM-12+117099999V0202701N001012200019N0500001N1-03671-03911999999ADDAA106000091AJ100099199999999GA1001+999999999GF100991001001999999001001IA1239KA1120N-03691MA1999999088151MD1310031+9999ME1314249REMSYN098AAXX  13001 30911 32984 02701 11367 21391 38815 48424 53003 333 21369 47009 555 51331 53002 7000/;EQDQ01  00002PRCP06
0265309110999992000011400004+50730+102830FM-12+117099999V0209999C000019999999N0500001N1-02341-02521999999ADDAA112000791AJ100099199999999AY171061AY221061GF108991001001999999001071IA1239KA1120N-03051MA1999999088171MD1210171+9999ME1314409MW1021REMSYN120    AAXX  14001 30911 11984 80000 11234 21252 38817 48440 52017 69902 70272 80007 333 21305 47009 555 51315 53001 7990/;
0219309110999992000011412004+50730+102830FM-12+117099999V0209999C000012200019N0500001N1-02841-03021999999ADDAA199000091GA1001+999999999GF100991001001999999001001KA1120M-01511MA1999999088531MD1210161+9999ME1314589REMSYN084    AAXX  14121 30911 32984 00000 11284 21302 38853 48458 52016 333 11151 555 53002;EQDQ01  00002PRCP99
0250309110999992000011500004+50730+102830FM-12+117099999V0202701N001012200019N0500001N1-03701-03851999999ADDAA199000091AJ100099199999999GF101991001001999999001011IA1239KA1120N-03711MA1999999088761MD1210051+9999ME1314719REMSYN108    AAXX  15001 30911 32984 12701 11370 21385 38876 48471 52005 80001 333 21371 47009 555 51238 53002 7000/;EQDQ01  00002PRCP99
0209309110999992000011512004+50730+102830FM-12+117099999V0202701N001019999999N0500001N1-03091-03321999999ADDAA199000091GF106991001001999999001011KA1120M-02221MA1999999088501MD1310021+9999ME1314539REMSYN090    AAXX  15121 30911 32984 62701 11309 21332 38850 48453 53002 80001 333 11222 555 53002;EQDQ01  00002PRCP99
0222309110999992000011600004+50730+102830FM-12+117099999V0202701N001012200019N0500001N1-03731-03951999999ADDAA199000091GF102991001001999999001011KA1120N-03741MA1999999088361MD1410001+9999ME1314409REMSYN103    AAXX  16001 30911 32984 22701 11373 21395 38836 48440 54000 80001 333 21374 555 51314 93004# 7000/;EQDQ01  00002PRCP99
0130309110999992000011700004+50730+102830FM-12+117099999V0209999C000019999999N0500001N1+99999+99999999999ADDAA124999999GF108991001001999999001071KA1120N-06051REMSYN068    AAXX  17001 30911 32984 80000 2016/ 80007 333 21605 53001 7000/;
0222309110999992000011712004+50730+102830FM-12+117099999V02099999999992200019N0500001N1-02771-03081999999ADDAA199000091GA1011+001809029GF199999001001999999001001MA1999999089001MD1310201+9999ME1314999REMSYN084    AAXX  17121 30911 32984 0030/ 11277 21308 38900 48499 53020 333 81206 555 53009;EQDQ01+000002SCOTCVQ02  00002PRCP99
0260309110999992000011800004+50730+102830FM-12+117099999V0200601N001012200019N0500001N1-03751-03991999999ADDAA199000091AJ100099199999999GA1001+999999999GF100991001001999999001001IA1239KA1120N-03751MA1999999089291MD1510001+9999ME1315089REMSYN102    AAXX  18001 30911 32984 00601 11375 21399 38929 48508 55000 333 21375 47009 555 51295 53002 7000/;EQDQ01  00002PRCP99
0219309110999992000011812004+50730+102830FM-12+117099999V0209999C000012200019N0500001N1-03121-03361999999ADDAA199000091GA1001+999999999GF100991001001999999001001KA1120M-02201MA1999999088801MD1610061+9999ME1314799REMSYN084    AAXX  18121 30911 32984 00000 11312 21336 38880 48479 56006 333 11220 555 53002;EQDQ01  00002PRCP99
0241309110999992000011900004+50730+102830FM-12+117099999V0209999C000019999999N0500001N1-03381-03611999999ADDAA199000091AJ100099199999999GF108991011001999999041011IA1239KA1120N-03481MA1999999088491MD1610041+9999REMSYN108    AAXX  19001 30911 32984 80000 11338 21361 38849 484/0 56004 81041 333 21348 47009 555 51315 53002 7000/;EQDQ01  00002PRCP99
0225309110999992000011912004+50730+102830FM-12+117099999V0209999C050029999999N0500001N1-02611-02851999999ADDAA199000091GF108991001001999999001071KA1120M-01901MA1999999088441MD1310071+9999ME1314539REMSYN090    AAXX  19121 30911 32984 80050 11261 21285 38844 48453 53007 80007 333 11190 555 53001;EQDQ01+005003WOSPD Q02  00002PRCP99
0246309110999992000012000004+50730+102830FM-12+117099999V0203101N001019999999N0500001N1-03081-03251999999ADDAA199000091AJ100099199999999GF108991001001999999001011IA1239KA1120N-03081MA1999999088661MD1210131+9999ME1314719REMSYN104AAXX  20001 30911 32984 83101 11308 21325 38866 48471 52013 80001 333 21308 47009 555 51295 53002 7000/;EQDQ01  00002PRCP99
0186309110999992000012012004+50730+102830FM-12+117099999V0200101N001019999999N0500001N1-02621-02871999999ADDAA199000091GF108991001001999999001071MA1999999088841MD1310161+9999ME1314859REMSYN080AAXX  20121 30911 32984 80101 11262 21287 38884 48485 53016 80007 333 555 53002;EQDQ01  00002PRCP99
0261309110999992000012100004+50730+102830FM-12+117099999V0209999C000019999999N0500001N1-02861-03031999999ADDAA112000191AJ100099199999999AY171061AY221061GF108991021001999999041071IA1239KA1120N-02861MA1999999088901MD1710021+9999ME1314899MW1021REMSYN116AAXX  21001 30911 11984 80000 11286 21303 38890 48489 57002 69922 70272 82047 333 21286 47009 555 52158 53002 7992/;
0211309110999992000012112004+50730+102830FM-12+117099999V0209999C000019999999N0500001N1-02281-02461999999ADDAA112999999GF108991001001999999001071KA1120M-01501MA1999999088891MD1310081+9999ME1314979REMSYN092AAXX  21121 30911 12984 80000 11228 21246 38889 48497 53008 69502 80007 333 11150 555 53001;EQDQ01  95002PRCP12
0220309110999992000012212004+50730+102830FM-12+117099999V0209999C000019999999N0500001N1-02511-02691999999ADDAA112000191AY171061AY221061GF108991021001999999041071KA1120M-01551MA1999999089561MD1210211+9999ME1315519MW1021REMSYN098AAXX  22121 30911 11984 80000 11251 21269 38956 48551 52021 69922 70272 82047 333 11155 555 53003;
0256309110999992000012300004+50730+102830FM-12+117099999V0209999C000012200019N0500001N1-03401-03551999999ADDAA199000091AJ100099199999999GA1001+999999999GF100991001001999999001001IA1239KA1120N-03411MA1999999090251MD1210241+9999ME1315929REMSYN098AAXX  23001 30911 32984 00000 11340 21355 39025 48592 52024 333 21341 47009 555 51242 53002 7000/;EQDQ01  00002PRCP99
0246309110999992000012400004+50730+102830FM-12+117099999V0209999C000019999999N0500001N1-03731-03951999999ADDAA199000091AJ100099199999999GF106991021001999999041011IA1239KA1120N-03831MA1999999090511MD1310011+9999ME1316019REMSYN104AAXX  24001 30911 32984 60000 11373 21395 39051 48601 53001 82041 333 21383 47009 555 51281 53002 7000/;EQDQ01  00002PRCP99
0215309110999992000012412004+50730+102830FM-12+117099999V0200101N001012200019N0500001N1-02991-03231999999ADDAA199000091GA1001+999999999GF100991001001999999001001KA1120M-02141MA1999999090511MD1310101+9999ME1316149REMSYN080AAXX  24121 30911 32984 00101 11299 21323 39051 48614 53010 333 11214 555 53002;EQDQ01  00002PRCP99
0256309110999992000012500004+50730+102830FM-12+117099999V0203201N001012200019N0500001N1-03681-03911999999ADDAA199000091AJ100099199999999GA1001+999999999GF100991001001999999001001IA1239KA1120N-03741MA1999999090641MD1210011+9999ME1316089REMSYN098AAXX  25001 30911 32984 03201 11368 21391 39064 48608 52001 333 21374 47009 555 51321 53002 7000/;EQDQ01  00002PRCP99
0215309110999992000012512004+50730+102830FM-12+117099999V0203201N001012200019N0500001N1-02951-03211999999ADDAA199000091GA1001+999999999GF100991001001999999001001KA1120M-01871MA1999999090431MD1210051+9999ME1316069REMSYN080AAXX  25121 30911 32984 03201 11295 21321 39043 48606 52005 333 11187 555 53002;EQDQ01  00002PRCP99
0256309110999992000012600004+50730+102830FM-12+117099999V0203201N001012200019N0500001N1-03731-03951999999ADDAA199000091AJ100099199999999GA1001+999999999GF100991001001999999001001IA1239KA1120N-03741MA1999999090301MD1710051+9999ME1315859REMSYN098AAXX  26001 30911 32984 03201 11373 21395 39030 48585 57005 333 21374 47009 555 51313 53002 7000/;EQDQ01  00002PRCP99
0205309110999992000012612004+50730+102830FM-12+117099999V0209999C000012200019N0500001N1-03081-03321999999ADDAA199000091GF101991001001999999001011KA1120M-01951MA1999999089551MD1710091+9999ME1315419REMSYN086AAXX  26121 30911 32984 10000 11308 21332 38955 48541 57009 80001 333 11195 555 53001;EQDQ01  00002PRCP99
0246309110999992000012700004+50730+102830FM-12+117099999V0209999C000019999999N0500001N1-03051-03271999999ADDAA199000091AJ100099199999999GF108991011001999999041011IA1239KA1120N-03531MA1999999089501MD1210021+9999ME1315339REMSYN104AAXX  27001 30911 32984 80000 11305 21327 38950 48533 52002 81041 333 21353 47009 555 51318 53002 7000/;EQDQ01  00002PRCP99
0205309110999992000012712004+50730+102830FM-12+117099999V0203201N001019999999N0500001N1-02631-02871999999ADDAA199000091GF108991041001999999071071KA1120M-01781MA1999999089531MD1310081+9999ME1315419REMSYN086AAXX  27121 30911 32984 83201 11263 21287 38953 48541 53008 84077 333 11178 555 53002;EQDQ01  00002PRCP99
0233309110999992000012800004+50730+102830FM-12+117099999V0209999C000019999999N0500001N1-02951-03131999999ADDAA112000791AJ100099199999999GF108991021001999999041071IA1239KA1120N-02961MA1999999089921MD1310091+9999ME1315679REMSYN110AAXX  28001 30911 12984 80000 11295 21313 38992 48567 53009 69902 82047 333 21296 47009 555 51282 53002 7990/;
0246309110999992000012900004+50730+102830FM-12+117099999V0209999C000012200019N0500001N1-03461-03671999999ADDAA199000091AJ100099199999999GF102991001001999999001011IA1239KA1120N-03461MA1999999090331MD1210031+9999ME1315899REMSYN104AAXX  29001 30911 32984 20000 11346 21367 39033 48589 52003 80001 333 21346 47009 555 51255 53001 7000/;EQDQ01  00002PRCP99
0231309110999992000012912004+50730+102830FM-12+117099999V0209999C000012200019N0500001N1-02881-03131999999ADDAA199000091GA1001+999999999GF100991001001999999001001KA1120M-01801MA1999999090321MD1310882+9999ME1316009REMSYN080AAXX  29121 30911 32984 00000 11288 21313 39032 48600 53088 333 11180 555 53003;EQDQ01+000882APC3  Q02  00002PRCP99
0256309110999992000013000004+50730+102830FM-12+117099999V0209999C000012200019N0500001N1-03621-03841999999ADDAA199000091AJ100099199999999GA1001+999999999GF100991001001999999001001IA1239KA1120N-03701MA1999999090461MD1410001+9999ME1316039REMSYN098AAXX  30001 30911 32984 00000 11362 21384 39046 48603 54000 333 21370 47009 555 51280 53003 7000/;EQDQ01  00002PRCP99
0215309110999992000013012004+50730+102830FM-12+117099999V0209999C000012200019N0500001N1-02701-02941999999ADDAA199000091GA1001+999999999GF100991001001999999001001KA1120M-01851MA1999999090201MD1710051+9999ME1315959REMSYN080AAXX  30121 30911 32984 00000 11270 21294 39020 48595 57005 333 11185 555 53001;EQDQ01  00002PRCP99
0256309110999992000013100004+50730+102830FM-12+117099999V0203301N001012200019N0500001N1-03631-03841999999ADDAA199000091AJ100099199999999GA1001+999999999GF100991001001999999001001IA1239KA1120N-03641MA1999999090051MD1710031+9999ME1315729REMSYN098AAXX  31001 30911 32984 03301 11363 21384 39005 48572 57003 333 21364 47009 555 51290 53002 7000/;EQDQ01  00002PRCP99
0215309110999992000013112004+50730+102830FM-12+117099999V0209999C000012200019N0500001N1-02701-02941999999ADDAA199000091GA1001+999999999GF100991001001999999001001KA1120M-01731MA1999999089441MD1710011+9999ME1315329REMSYN080AAXX  31121 30911 32984 00000 11270 21294 38944 48532 57001 333 11173 555 53002;EQDQ01  00002PRCP99
0256309110999992000020100004+50730+102830FM-12+117099999V0203201N001012200019N0500001N1-03631-03841999999ADDAA199000091AJ100099199999999GA1001+999999999GF100991001001999999001001IA1239KA1120N-03741MA1999999089181MD1710081+9999ME1314929REMSYN098AAXX  01001 30911 32984 03201 11363 21384 38918 48492 57008 333 21374 47009 555 51295 53002 7000/;EQDQ01  00002PRCP99
0246309110999992000020200004+50730+102830FM-12+117099999V0209999C000019999999N0500001N1-03491-03701999999ADDAA199000091AJ100099199999999GF108991011001999999041011IA1239KA1120N-03501MA1999999088921MD1310091+9999ME1314819REMSYN104AAXX  02001 30911 32984 80000 11349 21370 38892 48481 53009 81041 333 21350 47009 555 51298 53002 7000/;EQDQ01  00002PRCP99
0215309110999992000020212004+50730+102830FM-12+117099999V0203201N001012200019N0500001N1-02711-03011999999ADDAA199000091GA1001+999999999GF100991001001999999001001KA1120M-01501MA1999999088701MD1410001+9999ME1314769REMSYN080AAXX  02121 30911 32984 03201 11271 21301 38870 48476 54000 333 11150 555 53002;EQDQ01  00002PRCP99
0256309110999992000020300004+50730+102830FM-12+117099999V0209999C000012200019N0500001N1-03701-03911999999ADDAA199000091AJ100099199999999GA1001+999999999GF100991001001999999001001IA1239KA1120N-03751MA1999999088621MD1410001+9999ME1314569REMSYN098AAXX  03001 30911 32984 00000 11370 21391 38862 48456 54000 333 21375 47009 555 51284 53002 7000/;EQDQ01  00002PRCP99
0215309110999992000020312004+50730+102830FM-12+117099999V0202701N001012200019N0500001N1-02801-03041999999ADDAA199000091GA1001+999999999GF100991001001999999001001KA1120M-01631MA1999999088371MD1310051+9999ME1314509REMSYN080AAXX  03121 30911 32984 02701 11280 21304 38837 48450 53005 333 11163 555 53002;EQDQ01  00002PRCP99
0256309110999992000020400004+50730+102830FM-12+117099999V0209999C000012200019N0500001N1-03691-03911999999ADDAA199000091AJ100099199999999GA1001+999999999GF100991001001999999001001IA1239KA1120N-03701MA1999999088461MD1710021+9999ME1314489REMSYN098AAXX  04001 30911 32984 00000 11369 21391 38846 48448 57002 333 21370 47009 555 51292 53001 7000/;EQDQ01  00002PRCP99
0215309110999992000020412004+50730+102830FM-12+117099999V0209999C000012200019N0500001N1-02781-03091999999ADDAA199000091GA1001+999999999GF100991001001999999001001KA1120M-01601MA1999999088371MD1310181+9999ME1314509REMSYN080AAXX  04121 30911 32984 00000 11278 21309 38837 48450 53018 333 11160 555 53002;EQDQ01  00002PRCP99
0246309110999992000020500004+50730+102830FM-12+117099999V0209999C000012200019N0500001N1-03661-03871999999ADDAA199000091AJ100099199999999GF102991001001999999001011IA1239KA1120N-03671MA1999999088681MD1310091+9999ME1314649REMSYN104AAXX  05001 30911 32984 20000 11366 21387 38868 48464 53009 80001 333 21367 47009 555 51292 53002 7000/;EQDQ01  00002PRCP99
0256309110999992000020600004+50730+102830FM-12+117099999V0209999C000012200019N0500001N1-03641-03871999999ADDAA199000091AJ100099199999999GA1001+999999999GF100991001001999999001001IA1239KA1120N-03651MA1999999089071MD1210081+9999ME1314969REMSYN098AAXX  06001 30911 32984 00000 11364 21387 38907 48496 52008 333 21365 47009 555 51293 53001 7000/;EQDQ01  00002PRCP99
0215309110999992000020612004+50730+102830FM-12+117099999V0201201N001012200019N0500001N1+99999+99999999999ADDAA199000091GA1001+999999999GF100991001001999999001001KA1120M-01381MA1999999088821MD1210011+9999ME1314879REMSYN080AAXX  06121 30911 32984 01201 112/1 21282 38882 48487 52001 333 11138 555 53002;EQDQ01  00002PRCP99
0246309110999992000020700004+50730+102830FM-12+117099999V0209999C000019999999N0500001N1-03161-03381999999ADDAA199000091AJ100099199999999GF106991001001999999001011IA1239KA1120N-03171MA1999999088461MD1710131+9999ME1314549REMSYN104AAXX  07001 30911 32984 60000 11316 21338 38846 48454 57013 80001 333 21317 47009 555 51286 53002 7000/;EQDQ01  00002PRCP99
0161309110999992000020712004+50730+102830FM-12+117099999V0209999C000019999999N0500001N1-01741-02081999999ADDAA199000091GF108991021001999999041071MD1310101+9999ME1314729REMSYN070AAXX  07121 30911 32984 80000 11174 21208 48472 53010 82047 333 53002;EQDQ01  00002PRCP99
0246309110999992000020800004+50730+102830FM-12+117099999V0209999C000019999999N0500001N1-02031-02221999999ADDAA199000091AJ100099199999999GF108991081001999999071999IA1239KA1120N-02291MA1999999088641MD1210011+9999ME1314769REMSYN104AAXX  08001 30911 32984 80000 11203 21222 38864 48476 52001 8807/ 333 21229 47009 555 512-7 53001 7000/;EQDQ01  00002PRCP99
0202309110999992000020812004+50730+102830FM-12+117099999V0202701N002012200019N0500001N1-01641-01771999999ADDAA112000791GA1001+999999999GF100991001001999999001001KA1120M-00511MA1999999088241MD1410001+9999ME1314459REMSYN086AAXX  08121 30911 12984 02702 11164 21177 38824 48445 54000 69902 333 11051 555 53002;
0246309110999992000020900004+50730+102830FM-12+117099999V0209999C000012200019N0500001N1-02541-02721999999ADDAA199000091AJ100099199999999GF101991011001999999041001IA1239KA1120N-02651MA1999999088201MD1710011+9999ME1314389REMSYN104AAXX  09001 30911 32984 10000 11254 21272 38820 48438 57001 81040 333 21265 47009 555 51167 53002 7990/;EQDQ01  00002PRCP99
0215309110999992000020912004+50730+102830FM-12+117099999V0209999C000012200019N0500001N1-01821-02011999999ADDAA199000091GA1001+999999999GF100991001001999999001001KA1120M-00671MA1999999087891MD1310031+9999ME1314209REMSYN080AAXX  09121 30911 32984 00000 11182 21201 38789 48420 53003 333 11067 555 53002;EQDQ01  00002PRCP99
0256309110999992000021000004+50730+102830FM-12+117099999V0209999C000012200019N0500001N1-02801-02981999999ADDAA199000091AJ100099199999999GA1001+999999999GF100991001001999999001001IA1239KA1120N-02851MA1999999088041MD1410001+9999ME1314189REMSYN098AAXX  10001 30911 32984 00000 11280 21298 38804 48418 54000 333 21285 47009 555 51195 53002 7000/;EQDQ01  00002PRCP99
0261309110999992000021100004+50730+102830FM-12+117099999V0209999C000010120019N0036001N1-01421-01551999999ADDAA112001091AJ100109199999999AY171061AY221061GF108991081001012501021999IA1239KA1120N-02231MA1999999087961MD1210141+9999ME1314329MW1711REMSYN116AAXX  11001 30911 11636 80000 11142 21155 38796 48432 52014 69992 77172 8802/ 333 21223 47010 555 51204 53002 7999/;
0220309110999992000021112004+50730+102830FM-12+117099999V02099999999999999999N0500001N1-01051-01581999999ADDAA112000591AY171061AY221061GF108991001001999999001071KA1120M-00681MA1999999088491MD1210231+9999ME1314799MW1021REMSYN098AAXX  11121 30911 11984 80/02 11105 21158 38849 48479 52023 69952 70272 80007 333 11068 555 53004;
0246309110999992000021200004+50730+102830FM-12+117099999V0209999C000019999999N0500001N1-02321-02501999999ADDAA199000091AJ100109199999999GF108991081001999999071999IA1239KA1120N-02601MA1999999088791MD1210081+9999ME1314899REMSYN104AAXX  12001 30911 32984 80000 11232 21250 38879 48489 52008 8807/ 333 21260 47010 555 51134 53002 7995/;EQDQ01  00002PRCP99
0220309110999992000021212004+50730+102830FM-12+117099999V0203201N001019999999N0046001N1-01461-01591999999ADDAA112000591AY171061AY221061GF108991001001999999001071KA1120M-01301MA1999999088921MD1210131+9999ME1315089MW1221REMSYN098AAXX  12121 30911 11946 83201 11146 21159 38892 48508 52013 69962 72272 80007 333 11130 555 53002;
0227309110999992000021300004+50730+102830FM-12+117099999V0209999C000012200019N0100001N1-03411-03581999999ADDAA199000021AJ100119199999999GF102991001001999999001011IA1239KA1120N-03421MA1999999089091MD1210041+9999ME1314989REMSYN104AAXX  13001 30911 32997 20000 11341 21358 38909 48498 52004 80001 333 21342 47011 555 51188 53002 7996/;
0215309110999992000021312004+50730+102830FM-12+117099999V0209999C000012200019N0500001N1-02761-02991999999ADDAA199000091GA1001+999999999GF100991001001999999001001KA1120M-01561MA1999999088921MD1310081+9999ME1314919REMSYN080AAXX  13121 30911 32984 00000 11276 21299 38892 48491 53008 333 11156 555 53002;EQDQ01  00002PRCP99
0215309110999992000021412004+50730+102830FM-12+117099999V0209999C000012200019N0500001N1-02851-03151999999ADDAA199000091GA1001+999999999GF100991001001999999001001KA1120M-01661MA1999999087731MD1310031+9999ME1314739REMSYN080AAXX  14121 30911 32984 00000 11285 21315 38773 48473 53003 333 11166 555 530#1;EQDQ01  00002PRCP99
0256309110999992000021500004+50730+102830FM-12+117099999V0209999C000012200019N0100001N1-03841-04071999999ADDAA199000091AJ100119199999999GA1001+999999999GF100991001001999999001001IA1239KA1120N-03851MA1999999088681MD1710021+9999ME1314629REMSYN098AAXX  15001 30911 32997 00000 11384 21407 38868 48462 57002 333 21385 47011 555 51298 53001 7000/;EQDQ01  00002PRCP99
0215309110999992000021512004+50730+102830FM-12+117099999V0209999C000012200019N0500001N1-02471-02781999999ADDAA199000091GA1001+999999999GF100991001001999999001001KA1120M-01631MA1999999088291MD1010031+9999ME1314459REMSYN080AAXX  15121 30911 32984 00000 11247 21278 38829 48445 50003 333 11163 555 53002;EQDQ01  00002PRCP99
0246309110999992000021600004+50730+102830FM-12+117099999V0209999C000019999999N0100001N1-03211-03431999999ADDAA199000091AJ100119199999999GF106991001001999999001011IA1239KA1120N-03241MA1999999088161MD1810031+9999ME1314309REMSYN104AAXX  16001 30911 32997 60000 11321 21343 38816 48430 58003 80001 333 21324 47011 555 51321 53001 7000/;EQDQ01  00002PRCP99
0205309110999992000021612004+50730+102830FM-12+117099999V0209999C000019999999N0500001N1-02051-02241999999ADDAA199000091GF108991001001999999001011KA1120M-00141MA1999999087721MD1210091+9999ME1314009REMSYN086AAXX  16121 30911 32984 80000 11205 21224 38772 48400 52009 80001 333 11014 555 53001;EQDQ01  00002PRCP99
0256309110999992000021700004+50730+102830FM-12+117099999V0209999C000012200019N0100001N1-02931-03111999999ADDAA199000091AJ100119199999999GA1001+999999999GF100991001001999999001001IA1239KA1120N-02951MA1999999088181MD1210091+9999ME1314339REMSYN098AAXX  17001 30911 32997 00000 11293 21311 38818 48433 52009 333 21295 47011 555 51247 53002 7000/;EQDQ01  00002PRCP99
0192309110999992000021712004+50730+102830FM-12+117099999V0209999C000019999999N0500001N1-01261-01881999999ADDAA112000791GF108991001001999999001071KA1120M-00841MA1999999088661MD1219999+9999ME1314939REMSYN092AAXX  17121 30911 12984 80000 11126 21188 38866 48493 52/24 69902 80007 333 11084 555 53002;
0246309110999992000021800004+50730+102830FM-12+117099999V0209999C000019999999N0100001N1-03101-03281999999ADDAA199000091AJ100119199999999GF108991001001999999001011IA1239KA1120N-03131MA1999999088991MD1210061+9999ME1314959REMSYN104AAXX  18001 30911 32997 80000 11310 21328 38899 48495 52006 80001 333 21313 47011 555 51204 53002 7990/;EQDQ01  00002PRCP99
0205309110999992000021812004+50730+102830FM-12+117099999V0202801N001019999999N0500001N1-01901-02231999999ADDAA199000091GF108991001001999999001071KA1120M-00981MA1999999088651MD1310011+9999ME1314859REMSYN086AAXX  18121 30911 32984 82801 11190 21223 38865 48485 53001 80007 333 11098 555 53002;EQDQ01  00002PRCP99
0256309110999992000021900004+50730+102830FM-12+117099999V0209999C000012200019N0100001N1-03361-03531999999ADDAA199000091AJ100119199999999GA1001+999999999GF100991001001999999001001IA1239KA1120N-03371MA1999999088711MD1210051+9999ME1314679REMSYN098AAXX  19001 30911 32997 00000 11336 21353 38871 48467 52005 333 21337 47011 555 51208 53002 7000/;EQDQ01  00002PRCP99
0205309110999992000021912004+50730+102830FM-12+117099999V0202801N001019999999N0500001N1-02071-02471999999ADDAA199000091GF108991001001999999001071KA1120M-01081MA1999999088321MD1310041+9999ME1314509REMSYN086AAXX  19121 30911 32984 82801 11207 21247 38832 48450 53004 80007 333 11108 555 53002;EQDQ01  00002PRCP99
0246309110999992000022000004+50730+102830FM-12+117099999V0200101N001019999999N0100001N1-03281-03511999999ADDAA199000091AJ100119199999999GF108991001001999999001011IA1239KA1120N-03291MA1999999088321MD1410001+9999ME1314379REMSYN104AAXX  20001 30911 32997 80101 11328 21351 38832 48437 54000 80001 333 21329 47011 555 51247 53002 7000/;EQDQ01  00002PRCP99
0205309110999992000022012004+50730+102830FM-12+117099999V0203001N001012200019N0500001N1-01961-02371999999ADDAA199000091GF103991001001999999001011KA1120M-00901MA1999999088091MD1310121+9999ME1314349REMSYN086AAXX  20121 30911 32984 33001 11196 21237 38809 48434 53012 80001 333 11090 555 57002;EQDQ01  00002PRCP99
0246309110999992000022100004+50730+102830FM-12+117099999V0209999C000019999999N0100001N1-02231-02481999999ADDAA199000091AJ100119199999999GF108991021001999999041071IA1239KA1120N-02371MA1999999088411MD1210071+9999ME1314589REMSYN104AAXX  21001 30911 32997 80000 11223 21248 38841 48458 52007 82047 333 21237 47011 555 51238 53002 7000/;EQDQ01  00002PRCP99
0205309110999992000022112004+50730+102830FM-12+117099999V0202501N001019999999N0500001N1-01921-02251999999ADDAA199000091GF108991021001999999041071KA1120M-00721MA1999999088761MD1310181+9999ME1314949REMSYN086AAXX  21121 30911 32984 82501 11192 21225 38876 48494 53018 82047 333 11072 555 53002;EQDQ01  00002PRCP99
0261309110999992000022200004+50730+102830FM-12+117099999V0209999C000019999999N0100001N1-02591-02771999999ADDAA112000391AJ100119199999999AY171061AY221061GF108991021001999999041011IA1239KA1120N-02601MA1999999089141MD1310081+9999ME1315109MW1021REMSYN116AAXX  22001 30911 11997 80000 11259 21277 38914 48510 53008 69932 70272 82041 333 21260 47011 555 51187 53004 7993/;
0186309110999992000022212004+50730+102830FM-12+117099999V0203101N001012200019N0500001N1-01141-02101999999ADDAA106103992GF102991999999999999999999KA1120M-00901MA1999999088731MD1710281+9999ME1314869REMSYN086AAXX  22121 30911 32984 23101 11114 21210 38873 48486 57028 61041 333 11090 555 53006;
0256309110999992000022300004+50730+102830FM-12+117099999V0209999C000012200019N0100001N1-03211-03371999999ADDAA199000091AJ100119199999999GA1001+999999999GF100991001001999999001001IA1239KA1120N-03211MA1999999089111MD1210101+9999ME1315029REMSYN098AAXX  23001 30911 32997 00000 11321 21337 38911 48502 52010 333 21321 47011 555 51178 53002 7000/;EQDQ01  00002PRCP99
0205309110999992000022312004+50730+102830FM-12+117099999V0201201N002019999999N0500001N1-01461-02271999999ADDAA199000091GF108991011001999999041011KA1120M-00511MA1999999088861MD1310051+9999ME1315079REMSYN086AAXX  23121 30911 32984 81202 11146 21227 38886 48507 53005 81041 333 11051 555 53008;EQDQ01  00002PRCP99
0246309110999992000022400004+50730+102830FM-12+117099999V0203201N001019999999N0100001N1-01621-01961999999ADDAA199000091AJ100119199999999GF108991081001999999071999IA1239KA1120N-01911MA1999999088651MD1610021+9999ME1314899REMSYN104AAXX  24001 30911 32997 83201 11162 21196 38865 48489 56002 8807/ 333 21191 47011 555 51206 53003 7000/;EQDQ01  00002PRCP99
0205309110999992000022412004+50730+102830FM-12+117099999V0202601N006019999999N0500001N1-00511-01991999999ADDAA199000091GF106991011001999999041011KA1120M-00251MA1999999088391MD1310061+9999ME1314769REMSYN086AAXX  24121 30911 32984 62606 11051 21199 38839 48476 53006 81041 333 11025 555 53009;EQDQ01  00002PRCP99
0223309110999992000022500004+50730+102830FM-12+117099999V0209999C000019999999N0100001N1-02471-02651999999ADDAA124999999AJ100119199999999GF108991001001999999001011IA1239KA1120N-02481MA1999999088601MD1210041+9999ME1314709REMSYN100AAXX  25001 30911 32997 80000 11247 21265 38860 48470 52004 80001 333 21248 47011 51118 53007 7000/;
0190309110999992000022512004+50730+102830FM-12+117099999V02099999999999999999N0500001N1-00501-01811999999ADDAA199000091GF108991001001999999001011KA1120M-00111MA1999999088201MD1410001+9999REMSYN080AAXX  25121 30911 32984 8/104 11050 21181 3882/ 54000 80001 333 11011 555 53008;EQDQ01  00002PRCP99
0246309110999992000022600004+50730+102830FM-12+117099999V0209999C000012200019N0100001N1-02541-02651999999ADDAA199000091AJ100119199999999GF101991001001999999001011IA1239KA1120N-02551MA1999999088461MD1210151+9999ME1314629REMSYN104AAXX  26001 30911 32997 10000 11254 21265 38846 48462 52015 80001 333 21255 47011 555 51127 53002 7000/;EQDQ01  00002PRCP99
0205309110999992000022612004+50730+102830FM-12+117099999V0202601N001019999999N0500001N1-01231-01851999999ADDAA199000091GF108991001001999999001011KA1120M-00071MA1999999088331MD1310071+9999ME1314609REMSYN086AAXX  26121 30911 32984 82601 11123 21185 38833 48460 53007 80001 333 11007 555 53005;EQDQ01  00002PRCP99
0246309110999992000022700004+50730+102830FM-12+117099999V0209999C000012200019N0500001N1-02811-02981999999ADDAA199000091AJ100119199999999GF102991001001999999001011IA1239KA1120N-02821MA1999999088541MD1310061+9999ME1314689REMSYN104AAXX  27001 30911 32984 20000 11281 21298 38854 48468 53006 80001 333 21282 47011 555 51151 53006 7000/;EQDQ01  00002PRCP99
0215309110999992000022712004+50730+102830FM-12+117099999V0202901N001012200019N0500001N1-01321-01841999999ADDAA199000091GA1001+999999999GF100991001001999999001001KA1120M-00221MA1999999088321MD1310121+9999ME1314599REMSYN080AAXX  27121 30911 32984 02901 11132 21184 38832 48459 53012 333 11022 555 53002;EQDQ01  00002PRCP99
0246309110999992000022800004+50730+102830FM-12+117099999V0209999C000019999999N0100001N1-02701-02881999999ADDAA199000091AJ100119199999999GF106991001001999999001011IA1239KA1120N-02731MA1999999088541MD1310041+9999ME1314609REMSYN104AAXX  28001 30911 32997 60000 11270 21288 38854 48460 53004 80001 333 21273 47011 555 51169 53002 7000/;EQDQ01  00002PRCP99
0205309110999992000022812004+50730+102830FM-12+117099999V0209999C000019999999N0500001N1-01181-01701999999ADDAA199000091GF106991011001999999041011KA1120M-00201MA1999999088101MD1610011+9999ME1314439REMSYN086AAXX  28121 30911 32984 60000 11118 21170 38810 48443 56001 81041 333 11020 555 93003;EQDQ01  00002PRCP99
0246309110999992000022900004+50730+102830FM-12+117099999V0209999C000019999999N0100001N1-02621-02741999999ADDAA199000091AJ100119199999999GF108991001001999999001011IA1239KA1120N-02631MA1999999088491MD1210141+9999ME1314619REMSYN104AAXX  29001 30911 32997 80000 11262 21274 38849 48461 52014 80001 333 21263 47011 555 51166 53002 7000/;EQDQ01  00002PRCP99
0215309110999992000022912004+50730+102830FM-12+117099999V0202701N001012200019N0500001N1-01091-01621999999ADDAA199000091GA1001+999999999GF100991001001999999001001KA1120M+00091MA1999999088261MD1310031+9999ME1314619REMSYN080AAXX  29121 30911 32984 02701 11109 21162 38826 48461 53003 333 10009 555 53003;EQDQ01  00002PRCP99
0246309110999992000030100004+50730+102830FM-12+117099999V0209999C000019999999N0100001N1-02111-02291999999ADDAA199000091AJ100119199999999GF108991051001999999071071IA1239KA1120N-02201MA1999999088101MD1510061+9999ME1314339REMSYN104AAXX  01001 30911 32997 80000 11211 21229 38810 48433 55006 85077 333 21220 47011 555 51160 53002 7000/;EQDQ01  00002PRCP99
0205309110999992000030112004+50730+102830FM-12+117099999V0209999C000019999999N0500001N1-00821-01281999999ADDAA199000091GF108991051001999999071071KA1120M-00231MA1999999087381MD1710031+9999ME1313869REMSYN086AAXX  01121 30911 32984 80000 11082 21128 38738 48386 57003 85077 333 11023 555 53002;EQDQ01  00002PRCP99
0246309110999992000030200004+50730+102830FM-12+117099999V0203301N001019999999N0100001N1-02101-02221999999ADDAA199000091AJ100119199999999GF108991001001999999001011IA1239KA1120N-02141MA1999999087491MD1210091+9999ME1313839REMSYN104AAXX  02001 30911 32997 83301 11210 21222 38749 48383 52009 80001 333 21214 47011 555 51140 53002 7000/;EQDQ01  00002PRCP99
0205309110999992000030212004+50730+102830FM-12+117099999V0202701N004012200019N0500001N1-00451-01681999999ADDAA199000091GF102991011001999999041011KA1120M-00041MA1999999087671MD1210231+9999ME1314159REMSYN086AAXX  02121 30911 32984 22704 11045 21168 38767 48415 52023 81041 333 11004 555 53008;EQDQ01  00002PRCP99
0246309110999992000030300004+50730+102830FM-12+117099999V0202401N001012200019N0100001N1-02511-02631999999ADDAA199000091AJ100119199999999GF102991001001999999001011IA1279KA1120N-02521MA1999999088481MD1210161+9999ME1314629REMSYN104AAXX  03001 30911 32997 22401 11251 21263 38848 48462 52016 80001 333 21252 43011 555 51112 53005 7000/;EQDQ01  00002PRCP99
0192309110999992000030312004+50730+102830FM-12+117099999V0202501N003019999999N0500001N1-00721-01831999999ADDAA199000091GF108991001001999999001011MA1999999088601MD1310101+9999ME1314929REMSYN086AAXX  03121 30911 32984 82503 11072 21183 38860 48492 53010 80001 333 11/31 555 53010;EQDQ01  00002PRCP99
0246309110999992000030400004+50730+102830FM-12+117099999V0201101N001019999999N0100001N1-01941-02131999999ADDAA199000091AJ100119199999999GF108991081001999999071999IA1279KA1120N-02051MA1999999088091MD1810141+9999ME1314359REMSYN104AAXX  04001 30911 32997 81101 11194 21213 38809 48435 58014 8807/ 333 21205 43011 555 51131 53007 7000/;EQDQ01  00002PRCP99
0205309110999992000030412004+50730+102830FM-12+117099999V0202501N005012200019N0500001N1-00411-01611999999ADDAA199000091GF101991011031012501001001KA1120M-00011MA1999999087921MD1310261+9999ME1314339REMSYN086AAXX  04121 30911 32684 12505 11041 21161 38792 48433 53026 81300 333 11001 555 53008;EQDQ01  00002PRCP99
0246309110999992000030500004+50730+102830FM-12+117099999V0209999C000012200019N0500001N1-02451-02571999999ADDAA199000091AJ100119199999999GF102991001001999999001011IA1279KA1120N-02461MA1999999088691MD1210181+9999ME1314789REMSYN104AAXX  05001 30911 32999 20000 11245 21257 38869 48478 52018 80001 333 21246 43011 555 51121 53008 7000/;EQDQ01  00002PRCP99
0205309110999992000030512004+50730+102830FM-12+117099999V0209999C000019999999N0500001N1-00841-01571999999ADDAA199000091GF108991011001999999041071KA1120M-00221MA1999999088141MD1610091+9999ME1314479REMSYN086AAXX  05121 30911 32984 80000 11084 21157 38814 48447 56009 81047 333 11022 555 53005;EQDQ01  00002PRCP99
0261309110999992000030600004+50730+102830FM-12+117099999V0209999C000019999999N0500001N1-01181-01701999999ADDAA112000791AJ100119199999999AY181061AY221061GF108991021001999999041011IA1279KA1120N-01351MA1999999088921MD1210311+9999ME1315119MW1021REMSYN116AAXX  06001 30911 11999 80000 11118 21170 38892 48511 52031 69902 70282 82041 333 21135 43011 555 51129 53004 7990/;
0215309110999992000030612004+50730+102830FM-12+117099999V0209999C000012200019N0500001N1-01241-01761999999ADDAA199000091GA1001+999999999GF100991001001999999001001KA1120M-00221MA1999999089281MD1210101+9999ME1315459REMSYN080AAXX  06121 30911 32984 00000 11124 21176 38928 48545 52010 333 11022 555 53004;EQDQ01  00002PRCP99
0246309110999992000030700004+50730+102830FM-12+117099999V0209999C000012200019N0500001N1-02601-02711999999ADDAA199000091AJ100109199999999GF101991001001999999001011IA1279KA1120N-02611MA1999999089381MD1710011+9999ME1315339REMSYN104AAXX  07001 30911 32999 10000 11260 21271 38938 48533 57001 80001 333 21261 43010 555 51096 53002 7000/;EQDQ01  00002PRCP99
0256309110999992000030800004+50730+102830FM-12+117099999V0209999C000012200019N0500001N1-02491-02611999999ADDAA199000091AJ100109199999999GA1001+999999999GF100991001001999999001001IA1279KA1120N-02501MA1999999089011MD1210051+9999ME1315029REMSYN098AAXX  08001 30911 32999 00000 11249 21261 38901 48502 52005 333 21250 43010 555 51149 53003 7000/;EQDQ01  00002PRCP99
0205309110999992000030812004+50730+102830FM-12+117099999V0203001N001012200019N0500001N1-00801-01601999999ADDAA199000091GF102991001001999999001011KA1120M+00191MA1999999088681MD1310061+9999ME1314999REMSYN086AAXX  08121 30911 32984 23001 11080 21160 38868 48499 53006 80001 333 10019 555 53002;EQDQ01  00002PRCP99
0246309110999992000030900004+50730+102830FM-12+117099999V0209999C000012200019N0500001N1-02341-02461999999ADDAA199000091AJ100089199999999GF101991001001999999001011IA1279KA1120N-02371MA1999999088991MD1210081+9999ME1315059REMSYN104AAXX  09001 30911 32984 10000 11234 21246 38899 48505 52008 80001 333 21237 43008 555 51138 53002 7000/;EQDQ01  00002PRCP99
0202309110999992000030912004+50730+102830FM-12+117099999V0200501N001012200019N0500001N1-00671-01281999999ADDAA199000091GA1001+999999999GF100991001001999999001001MA1999999088761MD1610021+9999ME1315099REMSYN080AAXX  09121 30911 32984 00501 11067 21128 38876 48509 56002 333 1/028 555 -3002;EQDQ01  00002PRCP99
0256309110999992000031000004+50730+102830FM-12+117099999V0209999C000012200019N0500001N1-02271-02391999999ADDAA199000091AJ100079199999999GA1001+999999999GF100991001001999999001001IA1279KA1120N-02281MA1999999088901MD1210011+9999ME1314979REMSYN098AAXX  10001 30911 32999 00000 11227 21239 38890 48497 52001 333 21228 43007 555 51122 53002 7000/;EQDQ01  00002PRCP99
0205309110999992000031012004+50730+102830FM-12+117099999V0201501N001012200019N0500001N1-00651-01411999999ADDAA199000091GF102991001001999999001011KA1120M+00331MA1999999088451MD1310021+9999ME1314839REMSYN086AAXX  10121 30911 32984 21501 11065 21141 38845 48483 53002 80001 333 10033 555 53003;EQDQ01  00002PRCP99
0246309110999992000031100004+50730+102830FM-12+117099999V0202901N001019999999N0500001N1-02051-02171999999ADDAA199000091AJ100069199999999GF105991001001999999001011IA1279KA1120N-02061MA1999999088541MD1210021+9999ME1314679REMSYN104AAXX  11001 30911 32999 52901 11205 21217 38854 48467 52002 80001 333 21206 43006 555 51116 53002 7000/;EQDQ01  00002PRCP99
0204309110999992000031112004+50730+102830FM-12+117099999V0209999C000019999999N0500001N1-00471-01171999999ADDAA199000091GF108991021001999999041011KA1120M+00351MA1999999088221MD1310061+9999ME1314589REMSYN085AAXX  11121 30911 32984 80000 11047 21117 38822 48458 53006 82041 333 10035 55553002;EQDQ01  00002PRCP99
0246309110999992000031200004+50730+102830FM-12+117099999V0202901N001019999999N0500001N1-01441-01571999999ADDAA199000091AJ100059199999999GF108991061001999999071071IA1309KA1120N-01451MA1999999088451MD1310051+9999ME1314759REMSYN104AAXX  12001 30911 32999 82901 11144 21157 38845 48475 53005 86077 333 21145 42005 555 51098 53002 7000/;EQDQ01  00002PRCP99
0202309110999992000031212004+50730+102830FM-12+117099999V0202601N002012200019N0500001N1-00171+99999999999ADDAA199000091GF108991031031012501001011KA1120M+00311MA1999999088401MD1210111+9999ME1314909REMSYN083AAXX  12121 30911 32684 82602 11017 38840 48490 52011 83301 333 10031 555 53004 /-;EQDQ01  00002PRCP99
0246309110999992000031300004+50730+102830FM-12+117099999V0202801N001012200019N0500001N1-01811-01931999999ADDAA199000091AJ100049199999999GF102991001001999999001011IA1309KA1120N-01821MA1999999088771MD1210111+9999ME1314959REMSYN104AAXX  13001 30911 32999 22801 11181 21193 38877 48495 52011 80001 333 21182 42004 555 51064 53005 7000/;EQDQ01  00002PRCP99
0272309110999992000031400004+50730+102830FM-12+117099999V0209999C000012200019N0500001N1-01901-01961999999ADDAA199000091AJ199992999999999GA1001+999999999GF100991001001999999001001IA1309KA1120N-01911MA1999999088631MD1710021+9999ME1314779REMSYN098AAXX  14001 30911 32999 00000 11190 21196 38863 48477 57002 333 21191 42998 555 51074 53004 7000/;EQDQ01  00002PRCP99Q02  09972SNDP  
0205309110999992000031412004+50730+102830FM-12+117099999V0200601N001019999999N0500001N1-00311-01471999999ADDAA199000091GF105991001001999999001011KA1120M+00341MA1999999088141MD1410001+9999ME1314529REMSYN086AAXX  14121 30911 32984 50601 11031 21147 38814 48452 54000 80001 333 10034 555 53008;EQDQ01  00002PRCP99
0272309110999992000031500004+50730+102830FM-12+117099999V0209999C000012200019N0500001N1-01961-02081999999ADDAA199000091AJ199992999999999GA1001+999999999GF100991001001999999001001IA1309KA1120N-01971MA1999999088271MD1210031+9999ME1314519REMSYN098AAXX  15001 30911 32999 00000 11196 21208 38827 48451 52003 333 21197 42998 555 51085 53002 7000/;EQDQ01  00002PRCP99Q02  09972SNDP  
0215309110999992000031512004+50730+102830FM-12+117099999V0202101N002012200019N0500001N1+00081-01191999999ADDAA199000091GA1001+999999999GF100991001001999999001001KA1120M+00481MA1999999087811MD1610021+9999ME1314299REMSYN080AAXX  15121 30911 32984 02102 10008 21119 38781 48429 56002 333 10048 555 53005;EQDQ01  00002PRCP99
0262309110999992000031600004+50730+102830FM-12+117099999V0203201N001019999999N0500001N1-01601-01731999999ADDAA199000091AJ199992999999999GF107991071001999999041001IA1259KA1120N-01771MA1999999087781MD1710031+9999ME1314139REMSYN104AAXX  16001 30911 32999 73201 11160 21173 38778 48413 57003 87040 333 21177 41998 555 51080 53002 7000/;EQDQ01  00002PRCP99Q02  09972SNDP  
0205309110999992000031612004+50730+102830FM-12+117099999V0202501N003019999999N0100001N1+00151-01171999999ADDAA199000091GF108991031001999999041071KA1120M+00541MA1999999087171MD1610031+9999ME1313759REMSYN086AAXX  16121 30911 32997 82503 10015 21117 38717 48375 56003 83047 333 10054 555 53007;EQDQ01  00002PRCP99
0290309110999992000031700004+50730+102830FM-12+117099999V0201301N001019999999N0190001N1-00381-00791999999ADDAA199000091AJ199992999999999AY121061AY221061GF108991081001999999021999IA1259KA1120N-00541MA1999999087551MD1310431+9999ME1314069MW1151REMSYN110AAXX  17001 30911 31969 81301 11038 21079 38755 48406 53043 71522 8802/ 333 21054 41998 555 51065 53005 7000/;EQDQ01  00002PRCP99Q02  09972SNDP  
0220309110999992000031712004+50730+102830FM-12+117099999V0202401N001010120019N0090001N1-00531-00631999999ADDAA112002091AY181061AY221061GF108991081031012501999999KA1120M+00201MA1999999088271MD1210261+9999ME1314679MW1851REMSYN098AAXX  17121 30911 11659 82401 11053 21063 38827 48467 52026 60022 78582 883// 333 10020 555 53005;
0261309110999992000031800004+50730+102830FM-12+117099999V0202801N001010120019N0120001N1-01421-01551999999ADDAA112000791AJ100029199999999AY181061AY221061GF108991081031012501999999IA1279KA1120N-01811MA1999999088471MD1710011+9999ME1314759MW1851REMSYN116AAXX  18001 30911 11662 82801 11142 21155 38847 48475 57001 69902 78582 883// 333 21181 43002 555 51032 53002 7002/;
0192309110999992000031812004+50730+102830FM-12+117099999V0201001N002012200019N0500001N1-00421-00971999999ADDAA112000791GF102991001001999999001011KA1120M+00051MA1999999087691MD1710151+9999ME1314159REMSYN092AAXX  18121 30911 12984 21002 11042 21097 38769 48415 57015 69902 80001 333 10005 555 53002;
0262309110999992000031900004+50730+102830FM-12+117099999V0203201N001019999999N0500001N1-01851-01911999999ADDAA199000091AJ199992999999999GF108991001001999999001091IA1309KA1120N-01911MA1999999088081MD1210141+9999ME1314359REMSYN104AAXX  19001 30911 32999 83201 11185 21191 38808 48435 52014 80009 333 21191 42998 555 51101 53002 7990/;EQDQ01  00002PRCP99Q02  09972SNDP  
0205309110999992000031912004+50730+102830FM-12+117099999V0202701N004012200019N0100001N1-00341-00851999999ADDAA199000091GF102991021041012501001001KA1120M+00201MA1999999088161MD1310151+9999ME1314619REMSYN086AAXX  19121 30911 32697 22704 11034 21085 38816 48461 53015 82400 333 10020 555 53005;EQDQ01  00002PRCP99
0280309110999992000032000004+50730+102830FM-12+117099999V0200901N001010120019N0130001N1-00921-01031999999ADDAA112000791AJ199993999999999AY181061AY221061GF108991081031012501999999IA1279KA1120N-01051MA1999999088321MD1310011+9999ME1314639MW1851REMSYN116AAXX  20001 30911 11663 80901 11092 21103 38832 48463 53001 69902 78582 883// 333 21105 43997 555 51093 53004 7990/;EQDQ01  09982SNDP  
0220309110999992000032012004+50730+102830FM-12+117099999V0200601N002010120019N0100001N1-00221-00731999999ADDAA112000791AY121061AY221061GF108991051031012501011999KA1120M+00061MA1999999087991MD1510011+9999ME1314449MW1151REMSYN098AAXX  20121 30911 11697 80602 11022 21073 38799 48444 55001 69902 71522 8531/ 333 10006 555 53005;
0262309110999992000032100004+50730+102830FM-12+117099999V0202901N001010120019N0500001N1-00911-00981999999ADDAA199000091AJ199992999999999GF108991061031012501001071IA1259KA1120N-00931MA1999999087821MD1710051+9999ME1314209REMSYN104AAXX  21001 30911 32699 82901 11091 21098 38782 48420 57005 86307 333 21093 41998 555 51055 53004 7990/;EQDQ01  00002PRCP99Q02  09972SNDP  
0192309110999992000032112004+50730+102830FM-12+117099999V0200101N003019999999N0100001N1-00621-01551999999ADDAA112000791GF108991031001999999041071KA1120M-00021MA1999999088081MD1210241+9999ME1314499REMSYN092AAXX  21121 30911 12997 80103 11062 21155 38808 48449 52024 69902 83047 333 11002 555 53006;
0262309110999992000032200004+50730+102830FM-12+117099999V0203201N001012200019N0500001N1-01661-01851999999ADDAA199000091AJ199992999999999GF102991001001999999001011IA1259KA1120N-01691MA1999999088571MD1210141+9999ME1314809REMSYN104AAXX  22001 30911 32999 23201 11166 21185 38857 48480 52014 80001 333 21169 41998 555 51052 53002 7990/;EQDQ01  00002PRCP99Q02  09972SNDP  
0208309110999992000032212004+50730+102830FM-12+117099999V0202601N003019999999N0100001N1-00671-02121999999ADDAA199000091GF108991021001999999041011KA1120M-00281MA1999999088431MD1310101+9999ME1314749REMSYN089AAXX  22121 30911 32997 82603 11067 21212 38843 48474 53010 82041 333 11028 555 930 )8/9;EQDQ01  00002PRCP99
0272309110999992000032300004+50730+102830FM-12+117099999V0209999C000012200019N0500001N1-01911-02101999999ADDAA199000091AJ199992999999999GA1001+999999999GF100991001001999999001001IA1259KA1120N-01991MA1999999088721MD1210091+9999ME1314859REMSYN098AAXX  23001 30911 32999 00000 11191 21210 38872 48485 52009 333 21199 41998 555 51095 53004 7000/;EQDQ01  00002PRCP99Q02  09972SNDP  
0205309110999992000032312004+50730+102830FM-12+117099999V0202601N003012200019N0100001N1-00041-01421999999ADDAA199000091GF103991001001999999001011KA1120M+00411MA1999999088451MD1310131+9999ME1314919REMSYN086AAXX  23121 30911 32997 32603 11004 21142 38845 48491 53013 80001 333 10041 555 53012;EQDQ01  00002PRCP99
0262309110999992000032400004+50730+102830FM-12+117099999V0209999C000019999999N0500001N1-01571-01701999999ADDAA199000091AJ199992999999999GF108991001001999999001011IA1259KA1120N-01591MA1999999088711MD1310151+9999ME1314899REMSYN104AAXX  24001 30911 32999 80000 11157 21170 38871 48489 53015 80001 333 21159 41998 555 51090 53005 7000/;EQDQ01  00002PRCP99Q02  09972SNDP  
0205309110999992000032412004+50730+102830FM-12+117099999V0202301N003012200019N0100001N1+00361-01291999999ADDAA199000091GF102991001001999999001011KA1120M+00751MA1999999088521MD1310051+9999ME1314959REMSYN086AAXX  24121 30911 32997 22303 10036 21129 38852 48495 53005 80001 333 10075 555 53006;EQDQ01  00002PRCP99
0217309110999992000032500004+50730+102830FM-12+117099999V0209999C000019999999N0500001N1-01141-01271999999ADDAA199000091GF108991001001999999001011KA1120N-01191MA1999999088401MD1710051+9999ME1314709REMSYN098AAXX  25001 30911 32999 80000 11114 21127 38840 48470 57005 80001 333 21119 555 51043 53004 7000/;EQDQ01  00002PRCP99
0205309110999992000032512004+50730+102830FM-12+117099999V0202001N001019999999N0100001N1+00471-01001999999ADDAA199000091GF108991061001999999071011KA1120M+01201MA1999999087391MD1710181+9999ME1313969REMSYN086AAXX  25121 30911 32997 82001 10047 21100 38739 48396 57018 86071 333 10120 555 53008;EQDQ01  00002PRCP99
0220309110999992000032612004+50730+102830FM-12+117099999V0201001N001010120019N0100001N1-00101-00321999999ADDAA112000791AY181061AY221061GF108991061031012501001011KA1120M+00401MA1999999088071MD1310191+9999ME1314549MW1021REMSYN098AAXX  26121 30911 11697 81001 11010 21032 38807 48454 53019 69902 70282 86301 333 10040 555 53006;
0180309110999992000032712004+50730+102830FM-12+117099999V0209999C000019999999N0100001N1+00321-01011999999ADDAA199000091GF108991001001999999001011MA1999999088201ME1314809REMSYN088AAXX  27121 30911 32997 80000 10032 21101 38820 48480 59002 80001 333 1000 555 53004 /-;EQDQ01  00002PRCP99
0217309110999992000032800004+50730+102830FM-12+117099999V0209999C000019999999N9999999N1-00431-00741999999ADDAA199000091GF108991081001999999071999KA1120N-00631MA1999999088101MD1410001+9999ME1314519REMSYN098AAXX  28001 30911 3/99/ 80000 11043 21074 38810 48451 54000 8807/ 333 21063 555 51030 53002 7000/;EQDQ01  00002PRCP99
0205309110999992000032812004+50730+102830FM-12+117099999V0202801N005019999999N0100001N1+00781-00901999999ADDAA199000091GF108991031001999999041071KA1120M+01211MA1999999087921MD1310211+9999ME1314459REMSYN086AAXX  28121 30911 32997 82805 10078 21090 38792 48445 53021 83047 333 10121 555 53010;EQDQ01  00002PRCP99
0217309110999992000032900004+50730+102830FM-12+117099999V0203201N001012200019N0500001N1-00411-00791999999ADDAA199000091GF108991041051012501001011KA1120N-00441MA1999999088721MD1310121+9999ME1315049REMSYN098AAXX  29001 30911 32699 83201 11041 21079 38872 48504 53012 84501 333 21044 555 50002 53010 7000/;EQDQ01  00002PRCP99
0205309110999992000032912004+50730+102830FM-12+117099999V0202701N002019999999N0100001N1+99999+99999999999ADDAA199000091GF108991061031999999001011KA1120M+00561MA1999999088001MD1510011+9999ME1314489REMSYN086AAXX  29121 30911 32997 82702 1/007 21107 38800 48448 55001 86301 333 10056 555 93004;EQDQ01  00002PRCP99
0227309110999992000033000004+50730+102830FM-12+117099999V0202801N002012200019N0500001N1-01011-01291999999ADDAA199000091GA1001+999999999GF100991001001999999001001KA1120N-01111MA1999999088301MD1210201+9999ME1314629REMSYN092AAXX  30001 30911 32999 02802 11101 21129 38830 48462 52020 333 21111 555 50010 53005 7000/;EQDQ01  00002PRCP99
0205309110999992000033012004+50730+102830FM-12+117099999V0202601N002012200019N0100001N1-00111-01811999999ADDAA199000091GF108991041031012501001011KA1120M+00321MA1999999087971MD1310041+9999ME1314459REMSYN086AAXX  30121 30911 32697 82602 11011 21181 38797 48445 53004 84301 333 10032 555 53011;EQDQ01  00002PRCP99
0217309110999992000033100004+50730+102830FM-12+117099999V0202901N001012200019N0500001N1-01421-01691999999ADDAA199000091GF101991001001999999001011KA1120N-01551MA1999999088131MD1210121+9999ME1314419REMSYN098AAXX  31001 30911 32999 12901 11142 21169 38813 48441 52012 80001 333 21155 555 51020 53003 7000/;EQDQ01  00002PRCP99
0217309110999992000040100004+50730+102830FM-12+117099999V0202901N001019999999N0500001N1-01281-01481999999ADDAA199000091GF108991031001999999041011KA1120N-01401MA1999999088181MD1310041+9999ME1314519REMSYN098AAXX  01001 30911 32999 82901 11128 21148 38818 48451 53004 83041 333 21140 555 51050 53004 7000/;EQDQ01  00002PRCP99
0217309110999992000040200004+50730+102830FM-12+117099999V0209999C000019999999N0500001N1-00961-01081999999ADDAA199000091GF106991001001999999001011KA1120N-01211MA1999999087621MD1710031+9999ME1314019REMSYN098AAXX  02001 30911 32999 60000 11096 21108 38762 48401 57003 80001 333 21121 555 51037 53004 7000/;EQDQ01  00002PRCP99
0280309110999992000040300004+50730+102830FM-12+117099999V0203001N003010120019N0500001N1-00511-00961999999ADDAA112000791AJ199993999999999AY181061AY221061GF108991061031012501021999IA1239KA1120N-00651MA1999999088441MD1210321+9999ME1314779MW1021REMSYN116AAXX  03001 30911 11699 83003 11051 21096 38844 48477 52032 69902 70282 8632/ 333 21065 47997 555 51019 53009 7990/;EQDQ01  09982SNDP  
0205309110999992000040312004+50730+102830FM-12+117099999V0202601N003012200019N0500001N1-00451-01431999999ADDAA199000091GF101991001001999999001011KA1120M-00021MA1999999088911MD1310061+9999ME1315209REMSYN086AAXX  03121 30911 32999 12603 11045 21143 38891 48520 53006 80001 333 11002 555 53009;EQDQ01  00002PRCP99
0217309110999992000040400004+50730+102830FM-12+117099999V0209999C000019999999N0500001N1-01601-01661999999ADDAA199000091GF108991001001999999001011KA1120N-01751MA1999999089031MD1710041+9999ME1315159REMSYN098AAXX  04001 30911 32999 80000 11160 21166 38903 48515 57004 80001 333 21175 555 51034 54004 7000/;EQDQ01  00002PRCP99
0208309110999992000040412004+50730+102830FM-12+117099999V0202501N003010120019N0500001N1+00691-01231999999ADDAA199000091GF108991051031012501001011KA1120M+00981MA1999999088061MD1610081+9999ME1314639REMSYN089AAXX  04121 30911 32699 82503 10069 21123 38806 48463 56008 85301 333 10098 555 53006 /-;EQDQ01  00002PRCP99
