0239309150999992000010100004+50420+103620FM-12+098999999V0203001N002019999999N0500001N1-02421-02811103971ADDAA112000891AJ100069199999999AY171061AY221061GF108991021001999999071021GJ100009IA1239KA1120N-02431MD1210271+9999MW1011REMSYN110AAXX  01001 30915 11984 83002 11242 21281 40397 52027 69972 70172 82072 333 21243 47006 55000 555 53007 7001/;
0112309150999992000010106004+50420+103620FM-12+098999999V0202401N002019999999N0500001N1-02111-02681103961ADDGF108991011001999999071081MD1810061+9999REMSYN060AAXX  01061 30915 42999 82402 11211 21268 40396 58006 81078;
0185309150999992000010112004+50420+103620FM-12+098999999V0209999C000012200019N0500001N1-03151-03381104491ADDAA106000091GA1001+999999999GF100991001001999999001001KA1120M-02051MD1710031+9999REMSYN074AAXX  01121 30915 32984 00000 11315 21338 40449 57003 333 11205 555 53005;EQDQ01  00002PRCP06
0122309150999992000010118004+50420+103620FM-12+098999999V0209999C000012200019N0500001N1-03821-04031999999ADDGA1001+999999999GF100991001001999999001001MD1710141+9999REMSYN054AAXX  01181 30915 42984 00000 11382 21403 404/1 57014;
0224309150999992000010200004+50420+103620FM-12+098999999V0209999C000012200019N0500001N1-04001-04211104531ADDAA106000091AJ100069199999999GF102991001001999999001011GJ103669IA1239KA1120N-04091MD1710051+9999REMSYN098AAXX  02001 30915 32984 20000 11400 21421 40453 57005 80001 333 21409 47006 55061 555 53002 7000/;EQDQ01  00002PRCP06
0140309150999992000010206004+50420+103620FM-12+098999999V0200901N001019999999N0500001N1-02951-03261103381ADDAY141061AY211061GF108991001001999999001021MD1710321+9999MW1011REMSYN066AAXX  02061 30915 41999 80901 11295 21326 40338 57032 70141 80002;
0175309150999992000010212004+50420+103620FM-12+098999999V0202701N001019999999N0500001N1-03321-03561103471ADDAA106000091GF108991001001999999001021KA1120M-02651MD1710011+9999REMSYN080AAXX  02121 30915 32984 82701 11332 21356 40347 57001 80002 333 11265 555 53003;EQDQ01  00002PRCP06
0224309150999992000010300004+50420+103620FM-12+098999999V0202401N002019999999N0500001N1-03811-04031103721ADDAA106000091AJ100069199999999GF108991001001999999001021GJ103309IA1239KA1120N-03951MD1310011+9999REMSYN098AAXX  03001 30915 32984 82402 11381 21403 40372 53001 80002 333 21395 47006 55055 555 53002 7000/;EQDQ01  00002PRCP06
0112309150999992000010306004+50420+103620FM-12+098999999V0203101N001019999999N0500001N1-02771-03081103051ADDGF108991001001999999001011MD1810131+9999REMSYN060AAXX  03061 30915 42999 83101 11277 21308 40305 58013 80001;
0175309150999992000010312004+50420+103620FM-12+098999999V0202401N002019999999N0500001N1-03151-03381103451ADDAA106000091GF108991001001999999001011KA1120M-02371MD1210151+9999REMSYN080AAXX  03121 30915 32984 82402 11315 21338 40345 52015 80001 333 11237 555 53003;EQDQ01  00002PRCP06
0112309150999992000010318004+50420+103620FM-12+098999999V0200701N001019999999N0500001N1-03511-03741104011ADDGF108991001001999999001021MD1210161+9999REMSYN060AAXX  03181 30915 42984 80701 11351 21374 40401 52016 80002;
0224309150999992000010400004+50420+103620FM-12+098999999V0209999C000019999999N0500001N1-03091-03321103981ADDAA106000091AJ100059199999999GF108991011001999999051081GJ103729IA1239KA1120N-03561MD1210121+9999REMSYN098AAXX  04001 30915 32984 80000 11309 21332 40398 52012 81058 333 21356 47005 55062 555 53002 7000/;EQDQ01  00002PRCP06
0140309150999992000010406004+50420+103620FM-12+098999999V0203001N002019999999N0400001N1-02571-02811103861ADDAY171061AY221061GF108991081001999999021999MD1810041+9999MW1711REMSYN066AAXX  04061 30915 41982 83002 11257 21281 40386 58004 77172 8802/;
0140309150999992000010418004+50420+103620FM-12+098999999V0203001N004019999999N0200001N1-02521-02911104461ADDAY171061AY271061GF108991061001999999011071MD1210111+9999MW1711REMSYN066AAXX  04181 30915 41970 83004 11252 21291 40446 52011 77177 86017;
0253309150999992000010500004+50420+103620FM-12+098999999V0202601N004019999999N0210001N1-02711-03161104801ADDAA112000191AA224000291AJ100059199999999AY171061AY271061GF108991051001999999011071GJ100009IA1239KA1120N-02711MD1210111+9999MW1711REMSYN113AAXX  05001 30915 11971 82604 11271 21316 40480 52011 69922 77177 85017 333 21271 47005 55000 555 53008 7992/ /-;
0132309150999992000010506004+50420+103620FM-12+098999999V0202801N003019999999N0500001N1-02541-03001104701ADDAY121061GF108991011001999999011071MD1810081+9999MW1011REMSYN066AAXX  05061 30915 41999 82803 11254 21300 40470 58008 7012/ 81017;
0162309150999992000010512004+50420+103620FM-12+098999999V0202401N003019999999N0500001N1-03071-03361105121ADDAA112000791GF108991001001999999001081KA1120M-02471MD1210091+9999REMSYN086AAXX  05121 30915 12984 82403 11307 21336 40512 52009 69902 80008 333 11247 555 53006;
0086309150999992000010518004+50420+103620FM-12+098999999V0202701N002019999999N0500001N1-03731-04011105501ADDMD1710011+9999REMSYN060AAXX  05181 30915 42984 /2702 11373 21401 40550 57001 80002;
0122309150999992000010606004+50420+103620FM-12+098999999V0202901N002012200019N0500001N1-03131-03421104721ADDGA1001+999999999GF100991001001999999001001MD1710131+9999REMSYN054AAXX  06061 30915 42999 02902 11313 21342 40472 57013;
0185309150999992000010612004+50420+103620FM-12+098999999V0209999C000012200019N0500001N1-03771-04051104781ADDAA106000091GA1001+999999999GF100991001001999999001001KA1120M-02781MD1710071+9999REMSYN074AAXX  06121 30915 32984 00000 11377 21405 40478 57007 333 11278 555 53002;EQDQ01  00002PRCP06
0239309150999992000010700004+50420+103620FM-12+098999999V0202501N001019999999N0230001N1-03631-03841104051ADDAA112000791AJ100059199999999AY171061AY211061GF108991031001999999011081GJ104149IA1239KA1120N-04231MD1710121+9999MW1711REMSYN110AAXX  07001 30915 11973 82501 11363 21384 40405 57012 69902 77171 83018 333 21423 47005 55069 555 53002 7990/;
0150309150999992000010706004+50420+103620FM-12+098999999V0200201N001012200019N0500001N1-02961-03331103451ADDAY171061AY211061GA1001+999999999GF100991001001999999001001MD1810201+9999MW1021REMSYN060AAXX  07061 30915 41999 00201 11296 21333 40345 58020 70271;
0181309150999992000010712004+50420+103620FM-12+098999999V0202201N002019999999N0500001N1-03431-03711103641ADDAA112000791GF108991001001999999001011KA1120M-02591MD1210021+9999REMSYN086AAXX  07121 30915 12984 82202 11343 21371 40364 52002 69902 83001 333 11259 555 53002;EQDQ01+000032SCOTLC
0112309150999992000010718004+50420+103620FM-12+098999999V0200601N001019999999N0500001N1-03661-03871103741ADDGF108991001001999999001021MD1710011+9999REMSYN060AAXX  07181 30915 42984 80601 11366 21387 40374 57001 80002;
0239309150999992000010800004+50420+103620FM-12+098999999V0202901N001019999999N0160001N1-03091-03321103241ADDAA112000791AJ100059199999999AY171061AY221061GF108991041001999999011071GJ104149IA1239KA1120N-03761MD1710081+9999MW1711REMSYN110AAXX  08001 30915 11966 82901 11309 21332 40324 57008 69902 77172 84017 333 21376 47005 55069 555 53002 7990/;
0140309150999992000010806004+50420+103620FM-12+098999999V0200101N001012200019N0500001N1-02331-02651102811ADDAY171061AY211061GF103991001001999999001011MD1810091+9999MW1011REMSYN066AAXX  08061 30915 41999 30101 11233 21265 40281 58009 70171 80001;
0162309150999992000010812004+50420+103620FM-12+098999999V0202701N001019999999N0500001N1-02791-03031103291ADDAA112000791GF108991021001999999051021KA1120M-01911MD1210161+9999REMSYN086AAXX  08121 30915 12984 82701 11279 21303 40329 52016 69902 82052 333 11191 555 53003;
0112309150999992000010818004+50420+103620FM-12+098999999V0202601N002019999999N0500001N1-03131-03361103681ADDGF108991001001999999001011MD1210011+9999REMSYN060AAXX  08181 30915 42984 82602 11313 21336 40368 52001 80001;
0234309150999992000010900004+50420+103620FM-12+098999999V0202701N001012200019N0500001N1-03571-03801103811ADDAA106000091AJ100059199999999GA1001+999999999GF100991001001999999001001GJ103489IA1239KA1120N-03591MD1810121+9999REMSYN092AAXX  09001 30915 32984 02701 11357 21380 40381 58012 333 21359 47005 55058 555 53003 7990/;EQDQ01  00002PRCP06
0169309150999992000010912004+50420+103620FM-12+098999999V0202901N002019999999N0500001N1-02211+99999103351ADDAA106000091GF108991001001999999001011KA1120M-02031MD1210121+9999REMSYN074AAXX  09121 30915 32984 82902 11221 40335 52012 80001 333 11203 555 53003;EQDQ01  00002PRCP06
0112309150999992000010918004+50420+103620FM-12+098999999V0202401N001019999999N0500001N1-02951-03191103931ADDGF108991011001999999051021MD1210241+9999REMSYN060AAXX  09181 30915 42984 82401 11295 21319 40393 52024 81052;
0224309150999992000011000004+50420+103620FM-12+098999999V0209999C000019999999N0500001N1-03201-03431104481ADDAA106000091AJ100059199999999GF108991001001999999001021GJ102229IA1239KA1120N-03271MD1210181+9999REMSYN098AAXX  10001 30915 32984 80000 11320 21343 40448 52018 80002 333 21327 47005 55037 555 53003 7000/;EQDQ01  00002PRCP06
0140309150999992000011006004+50420+103620FM-12+098999999V0200901N001019999999N0060001N1-02271-02521104141ADDAY171061AY221061GF108991061001999999021071MD1810031+9999MW1711REMSYN066AAXX  10061 30915 41956 80901 11227 21252 40414 58003 77172 86027;
0140309150999992000011018004+50420+103620FM-12+098999999V0200401N001010300019N0130001N1-02271-02451104391ADDAY171061AY271061GF108991041071008001021081MD1210021+9999MW1711REMSYN066AAXX  10181 30915 41563 80401 11227 21245 40439 52002 77177 84728;
0249309150999992000011100004+50420+103620FM-12+098999999V0209999C000012200019N0500001N1-03261-03421104951ADDAA112000591AJ100079199999999AY171061AY211061GA1001+999999999GF100991001001999999001001GJ100009IA1239KA1120N-03281MD1810021+9999MW1021REMSYN104AAXX  11001 30915 11984 00000 11326 21342 40495 58002 69942 70271 333 21328 47007 55000 555 53003 7001/;
0122309150999992000011106004+50420+103620FM-12+098999999V0209999C000012200019N0500001N1-02241-02491104161ADDGA1001+999999999GF100991001001999999001001MD1810231+9999REMSYN054AAXX  11061 30915 42999 00000 11224 21249 40416 58023;
0116309150999992000011118004+50420+103620FM-12+098999999V0209999C000012200019N0500001N1+99999+99999999999ADDGA1001+999999999GF100991001001999999001001MD1710101+9999REMSYN048AAXX  11181 30915 42984 00000 18335 20359 57010;
0224309150999992000011200004+50420+103620FM-12+098999999V0209999C000012200019N0500001N1-03471-03701104401ADDAA106000091AJ100079199999999GF103991001001999999001011GJ104269IA1239KA1120N-03651MD1710091+9999REMSYN098AAXX  12001 30915 32984 30000 11347 21370 40440 57009 80001 333 21365 47007 55071 555 53003 7000/;EQDQ01  00002PRCP06
0112309150999992000011206004+50420+103620FM-12+098999999V0209999C000019999999N0500001N1-02381-02631103351ADDGF108991011001999999051021MD1710321+9999REMSYN060AAXX  12061 30915 42999 80000 11238 21263 40335 57032 81052;
0175309150999992000011212004+50420+103620FM-12+098999999V0202401N001019999999N0500001N1-02731-02981103471ADDAA106000091GF108991001001999999001021KA1120M-02131MD1510011+9999REMSYN080AAXX  12121 30915 32984 82401 11273 21298 40347 55001 80002 333 11213 555 53002;EQDQ01  00002PRCP06
0112309150999992000011218004+50420+103620FM-12+098999999V0202601N001019999999N0500001N1-02831-03001103481ADDGF108991001001999999001011MD1710021+9999REMSYN060AAXX  12181 30915 42984 82601 11283 21300 40348 57002 80001;
0234309150999992000011300004+50420+103620FM-12+098999999V0203001N001012200019N0500001N1-03051-03211103641ADDAA106000091AJ100079199999999GA1001+999999999GF100991001001999999001001GJ102829IA1239KA1120N-03221MD1310031+9999REMSYN092AAXX  13001 30915 32984 03001 11305 21321 40364 53003 333 21322 47007 55047 555 53003 7000/;EQDQ01  00002PRCP06
0122309150999992000011306004+50420+103620FM-12+098999999V0203001N001012200019N0500001N1-02191-02511102911ADDGA1001+999999999GF100991001001999999001001MD1810251+9999REMSYN054AAXX  13061 30915 42999 03001 11219 21251 40291 58025;
0112309150999992000011318004+50420+103620FM-12+098999999V0201401N001010300019N0500001N1-02541-02721103051ADDGF108991021051012501051081MD1310021+9999REMSYN060AAXX  13181 30915 42684 81401 11254 21272 40305 53002 82558;
0243309150999992000011400004+50420+103620FM-12+098999999V0209999C000019999999N0350001N1-02241-02421103191ADDAA112000791AJ100079199999999AY171061AY221061GF108991041001999999071071GJ104269IA1239KA1120N-02871MD1210191+9999MW1711REMSYN114    AAXX  14001 30915 11981 80000 11224 21242 40319 52019 69902 77172 84077 333 21287 47007 55071 555 53002 7990/;
0154309150999992000011406004+50420+103620FM-12+098999999V0209999C000012200019N0500001N1-01601-02021103051ADDAY171061AY211061GA1001+999999999GF100991001001999999001001MD1810031+9999MW1011REMSYN064    AAXX  14061 30915 41999 00000 11160 21202 40305 58003 70171;
0166309150999992000011412004+50420+103620FM-12+098999999V0209999C000012200019N0500001N1-02531-02701103781ADDAA112000791GF102991001001999999001011KA1120M-01371MD1210171+9999REMSYN090    AAXX  14121 30915 12984 20000 11253 21270 40378 52017 69902 80001 333 11137 555 53002;
0116309150999992000011418004+50420+103620FM-12+098999999V0202601N002012200019N0500001N1-03131-03301104401ADDGF103991001001999999001011MD1210081+9999REMSYN064    AAXX  14181 30915 42984 32602 11313 21330 40440 52008 80001;
0238309150999992000011500004+50420+103620FM-12+098999999V0209999C000012200019N0500001N1-03481-03701104691ADDAA199000091AJ100079199999999GA1001+999999999GF100991001001999999001001GJ103789IA1239KA1120N-03521MD1210041+9999REMSYN096    AAXX  15001 30915 32984 00000 11348 21370 40469 52004 333 21352 47007 55063 555 53003 7990/;EQDQ01  00002PRCP99
0116309150999992000011506004+50420+103620FM-12+098999999V0200101N001019999999N0500001N1-02301-02551103761ADDGF108991001001999999001081MD1810261+9999REMSYN064    AAXX  15061 30915 42999 80101 11230 21255 40376 58026 80008;
0116309150999992000011518004+50420+103620FM-12+098999999V0202301N001019999999N0500001N1-03201-03431104061ADDGF108991001001999999001021MD1810081+9999REMSYN064    AAXX  15181 30915 42984 82301 11320 21343 40406 58008 80002;
0207309150999992000011600004+50420+103620FM-12+098999999V0202501N002012200019N0500001N1-03541-03701999999ADDAA199000091AJ100079199999999GF102991001001999999999999GJ103849IA1239KA1120N-03561REMSYN095    AAXX  16001 30915 32984 22502 11354 2137/ 7/100 800// 333 21356 47007 55064 555 5303 7000/;EQDQ01  00002PRCP99
0116309150999992000011606004+50420+103620FM-12+098999999V0202001N001012200019N0500001N1-02271-02521103181ADDGF101991001001999999001011MD1810261+9999REMSYN064    AAXX  16061 30915 42999 12001 11227 21252 40318 58026 80001;
0126309150999992000011618004+50420+103620FM-12+098999999V0209999C000012200019N0500001N1-02931-03111103631ADDGA1001+999999999GF100991001001999999001001MD1210081+9999REMSYN058    AAXX  16181 30915 42984 00000 11293 21311 40363 52008;
0228309150999992000011700004+50420+103620FM-12+098999999V0202701N002019999999N0500001N1-03231-03391104241ADDAA199000091AJ100079199999999GF108991021001999999051011GJ103189IA1239KA1120N-03311MD1210191+9999REMSYN102    AAXX  17001 30915 32984 82702 11323 21339 40424 52019 82051 333 21331 47007 55053 555 53003 7000/;EQDQ01  00002PRCP99
0144309150999992000011706004+50420+103620FM-12+098999999V0200901N001019999999N0070001N1-02061-02311103711ADDAY171061AY221061GF108991081001999999021999MD1810021+9999MW1711REMSYN070    AAXX  17061 30915 41957 80901 11206 21231 40371 58002 77172 8802/;
0177309150999992000011712004+50420+103620FM-12+098999999V0200901N001019999999N0500001N1-02651-02831104381ADDAY171061AY211061GF108991021001999999051081KA1120M-01651MD1210251+9999MW1031REMSYN090    AAXX  17121 30915 11984 80901 11265 21283 40438 52025 70371 82058 333 11165 555 53003;
0110309150999992000011718004+50420+103620FM-12+098999999V0209999C000012200019N0500001N1+99999+99999105221ADDGF103991001001999999001011MD1210121+9999REMSYN058    AAXX  17181 30915 42984 30000 21355 40522 52012 80001;
0228309150999992000011800004+50420+103620FM-12+098999999V0202001N001012200019N0500001N1-03711-03881105381ADDAA199000091AJ100079199999999GF102991001001999999001011GJ101869IA1239KA1120N-03811MD1710031+9999REMSYN102    AAXX  18001 30915 32984 22001 11371 21388 40538 57003 80001 333 21381 47007 55031 555 53003 7990/;EQDQ01  00002PRCP99
0126309150999992000011806004+50420+103620FM-12+098999999V0209999C000012200019N0500001N1-02331-02651104261ADDGA1001+999999999GF100991001001999999001001MD1810281+9999REMSYN058    AAXX  18061 30915 42999 00000 11233 21265 40426 58028;
0189309150999992000011812004+50420+103620FM-12+098999999V0202801N002012200019N0500001N1-02921-03221104291ADDAA199000091GA1001+999999999GF100991001001999999001001KA1120M-01831MD1710071+9999REMSYN078    AAXX  18121 30915 32984 02802 11292 21322 40429 57007 333 11183 555 53003;EQDQ01  00002PRCP99
0126309150999992000011818004+50420+103620FM-12+098999999V0202701N001012200019N0500001N1-03271-03511104331ADDGA1001+999999999GF100991001001999999001001MD1710111+9999REMSYN058    AAXX  18181 30915 42984 02701 11327 21351 40433 57011;
0296309150999992000011900004+50420+103620FM-12+098999999V0209999C000012200019N9999999N1-02531-02841103502ADDAA124000091AJ100069199999999GF102991001001999999001011GJ104149IA1239KA1120N-02541MA1999999092831MD1710021+9999REMSYN123    AAXX  19001 30915 329// 20000 11253 21284 39283 40350 57002 80001 333 21254 47006 55069 555 1/133 51205 53005 7000/ /-;EQDQ01+103503APOSLPQ02  00002PRCP99Q03  00003PRCP99
0116309150999992000011906004+50420+103620FM-12+098999999V0209999C000012200019N0500001N1-01901-02391103271ADDGF102991001001999999001011MD1810181+9999REMSYN064    AAXX  19061 30915 42999 20000 11190 21239 40327 58018 80001;
0126309150999992000011909004+50420+103620FM-12+098999999V0202301N001012200019N0500001N1-03412-03852103751ADDGA1001+999999999GF100991001001999999001001MD1210061+9999REMSYN058    AAXX  19091 30915 42999 02301 11341 21385 40375 52006;
0179309150999992000011912004+50420+103620FM-12+098999999V0209999C000019999999N0500001N1-02601-02841103721ADDAA199000091GF108991001001999999001011KA1120M-01621MD1210131+9999REMSYN084    AAXX  19121 30915 32984 80000 11260 21284 40372 52013 80001 333 11162 555 53002;EQDQ01  00002PRCP99
0112309150999992000011918004+50420+103620FM-12+098999999V0209999C000019999999N0500001N1-02641-02881103811ADDGF108991011001999999051071MD1410001+9999REMSYN060AAXX  19181 30915 42984 80000 11264 21288 40381 54000 81057;
0224309150999992000012000004+50420+103620FM-12+098999999V0209999C000019999999N0500001N1-03161-03381104301ADDAA199000091AJ100079199999999GF108991011001999999051021GJ104449IA1239KA1120N-03231MD1210081+9999REMSYN098AAXX  20001 30915 32984 80000 11316 21338 40430 52008 81052 333 21323 47007 55074 555 53002 7000/;EQDQ01  00002PRCP99
0112309150999992000012001004+50420+103620FM-12+098999999V02099999999999999999N0500001N1-02022-02352103712ADDGF108991001001999999001081MD1810091+9999REMSYN060AAXX  20011 30915 42999 808/1 11202 21235 40371 58009 80008;
0112309150999992000012006004+50420+103620FM-12+098999999V0200801N001019999999N0500001N1-02021-02351103711ADDGF108991001001999999001081MD1810091+9999REMSYN060AAXX  20061 30915 42999 80801 11202 21235 40371 58009 80008;
0175309150999992000012012004+50420+103620FM-12+098999999V0202401N001019999999N0500001N1+99999+99999104081ADDAA199000091GF108991011001999999051071KA1120M-01721MD1210151+9999REMSYN080AAXX  20121 30915 32984 82401 112/4 21259 40408 52015 81057 333 11172 555 53002;EQDQ01  00002PRCP99
0140309150999992000012018004+50420+103620FM-12+098999999V0202801N001019999999N0100001N1-02211-02471104101ADDAY171061AY221061GF108991031001999999011071MD1210021+9999MW1711REMSYN066AAXX  20181 30915 41960 82801 11221 21247 40410 52002 77172 83017;
0239309150999992000012100004+50420+103620FM-12+098999999V0209999C000019999999N0080001N1-02121-02301104021ADDAA112000591AJ100079199999999AY171061AY221061GF108991051001999999071081GJ103069IA1239KA1120N-02511MD1810051+9999MW1711REMSYN110AAXX  21001 30915 11958 80000 11212 21230 40402 58005 69942 77172 85078 333 21251 47007 55051 555 53002 7994/;
0140309150999992000012106004+50420+103620FM-12+098999999V0200801N001019999999N0100001N1-01541-01811103611ADDAY171061AY221061GF108991001001999999001081MD1810171+9999MW1221REMSYN066AAXX  21061 30915 41960 80801 11154 21181 40361 58017 72272 80008;
0143309150999992000012112004+50420+103620FM-12+098999999V0202701N001019999999N0500001N1-02121-02301103971ADDAA112000191GF108991021001999999051081MD1210121+9999REMSYN080AAXX  21121 30915 12984 82701 11212 21230 40397 52012 69922 82058 333 555 53002;
0140309150999992000012118004+50420+103620FM-12+098999999V0209999C000019999999N0290001N1-03521+99999104351ADDAY171061AY221061GF108991051001999999071071MD1210041+9999MW1711REMSYN066AAXX  21181 30915 41979 80000 11352 21270 40435 52004 77172 85077;
0140309150999992000012206004+50420+103620FM-12+098999999V0209999C000019999999N0120001N1-01731-01991104241ADDAY171061AY271061GF108991031001999999011071MD1810041+9999MW1711REMSYN066AAXX  22061 30915 41962 80000 11173 21199 40424 58004 77177 83017;
0190309150999992000012212004+50420+103620FM-12+098999999V0202501N001019999999N0500001N1-02351-02531104871ADDAA112000191AY171061AY221061GF108991011001999999051021KA1120M-01441MD1210221+9999MW1021REMSYN092AAXX  22121 30915 11984 82501 11235 21253 40487 52022 69922 70272 81052 333 11144 555 53003;
0112309150999992000012218004+50420+103620FM-12+098999999V0202401N001019999999N0500001N1-02251-02431105221ADDGF108991041001999999051081MD1210131+9999REMSYN060AAXX  22181 30915 42984 82401 11225 21243 40522 52013 84058;
0234309150999992000012300004+50420+103620FM-12+098999999V0202301N001012200019N0500001N1-02991-03171106101ADDAA199000091AJ100079199999999GA1001+999999999GF100991001001999999001001GJ101929IA1239KA1120N-03081MD1210201+9999REMSYN092AAXX  23001 30915 32984 02301 11299 21317 40610 52020 333 21308 47007 55032 555 53004 7992/;EQDQ01  00002PRCP99
0122309150999992000012306004+50420+103620FM-12+098999999V0209999C000012200019N0500001N1-02081-02331105751ADDGA1001+999999999GF100991001001999999001001MD1810041+9999REMSYN054AAXX  23061 30915 42999 00000 11208 21233 40575 58004;
0122309150999992000012318004+50420+103620FM-12+098999999V0209999C000012200019N0500001N1-03511-03741106751ADDGA1001+999999999GF100991001001999999001001MD1410001+9999REMSYN054AAXX  23181 30915 42984 00000 11351 21374 40675 54000;
0224309150999992000012400004+50420+103620FM-12+098999999V0209999C000019999999N0500001N1-03391-03611106711ADDAA199000091AJ100079199999999GF108991011001999999041021GJ104629IA1239KA1120N-03541MD1210021+9999REMSYN098AAXX  24001 30915 32984 80000 11339 21361 40671 52002 81042 333 21354 47007 55077 555 53003 7000/;EQDQ01  00002PRCP99
0141309150999992000012406004+50420+103620FM-12+098999999V0209999C000012200019N0500001N1-02051-02451105772ADDGA1001+999999999GF100991001001999999001001MD1810161+9999REMSYN054AAXX  24061 30915 42999 00000 11205 21245 40577 58016;EQDQ01+105773APOSLP
0185309150999992000012412004+50420+103620FM-12+098999999V0209999C000012200019N0500001N1-02721-03031106221ADDAA199000091GA1001+999999999GF100991001001999999001001KA1120M-01541MD1310021+9999REMSYN074AAXX  24121 30915 32984 00000 11272 21303 40622 53002 333 11154 555 53002;EQDQ01  00002PRCP99
0122309150999992000012418004+50420+103620FM-12+098999999V0202501N001012200019N0500001N1-03171-03411106581ADDGA1001+999999999GF100991001001999999001001MD1210011+9999REMSYN054AAXX  24181 30915 42984 02501 11317 21341 40658 52001;
0224309150999992000012500004+50420+103620FM-12+098999999V0209999C000019999999N0500001N1-03311-03531106701ADDAA199000091AJ100079199999999GF108991001001999999001011GJ104749IA1239KA1120N-03461MD1210011+9999REMSYN098AAXX  25001 30915 32984 80000 11331 21353 40670 52001 80001 333 21346 47007 55079 555 53003 7000/;EQDQ01  00002PRCP99
0141309150999992000012506004+50420+103620FM-12+098999999V0203101N001012200019N0500001N1-01891-02301105652ADDGA1001+999999999GF100991001001999999001001MD1710221+9999REMSYN054AAXX  25061 30915 42999 03101 11189 21230 40565 57022;EQDQ01+105653APOSLP
0185309150999992000012512004+50420+103620FM-12+098999999V0202601N002012200019N0500001N1-02241-02561105791ADDAA199000091GA1001+999999999GF100991001001999999001001KA1120M-01331MD1310061+9999REMSYN074AAXX  25121 30915 32984 02602 11224 21256 40579 53006 333 11133 555 53003;EQDQ01  00002PRCP99
0234309150999992000012600004+50420+103620FM-12+098999999V0209999C000012200019N0500001N1-03191-03371106221ADDAA199000091AJ100079199999999GA1001+999999999GF100991001001999999001001GJ104809IA1239KA1120N-03221MD1710051+9999REMSYN092AAXX  26001 30915 32984 00000 11319 21337 40622 57005 333 21322 47007 55080 555 53003 7000/;EQDQ01  00002PRCP99
0122309150999992000012606004+50420+103620FM-12+098999999V0202701N002012200019N0500001N1-01851-02261104921ADDGA1001+999999999GF100991001001999999001001MD1710341+9999REMSYN054AAXX  26061 30915 42999 02702 11185 21226 40492 57034;
0185309150999992000012612004+50420+103620FM-12+098999999V0203101N002012200019N0500001N1-02331-02721104831ADDAA199000091GA1001+999999999GF100991001001999999001001KA1120M-01391MD1610041+9999REMSYN074AAXX  26121 30915 32984 03102 11233 21272 40483 56004 333 11139 555 53003;EQDQ01  00002PRCP99
0112309150999992000012618004+50420+103620FM-12+098999999V0209999C000012200019N0500001N1-02931-03171105111ADDGF102991001001999999001011MD1710041+9999REMSYN060AAXX  26181 30915 42984 20000 11293 21317 40511 57004 80001;
0224309150999992000012700004+50420+103620FM-12+098999999V0209999C000019999999N0500001N1-02681-02931105011ADDAA199000091AJ100079199999999GF108991031001999999051081GJ105109IA1239KA1120N-03021MD1210041+9999REMSYN098AAXX  27001 30915 32984 80000 11268 21293 40501 52004 83058 333 21302 47007 55085 555 53003 7000/;EQDQ01  00002PRCP99
0112309150999992000012706004+50420+103620FM-12+098999999V0202801N002019999999N0500001N1-01561-02161104371ADDGF108991081001999999011999MD1810091+9999REMSYN060AAXX  27061 30915 42999 82802 11156 21216 40437 58009 8801/;
0175309150999992000012712004+50420+103620FM-12+098999999V0202801N001019999999N0500001N1-02181-02501104761ADDAA199000091GF108991021001999999051011KA1120M-01301MD1210081+9999REMSYN080AAXX  27121 30915 32984 82801 11218 21250 40476 52008 82051 333 11130 555 53004;EQDQ01  00002PRCP99
0112309150999992000012718004+50420+103620FM-12+098999999V0203101N001019999999N0500001N1-02781-02961105321ADDGF108991021001999999051021MD1210191+9999REMSYN060AAXX  27181 30915 42984 83101 11278 21296 40532 52019 82052;
0224309150999992000012800004+50420+103620FM-12+098999999V0209999C000019999999N0500001N1-03041-03211105721ADDAA199000091AJ100079199999999GF108991011001999999051021GJ101569IA1239KA1120N-03131MD1210101+9999REMSYN098AAXX  28001 30915 32984 80000 11304 21321 40572 52010 81052 333 21313 47007 55026 555 53002 7000/;EQDQ01  00002PRCP99
0112309150999992000012806004+50420+103620FM-12+098999999V0202501N001012200019N0500001N1-01911-02241105161ADDGF102991001001999999001021MD1810101+9999REMSYN060AAXX  28061 30915 42999 22501 11191 21224 40516 58010 80002;
0112309150999992000012818004+50420+103620FM-12+098999999V0209999C000019999999N0500001N1-03031-03271106091ADDGF108991021001999999051011MD1210041+9999REMSYN060AAXX  28181 30915 42984 80000 11303 21327 40609 52004 82051;
0224309150999992000012900004+50420+103620FM-12+098999999V0209999C000019999999N0500001N1-03311-03531106341ADDAA199000091AJ100079199999999GF108991011001999999051011GJ103969IA1239KA1120N-03501MD1210051+9999REMSYN098AAXX  29001 30915 32984 80000 11331 21353 40634 52005 81051 333 21350 47007 55066 555 53003 7000/;EQDQ01  00002PRCP99
0141309150999992000012906004+50420+103620FM-12+098999999V0203301N001012200019N0500001N1-01891-02301105502ADDGA1001+999999999GF100991001001999999001001MD1810131+9999REMSYN054AAXX  29061 30915 42999 03301 11189 21230 40550 58013;EQDQ01+105503APOSLP
0155309150999992000012912004+50420+103620FM-12+098999999V0202901N001012200019N9999999N1-02491-02811105851ADDGA1001+999999999GF100991001001999999001001KA1120M-01311MD1310111+9999REMSYN074AAXX  29121 30915 2/84/ 02901 11249 21281 40585 53011 333 11131 555 53003;
0102309150999992000012918004+50420+103620FM-12+098999999V0202601N001012200019N0500001N1-03151-03381106401ADDGA1001+999999999GF100991001001999999001001REMSYN048AAXX  29181 30915 42984 02601 11315 21338 40640;
0234309150999992000013000004+50420+103620FM-12+098999999V0201801N001012200019N0500001N1-03201-03461106501ADDAA199000091AJ100079199999999GA1001+999999999GF100991001001999999001001GJ104989IA1239KA1120N-03411MD1210021+9999REMSYN092AAXX  30001 30915 32984 01801 1132/ 21346 40650 52002 333 21341 47007 55083 555 53003 7000/;EQDQ01  00002PRCP99
0122309150999992000013006004+50420+103620FM-12+098999999V0202701N001012200019N0500001N1-01801-02301105431ADDGA1001+999999999GF100991001001999999001001MD1710211+9999REMSYN054AAXX  30061 30915 42999 02701 11180 21230 40543 57021;
0175309150999992000013012004+50420+103620FM-12+098999999V0209999C000012200019N0500001N1-02411-02731105671ADDAA199000091GF102991001001999999001011KA1120M-01171MD1310071+9999REMSYN080AAXX  30121 30915 32984 20000 11241 21273 40567 53007 80001 333 11117 555 53003;EQDQ01  00002PRCP99
0122309150999992000013018004+50420+103620FM-12+098999999V0209999C000012200019N0500001N1-03111-03341106011ADDGA1001+999999999GF100991001001999999001001MD1810051+9999REMSYN054AAXX  30181 30915 42984 00000 11311 21334 40601 58005;
0234309150999992000013100004+50420+103620FM-12+098999999V0202701N001012200019N0500001N1-03501-03741106091ADDAA199000091AJ100079199999999GA1001+999999999GF100991001001999999001001GJ104989IA1239KA1120N-03611MD1710071+9999REMSYN092AAXX  31001 30915 32984 02701 11350 21374 40609 57007 333 21361 47007 55083 555 53002 7000/;EQDQ01  00002PRCP99
0122309150999992000013106004+50420+103620FM-12+098999999V0202801N001012200019N0500001N1-01941-02351104791ADDGA1001+999999999GF100991001001999999001001MD1710341+9999REMSYN054AAXX  31061 30915 42999 02801 11194 21235 40479 57034;
0185309150999992000013112004+50420+103620FM-12+098999999V0202601N001012200019N0500001N1-02411-02731104751ADDAA199000091GA1001+999999999GF100991001001999999001001KA1120M-01211MD1610021+9999REMSYN074AAXX  31121 30915 32984 02601 11241 21273 40475 56002 333 11121 555 53003;EQDQ01  00002PRCP99
0122309150999992000013118004+50420+103620FM-12+098999999V0202601N001012200019N0500001N1-03121-03361105051ADDGA1001+999999999GF100991001001999999001001MD1710061+9999REMSYN054AAXX  31181 30915 42984 02601 11312 21336 40505 57006;
0234309150999992000020100004+50420+103620FM-12+098999999V0202401N001012200019N0500001N1-03261-03481104951ADDAA199000091AJ100079199999999GA1001+999999999GF100991001001999999001001GJ104989IA1239KA1120N-03431MD1710051+9999REMSYN092AAXX  01001 30915 32984 02401 11326 21348 40495 57005 333 21343 47007 55083 555 53002 7000/;EQDQ01  00002PRCP99
0112309150999992000020106004+50420+103620FM-12+098999999V0203401N001012200019N0500001N1-01741-02241103652ADDGF101991001001999999001021MD1710301+9999REMSYN060AAXX  01061 30915 42999 13401 11174 21224 40365 57030 80002;
0112309150999992000020118004+50420+103620FM-12+098999999V0203001N001012200019N0500001N1-02751-02991104091ADDGF103991001001999999001011MD1210051+9999REMSYN060AAXX  01181 30915 42984 33001 11275 21299 40409 52005 80001;
0224309150999992000020200004+50420+103620FM-12+098999999V0209999C000019999999N0500001N1-03081-03321104571ADDAA199000091AJ100079199999999GF108991011001999999041011GJ104989IA1239KA1120N-03161MD1210161+9999REMSYN098AAXX  02001 30915 32984 80000 11308 21332 40457 52016 81041 333 21316 47007 55083 555 53003 7000/;EQDQ01  00002PRCP99
0102309150999992000020206004+50420+103620FM-12+098999999V0203301N011012200019N0500001N1-01551-02051103811ADDGA1001+999999999GF100991001001999999001001REMSYN048AAXX  02061 30915 42999 03311 11155 21205 40381;
0185309150999992000020212004+50420+103620FM-12+098999999V0201601N001012200019N0500001N1-02161-02481103751ADDAA199000091GA1001+999999999GF100991001001999999001001KA1120M-00961MD1310031+9999REMSYN074AAXX  02121 30915 32984 01601 11216 21248 40375 53003 333 11096 555 53003;EQDQ01  00002PRCP99
0122309150999992000020218004+50420+103620FM-12+098999999V02099999999992200019N0500001N1-03101-03281104281ADDGA1001+999999999GF100991001001999999001001MD1710021+9999REMSYN054AAXX  02181 30915 42984 0/802 11310 21328 40428 57002;
0234309150999992000020300004+50420+103620FM-12+098999999V0202601N002012200019N0500001N1-03391-03611104441ADDAA199000091AJ100079199999999GA1001+999999999GF100991001001999999001001GJ104989IA1239KA1120N-03501MD1310011+9999REMSYN092AAXX  03001 30915 32984 02602 11339 21361 40444 53001 333 21350 47007 55083 555 53003 7000/;EQDQ01  00002PRCP99
0122309150999992000020306004+50420+103620FM-12+098999999V0200301N001012200019N0500001N1-01781-02191103261ADDGA1001+999999999GF100991001001999999001001MD1810281+9999REMSYN054AAXX  03061 30915 42999 00301 11178 21219 40326 58028;
0185309150999992000020312004+50420+103620FM-12+098999999V0202501N001012200019N0500001N1-02261-02581103401ADDAA199000091GA1001+999999999GF100991001001999999001001KA1120M-01281MD1310051+9999REMSYN074AAXX  03121 30915 32984 02501 11226 21258 40340 53005 333 11128 555 53002;EQDQ01  00002PRCP99
0122309150999992000020318004+50420+103620FM-12+098999999V0209999C000012200019N0500001N1-03161-03381104081ADDGA1001+999999999GF100991001001999999001001MD1210051+9999REMSYN054AAXX  03181 30915 42984 00000 11316 21338 40408 52005;
0234309150999992000020400004+50420+103620FM-12+098999999V0209999C000012200019N0500001N1-03431-03641104221ADDAA199000091AJ100079199999999GA1001+999999999GF100991001001999999001001GJ105229IA1239KA1120N-03571MD1410001+9999REMSYN092AAXX  04001 30915 32984 00000 11343 21364 40422 54000 333 21357 47007 55087 555 53002 7000/;EQDQ01  00002PRCP99
0122309150999992000020406004+50420+103620FM-12+098999999V0203601N001012200019N0500001N1-01791-02291103081ADDGA1001+999999999GF100991001001999999001001MD1810201+9999REMSYN054AAXX  04061 30915 42999 03601 11179 21229 40308 58020;
0185309150999992000020412004+50420+103620FM-12+098999999V0202701N002012200019N0500001N1-02261-02581103411ADDAA199000091GA1001+999999999GF100991001001999999001001KA1120M-01081MD1310171+9999REMSYN074AAXX  04121 30915 32984 02702 11226 21258 40341 53017 333 11108 555 53002;EQDQ01  00002PRCP99
0253309150999992000020500004+50420+103620FM-12+098999999V0209999C000012200019N0500001N1-03371-03591104471ADDAA124000091AJ100079199999999GA1001+999999999GF100991001001999999001001GJ105229IA1239KA1120N-03511MD1210071+9999REMSYN095AAXX  05001 30915 32984 00000 11337 21359 40447 52007 333 21351 47007 55087 555 53003 7000/ /-;EQDQ01  00002PRCP99Q02  00003PRCP99
0122309150999992000020506004+50420+103620FM-12+098999999V0200401N001012200019N0500001N1-01771-02181103481ADDGA1001+999999999GF100991001001999999001001MD1810151+9999REMSYN054AAXX  05061 30915 42999 00401 11177 21218 40348 58015;
0175309150999992000020512004+50420+103620FM-12+098999999V0209999C000012200019N0500001N1-02151-02471103751ADDAA199000091GF102991011001999999051011KA1120M-01121MD1310171+9999REMSYN080AAXX  05121 30915 32984 20000 11215 21247 40375 53017 81051 333 11112 555 53003;EQDQ01  00002PRCP99
0122309150999992000020518004+50420+103620FM-12+098999999V0202401N001012200019N0500001N1-02931-03171104381ADDGA1001+999999999GF100991001001999999001001MD1410001+9999REMSYN054AAXX  05181 30915 42984 02401 11293 21317 40438 54000;
0234309150999992000020600004+50420+103620FM-12+098999999V0209999C000012200019N0500001N1-03331-03561104871ADDAA199000091AJ100079199999999GA1001+999999999GF100991001001999999001001GJ105229IA1239KA1120N-03361MD1210051+9999REMSYN092AAXX  06001 30915 32984 00000 11333 21356 40487 52005 333 21336 47007 55087 555 53004 7000/;EQDQ01  00002PRCP99
0122309150999992000020606004+50420+103620FM-12+098999999V0203501N001012200019N0500001N1-01612-02121103662ADDGA1001+999999999GF100991001001999999001001MD1710241+9999REMSYN054AAXX  06061 30915 42999 03501 11161 21212 40366 57024;
0122309150999992000020618004+50420+103620FM-12+098999999V0209999C000012200019N0500001N1-02621-02801104011ADDGA1001+999999999GF100991001001999999001001MD1710081+9999REMSYN054AAXX  06181 30915 42984 00000 11262 21280 40401 57008;
0220309150999992000020700004+50420+103620FM-12+098999999V0209999C000012200019N0500001N1-02921-03151103921ADDAA199000091AJ100079199999999GA1001+999999999GF100991001001999999001001IA1239KA1120N-03001MD1710051+9999REMSYN086AAXX  07001 30915 32984 00000 11292 21315 40392 57005 333 21300 47007 555 53003 7000/;EQDQ01  00002PRCP99
0106309150999992000020706004+50420+103620FM-12+098999999V0209999C000019999999N0500001N1-01291-01811102941ADDGF108991999999999999999999MD1810171+9999REMSYN054AAXX  07061 30915 42999 80000 11129 21181 40294 58017;
0156309150999992000020712004+50420+103620FM-12+098999999V0200801N002019999999N0500001N1-01201-01721999999ADDAA199000091GF108991031001008001051021MD1310131+9999REMSYN074AAXX  07121 30915 32584 80802 11120 21172 53013 83052 333 1108/ 555 5300<;EQDQ01  00002PRCP99
0112309150999992000020718004+50420+103620FM-12+098999999V0201901N001019999999N0500001N1-01721-02061103451ADDGF108991001001999999001011MD1210071+9999REMSYN060AAXX  07181 30915 42984 81901 11172 21206 40345 52007 80001;
0224309150999992000020800004+50420+103620FM-12+098999999V0209999C000019999999N0500001N1-01961-02151103621ADDAA199000091AJ100079199999999GF108991021001999999051021GJ104209IA1239KA1120N-02111MD1210021+9999REMSYN098AAXX  08001 30915 32984 80000 11196 21215 40362 52002 82052 333 21211 47007 55070 555 53005 7000/;EQDQ01  00002PRCP99
0140309150999992000020806004+50420+103620FM-12+098999999V0200301N001012200019N0500001N1-00821-01451102741ADDAY171061AY211061GF102991001001999999001011MD1710281+9999MW1021REMSYN066AAXX  08061 30915 41999 20301 11082 21145 40274 57028 70271 80001;
0145309150999992000020812004+50420+103620FM-12+098999999V0201601N001019999999N0500001N1-01531-01721102901ADDGF108991001001999999001011KA1120M-00521MD1310011+9999REMSYN080AAXX  08121 30915 12984 81601 11153 21172 40290 53001 80001 333 11052 555 53003;
0112309150999992000020818004+50420+103620FM-12+098999999V0202501N001019999999N0500001N1-02311-02491103311ADDGF108991001001999999001011MD1310011+9999REMSYN060AAXX  08181 30915 42984 82501 11231 21249 40331 53001 80001;
0224309150999992000020900004+50420+103620FM-12+098999999V0202501N001019999999N0100001N1-02481-02661103341ADDAA199000091AJ100079199999999GF108991051001999999051021GJ104509IA1239KA1120N-02651MD1710031+9999REMSYN098AAXX  09001 30915 32997 82501 11248 21266 40334 57003 85052 333 21265 47007 55075 555 53003 7990/;EQDQ01  00002PRCP99
0178309150999992000020912004+50420+103620FM-12+098999999V0203201N001012200019N0500001N1-01741-01931102571ADDAA199000091GF101991001001999999001021KA1120M-00771MD1310051+9999REMSYN083AAXX  09121 30915 32984 13201 11174 21193 40257 53005 80002 333 11077 555 53002 /-;EQDQ01  00002PRCP99
0224309150999992000021000004+50420+103620FM-12+098999999V0202101N001012200019N0100001N1-02791-02961103251ADDAA199000091AJ100079199999999GF102991001001999999001021GJ102289IA1239KA1120N-02791MD1810041+9999REMSYN098AAXX  10001 30915 32997 22101 11279 21296 40325 58004 80002 333 21279 47007 55038 555 53802 7000/;EQDQ01  00002PRCP99
0112309150999992000021006004+50420+103620FM-12+098999999V0202901N001019999999N0500001N1-01071-01431102131ADDGF108991001001999999001011MD1810221+9999REMSYN060AAXX  10061 30915 42999 82901 11107 21143 40213 58022 80001;
0174309150999992000021012004+50420+103620FM-12+098999999V0202001N001019999999N0500001N1-01031-01391101911ADDAA199000091GF108991021001999999051081KA1120M-00451MD1510001+9999REMSYN079AAXX  10121 30915 32984 82001 11103 21139 40191 55000 82058 333 11045 555 5003;EQDQ01  00002PRCP99
0112309150999992000021018004+50420+103620FM-12+098999999V0209999C000010120019N0500001N1-01731-01851102331ADDGF108991051051012501051021MD1210021+9999REMSYN060AAXX  10181 30915 42684 80000 11173 21185 40233 52002 85552;
0211309150999992000021100004+50420+103620FM-12+098999999V0202401N001019999999N0100001N1-01261-01391102421ADDAA112000591AJ100079199999999GF108991081001999999021999GJ105229IA1239KA1120N-01761MD1210201+9999REMSYN104AAXX  11001 30915 11997 82401 11126 21139 40242 52020 69952 8802/ 333 21176 47007 55087 555 53002 7995/;
0140309150999992000021106004+50420+103620FM-12+098999999V0203501N001019999999N0080001N1-00691-00851102361ADDAY171061AY271061GF108991061001999999021081MD1110011+9999MW1711REMSYN066AAXX  11061 30915 41958 83501 11069 21085 40236 51001 77177 86028;
0190309150999992000021112004+50420+103620FM-12+098999999V0203501N001019999999N0500001N1-01101-01461102951ADDAA112000391AY171061AY221061GF108991021001999999011071KA1120M-00531MD1210201+9999MW1001REMSYN092AAXX  11121 30915 11984 83501 11110 21146 40295 52020 69932 70072 82017 333 11053 555 53005;
0112309150999992000021118004+50420+103620FM-12+098999999V0201801N001019999999N0500001N1-02071-02261103681ADDGF108991001001999999001011MD1210111+9999REMSYN060AAXX  11181 30915 42984 81801 11207 21226 40368 52011 80001;
0203309150999992000021200004+50420+103620FM-12+098999999V0209999C000019999999N0500001N1-02451-02631104081ADDAA199000091AJ100089199999999GF108991021001999999051021GJ100009IA1239MD1210151+9999REMSYN090AAXX  12001 30915 32984 80000 11245 21263 40408 52015 82052 333 47008 55000 555 5 - 7593/;EQDQ01  00002PRCP99
0140309150999992000021206004+50420+103620FM-12+098999999V0200101N001010750019N0200001N1-01181-01531103361ADDAY171061AY221061GF108991021071008001001071MD1810111+9999MW1151REMSYN066AAXX  12061 30915 41570 80101 11118 21153 40336 58011 71572 82707;
0190309150999992000021212004+50420+103620FM-12+098999999V0203401N001019999999N0500001N1-01721-01911103801ADDAA112000791AY171061AY221061GF108991001001999999001081KA1120M-00971MD1210151+9999MW1011REMSYN092AAXX  12121 30915 11984 83401 11172 21191 4038/ 52015 69902 70172 80008 333 11097 555 53002;
0112309150999992000021218004+50420+103620FM-12+098999999V0202401N001019999999N0500001N1-02351-02531104331ADDGF108991001001999999001021MD1210041+9999REMSYN060AAXX  12181 30915 42984 82401 11235 21253 40433 52004 80002;
0224309150999992000021300004+50420+103620FM-12+098999999V0209999C000012200019N0100001N1-03071-03231104791ADDAA199000091AJ100089199999999GF103991001001999999001011GJ102049IA1239KA1120N-03121MD1210041+9999REMSYN098AAXX  13001 30915 32997 30000 11307 21323 40479 52004 80001 333 21312 47008 55034 555 53002 7990/;EQDQ01  00002PRCP99
0112309150999992000021306004+50420+103620FM-12+098999999V0203501N001012200019N0500001N1-01721-02061103821ADDGF102991011021017501001011MD1810201+9999REMSYN060AAXX  13061 30915 42799 23501 11172 21206 40382 58020 81201;
0185309150999992000021312004+50420+103620FM-12+098999999V0202801N002012200019N0500001N1-02271-02591104131ADDAA199000091GA1001+999999999GF100991001001999999001001KA1120M-01151MD1310111+9999REMSYN074AAXX  13121 30915 32984 02802 11227 21259 40413 53011 333 11115 555 53003;EQDQ01  00002PRCP99
0122309150999992000021318004+50420+103620FM-12+098999999V0201201N001012200019N0500001N1-02971-03151104621ADDGA1001+999999999GF100991001001999999001001MD1410001+9999REMSYN054AAXX  13181 30915 42984 01201 11297 21315 40462 54000;
0122309150999992000021418004+50420+103620FM-12+098999999V0203601N001012200019N0500001N1-03111-03341104341ADDGA1001+999999999GF100991001001999999001001MD1810031+9999REMSYN054AAXX  14181 30915 42984 03601 11311 21334 40434 58003;
0234309150999992000021500004+50420+103620FM-12+098999999V0209999C000012200019N0100001N1-03431-03641104501ADDAA199000091AJ100089199999999GA1001+999999999GF100991001001999999001001GJ105529IA1239KA1120N-03511MD1310031+9999REMSYN092AAXX  15001 30915 32997 00000 11343 21364 40450 53003 333 21351 47008 55092 555 53003 7000/;EQDQ01  00002PRCP99
0141309150999992000021506004+50420+103620FM-12+098999999V0202701N001012200019N0500001N1-01662-02161103212ADDGA1001+999999999GF100991001001999999001001MD1710251+9999REMSYN054AAXX  15061 30915 42999 02701 11166 21216 40321 57025;EQDQ01+103213APOSLP
0175309150999992000021512004+50420+103620FM-12+098999999V0202401N001012200019N0500001N1-02101-02501103261ADDAA199000091GF102991001001999999001011KA1120M-01131MD1310031+9999REMSYN080AAXX  15121 30915 32984 22401 11210 21250 40326 53003 80001 333 11113 555 53002;EQDQ01  00002PRCP99
0112309150999992000021518004+50420+103620FM-12+098999999V0209999C000019999999N0500001N1-02721-02901103581ADDGF108991001001999999001081MD1810021+9999REMSYN060AAXX  15181 30915 42984 80000 11272 21290 40358 58002 80008;
0234309150999992000021600004+50420+103620FM-12+098999999V0202601N002012200019N0100001N1-02971-03211103611ADDAA199000091AJ100089199999999GA1001+999999999GF100991001001999999001001GJ105589IA1239KA1120N-03161MD1710031+9999REMSYN092AAXX  16001 30915 32997 02602 11297 21321 40361 57003 333 21316 47008 55093 555 53002 7000/;EQDQ01  00002PRCP99
0112309150999992000021606004+50420+103620FM-12+098999999V0200301N001019999999N0500001N1-01252-01771102382ADDGF108991001001999999001011MD1810301+9999REMSYN060AAXX  16061 30915 42999 80301 11125 21177 40238 58030 80001;
0175309150999992000021612004+50420+103620FM-12+098999999V0202801N002019999999N0500001N1-01581-01921102421ADDAA199000091GF108991021001999999051081KA1120M-00681MD1310041+9999REMSYN080AAXX  16121 30915 32984 82802 11158 21192 40242 53004 82058 333 11068 555 53002;EQDQ01  00002PRCP99
0112309150999992000021618004+50420+103620FM-12+098999999V0202701N001019999999N0500001N1-02461-02631103091ADDGF108991001001999999001081MD1210061+9999REMSYN060AAXX  16181 30915 42984 82701 11246 21263 40309 52006 80008;
0224309150999992000021700004+50420+103620FM-12+098999999V0209999C000019999999N0100001N1-02821-03001103501ADDAA199000091AJ100089199999999GF108991001001999999001011GJ104869IA1239KA1120N-02851MD1210071+9999REMSYN098AAXX  17001 30915 32997 80000 11282 21300 40350 52007 80001 333 21285 47008 55081 555 53003 7000/;EQDQ01  00002PRCP99
0140309150999992000021706004+50420+103620FM-12+098999999V0202301N001019999999N0260001N1-01261-01611102651ADDAY171061AY221061GF108991081001999999021999MD1810121+9999MW1711REMSYN066AAXX  17061 30915 41976 82301 11126 21161 40265 58012 77172 8802/;
0140309150999992000021718004+50420+103620FM-12+098999999V0203001N001019999999N0500001N1-01681-01871103711ADDAY171061AY221061GF108991001001999999001071MD1210091+9999MW1021REMSYN066AAXX  17181 30915 41984 83001 11168 21187 40371 52009 70272 80007;
0239309150999992000021800004+50420+103620FM-12+098999999V0200601N001019999999N0100001N1-02151-02271104091ADDAA112000391AJ100089199999999AY171061AY221061GF108991011001999999051011GJ101509IA1239KA1120N-02151MD1210071+9999MW1011REMSYN110AAXX  18001 30915 11997 80601 11215 21227 40409 52007 69932 70172 81051 333 21215 47008 55025 555 53003 7996/;
0112309150999992000021806004+50420+103620FM-12+098999999V0200701N001019999999N0500001N1-01031-01561103261ADDGF105991001001999999001011MD1810261+9999REMSYN060AAXX  18061 30915 42999 50701 11103 21156 40326 58026 80001;
0175309150999992000021812004+50420+103620FM-12+098999999V0202901N001019999999N0500001N1-01651-02241103391ADDAA199000091GF108991001001999999001081KA1120M-00581MD1510001+9999REMSYN080AAXX  18121 30915 32984 82901 11165 21224 40339 55000 80008 333 11058 555 53005;EQDQ01  00002PRCP99
0234309150999992000021900004+50420+103620FM-12+098999999V0202901N001012200019N0100001N1-03011-03191104191ADDAA199000091AJ100089199999999GA1001+999999999GF100991001001999999001001GJ105649IA1239KA1120N-03121MD1310041+9999REMSYN092AAXX  19001 30915 32997 02901 11301 21319 40419 53004 333 21312 47008 55094 555 53003 7000/;EQDQ01  00002PRCP99
0112309150999992000021906004+50420+103620FM-12+098999999V0200301N001012200019N0500001N1-01222-01841102982ADDGF102991001001999999001011MD1710251+9999REMSYN060AAXX  19061 30915 42999 20301 11122 21184 40298 57025 80001;
0175309150999992000021912004+50420+103620FM-12+098999999V0202701N001019999999N0500001N1-01701-02201103081ADDAA199000091GF108991011001999999051021KA1120M-00601MD1310041+9999REMSYN080AAXX  19121 30915 32984 82701 11170 21220 40308 53004 81052 333 11060 555 53003;EQDQ01  00002PRCP99
0112309150999992000021918004+50420+103620FM-12+098999999V0209999C000012200019N0500001N1-02671-02851103631ADDGF104991001001999999001011MD1810031+9999REMSYN060AAXX  19181 30915 42984 40000 11267 21285 40363 58003 80001;
0234309150999992000022000004+50420+103620FM-12+098999999V0202501N002012200019N0100001N1-03241-03421103961ADDAA199000091AJ100089199999999GA1001+999999999GF100991001001999999001001GJ105649IA1239KA1120N-03241MD1310021+9999REMSYN092AAXX  20001 30915 32997 02502 11324 21342 40396 53002 333 21324 47008 55094 555 53002 7000/;EQDQ01  00002PRCP99
0112309150999992000022006004+50420+103620FM-12+098999999V0200601N001019999999N0500001N1-01242-01861102592ADDGF108991001001999999001011MD1710251+9999REMSYN060AAXX  20061 30915 42999 80601 11124 21186 40259 57025 80001;
0175309150999992000022012004+50420+103620FM-12+098999999V0201901N001019999999N0500001N1-01701-02201102801ADDAA199000091GF108991001001999999001011KA1120M-00521MD1310131+9999REMSYN080AAXX  20121 30915 32984 81901 11170 21220 40280 53013 80001 333 11052 555 53002;EQDQ01  00002PRCP99
0112309150999992000022018004+50420+103620FM-12+098999999V0209999C000019999999N0500001N1-02201-02381103381ADDGF108991001001999999001071MD1210071+9999REMSYN060AAXX  20181 30915 42984 80000 11220 21238 40338 52007 80007;
0224309150999992000022100004+50420+103620FM-12+098999999V0209999C000019999999N0100001N1-02131-02311103431ADDAA199000091AJ100089199999999GF108991041001999999051071GJ105649IA1239KA1120N-02411MD1310091+9999REMSYN098AAXX  21001 30915 32997 80000 11213 21231 40343 53009 84057 333 21241 47008 55094 555 53002 7000/;EQDQ01  00002PRCP99
0140309150999992000022106004+50420+103620FM-12+098999999V0200501N001010300019N0500001N1-00901-01341102991ADDAY171061AY221061GF108991021071008001071081MD1810021+9999MW1221REMSYN066AAXX  21061 30915 41599 80501 11090 21134 40299 58002 72272 82778;
0162309150999992000022112004+50420+103620FM-12+098999999V0209999C000010750019N0500001N1-01661-01921103561ADDAA112000791GF106991011041012501001021KA1120M-00701MD1310201+9999REMSYN086AAXX  21121 30915 12684 60000 11166 21192 40356 53020 69902 81402 333 11070 555 53004;
0140309150999992000022118004+50420+103620FM-12+098999999V0201401N001012200019N0150001N1-01741-01861103941ADDAY171061AY221061GF108991031051012501001011MD1210071+9999MW1711REMSYN066AAXX  21181 30915 41665 81401 11174 21186 40394 52007 77172 83501;
0239309150999992000022200004+50420+103620FM-12+098999999V0202501N002019999999N0100001N1-02211-02331104291ADDAA112001091AJ100099199999999AY171061AY221061GF108991001001999999001011GJ103549IA1239KA1120N-02301MD1210051+9999MW1011REMSYN110AAXX  22001 30915 11997 82502 11221 21233 40429 52005 60012 70172 80001 333 21230 47009 55059 555 53003 7001/;
0112309150999992000022206004+50420+103620FM-12+098999999V0209999C000019999999N0500001N1-01101-01541103501ADDGF108991021001999999011081MD1810241+9999REMSYN060AAXX  22061 30915 42999 80000 11110 21154 40350 58024 82018;
0175309150999992000022212004+50420+103620FM-12+098999999V0202601N002019999999N0500001N1-01241-02071103241ADDAA199000091GF108991001001999999001011KA1120M-00681MD1510061+9999REMSYN080AAXX  22121 30915 32984 82602 11124 21207 40324 55006 80001 333 11068 555 53006;EQDQ01  00002PRCP99
0112309150999992000022218004+50420+103620FM-12+098999999V0209999C000019999999N0500001N1-02421-02661104131ADDGF108991001001999999001011MD1210151+9999REMSYN060AAXX  22181 30915 42984 80000 11242 21266 40413 52015 80001;
0234309150999992000022300004+50420+103620FM-12+098999999V0209999C000012200019N0100001N1-03051-03211104721ADDAA199000091AJ100099199999999GA1001+999999999GF100991001001999999001001GJ104989IA1239KA1120N-03151MD1210101+9999REMSYN092AAXX  23001 30915 32997 00000 11305 21321 40472 52010 333 21315 47009 55083 555 53004 7000/;EQDQ01  00002PRCP99
0112309150999992000022306004+50420+103620FM-12+098999999V0209999C000012200019N0500001N1-01081-01811103411ADDGF102991001001999999001011MD1810251+9999REMSYN060AAXX  23061 30915 42999 20000 11108 21181 40341 58025 80001;
0175309150999992000022312004+50420+103620FM-12+098999999V0202501N001012200019N0500001N1-01021-01991103291ADDAA199000091GF102991001001999999001011KA1120M-00351MD1310051+9999REMSYN080AAXX  23121 30915 32984 22501 11102 21199 40329 53005 80001 333 11035 555 53006;EQDQ01  00002PRCP99
0112309150999992000022318004+50420+103620FM-12+098999999V0203201N001019999999N0500001N1-01851-02181103681ADDGF108991061001999999071081MD1710061+9999REMSYN060AAXX  23181 30915 42984 83201 11185 21218 40368 57006 86078;
0224309150999992000022400004+50420+103620FM-12+098999999V0201101N001019999999N0100001N1-01971-02231103581ADDAA199000091AJ100099199999999GF108991081001999999071999GJ105829IA1239KA1120N-02021MD1710021+9999REMSYN098AAXX  24001 30915 32997 81101 11197 21223 40358 57002 8807/ 333 21202 47009 55097 555 53004 7000/;EQDQ01  00002PRCP99
0112309150999992000022406004+50420+103620FM-12+098999999V0202701N005019999999N0500001N1-00182-01461102372ADDGF108991051001999999051021MD1810281+9999REMSYN060AAXX  24061 30915 42999 82705 11018 21146 40237 58028 85052;
0175309150999992000022412004+50420+103620FM-12+098999999V0202701N006019999999N0500001N1-00521-01561102471ADDAA199000091GF108991021001999999051011KA1120M-00121MD1310041+9999REMSYN080AAXX  24121 30915 32984 82706 11052 21156 40247 53004 82051 333 11012 555 53009;EQDQ01  00002PRCP99
0112309150999992000022418004+50420+103620FM-12+098999999V0202101N001019999999N0500001N1-01501-02201103191ADDGF108991001001999999001071MD1210041+9999REMSYN060AAXX  24181 30915 42984 82101 11150 21220 40319 52004 80007;
0224309150999992000022500004+50420+103620FM-12+098999999V0202701N001019999999N0100001N1-02421-02601103821ADDAA199000091AJ100099199999999GF108991001001999999001081GJ101929IA1239KA1120N-02421MD1210091+9999REMSYN098AAXX  25001 30915 32997 82701 11242 21260 40382 52009 80008 333 21242 47009 55032 555 53008 7000/;EQDQ01  00002PRCP99
0112309150999992000022506004+50420+103620FM-12+098999999V0203201N001010300019N0500001N1-00532-01281102561ADDGF108991011011012501051021MD1810281+9999REMSYN060AAXX  25061 30915 42699 83201 11053 21128 40256 58028 81152;
0175309150999992000022512004+50420+103620FM-12+098999999V0202901N005019999999N0500001N1-00781-01631102431ADDAA199000091GF108991011001999999041021KA1120M-00081MD1710121+9999REMSYN080AAXX  25121 30915 32984 82905 11078 21163 40243 57012 81042 333 11008 555 53010;EQDQ01  00002PRCP99
0112309150999992000022518004+50420+103620FM-12+098999999V0202301N002019999999N0500001N1-01621-02221102911ADDGF108991001001999999001011MD1210041+9999REMSYN060AAXX  25181 30915 42984 82302 11162 21222 40291 52004 80001;
0224309150999992000022600004+50420+103620FM-12+098999999V0202701N002019999999N0100001N1-02501-02611103581ADDAA199000091AJ100089199999999GF108991001001999999001011GJ104329IA1239KA1120N-02521MD1210111+9999REMSYN098AAXX  26001 30915 32997 82702 11250 21261 40358 52011 80001 333 21252 47008 55072 555 53006 7000/;EQDQ01  00002PRCP99
0112309150999992000022606004+50420+103620FM-12+098999999V0200301N001019999999N0500001N1-00432-01131102411ADDGF108991001001999999001081MD1810191+9999REMSYN060AAXX  26061 30915 42999 80301 11043 21113 40241 58019 80008;
0175309150999992000022612004+50420+103620FM-12+098999999V0202401N002012200019N0500001N1-00861-01571102571ADDAA199000091GF102991001001999999001011KA1120M+00121MD1310071+9999REMSYN080AAXX  26121 30915 32984 22402 11086 21157 40257 53007 80001 333 10012 555 53008;EQDQ01  00002PRCP99
0122309150999992000022618004+50420+103620FM-12+098999999V0209999C000012200019N0500001N1-02121-02301103381ADDGA1001+999999999GF100991001001999999001001MD1210041+9999REMSYN054AAXX  26181 30915 42984 00000 11212 21230 40338 52004;
0224309150999992000022700004+50420+103620FM-12+098999999V0209999C000012200019N0100001N1-02711-02821103841ADDAA199000091AJ100089199999999GF101991001001999999001011GJ105709IA1239KA1120N-02711MD1210081+9999REMSYN098AAXX  27001 30915 32997 10000 11271 21282 40384 52008 80001 333 21271 47008 55095 555 53002 7000/;EQDQ01  00002PRCP99
0122309150999992000022706004+50420+103620FM-12+098999999V0209999C000012200019N0500001N1-00542-01191102482ADDGA1001+999999999GF100991001001999999001001MD1810241+9999REMSYN054AAXX  27061 30915 42999 00000 11054 21119 40248 58024;
0185309150999992000022712004+50420+103620FM-12+098999999V0202101N001012200019N0500001N1-00981-01631102651ADDAA199000091GA1001+999999999GF100991001001999999001001KA1120M+00281MD1310101+9999REMSYN074AAXX  27121 30915 32984 02101 11098 21163 40265 53010 333 10028 555 53005;EQDQ01  00002PRCP99
0224309150999992000022800004+50420+103620FM-12+098999999V0209999C000012200019N0100001N1-02541-02651103751ADDAA199000091AJ100089199999999GF101991001001999999001011GJ106189IA1239KA1120N-02551MD1310031+9999REMSYN098AAXX  28001 30915 32997 10000 11254 21265 40375 53003 80001 333 21255 47008 55103 555 53003 7000/;EQDQ01  00002PRCP99
0112309150999992000022806004+50420+103620FM-12+098999999V0203001N001012200019N0500001N1-00142-01151102151ADDGF102991001001999999001011MD1710261+9999REMSYN060AAXX  28061 30915 42999 23001 11014 21115 40215 57026 80001;
0175309150999992000022812004+50420+103620FM-12+098999999V0202401N002012200019N9999999N1-00441-01471102081ADDAA199000091GF102991999999022501001011KA1120M+00231MD1310031+9999REMSYN080AAXX  28121 30915 3/84/ 22402 11044 21147 40208 53003 8//01 333 10023 555 53006;EQDQ01  00002PRCP99
0122309150999992000022818004+50420+103620FM-12+098999999V0202201N001012200019N0500001N1-01761-02021102911ADDGA1001+999999999GF100991001001999999001001MD1210041+9999REMSYN054AAXX  28181 30915 42984 02201 11176 21202 40291 52004;
0201309150999992000022900004+50420+103620FM-12+098999999V0202401N002019999999N0500001N1-02171-02291103401ADDAA124999999AJ100089199999999GF106991001001999999001021GJ107029IA1229KA1120N-02411MD1210191+9999REMSYN094AAXX  29001 30915 32999 62402 11217 21229 40340 52019 80002 333 21241 46008 55117 53004 7000/;
0112309150999992000022906004+50420+103620FM-12+098999999V0200201N001019999999N0500001N1-00202-01151102311ADDGF105991001001999999001011MD1810191+9999REMSYN060AAXX  29061 30915 42999 50201 11020 21115 40231 58019 80001;
0175309150999992000022912004+50420+103620FM-12+098999999V0209999C000012200019N0500001N1-00691-01371102411ADDAA199000091GF101991001001999999001011KA1120M+00241MD1310031+9999REMSYN080AAXX  29121 30915 32984 10000 11069 21137 40241 53003 80001 333 10024 555 53004;EQDQ01  00002PRCP99
0112309150999992000022918004+50420+103620FM-12+098999999V0202801N001012200019N0500001N1-01871-01991103031ADDGF102991001001999999001011MD1810031+9999REMSYN060AAXX  29181 30915 42984 22801 11187 21199 40303 58003 80001;
0224309150999992000030100004+50420+103620FM-12+098999999V0202701N001019999999N0500001N1-02241-02361103091ADDAA199000091AJ100059199999999GF108991031001999999051021GJ105829IA1309KA1120N-02251MD1710031+9999REMSYN098AAXX  01001 30915 32999 82701 11224 21236 40309 57003 83052 333 21225 42005 55097 555 53002 7000/;EQDQ01  00002PRCP99
0112309150999992000030106004+50420+103620FM-12+098999999V0203301N001019999999N0500001N1-00512-01101101691ADDGF108991031001999999051081MD1710341+9999REMSYN060AAXX  01061 30915 42999 83301 11051 21110 40169 57034 83058;
0156309150999992000030112004+50420+103620FM-12+098999999V0202101N001019999999N0500001N1-00621-01261101371ADDAA199000091GF108991021001999999051011MD1510031+9999REMSYN074AAXX  01121 30915 32984 82101 11062 21126 40137 55003 82051 333 1000/ 555;EQDQ01  00002PRCP99
0112309150999992000030118004+50420+103620FM-12+098999999V0201301N002019999999N0500001N1-01361-01561101691ADDGF108991001001999999001011MD1410001+9999REMSYN060AAXX  01181 30915 42984 81302 11136 21156 40169 54000 80001;
0224309150999992000030200004+50420+103620FM-12+098999999V0202601N003012200019N0500001N1-00901-01341101621ADDAA199000091AJ100059199999999GF108991011051012501001011GJ103909IA1309KA1120N-01671MD1210101+9999REMSYN098AAXX  02001 30915 32699 82603 11090 21134 40162 52010 81501 333 21167 42005 55065 555 53006 7000/;EQDQ01  00002PRCP99
0112309150999992000030206004+50420+103620FM-12+098999999V0202601N004010300019N0500001N1-00421-01431101421ADDGF108991031051012501051021MD1810011+9999REMSYN060AAXX  02061 30915 42699 82604 11042 21143 40142 58001 83552;
0175309150999992000030212004+50420+103620FM-12+098999999V0202901N003019999999N0500001N1-00661-01621101611ADDAA199000091GF108991001001999999001021KA1120M+00021MD1310131+9999REMSYN080AAXX  02121 30915 32984 82903 11066 21162 40161 53013 80002 333 10002 555 53012;EQDQ01  00002PRCP99
0122309150999992000030218004+50420+103620FM-12+098999999V0202201N003012200019N0500001N1-01001-01851102221ADDGA1001+999999999GF100991001001999999001001MD1210141+9999REMSYN054AAXX  02181 30915 42984 02203 11100 21185 40222 52014;
0240309150999992000030300004+50420+103620FM-12+098999999V0202701N002019999999N0500001N1-01841-02101103202ADDAA199000091AJ100059199999999GF108991011001999999051011GJ104089IA1309KA1120N-02021MD1210391+9999REMSYN098AAXX  03001 30915 32999 82702 11184 21210 40320 52039 81051 333 21202 42005 55068 555 53006 7000/;EQDQ01+103203APOSLPQ02  00002PRCP99
0112309150999992000030306004+50420+103620FM-12+098999999V0202701N006019999999N0500001N1-00371-01531102671ADDGF108991001001999999001011MD1810101+9999REMSYN060AAXX  03061 30915 42999 82706 11037 21153 40267 58010 80001;
0175309150999992000030312004+50420+103620FM-12+098999999V0202701N003019999999N0500001N1-00901-01851102821ADDAA199000091GF108991001001999999001011KA1120M-00171MD1310011+9999REMSYN080AAXX  03121 30915 32984 82703 11090 21185 40282 53001 80001 333 11017 555 53010;EQDQ01  00002PRCP99
0112309150999992000030318004+50420+103620FM-12+098999999V0209999C000019999999N0500001N1-01401-02111103021ADDGF108991001001999999001011MD1810081+9999REMSYN060AAXX  03181 30915 42984 80000 11140 21211 40302 58008 80001;
0224309150999992000030400004+50420+103620FM-12+098999999V0203501N001019999999N0500001N1-01891-02151102861ADDAA199000091AJ100049199999999GF108991041001999999051021GJ106009IA1309KA1120N-01991MD1710141+9999REMSYN098AAXX  04001 30915 32999 83501 11189 21215 40286 57014 84052 333 21199 42004 55100 555 53007 7000/;EQDQ01  00002PRCP99
0112309150999992000030406004+50420+103620FM-12+098999999V0202501N005012200019N0500001N1-00271-01521101671ADDGF102991011001999999051011MD1710161+9999REMSYN060AAXX  04061 30915 42999 22505 11027 21152 40167 57016 81051;
0175309150999992000030412004+50420+103620FM-12+098999999V0202901N009010150019N0500001N1-00191-01301101701ADDAA199000091GF107991061031017501051001KA1120M+00131MD1310261+9999REMSYN080AAXX  04121 30915 32784 72909 11019 21130 40170 53026 86350 333 10013 555 53014;EQDQ01  00002PRCP99
0112309150999992000030418004+50420+103620FM-12+098999999V0203501N005012200019N0500001N1-00981-01511102821ADDGF101991011091012501001001MD1210311+9999REMSYN060AAXX  04181 30915 42684 13505 11098 21151 40282 52031 81900;
0250309150999992000030500004+50420+103620FM-12+098999999V0202301N002012200019N0500001N1-02341-02521103882ADDAA199000091AJ100039199999999GA1001+999999999GF100991001001999999001001GJ103189IA1309KA1120N-02341MD1210111+9999REMSYN092AAXX  05001 30915 32999 02302 11234 21252 40388 52011 333 21234 42003 55053 555 53014 7000/;EQDQ01+103883APOSLPQ02  00002PRCP99
0122309150999992000030506004+50420+103620FM-12+098999999V0200801N002012200019N0500001N1-00472-01461102731ADDGA1001+999999999GF100991001001999999001001MD1810221+9999REMSYN054AAXX  05061 30915 42999 00802 11047 21146 40273 58022;
0178309150999992000030512004+50420+103620FM-12+098999999V0200801N004010750019N0500001N1-00671-01571102421ADDAA199000091GF108991021001012501051081KA1120M-00111MD1510081+9999REMSYN083AAXX  05121 30915 32684 80804 11067 21157 40242 55008 82058 333 11011 555 53006 /-;EQDQ01  00002PRCP99
0112309150999992000030518004+50420+103620FM-12+098999999V0209999C000010750019N0500001N1-01361-01881102931ADDGF108991011091012501001021MD1310181+9999REMSYN060AAXX  05181 30915 42684 80000 11136 21188 40293 53018 81902;
0211309150999992000030600004+50420+103620FM-12+098999999V0201301N001010750019N0500001N1-01711-01971103721ADDAA112000791AJ100039199999999GF108991011091012501001021GJ105889IA1309KA1120N-01731MD1210351+9999REMSYN104AAXX  06001 30915 11699 81301 11171 21197 40372 52035 69902 81902 333 21173 42003 55098 555 53008 7990/;
0112309150999992000030606004+50420+103620FM-12+098999999V0203001N004010750019N0500001N1-00461-01391103471ADDGF108991021031012501001021MD1210041+9999REMSYN060AAXX  06061 30915 42699 83004 11046 21139 40347 52004 82302;
0175309150999992000030612004+50420+103620FM-12+098999999V0202401N001019999999N0500001N1-01041-01671103811ADDAA199000091GF105991001001999999001011KA1120M-00271MD1310101+9999REMSYN080AAXX  06121 30915 32984 52401 11104 21167 40381 53010 80001 333 11027 555 53010;EQDQ01  00002PRCP99
0122309150999992000030618004+50420+103620FM-12+098999999V0202101N001012200019N0500001N1-01981-02171104431ADDGA1001+999999999GF100991001001999999001001MD1210031+9999REMSYN054AAXX  06181 30915 42984 02101 11198 21217 40443 52003;
0250309150999992000030700004+50420+103620FM-12+098999999V0209999C000012200019N0500001N1-02471-02591104661ADDAA199000091AJ199992999999999GA1001+999999999GF100991001001999999001001GJ105769IA1259KA1120N-02521MD1710031+9999REMSYN092AAXX  07001 30915 32999 00000 11247 21259 40466 57003 333 21252 41998 55096 555 53004 7000/;EQDQ01  00002PRCP99Q02  09972SNDP  
0122309150999992000030706004+50420+103620FM-12+098999999V0202801N004012200019N0500001N1-00102-01291103022ADDGA1001+999999999GF100991001001999999001001MD1710301+9999REMSYN054AAXX  07061 30915 42999 02804 11010 21129 40302 57030;
0122309150999992000030718004+50420+103620FM-12+098999999V0209999C000012200019N0500001N1-01831-02091103751ADDGA1001+999999999GF100991001001999999001001MD1210041+9999REMSYN054AAXX  07181 30915 42984 00000 11183 21209 40375 52004;
0250309150999992000030800004+50420+103620FM-12+098999999V0209999C000012200019N0500001N1-02331-02451104141ADDAA199000091AJ199992999999999GA1001+999999999GF100991001001999999001001GJ106249IA1259KA1120N-02331MD1210061+9999REMSYN092AAXX  08001 30915 32999 00000 11233 21245 40414 52006 333 21233 41998 55104 555 53003 7000/;EQDQ01  00002PRCP99Q02  09972SNDP  
0122309150999992000030806004+50420+103620FM-12+098999999V0203501N001012200019N0500001N1-00102-01241102812ADDGA1001+999999999GF100991001001999999001001MD1710201+9999REMSYN054AAXX  08061 30915 42999 03501 11010 21124 40281 57020;
0175309150999992000030812004+50420+103620FM-12+098999999V0202501N001012200019N0500001N1-00521-01261102821ADDAA199000091GF101991001001999999001011KA1120M+00421MD1310051+9999REMSYN080AAXX  08121 30915 32984 12501 11052 21126 40282 53005 80001 333 10042 555 53003;EQDQ01  00002PRCP99
0122309150999992000030818004+50420+103620FM-12+098999999V0202801N002012200019N0500001N1-01741-01931103731ADDGA1001+999999999GF100991001001999999001001MD1210081+9999REMSYN054AAXX  08181 30915 42984 02802 11174 21193 40373 52008;
0250309150999992000030900004+50420+103620FM-12+098999999V0209999C000012200019N0500001N1-02081-02201103991ADDAA199000091AJ199992999999999GA1001+999999999GF100991001001999999001001GJ106249IA1259KA1120N-02101MD1210071+9999REMSYN092AAXX  09001 30915 32999 00000 11208 21220 40399 52007 333 21210 41998 55104 555 53002 7000/;EQDQ01  00002PRCP99Q02  09972SNDP  
0122309150999992000030906004+50420+103620FM-12+098999999V0203001N001012200019N0500001N1+00062-01061102732ADDGA1001+999999999GF100991001001999999001001MD1710231+9999REMSYN054AAXX  09061 30915 42999 03001 10006 21106 40273 57023;
0185309150999992000030912004+50420+103620FM-12+098999999V0201901N001012200019N0500001N1-00401-01281102871ADDAA199000091GA1001+999999999GF100991001001999999001001KA1120M+00461MD1310041+9999REMSYN074AAXX  09121 30915 32984 01901 11040 21128 40287 53004 333 10046 555 53004;EQDQ01  00002PRCP99
0122309150999992000030918004+50420+103620FM-12+098999999V0203601N001012200019N0500001N1-01511-01701103601ADDGA1001+999999999GF100991001001999999001001MD1210041+9999REMSYN054AAXX  09181 30915 42984 03601 11151 21170 40360 52004;
0250309150999992000031000004+50420+103620FM-12+098999999V0209999C000012200019N0500001N1-01961-02021103831ADDAA199000091AJ199992999999999GA1001+999999999GF100991001001999999001001GJ106249IA1259KA1120N-02091MD1310031+9999REMSYN092AAXX  10001 30915 32999 00000 11196 21202 40383 53003 333 21209 41998 55104 555 53002 7000/;EQDQ01  00002PRCP99Q02  09972SNDP  
0141309150999992000031006004+50420+103620FM-12+098999999V0202501N001012200019N0500001N1+00152-01171102372ADDGA1001+999999999GF100991001001999999001001MD1710301+9999REMSYN054AAXX  10061 30915 42999 02501 10015 21117 40237 57030;EQDQ01+102373APOSLP
0175309150999992000031012004+50420+103620FM-12+098999999V0202601N001019999999N0500001N1-00281-01241102391ADDAA199000091GF108991001001999999001011KA1120M+00551MD1310011+9999REMSYN080AAXX  10121 30915 32984 82601 11028 21124 40239 53001 80001 333 10055 555 53004;EQDQ01  00002PRCP99
0112309150999992000031018004+50420+103620FM-12+098999999V0202601N001012200019N0500001N1-01281-01551102991ADDGF101991001001999999001011MD1210011+9999REMSYN060AAXX  10181 30915 42984 12601 11128 21155 40299 52001 80001;
0240309150999992000031100004+50420+103620FM-12+098999999V0202701N001019999999N0500001N1-01901-02021103351ADDAA199000091AJ199992999999999GF108991001001999999001011GJ106429IA1259KA1120N-01901MD1310051+9999REMSYN098AAXX  11001 30915 32999 82701 11190 21202 40335 53005 80001 333 21190 41998 55107 555 53003 7000/;EQDQ01  00002PRCP99Q02  09972SNDP  
0112309150999992000031106004+50420+103620FM-12+098999999V0209999C000019999999N0500001N1+00252-01211101992ADDGF108991001001999999001011MD1710251+9999REMSYN060AAXX  11061 30915 42999 80000 10025 21121 40199 57025 80001;
0169309150999992000031112004+50420+103620FM-12+098999999V0202601N001019999999N0500001N1-00221-01081102151ADDAA199000091GF108991021001999999051011KA1120M+00621MD1310051+9999REMSYN074AAXX  11121 30915 32984 82601 11022 21108 40215 53005 82051 333 10062 955;EQDQ01  00002PRCP99
0112309150999992000031118004+50420+103620FM-12+098999999V0200601N001019999999N0500001N1-01061-01191102771ADDGF108991021001999999051021MD1210061+9999REMSYN060AAXX  11181 30915 42984 80601 11106 21119 40277 52006 82052;
0240309150999992000031200004+50420+103620FM-12+098999999V0209999C000019999999N0500001N1-01371-01431103011ADDAA199000091AJ199992999999999GF108991021001999999051021GJ105709IA1259KA1120N-01371MD1310091+9999REMSYN098AAXX  12001 30915 32999 80000 11137 21143 40301 53009 82052 333 21137 41998 55095 555 53002 7000/;EQDQ01  00002PRCP99Q02  09972SNDP  
0112309150999992000031206004+50420+103620FM-12+098999999V0201001N003010750019N0500001N1-00281-01231102091ADDGF108991011011012501001081MD1710161+9999REMSYN060AAXX  12061 30915 42699 81003 11028 21123 40209 57016 81108;
0175309150999992000031212004+50420+103620FM-12+098999999V0201501N001012200019N0500001N1-00241-01331102331ADDAA199000091GF101991001001999999001011KA1120M+00431MD1310091+9999REMSYN080AAXX  12121 30915 32984 11501 11024 21133 40233 53009 80001 333 10043 555 53006;EQDQ01  00002PRCP99
0112309150999992000031218004+50420+103620FM-12+098999999V0202301N002019999999N0500001N1-01221-01421103111ADDGF108991001001999999001011MD1210081+9999REMSYN060AAXX  12181 30915 42984 82302 11122 21142 40311 52008 80001;
0240309150999992000031300004+50420+103620FM-12+098999999V0209999C000019999999N0500001N1-01701-01761103451ADDAA199000091AJ199992999999999GF108991001001999999001011GJ105529IA1259KA1120N-01701MD1210061+9999REMSYN098AAXX  13001 30915 32999 80000 11170 21176 40345 52006 80001 333 21170 41998 55092 555 53003 7000/;EQDQ01  00002PRCP99Q02  09972SNDP  
0112309150999992000031306004+50420+103620FM-12+098999999V0201001N004019999999N0500001N1+00122-01231102401ADDGF108991001001999999001081MD1710191+9999REMSYN060AAXX  13061 30915 42999 81004 10012 21123 40240 57019 80008;
0112309150999992000031318004+50420+103620FM-12+098999999V0202401N001019999999N0500001N1-01341-01541103191ADDGF108991001001999999001011MD1210031+9999REMSYN060AAXX  13181 30915 42984 82401 11134 21154 40319 52003 80001;
0240309150999992000031400004+50420+103620FM-12+098999999V0209999C000012200019N0500001N1-01811-01871103471ADDAA199000091AJ199992999999999GF101991001001999999001011GJ106129IA1259KA1120N-01821MD1210021+9999REMSYN098AAXX  14001 30915 32999 10000 11181 21187 40347 52002 80001 333 21182 41998 55102 555 53002 7000/;EQDQ01  00002PRCP99Q02  09972SNDP  
0122309150999992000031406004+50420+103620FM-12+098999999V0202701N005012200019N0500001N1+00332-01001101942ADDGA1001+999999999GF100991001001999999001001MD1710321+9999REMSYN054AAXX  14061 30915 42999 02705 10033 21100 40194 57032;
0175309150999992000031412004+50420+103620FM-12+098999999V0202401N002012200019N0500001N1-00181-01431102021ADDAA199000091GF102991001001999999001021KA1120M+00521MD1310011+9999REMSYN080AAXX  14121 30915 32984 22402 11018 21143 40202 53001 80002 333 10052 555 53009;EQDQ01  00002PRCP99
0112309150999992000031418004+50420+103620FM-12+098999999V0209999C000019999999N0500001N1-01341-01611102641ADDGF108991001001999999001021MD1210031+9999REMSYN060AAXX  14181 30915 42984 80000 11134 21161 40264 52003 80002;
0250309150999992000031500004+50420+103620FM-12+098999999V0209999C000012200019N0500001N1-01681-01741102911ADDAA199000091AJ199992999999999GA1001+999999999GF100991001001999999001001GJ106309IA1259KA1120N-01791MD1310081+9999REMSYN092AAXX  15001 30915 32999 00000 11168 21174 40291 53008 333 21179 41998 55105 555 53003 7000/;EQDQ01  00002PRCP99Q02  09972SNDP  
0122309150999992000031506004+50420+103620FM-12+098999999V0203001N004012200019N0500001N1+00422-01161101541ADDGA1001+999999999GF100991001001999999001001MD1710271+9999REMSYN054AAXX  15061 30915 42999 03004 10042 21116 40154 57027;
0175309150999992000031512004+50420+103620FM-12+098999999V0202701N002012200019N0500001N1+00051-01311101531ADDAA199000091GF106991011091012501001011KA1120M+00651MD1310031+9999REMSYN080AAXX  15121 30915 32684 62702 10005 21131 40153 53003 81901 333 10065 555 53008;EQDQ01  00002PRCP99
0122309150999992000031518004+50420+103620FM-12+098999999V0203001N002012200019N0500001N1-01121-01321102121ADDGA1001+999999999GF100991001001999999001001MD1410001+9999REMSYN054AAXX  15181 30915 42984 03002 11112 21132 40212 54000;
0195309150999992000031600004+50420+103620FM-12+098999999V0209999C000010300019N0500001N1-01621-01681102321ADDAA199000091GF108991011051012501051011GJ106369KA1120N-01641MD1310011+9999REMSYN092AAXX  16001 30915 32699 80000 11162 21168 40232 53001 81551 333 21164 55106 555 53003 7000/;EQDQ01  00002PRCP99
0112309150999992000031606004+50420+103620FM-12+098999999V0202501N004019999999N0500001N1+00442-01241100901ADDGF108991001001999999001091MD1710271+9999REMSYN060AAXX  16061 30915 42999 82504 10044 21124 40090 57027 80009;
0175309150999992000031612004+50420+103620FM-12+098999999V0201301N001019999999N0500001N1-00081-01251100811ADDAA199000091GF108991001001999999001081KA1120M+00661MD1610051+9999REMSYN080AAXX  16121 30915 32984 81301 11008 21125 40081 56005 80008 333 10066 555 53009;EQDQ01  00002PRCP99
0223309150999992000031700004+50420+103620FM-12+098999999V0200301N004010120019N0260001N1-00301-00641101321ADDAA112000791AY121061AY221061GF108991061091012501051999GJ104929KA1120N-00631MD1310391+9999REMSYN104AAXX  17001 30915 11676 80304 11030 21064 40132 53039 69902 78022 8695/ 333 21063 55082 555 53007 7990/;EQDQ01+000802PRSWM1
0140309150999992000031706004+50420+103620FM-12+098999999V0200501N002010120019N0500001N1+00131-00941101601ADDAY181061AY221061GF108991051091012501011999MD1210101+9999MW1021REMSYN066AAXX  17061 30915 41699 80502 10013 21094 40160 52010 70282 8591/;
0258309150999992000031800004+50420+103620FM-12+098999999V0200601N001010075019N0500001N1-01301-01361103041ADDAA112000791AJ199993999999999AY171061AY221061GF108991051051008001071999GJ101209IA1239KA1120N-01551MD1410001+9999MW1221REMSYN110AAXX  18001 30915 11599 80601 11130 21136 40304 54000 69902 72272 8557/ 333 21155 47997 55020 555 53004 7994/;EQDQ01  09982SNDP  
0162309150999992000031812004+50420+103620FM-12+098999999V0209999C000012200019N0500001N1-00321-00911101571ADDAA112000791GF102991011041012501001011KA1120M+00261MD1710091+9999REMSYN086AAXX  18121 30915 12684 20000 11032 21091 40157 57009 69902 81401 333 10026 555 53003;
0112309150999992000031818004+50420+103620FM-12+098999999V0202401N001012200019N0500001N1-01121-01251102161ADDGF102991001001999999001011MD1210121+9999REMSYN060AAXX  18181 30915 42984 22401 11112 21125 40216 52012 80001;
0195309150999992000031900004+50420+103620FM-12+098999999V0209999C000010300019N0500001N1-01581-01641102641ADDAA199000091GF108991011051012501051091GJ102109KA1120N-01691MD1210171+9999REMSYN092AAXX  19001 30915 32699 80000 11158 21164 40264 52017 81559 333 21169 55035 555 53002 7990/;EQDQ01  00002PRCP99
0131309150999992000031906004+50420+103620FM-12+098999999V0201001N001010750019N0500001N1+00342-00871101632ADDGF108991021031012501001021MD1810151+9999REMSYN060AAXX  19061 30915 42699 81001 10034 21087 40163 58015 82302;EQDQ01+101633APOSLP
0175309150999992000031912004+50420+103620FM-12+098999999V0201101N002010750019N0500001N1-00121-00891102021ADDAA199000091GF108991021031012501001021KA1120M+00521MD1310161+9999REMSYN080AAXX  19121 30915 32684 81102 11012 21089 40202 53016 82302 333 10052 555 53008;EQDQ01  00002PRCP99
0195309150999992000032000004+50420+103620FM-12+098999999V0209999C000010300019N0500001N1-01161-01221102791ADDAA199000091GF108991031091012501051021GJ106009KA1120N-01301MD1310041+9999REMSYN092AAXX  20001 30915 32699 80000 11116 21122 40279 53004 83952 333 21130 55100 555 53003 7000/;EQDQ01  00002PRCP99
0112309150999992000032006004+50420+103620FM-12+098999999V0201001N002019999999N0500001N1+00011-00931101971ADDGF108991061001999999011071MD1710211+9999REMSYN060AAXX  20061 30915 42999 81002 10001 21093 40197 57021 86017;
0175309150999992000032012004+50420+103620FM-12+098999999V0200701N002019999999N0500001N1-00041-00821101831ADDAA199000091GF108991081001999999021999KA1120M+00171MD1510011+9999REMSYN080AAXX  20121 30915 32984 80702 11004 21082 40183 55001 8802/ 333 10017 555 53006;EQDQ01  00002PRCP99
0112309150999992000032018004+50420+103620FM-12+098999999V0209999C000019999999N0500001N1-00381-00831101901ADDGF108991001001999999001071MD1710081+9999REMSYN060AAXX  20181 30915 42984 80000 11038 21083 40190 57008 80007;
0217309150999992000032100004+50420+103620FM-12+098999999V0202701N001010108019N0500001N1-00631-00711101881ADDAA199000091GA1081+010809069GF108991081051012501999999GJ100729KA1120N-00641MD1710021+9999REMSYN098AAXX  21001 30915 32699 82701 11063 21071 40188 57002 885// 333 21064 55012 88636 555 53004 7000/;EQDQ01  00002PRCP99
0140309150999992000032106004+50420+103620FM-12+098999999V0203501N004010120019N0290001N1-00041-00751101471ADDAY151061AY221061GF108991061091012501051999MD1710081+9999MW1081REMSYN066AAXX  21061 30915 41679 83504 11004 21075 40147 57008 70852 8695/;
0162309150999992000032112004+50420+103620FM-12+098999999V0203601N003010750019N0500001N1-00421-01211101991ADDAA112000791GF108991021041012501001021KA1120M+00051MD1210251+9999REMSYN086AAXX  21121 30915 12684 83603 11042 21121 40199 52025 69902 82402 333 10005 555 53010;
0112309150999992000032118004+50420+103620FM-12+098999999V0202301N002019999999N0500001N1-01271-01621102781ADDGF108991001001999999001011MD1210121+9999REMSYN060AAXX  21181 30915 42984 82302 11127 21162 40278 52012 80001;
0195309150999992000032200004+50420+103620FM-12+098999999V0203001N001012200019N0500001N1-01801-01921103361ADDAA199000091GF108991011051012501001011GJ100789KA1120N-01801MD1210141+9999REMSYN092AAXX  22001 30915 32699 83001 11180 21192 40336 52014 81501 333 21180 55013 555 53006 7990/;EQDQ01  00002PRCP99
0112309150999992000032206004+50420+103620FM-12+098999999V0203001N004010750019N0500001N1-00361-01441102451ADDGF107991031031012501001021MD1810201+9999REMSYN060AAXX  22061 30915 42699 73004 11036 21144 40245 58020 83302;
0175309150999992000032212004+50420+103620FM-12+098999999V0202701N005019999999N0500001N1-00421-01771102391ADDAA199000091GF108991021001999999051021KA1120M-00091MD1310061+9999REMSYN080AAXX  22121 30915 32984 82705 11042 21177 40239 53006 82052 333 11009 555 53010;EQDQ01  00002PRCP99
0178309150999992000032218004+50420+103620FM-12+098999999V0202701N005019999999N0500001N1-00421-01671102391ADDAA199000091GF108991021001999999051021KA1120M-00091MD1310061+9999REMSYN083AAXX  22181 30915 32984 82705 11042 21167 40239 53006 82052 333 11009 555 53010 /-;EQDQ01  00002PRCP99
0211309150999992000032300004+50420+103620FM-12+098999999V0202901N001012200019N0500001N1-01891-02081103582ADDAA199000091GF101991001001999999001011GJ106129KA1120N-01951MD1210091+9999REMSYN092AAXX  23001 30915 32999 12901 11189 21208 40358 52009 80001 333 21195 55102 555 53007 7000/;EQDQ01+103583APOSLPQ02  00002PRCP99
0112309150999992000032306004+50420+103620FM-12+098999999V0202801N004010750019N0500001N1+00262-01461102241ADDGF108991011011012501001021MD1710201+9999REMSYN060AAXX  23061 30915 42699 82804 10026 21146 40224 57020 81102;
0175309150999992000032312004+50420+103620FM-12+098999999V0202701N002019999999N0100001N1+00001-01551102221ADDAA199000091GF108991011001999999041011KA1120M+00521MD1310011+9999REMSYN080AAXX  23121 30915 32997 82702 10000 21155 40222 53001 81041 333 10052 555 53011;EQDQ01  00002PRCP99
0112309150999992000032318004+50420+103620FM-12+098999999V0209999C000019999999N0500001N1-01101-01381102941ADDGF108991001001999999001011MD1210041+9999REMSYN060AAXX  23181 30915 42984 80000 11110 21138 40294 52004 80001;
0195309150999992000032400004+50420+103620FM-12+098999999V0209999C000019999999N0500001N1-01431-01561103311ADDAA199000091GF108991001001999999001011GJ106909KA1120N-01491MD1210171+9999REMSYN092AAXX  24001 30915 32999 80000 11143 21156 40331 52017 80001 333 21149 55115 555 53004 7000/;EQDQ01  00002PRCP99
0112309150999992000032406004+50420+103620FM-12+098999999V0202801N004012200019N0500001N1+00592-00921102181ADDGF108991021011012501001011MD1810171+9999REMSYN060AAXX  24061 30915 42699 82804 10059 21092 40218 58017 82101;
0175309150999992000032412004+50420+103620FM-12+098999999V0202901N004019999999N0100001N1+00251-01211102221ADDAA199000091GF108991001001999999001011KA1120M+00911MD1510011+9999REMSYN080AAXX  24121 30915 32997 82904 10025 21121 40222 55001 80001 333 10091 555 53009;EQDQ01  00002PRCP99
0195309150999992000032500004+50420+103620FM-12+098999999V0200901N001019999999N0500001N1-00961-01121102631ADDAA199000091GF108991001001999999001081GJ106969KA1120N-01061MD1710071+9999REMSYN092AAXX  25001 30915 32999 80901 11096 21112 40263 57007 80008 333 21106 55116 555 53006 7000/;EQDQ01  00002PRCP99
0112309150999992000032506004+50420+103620FM-12+098999999V0202501N005019999999N0500001N1+01152-00781101071ADDGF108991011001999999051011MD1710351+9999REMSYN060AAXX  25061 30915 42999 82505 10115 21078 40107 57035 81051;
0175309150999992000032512004+50420+103620FM-12+098999999V0202701N002010300019N0100001N1+00441-01171100841ADDAA199000091GF108991041091012501051999KA1120M+01341MD1710141+9999REMSYN080AAXX  25121 30915 32697 82702 10044 21117 40084 57014 8495/ 333 10134 555 53011;EQDQ01  00002PRCP99
0112309150999992000032518004+50420+103620FM-12+098999999V0202801N002010300019N0500001N1+00041-00701100891ADDGF108991021091012501021999MD1610011+9999REMSYN060AAXX  25181 30915 42684 82802 10004 21070 40089 56001 8292/;
0140309150999992000032606004+50420+103620FM-12+098999999V0200501N005010750019N0500001N1+00531-00781101411ADDAY181061AY221061GF106991021031012501001021MD1810011+9999MW1011REMSYN066AAXX  26061 30915 41699 60505 10053 21078 40141 58001 70182 82302;
0162309150999992000032612004+50420+103620FM-12+098999999V0200201N004010120019N0100001N1+00221-00831101731ADDAA112000791GF108991061091012501021999KA1120M+00611MD1310161+9999REMSYN086AAXX  26121 30915 12697 80204 10022 21083 40173 53016 69902 8692/ 333 10061 555 53012;
0198309150999992000032700004+50420+103620FM-12+098999999V0200701N001019999999N0500001N1-00861-00971102941ADDAA124000091GF108991021001999999051021GJ102829KA1120N-01041MD1210081+9999REMSYN095AAXX  27001 30915 32999 80701 11086 21097 40294 52008 82052 333 21104 55047 555 53008 7990/ /-;EQDQ01  00002PRCP24
0112309150999992000032706004+50420+103620FM-12+098999999V0200801N001019999999N0500001N1+00441-00851101971ADDGF108991081001999999011999MD1710281+9999REMSYN060AAXX  27061 30915 42999 80801 10044 21085 40197 57028 8801/;
0175309150999992000032712004+50420+103620FM-12+098999999V0201201N002019999999N0100001N1+00331-01111101751ADDAA199000091GF108991081001999999011999KA1120M+00831MD1510021+9999REMSYN080AAXX  27121 30915 32997 81202 10033 21111 40175 55002 8801/ 333 10083 555 53006;EQDQ01  00002PRCP99
0112309150999992000032718004+50420+103620FM-12+098999999V0202401N001019999999N0500001N1-00661-01071102311ADDGF108991001001999999001021MD1410001+9999REMSYN060AAXX  27181 30915 42984 82401 11066 21107 40231 54000 80002;
0195309150999992000032800004+50420+103620FM-12+098999999V0209999C000019999999N0500001N1-00541-00831102131ADDAA199000091GF108991041001999999071081GJ103909KA1120N-00761MD1710061+9999REMSYN092AAXX  28001 30915 32999 80000 11054 21083 40213 57006 84078 333 21076 55065 555 53003 7000/;EQDQ01  00002PRCP99
0140309150999992000032806004+50420+103620FM-12+098999999V0202201N002019999999N0500001N1+00261-00201101491ADDAY171061AY221061GF108991081001999999071999MD1710201+9999MW1221REMSYN066AAXX  28061 30915 41999 82202 10026 21020 40149 57020 72272 8807/;
0162309150999992000032812004+50420+103620FM-12+098999999V0203201N001012200019N0100001N1+00401-00251101301ADDAA112000791GF103991021001999999051021KA1120M+00991MD1310101+9999REMSYN086AAXX  28121 30915 12997 33201 10040 21025 40130 53010 69902 82052 333 10099 555 53005;
0131309150999992000032818004+50420+103620FM-12+098999999V0200401N001012200019N0500001N1-00301-00651102532ADDGF102991001001999999001021MD1210291+9999REMSYN060AAXX  28181 30915 42984 20401 11030 21065 40253 52029 80002;EQDQ01+102533APOSLP
0195309150999992000032900004+50420+103620FM-12+098999999V0209999C000012200019N0500001N1-00881-00911103071ADDAA199000091GF101991001001999999001011GJ101269KA1120N-01001MD1210121+9999REMSYN092AAXX  29001 30915 32999 10000 11088 21091 40307 52012 80001 333 21100 55021 555 53013 7990/;EQDQ01  00002PRCP99
0112309150999992000032906004+50420+103620FM-12+098999999V0203301N001010300019N0500001N1+00551-01061101851ADDGF108991011011012501051021MD1710351+9999REMSYN060AAXX  29061 30915 42699 83301 10055 21106 40185 57035 81152;
0175309150999992000032912004+50420+103620FM-12+098999999V0200301N003010120019N0100001N1+00331-00581101571ADDAA199000091GF108991061091012501051999KA1120M+00691MD1510051+9999REMSYN080AAXX  29121 30915 32697 80303 10033 21058 40157 55005 8695/ 333 10069 555 53010;EQDQ01  00002PRCP99
0140309150999992000032918004+50420+103620FM-12+098999999V0202901N002010750019N0500001N1-00441-00531102031ADDAY181061AY221061GF108991031091012501001021MD1810091+9999MW1011REMSYN066AAXX  29181 30915 41684 82902 11044 21053 40203 58009 70182 83902;
0249309150999992000033000004+50420+103620FM-12+098999999V0202601N001012200019N0009001N1-00861-00931102521ADDAA112000591AJ100019199999999AY141061AY211061GA1001+999999999GF100991001001999999001001GJ104869IA1239KA1120N-00851MD1210181+9999MW1441REMSYN104AAXX  30001 30915 11909 02601 11086 21093 40252 52018 69962 74441 333 21085 47001 55081 555 53008 7996/;
0140309150999992000033006004+50420+103620FM-12+098999999V0202901N005010300019N0500001N1+00341-01721101631ADDAY141061AY211061GF108991041091012501061031MD1710241+9999MW1031REMSYN066AAXX  30061 30915 41699 82905 10034 21172 40163 57024 70341 84963;
0192309150999992000033012004+50420+103620FM-12+098999999V0202501N003019999999N0100001N1+00121-02021101631ADDAA199000091GF108991081001999999051999KA1120M+00621MD1310071+9999OA149901601REMSYN086AAXX  30121 30915 32997 82503 10012 21202 40163 53007 8805/ 333 10062 91116 555 53016;EQDQ01  00002PRCP99
0122309150999992000033018004+50420+103620FM-12+098999999V0202201N001012200019N0500001N1-00921-01371102251ADDGA1001+999999999GF100991001001999999001001MD1210041+9999REMSYN054AAXX  30181 30915 42984 02201 11092 21137 40225 52004;
0195309150999992000033100004+50420+103620FM-12+098999999V0202501N001012200019N0500001N1-01271-01401102581ADDAA199000091GF103991001001999999001021GJ106789KA1120N-01471MD1210121+9999REMSYN092AAXX  31001 30915 32999 32501 11127 21140 40258 52012 80002 333 21147 55113 555 53005 7000/;EQDQ01  00002PRCP99
0112309150999992000033106004+50420+103620FM-12+098999999V0203001N005010750019N0500001N1+00582-01451101401ADDGF108991031091012501001021MD1710241+9999REMSYN060AAXX  31061 30915 42699 83005 10058 21145 40140 57024 83902;
0122309150999992000033118004+50420+103620FM-12+098999999V0202401N002012200019N0500001N1-00991-01581102341ADDGA1001+999999999GF100991001001999999001001MD1210071+9999REMSYN054AAXX  31181 30915 42984 02402 11099 21158 40234 52007;
0195309150999992000040100004+50420+103620FM-12+098999999V0203201N001019999999N0500001N1-00961-01371102391ADDAA199000091GF108991021001999999051091GJ107449KA1120N-01361MD1310041+9999REMSYN092AAXX  01001 30915 32999 83201 11096 21137 40239 53004 82059 333 21136 55124 555 53004 7000/;EQDQ01  00002PRCP99
0112309150999992000040106004+50420+103620FM-12+098999999V0202101N004010750019N0500001N1+00872-01331101101ADDGF108991011011012501001021MD1710311+9999REMSYN060AAXX  01061 30915 42699 82104 10087 21133 40110 57031 81102;
0175309150999992000040112004+50420+103620FM-12+098999999V0202801N002010750019N0100001N1+00691-01231100961ADDAA199000091GF108991021091012501001021KA1120M+01101MD1410001+9999REMSYN080AAXX  01121 30915 32697 82802 10069 21123 40096 54000 82902 333 10110 555 53013;EQDQ01  00002PRCP99
0112309150999992000040118004+50420+103620FM-12+098999999V0202601N002019999999N0500001N1-00671-01311101721ADDGF106991001001999999001021MD1210031+9999REMSYN060AAXX  01181 30915 42984 62602 11067 21131 40172 52003 80002;
0195309150999992000040200004+50420+103620FM-12+098999999V0201101N001012200019N0500001N1-00871-01201101751ADDAA199000091GF103991001001999999001021GJ106309KA1120N-01201MD1710031+9999REMSYN092AAXX  02001 30915 32999 31101 11087 21120 40175 57003 80002 333 21120 55105 555 53004 7000/;EQDQ01  00002PRCP99
0140309150999992000040218004+50420+103620FM-12+098999999V0201101N003010120019N0080001N1-00161-00611101681ADDAY181061AY221061GF108991081091012501999999MD1210251+9999MW1851REMSYN066AAXX  02181 30915 41658 81103 11016 21061 40168 52025 78582 889//;
0258309150999992000040300004+50420+103620FM-12+098999999V0203301N004010300019N0500001N1-00351-01001102391ADDAA112000591AJ199993999999999AY181061AY221061GF108991041091012501021999GJ105349IA1239KA1120N-00501MD1210341+9999MW1151REMSYN110AAXX  03001 30915 11699 83304 11035 21100 40239 52034 69942 71582 8492/ 333 21050 47997 55089 555 53013 7994/;EQDQ01  09982SNDP  
0112309150999992000040306004+50420+103620FM-12+098999999V0203001N004010150019N0500001N1-00071-01561102611ADDGF108991051091017501001021MD1810011+9999REMSYN060AAXX  03061 30915 42799 83004 11007 21156 40261 58001 85902;
0190309150999992000040312004+50420+103620FM-12+098999999V0203201N002012200019N0100001N1-00411-01301102991ADDAA112000791AY181061AY221061GF103991011041012501041011KA1120M+00111MD1210151+9999MW1011REMSYN092AAXX  03121 30915 11697 33202 11041 21130 40299 52015 69902 70182 81441 333 10011 555 53010;
0122309150999992000040318004+50420+103620FM-12+098999999V0202801N001012200019N0500001N1-01321-01521103751ADDGA1001+999999999GF100991001001999999001001MD1210091+9999REMSYN054AAXX  03181 30915 42984 02801 11132 21152 40375 52009;
0195309150999992000040400004+50420+103620FM-12+098999999V0202201N001019999999N0500001N1-01341-01471103631ADDAA199000091GF106991001001999999001091GJ104329KA1120N-01661MD1710061+9999REMSYN092AAXX  04001 30915 32999 62201 11134 21147 40363 57006 80009 333 21166 55072 555 53004 7990/;EQDQ01  00002PRCP99
0112309150999992000040406004+50420+103620FM-12+098999999V0202401N002019999999N0500001N1+00612-01371101991ADDGF108991001001999999001021MD1710401+9999REMSYN060AAXX  04061 30915 42999 82402 10061 21137 40199 57040 80002;
0175309150999992000040412004+50420+103620FM-12+098999999V0202701N001019999999N0100001N1+00501-01161101531ADDAA199000091GF108991031001999999051021KA1120M+01031MD1710151+9999REMSYN080AAXX  04121 30915 32997 82701 10050 21116 40153 57015 83052 333 10103 555 53008;EQDQ01  00002PRCP99
0112309150999992000040418004+50420+103620FM-12+098999999V0202201N001019999999N0500001N1-00571-01141101921ADDGF108991021001999999051021MD1710071+9999REMSYN060AAXX  04181 30915 42984 82201 11057 21114 40192 57007 82052;
0150309150999992000040506004+50420+103620FM-12+098999999V0203001N003010120019N0090001N1-00121-00751101701ADDAY181061AY221061GF108991081091012501999999MD1310391+9999MW1851REMSYN076AAXX  05061 30915 41659 83003 11012 21075 40170 53039 78582 889// 333 91120;
