0145377400999992000030618004+99999+999999FM-12+999999999V0200501N001012200019N0200001N1+00801-00021101031ADDGA1001+999999999GF100991001001999999001001KA1999M+01401MD1410001+9999REMSYN064AAXX  0618  37740 42998 00501 10080 21002 40103 54000 333 10140;
0117377400999992000031018004+99999+999999FM-12+999999999V0203601N001012200019N0200001N1+00771-00301100701ADDGA1001+999999999GF100991001001999999001001REMSYN063AAXX  1018  37740 42998 03601 10077 21030 40070 5400 333 10130;
0150377400999992000032221004+99999+999999FM-12+999999999V0202701N001010001519N0001001N1+00351+00331101381ADDAY141031AY241031GA1091+999999999GF109991091999999999999999MD1710031+9999MW1451REMSYN060AAXX  2221  37740 42/91 92701 10035 20033 40138 57003 74544;
0122377400999992000042206004+99999+999999FM-12+999999999V0202501N001012200019N0500001N1+01701+01171100811ADDGA1001+999999999GF100991001001999999001001MD1210201+9999REMSYN054AAXX  2206  37740 42999 02501 10170 20117 40081 52020;
0145377400999992000050918004+99999+999999FM-12+999999999V0203401N001012200019N0200001N1+00791+00251101871ADDGA1001+999999999GF100991001001999999001001KA1999M+01601MD1210201+9999REMSYN064AAXX  0918  37740 42998 03401 10079 20025 40187 52020 333 10160;
0162377400999992000062012004+40980+047860FM-12+068299999V0202701N001012200019N0100001N1+02661+01091100631ADDGF102991999021008001001001MA1999999093201MD1710021+9999REMSYN076AAXX  20121 37740 42597 22701 10266 20109 39320 40063 57002 83200 555 1/042;EQDQ01+000032SCOTLC
0122377400999992000063006004+40980+047860FM-12+068299999V0202701N001012200019N0500001N1+02671+01181101171ADDGA1001+999999999GF100991001001999999001001MD1210031+9999REMSYN054AAXX  30061 37740 42999 02701 10267 20118 40117 52003;
0112377400999992000071809004+40980+047860FM-12+068299999V0202301N001012200019N0100001N1+02881+01131100871ADDGF102991021021012501001001MD1710021+9999REMSYN060AAXX  18091 37740 42697 22301 10288 20113 40087 57002 82200;
0122377400999992000082106004+40980+047860FM-12+068299999V0201801N001012200019N0500001N1+02401+01521101291ADDGA1001+999999999GF100991001001999999001001MD1210031+9999REMSYN054AAXX  21061 37740 42999 01801 10240 20152 40129 52003;
0152377400999992000090815004+40980+047860FM-12+068299999V0201801N001012200019N0500001N1+02961+01511100621ADDAA199000091GA1001+999999999GF100991001001999999001001MD1210041+9999REMSYN054AAXX  08151 37740 32999 01801 10296 20151 40062 52004;EQDQ01  00002PRCP99
